timestamp[ms];uniID;depID;queryID;time1[ns];time2[ns];time3[ns];time4[ns];time5[ns];time6[ns];time7[ns];time8[ns];time9[ns];time10[ns];average[ns];Complexity;resultSize;resultMapToString
1490624501274;2;2;1;1125588;591161;561650;549404;506518;508865;509463;503967;505163;505444;586722;6438;90;[{X=http://www.Department2.University2.edu/GraduateStudent95}, {X=http://www.Department2.University2.edu/GraduateStudent102}, {X=http://www.Department2.University2.edu/GraduateStudent23}, {X=http://www.Department2.University2.edu/GraduateStudent29}, {X=http://www.Department2.University2.edu/GraduateStudent124}, {X=http://www.Department2.University2.edu/GraduateStudent58}, {X=http://www.Department2.University2.edu/GraduateStudent129}, {X=http://www.Department2.University2.edu/GraduateStudent3}, {X=http://www.Department2.University2.edu/GraduateStudent10}, {X=http://www.Department2.University2.edu/GraduateStudent95}, {X=http://www.Department2.University2.edu/GraduateStudent102}, {X=http://www.Department2.University2.edu/GraduateStudent23}, {X=http://www.Department2.University2.edu/GraduateStudent29}, {X=http://www.Department2.University2.edu/GraduateStudent124}, {X=http://www.Department2.University2.edu/GraduateStudent58}, {X=http://www.Department2.University2.edu/GraduateStudent129}, {X=http://www.Department2.University2.edu/GraduateStudent3}, {X=http://www.Department2.University2.edu/GraduateStudent10}, {X=http://www.Department2.University2.edu/GraduateStudent95}, {X=http://www.Department2.University2.edu/GraduateStudent102}, {X=http://www.Department2.University2.edu/GraduateStudent23}, {X=http://www.Department2.University2.edu/GraduateStudent29}, {X=http://www.Department2.University2.edu/GraduateStudent124}, {X=http://www.Department2.University2.edu/GraduateStudent58}, {X=http://www.Department2.University2.edu/GraduateStudent129}, {X=http://www.Department2.University2.edu/GraduateStudent3}, {X=http://www.Department2.University2.edu/GraduateStudent10}, {X=http://www.Department2.University2.edu/GraduateStudent95}, {X=http://www.Department2.University2.edu/GraduateStudent102}, {X=http://www.Department2.University2.edu/GraduateStudent23}, {X=http://www.Department2.University2.edu/GraduateStudent29}, {X=http://www.Department2.University2.edu/GraduateStudent124}, {X=http://www.Department2.University2.edu/GraduateStudent58}, {X=http://www.Department2.University2.edu/GraduateStudent129}, {X=http://www.Department2.University2.edu/GraduateStudent3}, {X=http://www.Department2.University2.edu/GraduateStudent10}, {X=http://www.Department2.University2.edu/GraduateStudent95}, {X=http://www.Department2.University2.edu/GraduateStudent102}, {X=http://www.Department2.University2.edu/GraduateStudent23}, {X=http://www.Department2.University2.edu/GraduateStudent29}, {X=http://www.Department2.University2.edu/GraduateStudent124}, {X=http://www.Department2.University2.edu/GraduateStudent58}, {X=http://www.Department2.University2.edu/GraduateStudent129}, {X=http://www.Department2.University2.edu/GraduateStudent3}, {X=http://www.Department2.University2.edu/GraduateStudent10}, {X=http://www.Department2.University2.edu/GraduateStudent95}, {X=http://www.Department2.University2.edu/GraduateStudent102}, {X=http://www.Department2.University2.edu/GraduateStudent23}, {X=http://www.Department2.University2.edu/GraduateStudent29}, {X=http://www.Department2.University2.edu/GraduateStudent124}, {X=http://www.Department2.University2.edu/GraduateStudent58}, {X=http://www.Department2.University2.edu/GraduateStudent129}, {X=http://www.Department2.University2.edu/GraduateStudent3}, {X=http://www.Department2.University2.edu/GraduateStudent10}, {X=http://www.Department2.University2.edu/GraduateStudent95}, {X=http://www.Department2.University2.edu/GraduateStudent102}, {X=http://www.Department2.University2.edu/GraduateStudent23}, {X=http://www.Department2.University2.edu/GraduateStudent29}, {X=http://www.Department2.University2.edu/GraduateStudent124}, {X=http://www.Department2.University2.edu/GraduateStudent58}, {X=http://www.Department2.University2.edu/GraduateStudent129}, {X=http://www.Department2.University2.edu/GraduateStudent3}, {X=http://www.Department2.University2.edu/GraduateStudent10}, {X=http://www.Department2.University2.edu/GraduateStudent95}, {X=http://www.Department2.University2.edu/GraduateStudent102}, {X=http://www.Department2.University2.edu/GraduateStudent23}, {X=http://www.Department2.University2.edu/GraduateStudent29}, {X=http://www.Department2.University2.edu/GraduateStudent124}, {X=http://www.Department2.University2.edu/GraduateStudent58}, {X=http://www.Department2.University2.edu/GraduateStudent129}, {X=http://www.Department2.University2.edu/GraduateStudent3}, {X=http://www.Department2.University2.edu/GraduateStudent10}, {X=http://www.Department2.University2.edu/GraduateStudent95}, {X=http://www.Department2.University2.edu/GraduateStudent102}, {X=http://www.Department2.University2.edu/GraduateStudent23}, {X=http://www.Department2.University2.edu/GraduateStudent29}, {X=http://www.Department2.University2.edu/GraduateStudent124}, {X=http://www.Department2.University2.edu/GraduateStudent58}, {X=http://www.Department2.University2.edu/GraduateStudent129}, {X=http://www.Department2.University2.edu/GraduateStudent3}, {X=http://www.Department2.University2.edu/GraduateStudent10}, {X=http://www.Department2.University2.edu/GraduateStudent95}, {X=http://www.Department2.University2.edu/GraduateStudent102}, {X=http://www.Department2.University2.edu/GraduateStudent23}, {X=http://www.Department2.University2.edu/GraduateStudent29}, {X=http://www.Department2.University2.edu/GraduateStudent124}, {X=http://www.Department2.University2.edu/GraduateStudent58}, {X=http://www.Department2.University2.edu/GraduateStudent129}, {X=http://www.Department2.University2.edu/GraduateStudent3}, {X=http://www.Department2.University2.edu/GraduateStudent10}]
1490624501280;2;2;2;1813857;1080815;14610205;6391373;1285795;1161873;1234500;1113754;1009220;1001110;3070250;6438;0;[]
1490624501311;2;2;3;701477;486280;489869;481339;476795;475698;476571;476765;470055;475338;501018;6438;80;[{X=http://www.Department2.University2.edu/AssistantProfessor0/Publication1}, {X=http://www.Department2.University2.edu/AssistantProfessor0/Publication2}, {X=http://www.Department2.University2.edu/AssistantProfessor0/Publication5}, {X=http://www.Department2.University2.edu/AssistantProfessor0/Publication7}, {X=http://www.Department2.University2.edu/AssistantProfessor0/Publication6}, {X=http://www.Department2.University2.edu/AssistantProfessor0/Publication3}, {X=http://www.Department2.University2.edu/AssistantProfessor0/Publication0}, {X=http://www.Department2.University2.edu/AssistantProfessor0/Publication4}, {X=http://www.Department2.University2.edu/AssistantProfessor0/Publication1}, {X=http://www.Department2.University2.edu/AssistantProfessor0/Publication2}, {X=http://www.Department2.University2.edu/AssistantProfessor0/Publication5}, {X=http://www.Department2.University2.edu/AssistantProfessor0/Publication7}, {X=http://www.Department2.University2.edu/AssistantProfessor0/Publication6}, {X=http://www.Department2.University2.edu/AssistantProfessor0/Publication3}, {X=http://www.Department2.University2.edu/AssistantProfessor0/Publication0}, {X=http://www.Department2.University2.edu/AssistantProfessor0/Publication4}, {X=http://www.Department2.University2.edu/AssistantProfessor0/Publication1}, {X=http://www.Department2.University2.edu/AssistantProfessor0/Publication2}, {X=http://www.Department2.University2.edu/AssistantProfessor0/Publication5}, {X=http://www.Department2.University2.edu/AssistantProfessor0/Publication7}, {X=http://www.Department2.University2.edu/AssistantProfessor0/Publication6}, {X=http://www.Department2.University2.edu/AssistantProfessor0/Publication3}, {X=http://www.Department2.University2.edu/AssistantProfessor0/Publication0}, {X=http://www.Department2.University2.edu/AssistantProfessor0/Publication4}, {X=http://www.Department2.University2.edu/AssistantProfessor0/Publication1}, {X=http://www.Department2.University2.edu/AssistantProfessor0/Publication2}, {X=http://www.Department2.University2.edu/AssistantProfessor0/Publication5}, {X=http://www.Department2.University2.edu/AssistantProfessor0/Publication7}, {X=http://www.Department2.University2.edu/AssistantProfessor0/Publication6}, {X=http://www.Department2.University2.edu/AssistantProfessor0/Publication3}, {X=http://www.Department2.University2.edu/AssistantProfessor0/Publication0}, {X=http://www.Department2.University2.edu/AssistantProfessor0/Publication4}, {X=http://www.Department2.University2.edu/AssistantProfessor0/Publication1}, {X=http://www.Department2.University2.edu/AssistantProfessor0/Publication2}, {X=http://www.Department2.University2.edu/AssistantProfessor0/Publication5}, {X=http://www.Department2.University2.edu/AssistantProfessor0/Publication7}, {X=http://www.Department2.University2.edu/AssistantProfessor0/Publication6}, {X=http://www.Department2.University2.edu/AssistantProfessor0/Publication3}, {X=http://www.Department2.University2.edu/AssistantProfessor0/Publication0}, {X=http://www.Department2.University2.edu/AssistantProfessor0/Publication4}, {X=http://www.Department2.University2.edu/AssistantProfessor0/Publication1}, {X=http://www.Department2.University2.edu/AssistantProfessor0/Publication2}, {X=http://www.Department2.University2.edu/AssistantProfessor0/Publication5}, {X=http://www.Department2.University2.edu/AssistantProfessor0/Publication7}, {X=http://www.Department2.University2.edu/AssistantProfessor0/Publication6}, {X=http://www.Department2.University2.edu/AssistantProfessor0/Publication3}, {X=http://www.Department2.University2.edu/AssistantProfessor0/Publication0}, {X=http://www.Department2.University2.edu/AssistantProfessor0/Publication4}, {X=http://www.Department2.University2.edu/AssistantProfessor0/Publication1}, {X=http://www.Department2.University2.edu/AssistantProfessor0/Publication2}, {X=http://www.Department2.University2.edu/AssistantProfessor0/Publication5}, {X=http://www.Department2.University2.edu/AssistantProfessor0/Publication7}, {X=http://www.Department2.University2.edu/AssistantProfessor0/Publication6}, {X=http://www.Department2.University2.edu/AssistantProfessor0/Publication3}, {X=http://www.Department2.University2.edu/AssistantProfessor0/Publication0}, {X=http://www.Department2.University2.edu/AssistantProfessor0/Publication4}, {X=http://www.Department2.University2.edu/AssistantProfessor0/Publication1}, {X=http://www.Department2.University2.edu/AssistantProfessor0/Publication2}, {X=http://www.Department2.University2.edu/AssistantProfessor0/Publication5}, {X=http://www.Department2.University2.edu/AssistantProfessor0/Publication7}, {X=http://www.Department2.University2.edu/AssistantProfessor0/Publication6}, {X=http://www.Department2.University2.edu/AssistantProfessor0/Publication3}, {X=http://www.Department2.University2.edu/AssistantProfessor0/Publication0}, {X=http://www.Department2.University2.edu/AssistantProfessor0/Publication4}, {X=http://www.Department2.University2.edu/AssistantProfessor0/Publication1}, {X=http://www.Department2.University2.edu/AssistantProfessor0/Publication2}, {X=http://www.Department2.University2.edu/AssistantProfessor0/Publication5}, {X=http://www.Department2.University2.edu/AssistantProfessor0/Publication7}, {X=http://www.Department2.University2.edu/AssistantProfessor0/Publication6}, {X=http://www.Department2.University2.edu/AssistantProfessor0/Publication3}, {X=http://www.Department2.University2.edu/AssistantProfessor0/Publication0}, {X=http://www.Department2.University2.edu/AssistantProfessor0/Publication4}, {X=http://www.Department2.University2.edu/AssistantProfessor0/Publication1}, {X=http://www.Department2.University2.edu/AssistantProfessor0/Publication2}, {X=http://www.Department2.University2.edu/AssistantProfessor0/Publication5}, {X=http://www.Department2.University2.edu/AssistantProfessor0/Publication7}, {X=http://www.Department2.University2.edu/AssistantProfessor0/Publication6}, {X=http://www.Department2.University2.edu/AssistantProfessor0/Publication3}, {X=http://www.Department2.University2.edu/AssistantProfessor0/Publication0}, {X=http://www.Department2.University2.edu/AssistantProfessor0/Publication4}]
1490624501316;2;2;4;2981682;1341436;1272765;1237856;1232391;1239199;1222610;1221974;1261302;1218997;1423021;6438;280;[{X=http://www.Department2.University2.edu/AssociateProfessor11, Y1=AssociateProfessor11, Y2=AssociateProfessor11@Department2.University2.edu, Y3=xxx-xxx-xxxx}, {X=http://www.Department2.University2.edu/FullProfessor0, Y1=FullProfessor0, Y2=FullProfessor0@Department2.University2.edu, Y3=xxx-xxx-xxxx}, {X=http://www.Department2.University2.edu/AssociateProfessor9, Y1=AssociateProfessor9, Y2=AssociateProfessor9@Department2.University2.edu, Y3=xxx-xxx-xxxx}, {X=http://www.Department2.University2.edu/AssociateProfessor3, Y1=AssociateProfessor3, Y2=AssociateProfessor3@Department2.University2.edu, Y3=xxx-xxx-xxxx}, {X=http://www.Department2.University2.edu/AssociateProfessor4, Y1=AssociateProfessor4, Y2=AssociateProfessor4@Department2.University2.edu, Y3=xxx-xxx-xxxx}, {X=http://www.Department2.University2.edu/FullProfessor4, Y1=FullProfessor4, Y2=FullProfessor4@Department2.University2.edu, Y3=xxx-xxx-xxxx}, {X=http://www.Department2.University2.edu/AssistantProfessor7, Y1=AssistantProfessor7, Y2=AssistantProfessor7@Department2.University2.edu, Y3=xxx-xxx-xxxx}, {X=http://www.Department2.University2.edu/AssistantProfessor4, Y1=AssistantProfessor4, Y2=AssistantProfessor4@Department2.University2.edu, Y3=xxx-xxx-xxxx}, {X=http://www.Department2.University2.edu/FullProfessor2, Y1=FullProfessor2, Y2=FullProfessor2@Department2.University2.edu, Y3=xxx-xxx-xxxx}, {X=http://www.Department2.University2.edu/AssistantProfessor5, Y1=AssistantProfessor5, Y2=AssistantProfessor5@Department2.University2.edu, Y3=xxx-xxx-xxxx}, {X=http://www.Department2.University2.edu/AssociateProfessor2, Y1=AssociateProfessor2, Y2=AssociateProfessor2@Department2.University2.edu, Y3=xxx-xxx-xxxx}, {X=http://www.Department2.University2.edu/AssociateProfessor7, Y1=AssociateProfessor7, Y2=AssociateProfessor7@Department2.University2.edu, Y3=xxx-xxx-xxxx}, {X=http://www.Department2.University2.edu/AssociateProfessor5, Y1=AssociateProfessor5, Y2=AssociateProfessor5@Department2.University2.edu, Y3=xxx-xxx-xxxx}, {X=http://www.Department2.University2.edu/FullProfessor5, Y1=FullProfessor5, Y2=FullProfessor5@Department2.University2.edu, Y3=xxx-xxx-xxxx}, {X=http://www.Department2.University2.edu/AssistantProfessor6, Y1=AssistantProfessor6, Y2=AssistantProfessor6@Department2.University2.edu, Y3=xxx-xxx-xxxx}, {X=http://www.Department2.University2.edu/AssistantProfessor1, Y1=AssistantProfessor1, Y2=AssistantProfessor1@Department2.University2.edu, Y3=xxx-xxx-xxxx}, {X=http://www.Department2.University2.edu/FullProfessor6, Y1=FullProfessor6, Y2=FullProfessor6@Department2.University2.edu, Y3=xxx-xxx-xxxx}, {X=http://www.Department2.University2.edu/AssistantProfessor3, Y1=AssistantProfessor3, Y2=AssistantProfessor3@Department2.University2.edu, Y3=xxx-xxx-xxxx}, {X=http://www.Department2.University2.edu/AssistantProfessor8, Y1=AssistantProfessor8, Y2=AssistantProfessor8@Department2.University2.edu, Y3=xxx-xxx-xxxx}, {X=http://www.Department2.University2.edu/AssistantProfessor0, Y1=AssistantProfessor0, Y2=AssistantProfessor0@Department2.University2.edu, Y3=xxx-xxx-xxxx}, {X=http://www.Department2.University2.edu/FullProfessor1, Y1=FullProfessor1, Y2=FullProfessor1@Department2.University2.edu, Y3=xxx-xxx-xxxx}, {X=http://www.Department2.University2.edu/AssistantProfessor2, Y1=AssistantProfessor2, Y2=AssistantProfessor2@Department2.University2.edu, Y3=xxx-xxx-xxxx}, {X=http://www.Department2.University2.edu/AssociateProfessor10, Y1=AssociateProfessor10, Y2=AssociateProfessor10@Department2.University2.edu, Y3=xxx-xxx-xxxx}, {X=http://www.Department2.University2.edu/AssociateProfessor1, Y1=AssociateProfessor1, Y2=AssociateProfessor1@Department2.University2.edu, Y3=xxx-xxx-xxxx}, {X=http://www.Department2.University2.edu/FullProfessor3, Y1=FullProfessor3, Y2=FullProfessor3@Department2.University2.edu, Y3=xxx-xxx-xxxx}, {X=http://www.Department2.University2.edu/AssociateProfessor8, Y1=AssociateProfessor8, Y2=AssociateProfessor8@Department2.University2.edu, Y3=xxx-xxx-xxxx}, {X=http://www.Department2.University2.edu/AssociateProfessor6, Y1=AssociateProfessor6, Y2=AssociateProfessor6@Department2.University2.edu, Y3=xxx-xxx-xxxx}, {X=http://www.Department2.University2.edu/AssociateProfessor0, Y1=AssociateProfessor0, Y2=AssociateProfessor0@Department2.University2.edu, Y3=xxx-xxx-xxxx}, {X=http://www.Department2.University2.edu/AssociateProfessor11, Y1=AssociateProfessor11, Y2=AssociateProfessor11@Department2.University2.edu, Y3=xxx-xxx-xxxx}, {X=http://www.Department2.University2.edu/FullProfessor0, Y1=FullProfessor0, Y2=FullProfessor0@Department2.University2.edu, Y3=xxx-xxx-xxxx}, {X=http://www.Department2.University2.edu/AssociateProfessor9, Y1=AssociateProfessor9, Y2=AssociateProfessor9@Department2.University2.edu, Y3=xxx-xxx-xxxx}, {X=http://www.Department2.University2.edu/AssociateProfessor3, Y1=AssociateProfessor3, Y2=AssociateProfessor3@Department2.University2.edu, Y3=xxx-xxx-xxxx}, {X=http://www.Department2.University2.edu/AssociateProfessor4, Y1=AssociateProfessor4, Y2=AssociateProfessor4@Department2.University2.edu, Y3=xxx-xxx-xxxx}, {X=http://www.Department2.University2.edu/FullProfessor4, Y1=FullProfessor4, Y2=FullProfessor4@Department2.University2.edu, Y3=xxx-xxx-xxxx}, {X=http://www.Department2.University2.edu/AssistantProfessor7, Y1=AssistantProfessor7, Y2=AssistantProfessor7@Department2.University2.edu, Y3=xxx-xxx-xxxx}, {X=http://www.Department2.University2.edu/AssistantProfessor4, Y1=AssistantProfessor4, Y2=AssistantProfessor4@Department2.University2.edu, Y3=xxx-xxx-xxxx}, {X=http://www.Department2.University2.edu/FullProfessor2, Y1=FullProfessor2, Y2=FullProfessor2@Department2.University2.edu, Y3=xxx-xxx-xxxx}, {X=http://www.Department2.University2.edu/AssistantProfessor5, Y1=AssistantProfessor5, Y2=AssistantProfessor5@Department2.University2.edu, Y3=xxx-xxx-xxxx}, {X=http://www.Department2.University2.edu/AssociateProfessor2, Y1=AssociateProfessor2, Y2=AssociateProfessor2@Department2.University2.edu, Y3=xxx-xxx-xxxx}, {X=http://www.Department2.University2.edu/AssociateProfessor7, Y1=AssociateProfessor7, Y2=AssociateProfessor7@Department2.University2.edu, Y3=xxx-xxx-xxxx}, {X=http://www.Department2.University2.edu/AssociateProfessor5, Y1=AssociateProfessor5, Y2=AssociateProfessor5@Department2.University2.edu, Y3=xxx-xxx-xxxx}, {X=http://www.Department2.University2.edu/FullProfessor5, Y1=FullProfessor5, Y2=FullProfessor5@Department2.University2.edu, Y3=xxx-xxx-xxxx}, {X=http://www.Department2.University2.edu/AssistantProfessor6, Y1=AssistantProfessor6, Y2=AssistantProfessor6@Department2.University2.edu, Y3=xxx-xxx-xxxx}, {X=http://www.Department2.University2.edu/AssistantProfessor1, Y1=AssistantProfessor1, Y2=AssistantProfessor1@Department2.University2.edu, Y3=xxx-xxx-xxxx}, {X=http://www.Department2.University2.edu/FullProfessor6, Y1=FullProfessor6, Y2=FullProfessor6@Department2.University2.edu, Y3=xxx-xxx-xxxx}, {X=http://www.Department2.University2.edu/AssistantProfessor3, Y1=AssistantProfessor3, Y2=AssistantProfessor3@Department2.University2.edu, Y3=xxx-xxx-xxxx}, {X=http://www.Department2.University2.edu/AssistantProfessor8, Y1=AssistantProfessor8, Y2=AssistantProfessor8@Department2.University2.edu, Y3=xxx-xxx-xxxx}, {X=http://www.Department2.University2.edu/AssistantProfessor0, Y1=AssistantProfessor0, Y2=AssistantProfessor0@Department2.University2.edu, Y3=xxx-xxx-xxxx}, {X=http://www.Department2.University2.edu/FullProfessor1, Y1=FullProfessor1, Y2=FullProfessor1@Department2.University2.edu, Y3=xxx-xxx-xxxx}, {X=http://www.Department2.University2.edu/AssistantProfessor2, Y1=AssistantProfessor2, Y2=AssistantProfessor2@Department2.University2.edu, Y3=xxx-xxx-xxxx}, {X=http://www.Department2.University2.edu/AssociateProfessor10, Y1=AssociateProfessor10, Y2=AssociateProfessor10@Department2.University2.edu, Y3=xxx-xxx-xxxx}, {X=http://www.Department2.University2.edu/AssociateProfessor1, Y1=AssociateProfessor1, Y2=AssociateProfessor1@Department2.University2.edu, Y3=xxx-xxx-xxxx}, {X=http://www.Department2.University2.edu/FullProfessor3, Y1=FullProfessor3, Y2=FullProfessor3@Department2.University2.edu, Y3=xxx-xxx-xxxx}, {X=http://www.Department2.University2.edu/AssociateProfessor8, Y1=AssociateProfessor8, Y2=AssociateProfessor8@Department2.University2.edu, Y3=xxx-xxx-xxxx}, {X=http://www.Department2.University2.edu/AssociateProfessor6, Y1=AssociateProfessor6, Y2=AssociateProfessor6@Department2.University2.edu, Y3=xxx-xxx-xxxx}, {X=http://www.Department2.University2.edu/AssociateProfessor0, Y1=AssociateProfessor0, Y2=AssociateProfessor0@Department2.University2.edu, Y3=xxx-xxx-xxxx}, {X=http://www.Department2.University2.edu/AssociateProfessor11, Y1=AssociateProfessor11, Y2=AssociateProfessor11@Department2.University2.edu, Y3=xxx-xxx-xxxx}, {X=http://www.Department2.University2.edu/FullProfessor0, Y1=FullProfessor0, Y2=FullProfessor0@Department2.University2.edu, Y3=xxx-xxx-xxxx}, {X=http://www.Department2.University2.edu/AssociateProfessor9, Y1=AssociateProfessor9, Y2=AssociateProfessor9@Department2.University2.edu, Y3=xxx-xxx-xxxx}, {X=http://www.Department2.University2.edu/AssociateProfessor3, Y1=AssociateProfessor3, Y2=AssociateProfessor3@Department2.University2.edu, Y3=xxx-xxx-xxxx}, {X=http://www.Department2.University2.edu/AssociateProfessor4, Y1=AssociateProfessor4, Y2=AssociateProfessor4@Department2.University2.edu, Y3=xxx-xxx-xxxx}, {X=http://www.Department2.University2.edu/FullProfessor4, Y1=FullProfessor4, Y2=FullProfessor4@Department2.University2.edu, Y3=xxx-xxx-xxxx}, {X=http://www.Department2.University2.edu/AssistantProfessor7, Y1=AssistantProfessor7, Y2=AssistantProfessor7@Department2.University2.edu, Y3=xxx-xxx-xxxx}, {X=http://www.Department2.University2.edu/AssistantProfessor4, Y1=AssistantProfessor4, Y2=AssistantProfessor4@Department2.University2.edu, Y3=xxx-xxx-xxxx}, {X=http://www.Department2.University2.edu/FullProfessor2, Y1=FullProfessor2, Y2=FullProfessor2@Department2.University2.edu, Y3=xxx-xxx-xxxx}, {X=http://www.Department2.University2.edu/AssistantProfessor5, Y1=AssistantProfessor5, Y2=AssistantProfessor5@Department2.University2.edu, Y3=xxx-xxx-xxxx}, {X=http://www.Department2.University2.edu/AssociateProfessor2, Y1=AssociateProfessor2, Y2=AssociateProfessor2@Department2.University2.edu, Y3=xxx-xxx-xxxx}, {X=http://www.Department2.University2.edu/AssociateProfessor7, Y1=AssociateProfessor7, Y2=AssociateProfessor7@Department2.University2.edu, Y3=xxx-xxx-xxxx}, {X=http://www.Department2.University2.edu/AssociateProfessor5, Y1=AssociateProfessor5, Y2=AssociateProfessor5@Department2.University2.edu, Y3=xxx-xxx-xxxx}, {X=http://www.Department2.University2.edu/FullProfessor5, Y1=FullProfessor5, Y2=FullProfessor5@Department2.University2.edu, Y3=xxx-xxx-xxxx}, {X=http://www.Department2.University2.edu/AssistantProfessor6, Y1=AssistantProfessor6, Y2=AssistantProfessor6@Department2.University2.edu, Y3=xxx-xxx-xxxx}, {X=http://www.Department2.University2.edu/AssistantProfessor1, Y1=AssistantProfessor1, Y2=AssistantProfessor1@Department2.University2.edu, Y3=xxx-xxx-xxxx}, {X=http://www.Department2.University2.edu/FullProfessor6, Y1=FullProfessor6, Y2=FullProfessor6@Department2.University2.edu, Y3=xxx-xxx-xxxx}, {X=http://www.Department2.University2.edu/AssistantProfessor3, Y1=AssistantProfessor3, Y2=AssistantProfessor3@Department2.University2.edu, Y3=xxx-xxx-xxxx}, {X=http://www.Department2.University2.edu/AssistantProfessor8, Y1=AssistantProfessor8, Y2=AssistantProfessor8@Department2.University2.edu, Y3=xxx-xxx-xxxx}, {X=http://www.Department2.University2.edu/AssistantProfessor0, Y1=AssistantProfessor0, Y2=AssistantProfessor0@Department2.University2.edu, Y3=xxx-xxx-xxxx}, {X=http://www.Department2.University2.edu/FullProfessor1, Y1=FullProfessor1, Y2=FullProfessor1@Department2.University2.edu, Y3=xxx-xxx-xxxx}, {X=http://www.Department2.University2.edu/AssistantProfessor2, Y1=AssistantProfessor2, Y2=AssistantProfessor2@Department2.University2.edu, Y3=xxx-xxx-xxxx}, {X=http://www.Department2.University2.edu/AssociateProfessor10, Y1=AssociateProfessor10, Y2=AssociateProfessor10@Department2.University2.edu, Y3=xxx-xxx-xxxx}, {X=http://www.Department2.University2.edu/AssociateProfessor1, Y1=AssociateProfessor1, Y2=AssociateProfessor1@Department2.University2.edu, Y3=xxx-xxx-xxxx}, {X=http://www.Department2.University2.edu/FullProfessor3, Y1=FullProfessor3, Y2=FullProfessor3@Department2.University2.edu, Y3=xxx-xxx-xxxx}, {X=http://www.Department2.University2.edu/AssociateProfessor8, Y1=AssociateProfessor8, Y2=AssociateProfessor8@Department2.University2.edu, Y3=xxx-xxx-xxxx}, {X=http://www.Department2.University2.edu/AssociateProfessor6, Y1=AssociateProfessor6, Y2=AssociateProfessor6@Department2.University2.edu, Y3=xxx-xxx-xxxx}, {X=http://www.Department2.University2.edu/AssociateProfessor0, Y1=AssociateProfessor0, Y2=AssociateProfessor0@Department2.University2.edu, Y3=xxx-xxx-xxxx}, {X=http://www.Department2.University2.edu/AssociateProfessor11, Y1=AssociateProfessor11, Y2=AssociateProfessor11@Department2.University2.edu, Y3=xxx-xxx-xxxx}, {X=http://www.Department2.University2.edu/FullProfessor0, Y1=FullProfessor0, Y2=FullProfessor0@Department2.University2.edu, Y3=xxx-xxx-xxxx}, {X=http://www.Department2.University2.edu/AssociateProfessor9, Y1=AssociateProfessor9, Y2=AssociateProfessor9@Department2.University2.edu, Y3=xxx-xxx-xxxx}, {X=http://www.Department2.University2.edu/AssociateProfessor3, Y1=AssociateProfessor3, Y2=AssociateProfessor3@Department2.University2.edu, Y3=xxx-xxx-xxxx}, {X=http://www.Department2.University2.edu/AssociateProfessor4, Y1=AssociateProfessor4, Y2=AssociateProfessor4@Department2.University2.edu, Y3=xxx-xxx-xxxx}, {X=http://www.Department2.University2.edu/FullProfessor4, Y1=FullProfessor4, Y2=FullProfessor4@Department2.University2.edu, Y3=xxx-xxx-xxxx}, {X=http://www.Department2.University2.edu/AssistantProfessor7, Y1=AssistantProfessor7, Y2=AssistantProfessor7@Department2.University2.edu, Y3=xxx-xxx-xxxx}, {X=http://www.Department2.University2.edu/AssistantProfessor4, Y1=AssistantProfessor4, Y2=AssistantProfessor4@Department2.University2.edu, Y3=xxx-xxx-xxxx}, {X=http://www.Department2.University2.edu/FullProfessor2, Y1=FullProfessor2, Y2=FullProfessor2@Department2.University2.edu, Y3=xxx-xxx-xxxx}, {X=http://www.Department2.University2.edu/AssistantProfessor5, Y1=AssistantProfessor5, Y2=AssistantProfessor5@Department2.University2.edu, Y3=xxx-xxx-xxxx}, {X=http://www.Department2.University2.edu/AssociateProfessor2, Y1=AssociateProfessor2, Y2=AssociateProfessor2@Department2.University2.edu, Y3=xxx-xxx-xxxx}, {X=http://www.Department2.University2.edu/AssociateProfessor7, Y1=AssociateProfessor7, Y2=AssociateProfessor7@Department2.University2.edu, Y3=xxx-xxx-xxxx}, {X=http://www.Department2.University2.edu/AssociateProfessor5, Y1=AssociateProfessor5, Y2=AssociateProfessor5@Department2.University2.edu, Y3=xxx-xxx-xxxx}, {X=http://www.Department2.University2.edu/FullProfessor5, Y1=FullProfessor5, Y2=FullProfessor5@Department2.University2.edu, Y3=xxx-xxx-xxxx}, {X=http://www.Department2.University2.edu/AssistantProfessor6, Y1=AssistantProfessor6, Y2=AssistantProfessor6@Department2.University2.edu, Y3=xxx-xxx-xxxx}, {X=http://www.Department2.University2.edu/AssistantProfessor1, Y1=AssistantProfessor1, Y2=AssistantProfessor1@Department2.University2.edu, Y3=xxx-xxx-xxxx}, {X=http://www.Department2.University2.edu/FullProfessor6, Y1=FullProfessor6, Y2=FullProfessor6@Department2.University2.edu, Y3=xxx-xxx-xxxx}, {X=http://www.Department2.University2.edu/AssistantProfessor3, Y1=AssistantProfessor3, Y2=AssistantProfessor3@Department2.University2.edu, Y3=xxx-xxx-xxxx}, {X=http://www.Department2.University2.edu/AssistantProfessor8, Y1=AssistantProfessor8, Y2=AssistantProfessor8@Department2.University2.edu, Y3=xxx-xxx-xxxx}, {X=http://www.Department2.University2.edu/AssistantProfessor0, Y1=AssistantProfessor0, Y2=AssistantProfessor0@Department2.University2.edu, Y3=xxx-xxx-xxxx}, {X=http://www.Department2.University2.edu/FullProfessor1, Y1=FullProfessor1, Y2=FullProfessor1@Department2.University2.edu, Y3=xxx-xxx-xxxx}, {X=http://www.Department2.University2.edu/AssistantProfessor2, Y1=AssistantProfessor2, Y2=AssistantProfessor2@Department2.University2.edu, Y3=xxx-xxx-xxxx}, {X=http://www.Department2.University2.edu/AssociateProfessor10, Y1=AssociateProfessor10, Y2=AssociateProfessor10@Department2.University2.edu, Y3=xxx-xxx-xxxx}, {X=http://www.Department2.University2.edu/AssociateProfessor1, Y1=AssociateProfessor1, Y2=AssociateProfessor1@Department2.University2.edu, Y3=xxx-xxx-xxxx}, {X=http://www.Department2.University2.edu/FullProfessor3, Y1=FullProfessor3, Y2=FullProfessor3@Department2.University2.edu, Y3=xxx-xxx-xxxx}, {X=http://www.Department2.University2.edu/AssociateProfessor8, Y1=AssociateProfessor8, Y2=AssociateProfessor8@Department2.University2.edu, Y3=xxx-xxx-xxxx}, {X=http://www.Department2.University2.edu/AssociateProfessor6, Y1=AssociateProfessor6, Y2=AssociateProfessor6@Department2.University2.edu, Y3=xxx-xxx-xxxx}, {X=http://www.Department2.University2.edu/AssociateProfessor0, Y1=AssociateProfessor0, Y2=AssociateProfessor0@Department2.University2.edu, Y3=xxx-xxx-xxxx}, {X=http://www.Department2.University2.edu/AssociateProfessor11, Y1=AssociateProfessor11, Y2=AssociateProfessor11@Department2.University2.edu, Y3=xxx-xxx-xxxx}, {X=http://www.Department2.University2.edu/FullProfessor0, Y1=FullProfessor0, Y2=FullProfessor0@Department2.University2.edu, Y3=xxx-xxx-xxxx}, {X=http://www.Department2.University2.edu/AssociateProfessor9, Y1=AssociateProfessor9, Y2=AssociateProfessor9@Department2.University2.edu, Y3=xxx-xxx-xxxx}, {X=http://www.Department2.University2.edu/AssociateProfessor3, Y1=AssociateProfessor3, Y2=AssociateProfessor3@Department2.University2.edu, Y3=xxx-xxx-xxxx}, {X=http://www.Department2.University2.edu/AssociateProfessor4, Y1=AssociateProfessor4, Y2=AssociateProfessor4@Department2.University2.edu, Y3=xxx-xxx-xxxx}, {X=http://www.Department2.University2.edu/FullProfessor4, Y1=FullProfessor4, Y2=FullProfessor4@Department2.University2.edu, Y3=xxx-xxx-xxxx}, {X=http://www.Department2.University2.edu/AssistantProfessor7, Y1=AssistantProfessor7, Y2=AssistantProfessor7@Department2.University2.edu, Y3=xxx-xxx-xxxx}, {X=http://www.Department2.University2.edu/AssistantProfessor4, Y1=AssistantProfessor4, Y2=AssistantProfessor4@Department2.University2.edu, Y3=xxx-xxx-xxxx}, {X=http://www.Department2.University2.edu/FullProfessor2, Y1=FullProfessor2, Y2=FullProfessor2@Department2.University2.edu, Y3=xxx-xxx-xxxx}, {X=http://www.Department2.University2.edu/AssistantProfessor5, Y1=AssistantProfessor5, Y2=AssistantProfessor5@Department2.University2.edu, Y3=xxx-xxx-xxxx}, {X=http://www.Department2.University2.edu/AssociateProfessor2, Y1=AssociateProfessor2, Y2=AssociateProfessor2@Department2.University2.edu, Y3=xxx-xxx-xxxx}, {X=http://www.Department2.University2.edu/AssociateProfessor7, Y1=AssociateProfessor7, Y2=AssociateProfessor7@Department2.University2.edu, Y3=xxx-xxx-xxxx}, {X=http://www.Department2.University2.edu/AssociateProfessor5, Y1=AssociateProfessor5, Y2=AssociateProfessor5@Department2.University2.edu, Y3=xxx-xxx-xxxx}, {X=http://www.Department2.University2.edu/FullProfessor5, Y1=FullProfessor5, Y2=FullProfessor5@Department2.University2.edu, Y3=xxx-xxx-xxxx}, {X=http://www.Department2.University2.edu/AssistantProfessor6, Y1=AssistantProfessor6, Y2=AssistantProfessor6@Department2.University2.edu, Y3=xxx-xxx-xxxx}, {X=http://www.Department2.University2.edu/AssistantProfessor1, Y1=AssistantProfessor1, Y2=AssistantProfessor1@Department2.University2.edu, Y3=xxx-xxx-xxxx}, {X=http://www.Department2.University2.edu/FullProfessor6, Y1=FullProfessor6, Y2=FullProfessor6@Department2.University2.edu, Y3=xxx-xxx-xxxx}, {X=http://www.Department2.University2.edu/AssistantProfessor3, Y1=AssistantProfessor3, Y2=AssistantProfessor3@Department2.University2.edu, Y3=xxx-xxx-xxxx}, {X=http://www.Department2.University2.edu/AssistantProfessor8, Y1=AssistantProfessor8, Y2=AssistantProfessor8@Department2.University2.edu, Y3=xxx-xxx-xxxx}, {X=http://www.Department2.University2.edu/AssistantProfessor0, Y1=AssistantProfessor0, Y2=AssistantProfessor0@Department2.University2.edu, Y3=xxx-xxx-xxxx}, {X=http://www.Department2.University2.edu/FullProfessor1, Y1=FullProfessor1, Y2=FullProfessor1@Department2.University2.edu, Y3=xxx-xxx-xxxx}, {X=http://www.Department2.University2.edu/AssistantProfessor2, Y1=AssistantProfessor2, Y2=AssistantProfessor2@Department2.University2.edu, Y3=xxx-xxx-xxxx}, {X=http://www.Department2.University2.edu/AssociateProfessor10, Y1=AssociateProfessor10, Y2=AssociateProfessor10@Department2.University2.edu, Y3=xxx-xxx-xxxx}, {X=http://www.Department2.University2.edu/AssociateProfessor1, Y1=AssociateProfessor1, Y2=AssociateProfessor1@Department2.University2.edu, Y3=xxx-xxx-xxxx}, {X=http://www.Department2.University2.edu/FullProfessor3, Y1=FullProfessor3, Y2=FullProfessor3@Department2.University2.edu, Y3=xxx-xxx-xxxx}, {X=http://www.Department2.University2.edu/AssociateProfessor8, Y1=AssociateProfessor8, Y2=AssociateProfessor8@Department2.University2.edu, Y3=xxx-xxx-xxxx}, {X=http://www.Department2.University2.edu/AssociateProfessor6, Y1=AssociateProfessor6, Y2=AssociateProfessor6@Department2.University2.edu, Y3=xxx-xxx-xxxx}, {X=http://www.Department2.University2.edu/AssociateProfessor0, Y1=AssociateProfessor0, Y2=AssociateProfessor0@Department2.University2.edu, Y3=xxx-xxx-xxxx}, {X=http://www.Department2.University2.edu/AssociateProfessor11, Y1=AssociateProfessor11, Y2=AssociateProfessor11@Department2.University2.edu, Y3=xxx-xxx-xxxx}, {X=http://www.Department2.University2.edu/FullProfessor0, Y1=FullProfessor0, Y2=FullProfessor0@Department2.University2.edu, Y3=xxx-xxx-xxxx}, {X=http://www.Department2.University2.edu/AssociateProfessor9, Y1=AssociateProfessor9, Y2=AssociateProfessor9@Department2.University2.edu, Y3=xxx-xxx-xxxx}, {X=http://www.Department2.University2.edu/AssociateProfessor3, Y1=AssociateProfessor3, Y2=AssociateProfessor3@Department2.University2.edu, Y3=xxx-xxx-xxxx}, {X=http://www.Department2.University2.edu/AssociateProfessor4, Y1=AssociateProfessor4, Y2=AssociateProfessor4@Department2.University2.edu, Y3=xxx-xxx-xxxx}, {X=http://www.Department2.University2.edu/FullProfessor4, Y1=FullProfessor4, Y2=FullProfessor4@Department2.University2.edu, Y3=xxx-xxx-xxxx}, {X=http://www.Department2.University2.edu/AssistantProfessor7, Y1=AssistantProfessor7, Y2=AssistantProfessor7@Department2.University2.edu, Y3=xxx-xxx-xxxx}, {X=http://www.Department2.University2.edu/AssistantProfessor4, Y1=AssistantProfessor4, Y2=AssistantProfessor4@Department2.University2.edu, Y3=xxx-xxx-xxxx}, {X=http://www.Department2.University2.edu/FullProfessor2, Y1=FullProfessor2, Y2=FullProfessor2@Department2.University2.edu, Y3=xxx-xxx-xxxx}, {X=http://www.Department2.University2.edu/AssistantProfessor5, Y1=AssistantProfessor5, Y2=AssistantProfessor5@Department2.University2.edu, Y3=xxx-xxx-xxxx}, {X=http://www.Department2.University2.edu/AssociateProfessor2, Y1=AssociateProfessor2, Y2=AssociateProfessor2@Department2.University2.edu, Y3=xxx-xxx-xxxx}, {X=http://www.Department2.University2.edu/AssociateProfessor7, Y1=AssociateProfessor7, Y2=AssociateProfessor7@Department2.University2.edu, Y3=xxx-xxx-xxxx}, {X=http://www.Department2.University2.edu/AssociateProfessor5, Y1=AssociateProfessor5, Y2=AssociateProfessor5@Department2.University2.edu, Y3=xxx-xxx-xxxx}, {X=http://www.Department2.University2.edu/FullProfessor5, Y1=FullProfessor5, Y2=FullProfessor5@Department2.University2.edu, Y3=xxx-xxx-xxxx}, {X=http://www.Department2.University2.edu/AssistantProfessor6, Y1=AssistantProfessor6, Y2=AssistantProfessor6@Department2.University2.edu, Y3=xxx-xxx-xxxx}, {X=http://www.Department2.University2.edu/AssistantProfessor1, Y1=AssistantProfessor1, Y2=AssistantProfessor1@Department2.University2.edu, Y3=xxx-xxx-xxxx}, {X=http://www.Department2.University2.edu/FullProfessor6, Y1=FullProfessor6, Y2=FullProfessor6@Department2.University2.edu, Y3=xxx-xxx-xxxx}, {X=http://www.Department2.University2.edu/AssistantProfessor3, Y1=AssistantProfessor3, Y2=AssistantProfessor3@Department2.University2.edu, Y3=xxx-xxx-xxxx}, {X=http://www.Department2.University2.edu/AssistantProfessor8, Y1=AssistantProfessor8, Y2=AssistantProfessor8@Department2.University2.edu, Y3=xxx-xxx-xxxx}, {X=http://www.Department2.University2.edu/AssistantProfessor0, Y1=AssistantProfessor0, Y2=AssistantProfessor0@Department2.University2.edu, Y3=xxx-xxx-xxxx}, {X=http://www.Department2.University2.edu/FullProfessor1, Y1=FullProfessor1, Y2=FullProfessor1@Department2.University2.edu, Y3=xxx-xxx-xxxx}, {X=http://www.Department2.University2.edu/AssistantProfessor2, Y1=AssistantProfessor2, Y2=AssistantProfessor2@Department2.University2.edu, Y3=xxx-xxx-xxxx}, {X=http://www.Department2.University2.edu/AssociateProfessor10, Y1=AssociateProfessor10, Y2=AssociateProfessor10@Department2.University2.edu, Y3=xxx-xxx-xxxx}, {X=http://www.Department2.University2.edu/AssociateProfessor1, Y1=AssociateProfessor1, Y2=AssociateProfessor1@Department2.University2.edu, Y3=xxx-xxx-xxxx}, {X=http://www.Department2.University2.edu/FullProfessor3, Y1=FullProfessor3, Y2=FullProfessor3@Department2.University2.edu, Y3=xxx-xxx-xxxx}, {X=http://www.Department2.University2.edu/AssociateProfessor8, Y1=AssociateProfessor8, Y2=AssociateProfessor8@Department2.University2.edu, Y3=xxx-xxx-xxxx}, {X=http://www.Department2.University2.edu/AssociateProfessor6, Y1=AssociateProfessor6, Y2=AssociateProfessor6@Department2.University2.edu, Y3=xxx-xxx-xxxx}, {X=http://www.Department2.University2.edu/AssociateProfessor0, Y1=AssociateProfessor0, Y2=AssociateProfessor0@Department2.University2.edu, Y3=xxx-xxx-xxxx}, {X=http://www.Department2.University2.edu/AssociateProfessor11, Y1=AssociateProfessor11, Y2=AssociateProfessor11@Department2.University2.edu, Y3=xxx-xxx-xxxx}, {X=http://www.Department2.University2.edu/FullProfessor0, Y1=FullProfessor0, Y2=FullProfessor0@Department2.University2.edu, Y3=xxx-xxx-xxxx}, {X=http://www.Department2.University2.edu/AssociateProfessor9, Y1=AssociateProfessor9, Y2=AssociateProfessor9@Department2.University2.edu, Y3=xxx-xxx-xxxx}, {X=http://www.Department2.University2.edu/AssociateProfessor3, Y1=AssociateProfessor3, Y2=AssociateProfessor3@Department2.University2.edu, Y3=xxx-xxx-xxxx}, {X=http://www.Department2.University2.edu/AssociateProfessor4, Y1=AssociateProfessor4, Y2=AssociateProfessor4@Department2.University2.edu, Y3=xxx-xxx-xxxx}, {X=http://www.Department2.University2.edu/FullProfessor4, Y1=FullProfessor4, Y2=FullProfessor4@Department2.University2.edu, Y3=xxx-xxx-xxxx}, {X=http://www.Department2.University2.edu/AssistantProfessor7, Y1=AssistantProfessor7, Y2=AssistantProfessor7@Department2.University2.edu, Y3=xxx-xxx-xxxx}, {X=http://www.Department2.University2.edu/AssistantProfessor4, Y1=AssistantProfessor4, Y2=AssistantProfessor4@Department2.University2.edu, Y3=xxx-xxx-xxxx}, {X=http://www.Department2.University2.edu/FullProfessor2, Y1=FullProfessor2, Y2=FullProfessor2@Department2.University2.edu, Y3=xxx-xxx-xxxx}, {X=http://www.Department2.University2.edu/AssistantProfessor5, Y1=AssistantProfessor5, Y2=AssistantProfessor5@Department2.University2.edu, Y3=xxx-xxx-xxxx}, {X=http://www.Department2.University2.edu/AssociateProfessor2, Y1=AssociateProfessor2, Y2=AssociateProfessor2@Department2.University2.edu, Y3=xxx-xxx-xxxx}, {X=http://www.Department2.University2.edu/AssociateProfessor7, Y1=AssociateProfessor7, Y2=AssociateProfessor7@Department2.University2.edu, Y3=xxx-xxx-xxxx}, {X=http://www.Department2.University2.edu/AssociateProfessor5, Y1=AssociateProfessor5, Y2=AssociateProfessor5@Department2.University2.edu, Y3=xxx-xxx-xxxx}, {X=http://www.Department2.University2.edu/FullProfessor5, Y1=FullProfessor5, Y2=FullProfessor5@Department2.University2.edu, Y3=xxx-xxx-xxxx}, {X=http://www.Department2.University2.edu/AssistantProfessor6, Y1=AssistantProfessor6, Y2=AssistantProfessor6@Department2.University2.edu, Y3=xxx-xxx-xxxx}, {X=http://www.Department2.University2.edu/AssistantProfessor1, Y1=AssistantProfessor1, Y2=AssistantProfessor1@Department2.University2.edu, Y3=xxx-xxx-xxxx}, {X=http://www.Department2.University2.edu/FullProfessor6, Y1=FullProfessor6, Y2=FullProfessor6@Department2.University2.edu, Y3=xxx-xxx-xxxx}, {X=http://www.Department2.University2.edu/AssistantProfessor3, Y1=AssistantProfessor3, Y2=AssistantProfessor3@Department2.University2.edu, Y3=xxx-xxx-xxxx}, {X=http://www.Department2.University2.edu/AssistantProfessor8, Y1=AssistantProfessor8, Y2=AssistantProfessor8@Department2.University2.edu, Y3=xxx-xxx-xxxx}, {X=http://www.Department2.University2.edu/AssistantProfessor0, Y1=AssistantProfessor0, Y2=AssistantProfessor0@Department2.University2.edu, Y3=xxx-xxx-xxxx}, {X=http://www.Department2.University2.edu/FullProfessor1, Y1=FullProfessor1, Y2=FullProfessor1@Department2.University2.edu, Y3=xxx-xxx-xxxx}, {X=http://www.Department2.University2.edu/AssistantProfessor2, Y1=AssistantProfessor2, Y2=AssistantProfessor2@Department2.University2.edu, Y3=xxx-xxx-xxxx}, {X=http://www.Department2.University2.edu/AssociateProfessor10, Y1=AssociateProfessor10, Y2=AssociateProfessor10@Department2.University2.edu, Y3=xxx-xxx-xxxx}, {X=http://www.Department2.University2.edu/AssociateProfessor1, Y1=AssociateProfessor1, Y2=AssociateProfessor1@Department2.University2.edu, Y3=xxx-xxx-xxxx}, {X=http://www.Department2.University2.edu/FullProfessor3, Y1=FullProfessor3, Y2=FullProfessor3@Department2.University2.edu, Y3=xxx-xxx-xxxx}, {X=http://www.Department2.University2.edu/AssociateProfessor8, Y1=AssociateProfessor8, Y2=AssociateProfessor8@Department2.University2.edu, Y3=xxx-xxx-xxxx}, {X=http://www.Department2.University2.edu/AssociateProfessor6, Y1=AssociateProfessor6, Y2=AssociateProfessor6@Department2.University2.edu, Y3=xxx-xxx-xxxx}, {X=http://www.Department2.University2.edu/AssociateProfessor0, Y1=AssociateProfessor0, Y2=AssociateProfessor0@Department2.University2.edu, Y3=xxx-xxx-xxxx}, {X=http://www.Department2.University2.edu/AssociateProfessor11, Y1=AssociateProfessor11, Y2=AssociateProfessor11@Department2.University2.edu, Y3=xxx-xxx-xxxx}, {X=http://www.Department2.University2.edu/FullProfessor0, Y1=FullProfessor0, Y2=FullProfessor0@Department2.University2.edu, Y3=xxx-xxx-xxxx}, {X=http://www.Department2.University2.edu/AssociateProfessor9, Y1=AssociateProfessor9, Y2=AssociateProfessor9@Department2.University2.edu, Y3=xxx-xxx-xxxx}, {X=http://www.Department2.University2.edu/AssociateProfessor3, Y1=AssociateProfessor3, Y2=AssociateProfessor3@Department2.University2.edu, Y3=xxx-xxx-xxxx}, {X=http://www.Department2.University2.edu/AssociateProfessor4, Y1=AssociateProfessor4, Y2=AssociateProfessor4@Department2.University2.edu, Y3=xxx-xxx-xxxx}, {X=http://www.Department2.University2.edu/FullProfessor4, Y1=FullProfessor4, Y2=FullProfessor4@Department2.University2.edu, Y3=xxx-xxx-xxxx}, {X=http://www.Department2.University2.edu/AssistantProfessor7, Y1=AssistantProfessor7, Y2=AssistantProfessor7@Department2.University2.edu, Y3=xxx-xxx-xxxx}, {X=http://www.Department2.University2.edu/AssistantProfessor4, Y1=AssistantProfessor4, Y2=AssistantProfessor4@Department2.University2.edu, Y3=xxx-xxx-xxxx}, {X=http://www.Department2.University2.edu/FullProfessor2, Y1=FullProfessor2, Y2=FullProfessor2@Department2.University2.edu, Y3=xxx-xxx-xxxx}, {X=http://www.Department2.University2.edu/AssistantProfessor5, Y1=AssistantProfessor5, Y2=AssistantProfessor5@Department2.University2.edu, Y3=xxx-xxx-xxxx}, {X=http://www.Department2.University2.edu/AssociateProfessor2, Y1=AssociateProfessor2, Y2=AssociateProfessor2@Department2.University2.edu, Y3=xxx-xxx-xxxx}, {X=http://www.Department2.University2.edu/AssociateProfessor7, Y1=AssociateProfessor7, Y2=AssociateProfessor7@Department2.University2.edu, Y3=xxx-xxx-xxxx}, {X=http://www.Department2.University2.edu/AssociateProfessor5, Y1=AssociateProfessor5, Y2=AssociateProfessor5@Department2.University2.edu, Y3=xxx-xxx-xxxx}, {X=http://www.Department2.University2.edu/FullProfessor5, Y1=FullProfessor5, Y2=FullProfessor5@Department2.University2.edu, Y3=xxx-xxx-xxxx}, {X=http://www.Department2.University2.edu/AssistantProfessor6, Y1=AssistantProfessor6, Y2=AssistantProfessor6@Department2.University2.edu, Y3=xxx-xxx-xxxx}, {X=http://www.Department2.University2.edu/AssistantProfessor1, Y1=AssistantProfessor1, Y2=AssistantProfessor1@Department2.University2.edu, Y3=xxx-xxx-xxxx}, {X=http://www.Department2.University2.edu/FullProfessor6, Y1=FullProfessor6, Y2=FullProfessor6@Department2.University2.edu, Y3=xxx-xxx-xxxx}, {X=http://www.Department2.University2.edu/AssistantProfessor3, Y1=AssistantProfessor3, Y2=AssistantProfessor3@Department2.University2.edu, Y3=xxx-xxx-xxxx}, {X=http://www.Department2.University2.edu/AssistantProfessor8, Y1=AssistantProfessor8, Y2=AssistantProfessor8@Department2.University2.edu, Y3=xxx-xxx-xxxx}, {X=http://www.Department2.University2.edu/AssistantProfessor0, Y1=AssistantProfessor0, Y2=AssistantProfessor0@Department2.University2.edu, Y3=xxx-xxx-xxxx}, {X=http://www.Department2.University2.edu/FullProfessor1, Y1=FullProfessor1, Y2=FullProfessor1@Department2.University2.edu, Y3=xxx-xxx-xxxx}, {X=http://www.Department2.University2.edu/AssistantProfessor2, Y1=AssistantProfessor2, Y2=AssistantProfessor2@Department2.University2.edu, Y3=xxx-xxx-xxxx}, {X=http://www.Department2.University2.edu/AssociateProfessor10, Y1=AssociateProfessor10, Y2=AssociateProfessor10@Department2.University2.edu, Y3=xxx-xxx-xxxx}, {X=http://www.Department2.University2.edu/AssociateProfessor1, Y1=AssociateProfessor1, Y2=AssociateProfessor1@Department2.University2.edu, Y3=xxx-xxx-xxxx}, {X=http://www.Department2.University2.edu/FullProfessor3, Y1=FullProfessor3, Y2=FullProfessor3@Department2.University2.edu, Y3=xxx-xxx-xxxx}, {X=http://www.Department2.University2.edu/AssociateProfessor8, Y1=AssociateProfessor8, Y2=AssociateProfessor8@Department2.University2.edu, Y3=xxx-xxx-xxxx}, {X=http://www.Department2.University2.edu/AssociateProfessor6, Y1=AssociateProfessor6, Y2=AssociateProfessor6@Department2.University2.edu, Y3=xxx-xxx-xxxx}, {X=http://www.Department2.University2.edu/AssociateProfessor0, Y1=AssociateProfessor0, Y2=AssociateProfessor0@Department2.University2.edu, Y3=xxx-xxx-xxxx}, {X=http://www.Department2.University2.edu/AssociateProfessor11, Y1=AssociateProfessor11, Y2=AssociateProfessor11@Department2.University2.edu, Y3=xxx-xxx-xxxx}, {X=http://www.Department2.University2.edu/FullProfessor0, Y1=FullProfessor0, Y2=FullProfessor0@Department2.University2.edu, Y3=xxx-xxx-xxxx}, {X=http://www.Department2.University2.edu/AssociateProfessor9, Y1=AssociateProfessor9, Y2=AssociateProfessor9@Department2.University2.edu, Y3=xxx-xxx-xxxx}, {X=http://www.Department2.University2.edu/AssociateProfessor3, Y1=AssociateProfessor3, Y2=AssociateProfessor3@Department2.University2.edu, Y3=xxx-xxx-xxxx}, {X=http://www.Department2.University2.edu/AssociateProfessor4, Y1=AssociateProfessor4, Y2=AssociateProfessor4@Department2.University2.edu, Y3=xxx-xxx-xxxx}, {X=http://www.Department2.University2.edu/FullProfessor4, Y1=FullProfessor4, Y2=FullProfessor4@Department2.University2.edu, Y3=xxx-xxx-xxxx}, {X=http://www.Department2.University2.edu/AssistantProfessor7, Y1=AssistantProfessor7, Y2=AssistantProfessor7@Department2.University2.edu, Y3=xxx-xxx-xxxx}, {X=http://www.Department2.University2.edu/AssistantProfessor4, Y1=AssistantProfessor4, Y2=AssistantProfessor4@Department2.University2.edu, Y3=xxx-xxx-xxxx}, {X=http://www.Department2.University2.edu/FullProfessor2, Y1=FullProfessor2, Y2=FullProfessor2@Department2.University2.edu, Y3=xxx-xxx-xxxx}, {X=http://www.Department2.University2.edu/AssistantProfessor5, Y1=AssistantProfessor5, Y2=AssistantProfessor5@Department2.University2.edu, Y3=xxx-xxx-xxxx}, {X=http://www.Department2.University2.edu/AssociateProfessor2, Y1=AssociateProfessor2, Y2=AssociateProfessor2@Department2.University2.edu, Y3=xxx-xxx-xxxx}, {X=http://www.Department2.University2.edu/AssociateProfessor7, Y1=AssociateProfessor7, Y2=AssociateProfessor7@Department2.University2.edu, Y3=xxx-xxx-xxxx}, {X=http://www.Department2.University2.edu/AssociateProfessor5, Y1=AssociateProfessor5, Y2=AssociateProfessor5@Department2.University2.edu, Y3=xxx-xxx-xxxx}, {X=http://www.Department2.University2.edu/FullProfessor5, Y1=FullProfessor5, Y2=FullProfessor5@Department2.University2.edu, Y3=xxx-xxx-xxxx}, {X=http://www.Department2.University2.edu/AssistantProfessor6, Y1=AssistantProfessor6, Y2=AssistantProfessor6@Department2.University2.edu, Y3=xxx-xxx-xxxx}, {X=http://www.Department2.University2.edu/AssistantProfessor1, Y1=AssistantProfessor1, Y2=AssistantProfessor1@Department2.University2.edu, Y3=xxx-xxx-xxxx}, {X=http://www.Department2.University2.edu/FullProfessor6, Y1=FullProfessor6, Y2=FullProfessor6@Department2.University2.edu, Y3=xxx-xxx-xxxx}, {X=http://www.Department2.University2.edu/AssistantProfessor3, Y1=AssistantProfessor3, Y2=AssistantProfessor3@Department2.University2.edu, Y3=xxx-xxx-xxxx}, {X=http://www.Department2.University2.edu/AssistantProfessor8, Y1=AssistantProfessor8, Y2=AssistantProfessor8@Department2.University2.edu, Y3=xxx-xxx-xxxx}, {X=http://www.Department2.University2.edu/AssistantProfessor0, Y1=AssistantProfessor0, Y2=AssistantProfessor0@Department2.University2.edu, Y3=xxx-xxx-xxxx}, {X=http://www.Department2.University2.edu/FullProfessor1, Y1=FullProfessor1, Y2=FullProfessor1@Department2.University2.edu, Y3=xxx-xxx-xxxx}, {X=http://www.Department2.University2.edu/AssistantProfessor2, Y1=AssistantProfessor2, Y2=AssistantProfessor2@Department2.University2.edu, Y3=xxx-xxx-xxxx}, {X=http://www.Department2.University2.edu/AssociateProfessor10, Y1=AssociateProfessor10, Y2=AssociateProfessor10@Department2.University2.edu, Y3=xxx-xxx-xxxx}, {X=http://www.Department2.University2.edu/AssociateProfessor1, Y1=AssociateProfessor1, Y2=AssociateProfessor1@Department2.University2.edu, Y3=xxx-xxx-xxxx}, {X=http://www.Department2.University2.edu/FullProfessor3, Y1=FullProfessor3, Y2=FullProfessor3@Department2.University2.edu, Y3=xxx-xxx-xxxx}, {X=http://www.Department2.University2.edu/AssociateProfessor8, Y1=AssociateProfessor8, Y2=AssociateProfessor8@Department2.University2.edu, Y3=xxx-xxx-xxxx}, {X=http://www.Department2.University2.edu/AssociateProfessor6, Y1=AssociateProfessor6, Y2=AssociateProfessor6@Department2.University2.edu, Y3=xxx-xxx-xxxx}, {X=http://www.Department2.University2.edu/AssociateProfessor0, Y1=AssociateProfessor0, Y2=AssociateProfessor0@Department2.University2.edu, Y3=xxx-xxx-xxxx}, {X=http://www.Department2.University2.edu/AssociateProfessor11, Y1=AssociateProfessor11, Y2=AssociateProfessor11@Department2.University2.edu, Y3=xxx-xxx-xxxx}, {X=http://www.Department2.University2.edu/FullProfessor0, Y1=FullProfessor0, Y2=FullProfessor0@Department2.University2.edu, Y3=xxx-xxx-xxxx}, {X=http://www.Department2.University2.edu/AssociateProfessor9, Y1=AssociateProfessor9, Y2=AssociateProfessor9@Department2.University2.edu, Y3=xxx-xxx-xxxx}, {X=http://www.Department2.University2.edu/AssociateProfessor3, Y1=AssociateProfessor3, Y2=AssociateProfessor3@Department2.University2.edu, Y3=xxx-xxx-xxxx}, {X=http://www.Department2.University2.edu/AssociateProfessor4, Y1=AssociateProfessor4, Y2=AssociateProfessor4@Department2.University2.edu, Y3=xxx-xxx-xxxx}, {X=http://www.Department2.University2.edu/FullProfessor4, Y1=FullProfessor4, Y2=FullProfessor4@Department2.University2.edu, Y3=xxx-xxx-xxxx}, {X=http://www.Department2.University2.edu/AssistantProfessor7, Y1=AssistantProfessor7, Y2=AssistantProfessor7@Department2.University2.edu, Y3=xxx-xxx-xxxx}, {X=http://www.Department2.University2.edu/AssistantProfessor4, Y1=AssistantProfessor4, Y2=AssistantProfessor4@Department2.University2.edu, Y3=xxx-xxx-xxxx}, {X=http://www.Department2.University2.edu/FullProfessor2, Y1=FullProfessor2, Y2=FullProfessor2@Department2.University2.edu, Y3=xxx-xxx-xxxx}, {X=http://www.Department2.University2.edu/AssistantProfessor5, Y1=AssistantProfessor5, Y2=AssistantProfessor5@Department2.University2.edu, Y3=xxx-xxx-xxxx}, {X=http://www.Department2.University2.edu/AssociateProfessor2, Y1=AssociateProfessor2, Y2=AssociateProfessor2@Department2.University2.edu, Y3=xxx-xxx-xxxx}, {X=http://www.Department2.University2.edu/AssociateProfessor7, Y1=AssociateProfessor7, Y2=AssociateProfessor7@Department2.University2.edu, Y3=xxx-xxx-xxxx}, {X=http://www.Department2.University2.edu/AssociateProfessor5, Y1=AssociateProfessor5, Y2=AssociateProfessor5@Department2.University2.edu, Y3=xxx-xxx-xxxx}, {X=http://www.Department2.University2.edu/FullProfessor5, Y1=FullProfessor5, Y2=FullProfessor5@Department2.University2.edu, Y3=xxx-xxx-xxxx}, {X=http://www.Department2.University2.edu/AssistantProfessor6, Y1=AssistantProfessor6, Y2=AssistantProfessor6@Department2.University2.edu, Y3=xxx-xxx-xxxx}, {X=http://www.Department2.University2.edu/AssistantProfessor1, Y1=AssistantProfessor1, Y2=AssistantProfessor1@Department2.University2.edu, Y3=xxx-xxx-xxxx}, {X=http://www.Department2.University2.edu/FullProfessor6, Y1=FullProfessor6, Y2=FullProfessor6@Department2.University2.edu, Y3=xxx-xxx-xxxx}, {X=http://www.Department2.University2.edu/AssistantProfessor3, Y1=AssistantProfessor3, Y2=AssistantProfessor3@Department2.University2.edu, Y3=xxx-xxx-xxxx}, {X=http://www.Department2.University2.edu/AssistantProfessor8, Y1=AssistantProfessor8, Y2=AssistantProfessor8@Department2.University2.edu, Y3=xxx-xxx-xxxx}, {X=http://www.Department2.University2.edu/AssistantProfessor0, Y1=AssistantProfessor0, Y2=AssistantProfessor0@Department2.University2.edu, Y3=xxx-xxx-xxxx}, {X=http://www.Department2.University2.edu/FullProfessor1, Y1=FullProfessor1, Y2=FullProfessor1@Department2.University2.edu, Y3=xxx-xxx-xxxx}, {X=http://www.Department2.University2.edu/AssistantProfessor2, Y1=AssistantProfessor2, Y2=AssistantProfessor2@Department2.University2.edu, Y3=xxx-xxx-xxxx}, {X=http://www.Department2.University2.edu/AssociateProfessor10, Y1=AssociateProfessor10, Y2=AssociateProfessor10@Department2.University2.edu, Y3=xxx-xxx-xxxx}, {X=http://www.Department2.University2.edu/AssociateProfessor1, Y1=AssociateProfessor1, Y2=AssociateProfessor1@Department2.University2.edu, Y3=xxx-xxx-xxxx}, {X=http://www.Department2.University2.edu/FullProfessor3, Y1=FullProfessor3, Y2=FullProfessor3@Department2.University2.edu, Y3=xxx-xxx-xxxx}, {X=http://www.Department2.University2.edu/AssociateProfessor8, Y1=AssociateProfessor8, Y2=AssociateProfessor8@Department2.University2.edu, Y3=xxx-xxx-xxxx}, {X=http://www.Department2.University2.edu/AssociateProfessor6, Y1=AssociateProfessor6, Y2=AssociateProfessor6@Department2.University2.edu, Y3=xxx-xxx-xxxx}, {X=http://www.Department2.University2.edu/AssociateProfessor0, Y1=AssociateProfessor0, Y2=AssociateProfessor0@Department2.University2.edu, Y3=xxx-xxx-xxxx}]
1490624501332;2;2;5;949526;681824;665457;711777;668458;691792;665081;723181;682618;664329;710404;6438;5280;[{X=http://www.Department2.University2.edu/AssociateProfessor11}, {X=http://www.Department2.University2.edu/FullProfessor0}, {X=http://www.Department2.University2.edu/UndergraduateStudent228}, {X=http://www.Department2.University2.edu/UndergraduateStudent49}, {X=http://www.Department2.University2.edu/GraduateStudent45}, {X=http://www.Department2.University2.edu/UndergraduateStudent216}, {X=http://www.Department2.University2.edu/UndergraduateStudent142}, {X=http://www.Department2.University2.edu/UndergraduateStudent261}, {X=http://www.Department2.University2.edu/GraduateStudent11}, {X=http://www.Department2.University2.edu/UndergraduateStudent168}, {X=http://www.Department2.University2.edu/UndergraduateStudent0}, {X=http://www.Department2.University2.edu/UndergraduateStudent345}, {X=http://www.Department2.University2.edu/UndergraduateStudent266}, {X=http://www.Department2.University2.edu/GraduateStudent18}, {X=http://www.Department2.University2.edu/GraduateStudent6}, {X=http://www.Department2.University2.edu/Lecturer1}, {X=http://www.Department2.University2.edu/UndergraduateStudent110}, {X=http://www.Department2.University2.edu/UndergraduateStudent198}, {X=http://www.Department2.University2.edu/UndergraduateStudent195}, {X=http://www.Department2.University2.edu/UndergraduateStudent260}, {X=http://www.Department2.University2.edu/UndergraduateStudent307}, {X=http://www.Department2.University2.edu/UndergraduateStudent296}, {X=http://www.Department2.University2.edu/GraduateStudent13}, {X=http://www.Department2.University2.edu/UndergraduateStudent314}, {X=http://www.Department2.University2.edu/UndergraduateStudent344}, {X=http://www.Department2.University2.edu/AssociateProfessor10}, {X=http://www.Department2.University2.edu/UndergraduateStudent22}, {X=http://www.Department2.University2.edu/UndergraduateStudent108}, {X=http://www.Department2.University2.edu/UndergraduateStudent170}, {X=http://www.Department2.University2.edu/UndergraduateStudent103}, {X=http://www.Department2.University2.edu/UndergraduateStudent304}, {X=http://www.Department2.University2.edu/GraduateStudent36}, {X=http://www.Department2.University2.edu/UndergraduateStudent230}, {X=http://www.Department2.University2.edu/UndergraduateStudent41}, {X=http://www.Department2.University2.edu/UndergraduateStudent131}, {X=http://www.Department2.University2.edu/UndergraduateStudent255}, {X=http://www.Department2.University2.edu/GraduateStudent74}, {X=http://www.Department2.University2.edu/GraduateStudent114}, {X=http://www.Department2.University2.edu/UndergraduateStudent290}, {X=http://www.Department2.University2.edu/UndergraduateStudent86}, {X=http://www.Department2.University2.edu/UndergraduateStudent235}, {X=http://www.Department2.University2.edu/GraduateStudent14}, {X=http://www.Department2.University2.edu/Lecturer0}, {X=http://www.Department2.University2.edu/UndergraduateStudent188}, {X=http://www.Department2.University2.edu/UndergraduateStudent203}, {X=http://www.Department2.University2.edu/UndergraduateStudent15}, {X=http://www.Department2.University2.edu/UndergraduateStudent276}, {X=http://www.Department2.University2.edu/UndergraduateStudent62}, {X=http://www.Department2.University2.edu/UndergraduateStudent82}, {X=http://www.Department2.University2.edu/UndergraduateStudent215}, {X=http://www.Department2.University2.edu/UndergraduateStudent217}, {X=http://www.Department2.University2.edu/UndergraduateStudent112}, {X=http://www.Department2.University2.edu/GraduateStudent113}, {X=http://www.Department2.University2.edu/AssociateProfessor2}, {X=http://www.Department2.University2.edu/UndergraduateStudent106}, {X=http://www.Department2.University2.edu/GraduateStudent47}, {X=http://www.Department2.University2.edu/UndergraduateStudent259}, {X=http://www.Department2.University2.edu/UndergraduateStudent12}, {X=http://www.Department2.University2.edu/GraduateStudent104}, {X=http://www.Department2.University2.edu/UndergraduateStudent23}, {X=http://www.Department2.University2.edu/GraduateStudent124}, {X=http://www.Department2.University2.edu/FullProfessor1}, {X=http://www.Department2.University2.edu/UndergraduateStudent6}, {X=http://www.Department2.University2.edu/UndergraduateStudent206}, {X=http://www.Department2.University2.edu/GraduateStudent117}, {X=http://www.Department2.University2.edu/UndergraduateStudent315}, {X=http://www.Department2.University2.edu/UndergraduateStudent172}, {X=http://www.Department2.University2.edu/Lecturer3}, {X=http://www.Department2.University2.edu/UndergraduateStudent145}, {X=http://www.Department2.University2.edu/UndergraduateStudent252}, {X=http://www.Department2.University2.edu/UndergraduateStudent199}, {X=http://www.Department2.University2.edu/UndergraduateStudent192}, {X=http://www.Department2.University2.edu/GraduateStudent57}, {X=http://www.Department2.University2.edu/GraduateStudent101}, {X=http://www.Department2.University2.edu/UndergraduateStudent26}, {X=http://www.Department2.University2.edu/UndergraduateStudent173}, {X=http://www.Department2.University2.edu/GraduateStudent103}, {X=http://www.Department2.University2.edu/UndergraduateStudent160}, {X=http://www.Department2.University2.edu/UndergraduateStudent184}, {X=http://www.Department2.University2.edu/UndergraduateStudent326}, {X=http://www.Department2.University2.edu/AssistantProfessor7}, {X=http://www.Department2.University2.edu/GraduateStudent33}, {X=http://www.Department2.University2.edu/GraduateStudent111}, {X=http://www.Department2.University2.edu/UndergraduateStudent271}, {X=http://www.Department2.University2.edu/UndergraduateStudent287}, {X=http://www.Department2.University2.edu/GraduateStudent88}, {X=http://www.Department2.University2.edu/UndergraduateStudent80}, {X=http://www.Department2.University2.edu/UndergraduateStudent359}, {X=http://www.Department2.University2.edu/GraduateStudent123}, {X=http://www.Department2.University2.edu/FullProfessor5}, {X=http://www.Department2.University2.edu/GraduateStudent116}, {X=http://www.Department2.University2.edu/UndergraduateStudent239}, {X=http://www.Department2.University2.edu/GraduateStudent68}, {X=http://www.Department2.University2.edu/UndergraduateStudent96}, {X=http://www.Department2.University2.edu/UndergraduateStudent178}, {X=http://www.Department2.University2.edu/UndergraduateStudent157}, {X=http://www.Department2.University2.edu/UndergraduateStudent105}, {X=http://www.Department2.University2.edu/GraduateStudent122}, {X=http://www.Department2.University2.edu/UndergraduateStudent50}, {X=http://www.Department2.University2.edu/UndergraduateStudent316}, {X=http://www.Department2.University2.edu/UndergraduateStudent303}, {X=http://www.Department2.University2.edu/UndergraduateStudent181}, {X=http://www.Department2.University2.edu/UndergraduateStudent301}, {X=http://www.Department2.University2.edu/UndergraduateStudent243}, {X=http://www.Department2.University2.edu/UndergraduateStudent120}, {X=http://www.Department2.University2.edu/UndergraduateStudent14}, {X=http://www.Department2.University2.edu/GraduateStudent126}, {X=http://www.Department2.University2.edu/FullProfessor4}, {X=http://www.Department2.University2.edu/GraduateStudent9}, {X=http://www.Department2.University2.edu/GraduateStudent31}, {X=http://www.Department2.University2.edu/UndergraduateStudent205}, {X=http://www.Department2.University2.edu/UndergraduateStudent347}, {X=http://www.Department2.University2.edu/UndergraduateStudent133}, {X=http://www.Department2.University2.edu/UndergraduateStudent136}, {X=http://www.Department2.University2.edu/UndergraduateStudent40}, {X=http://www.Department2.University2.edu/GraduateStudent109}, {X=http://www.Department2.University2.edu/AssistantProfessor6}, {X=http://www.Department2.University2.edu/UndergraduateStudent325}, {X=http://www.Department2.University2.edu/UndergraduateStudent210}, {X=http://www.Department2.University2.edu/UndergraduateStudent139}, {X=http://www.Department2.University2.edu/GraduateStudent99}, {X=http://www.Department2.University2.edu/UndergraduateStudent114}, {X=http://www.Department2.University2.edu/GraduateStudent50}, {X=http://www.Department2.University2.edu/UndergraduateStudent298}, {X=http://www.Department2.University2.edu/UndergraduateStudent31}, {X=http://www.Department2.University2.edu/UndergraduateStudent60}, {X=http://www.Department2.University2.edu/UndergraduateStudent249}, {X=http://www.Department2.University2.edu/UndergraduateStudent149}, {X=http://www.Department2.University2.edu/UndergraduateStudent352}, {X=http://www.Department2.University2.edu/UndergraduateStudent236}, {X=http://www.Department2.University2.edu/UndergraduateStudent211}, {X=http://www.Department2.University2.edu/GraduateStudent96}, {X=http://www.Department2.University2.edu/UndergraduateStudent107}, {X=http://www.Department2.University2.edu/GraduateStudent52}, {X=http://www.Department2.University2.edu/AssociateProfessor3}, {X=http://www.Department2.University2.edu/GraduateStudent85}, {X=http://www.Department2.University2.edu/UndergraduateStudent54}, {X=http://www.Department2.University2.edu/GraduateStudent56}, {X=http://www.Department2.University2.edu/UndergraduateStudent237}, {X=http://www.Department2.University2.edu/UndergraduateStudent306}, {X=http://www.Department2.University2.edu/GraduateStudent62}, {X=http://www.Department2.University2.edu/GraduateStudent40}, {X=http://www.Department2.University2.edu/GraduateStudent84}, {X=http://www.Department2.University2.edu/UndergraduateStudent340}, {X=http://www.Department2.University2.edu/UndergraduateStudent67}, {X=http://www.Department2.University2.edu/UndergraduateStudent70}, {X=http://www.Department2.University2.edu/UndergraduateStudent299}, {X=http://www.Department2.University2.edu/UndergraduateStudent129}, {X=http://www.Department2.University2.edu/UndergraduateStudent161}, {X=http://www.Department2.University2.edu/AssistantProfessor0}, {X=http://www.Department2.University2.edu/UndergraduateStudent10}, {X=http://www.Department2.University2.edu/UndergraduateStudent348}, {X=http://www.Department2.University2.edu/UndergraduateStudent357}, {X=http://www.Department2.University2.edu/GraduateStudent17}, {X=http://www.Department2.University2.edu/UndergraduateStudent59}, {X=http://www.Department2.University2.edu/UndergraduateStudent209}, {X=http://www.Department2.University2.edu/FullProfessor3}, {X=http://www.Department2.University2.edu/UndergraduateStudent1}, {X=http://www.Department2.University2.edu/AssociateProfessor8}, {X=http://www.Department2.University2.edu/UndergraduateStudent104}, {X=http://www.Department2.University2.edu/GraduateStudent80}, {X=http://www.Department2.University2.edu/UndergraduateStudent337}, {X=http://www.Department2.University2.edu/GraduateStudent67}, {X=http://www.Department2.University2.edu/UndergraduateStudent43}, {X=http://www.Department2.University2.edu/Lecturer5}, {X=http://www.Department2.University2.edu/GraduateStudent41}, {X=http://www.Department2.University2.edu/UndergraduateStudent102}, {X=http://www.Department2.University2.edu/UndergraduateStudent117}, {X=http://www.Department2.University2.edu/UndergraduateStudent182}, {X=http://www.Department2.University2.edu/UndergraduateStudent324}, {X=http://www.Department2.University2.edu/UndergraduateStudent51}, {X=http://www.Department2.University2.edu/GraduateStudent107}, {X=http://www.Department2.University2.edu/UndergraduateStudent119}, {X=http://www.Department2.University2.edu/GraduateStudent58}, {X=http://www.Department2.University2.edu/UndergraduateStudent274}, {X=http://www.Department2.University2.edu/UndergraduateStudent258}, {X=http://www.Department2.University2.edu/UndergraduateStudent177}, {X=http://www.Department2.University2.edu/GraduateStudent75}, {X=http://www.Department2.University2.edu/UndergraduateStudent140}, {X=http://www.Department2.University2.edu/UndergraduateStudent101}, {X=http://www.Department2.University2.edu/UndergraduateStudent90}, {X=http://www.Department2.University2.edu/UndergraduateStudent135}, {X=http://www.Department2.University2.edu/GraduateStudent35}, {X=http://www.Department2.University2.edu/GraduateStudent71}, {X=http://www.Department2.University2.edu/UndergraduateStudent312}, {X=http://www.Department2.University2.edu/UndergraduateStudent186}, {X=http://www.Department2.University2.edu/UndergraduateStudent341}, {X=http://www.Department2.University2.edu/UndergraduateStudent342}, {X=http://www.Department2.University2.edu/UndergraduateStudent158}, {X=http://www.Department2.University2.edu/UndergraduateStudent171}, {X=http://www.Department2.University2.edu/AssociateProfessor6}, {X=http://www.Department2.University2.edu/UndergraduateStudent300}, {X=http://www.Department2.University2.edu/UndergraduateStudent165}, {X=http://www.Department2.University2.edu/Lecturer2}, {X=http://www.Department2.University2.edu/UndergraduateStudent151}, {X=http://www.Department2.University2.edu/UndergraduateStudent88}, {X=http://www.Department2.University2.edu/UndergraduateStudent194}, {X=http://www.Department2.University2.edu/UndergraduateStudent169}, {X=http://www.Department2.University2.edu/GraduateStudent3}, {X=http://www.Department2.University2.edu/UndergraduateStudent302}, {X=http://www.Department2.University2.edu/UndergraduateStudent231}, {X=http://www.Department2.University2.edu/UndergraduateStudent264}, {X=http://www.Department2.University2.edu/UndergraduateStudent247}, {X=http://www.Department2.University2.edu/GraduateStudent55}, {X=http://www.Department2.University2.edu/GraduateStudent1}, {X=http://www.Department2.University2.edu/UndergraduateStudent283}, {X=http://www.Department2.University2.edu/UndergraduateStudent191}, {X=http://www.Department2.University2.edu/UndergraduateStudent98}, {X=http://www.Department2.University2.edu/GraduateStudent70}, {X=http://www.Department2.University2.edu/UndergraduateStudent75}, {X=http://www.Department2.University2.edu/UndergraduateStudent204}, {X=http://www.Department2.University2.edu/GraduateStudent44}, {X=http://www.Department2.University2.edu/UndergraduateStudent356}, {X=http://www.Department2.University2.edu/UndergraduateStudent360}, {X=http://www.Department2.University2.edu/UndergraduateStudent277}, {X=http://www.Department2.University2.edu/UndergraduateStudent2}, {X=http://www.Department2.University2.edu/UndergraduateStudent84}, {X=http://www.Department2.University2.edu/UndergraduateStudent282}, {X=http://www.Department2.University2.edu/UndergraduateStudent224}, {X=http://www.Department2.University2.edu/GraduateStudent20}, {X=http://www.Department2.University2.edu/UndergraduateStudent281}, {X=http://www.Department2.University2.edu/AssociateProfessor1}, {X=http://www.Department2.University2.edu/GraduateStudent39}, {X=http://www.Department2.University2.edu/UndergraduateStudent68}, {X=http://www.Department2.University2.edu/UndergraduateStudent19}, {X=http://www.Department2.University2.edu/UndergraduateStudent323}, {X=http://www.Department2.University2.edu/GraduateStudent102}, {X=http://www.Department2.University2.edu/GraduateStudent81}, {X=http://www.Department2.University2.edu/UndergraduateStudent154}, {X=http://www.Department2.University2.edu/GraduateStudent48}, {X=http://www.Department2.University2.edu/UndergraduateStudent152}, {X=http://www.Department2.University2.edu/UndergraduateStudent329}, {X=http://www.Department2.University2.edu/UndergraduateStudent21}, {X=http://www.Department2.University2.edu/UndergraduateStudent159}, {X=http://www.Department2.University2.edu/GraduateStudent15}, {X=http://www.Department2.University2.edu/UndergraduateStudent99}, {X=http://www.Department2.University2.edu/UndergraduateStudent242}, {X=http://www.Department2.University2.edu/UndergraduateStudent292}, {X=http://www.Department2.University2.edu/UndergraduateStudent343}, {X=http://www.Department2.University2.edu/UndergraduateStudent238}, {X=http://www.Department2.University2.edu/GraduateStudent23}, {X=http://www.Department2.University2.edu/UndergraduateStudent187}, {X=http://www.Department2.University2.edu/AssistantProfessor5}, {X=http://www.Department2.University2.edu/GraduateStudent100}, {X=http://www.Department2.University2.edu/UndergraduateStudent143}, {X=http://www.Department2.University2.edu/UndergraduateStudent174}, {X=http://www.Department2.University2.edu/GraduateStudent2}, {X=http://www.Department2.University2.edu/UndergraduateStudent234}, {X=http://www.Department2.University2.edu/UndergraduateStudent150}, {X=http://www.Department2.University2.edu/UndergraduateStudent164}, {X=http://www.Department2.University2.edu/UndergraduateStudent241}, {X=http://www.Department2.University2.edu/UndergraduateStudent126}, {X=http://www.Department2.University2.edu/UndergraduateStudent225}, {X=http://www.Department2.University2.edu/UndergraduateStudent185}, {X=http://www.Department2.University2.edu/UndergraduateStudent196}, {X=http://www.Department2.University2.edu/GraduateStudent118}, {X=http://www.Department2.University2.edu/UndergraduateStudent113}, {X=http://www.Department2.University2.edu/UndergraduateStudent130}, {X=http://www.Department2.University2.edu/UndergraduateStudent279}, {X=http://www.Department2.University2.edu/UndergraduateStudent305}, {X=http://www.Department2.University2.edu/GraduateStudent37}, {X=http://www.Department2.University2.edu/GraduateStudent61}, {X=http://www.Department2.University2.edu/UndergraduateStudent246}, {X=http://www.Department2.University2.edu/GraduateStudent72}, {X=http://www.Department2.University2.edu/UndergraduateStudent294}, {X=http://www.Department2.University2.edu/UndergraduateStudent278}, {X=http://www.Department2.University2.edu/UndergraduateStudent270}, {X=http://www.Department2.University2.edu/UndergraduateStudent284}, {X=http://www.Department2.University2.edu/UndergraduateStudent89}, {X=http://www.Department2.University2.edu/GraduateStudent0}, {X=http://www.Department2.University2.edu/UndergraduateStudent213}, {X=http://www.Department2.University2.edu/UndergraduateStudent349}, {X=http://www.Department2.University2.edu/UndergraduateStudent263}, {X=http://www.Department2.University2.edu/GraduateStudent24}, {X=http://www.Department2.University2.edu/UndergraduateStudent176}, {X=http://www.Department2.University2.edu/UndergraduateStudent39}, {X=http://www.Department2.University2.edu/AssociateProfessor7}, {X=http://www.Department2.University2.edu/UndergraduateStudent124}, {X=http://www.Department2.University2.edu/UndergraduateStudent52}, {X=http://www.Department2.University2.edu/UndergraduateStudent354}, {X=http://www.Department2.University2.edu/GraduateStudent83}, {X=http://www.Department2.University2.edu/UndergraduateStudent48}, {X=http://www.Department2.University2.edu/GraduateStudent130}, {X=http://www.Department2.University2.edu/UndergraduateStudent61}, {X=http://www.Department2.University2.edu/UndergraduateStudent16}, {X=http://www.Department2.University2.edu/UndergraduateStudent319}, {X=http://www.Department2.University2.edu/GraduateStudent98}, {X=http://www.Department2.University2.edu/UndergraduateStudent71}, {X=http://www.Department2.University2.edu/UndergraduateStudent35}, {X=http://www.Department2.University2.edu/GraduateStudent120}, {X=http://www.Department2.University2.edu/UndergraduateStudent156}, {X=http://www.Department2.University2.edu/UndergraduateStudent153}, {X=http://www.Department2.University2.edu/UndergraduateStudent118}, {X=http://www.Department2.University2.edu/GraduateStudent90}, {X=http://www.Department2.University2.edu/GraduateStudent59}, {X=http://www.Department2.University2.edu/GraduateStudent43}, {X=http://www.Department2.University2.edu/UndergraduateStudent317}, {X=http://www.Department2.University2.edu/AssistantProfessor4}, {X=http://www.Department2.University2.edu/UndergraduateStudent121}, {X=http://www.Department2.University2.edu/FullProfessor2}, {X=http://www.Department2.University2.edu/UndergraduateStudent144}, {X=http://www.Department2.University2.edu/UndergraduateStudent251}, {X=http://www.Department2.University2.edu/UndergraduateStudent141}, {X=http://www.Department2.University2.edu/UndergraduateStudent265}, {X=http://www.Department2.University2.edu/GraduateStudent115}, {X=http://www.Department2.University2.edu/UndergraduateStudent268}, {X=http://www.Department2.University2.edu/GraduateStudent66}, {X=http://www.Department2.University2.edu/GraduateStudent5}, {X=http://www.Department2.University2.edu/UndergraduateStudent310}, {X=http://www.Department2.University2.edu/UndergraduateStudent183}, {X=http://www.Department2.University2.edu/UndergraduateStudent248}, {X=http://www.Department2.University2.edu/GraduateStudent69}, {X=http://www.Department2.University2.edu/UndergraduateStudent94}, {X=http://www.Department2.University2.edu/GraduateStudent73}, {X=http://www.Department2.University2.edu/UndergraduateStudent138}, {X=http://www.Department2.University2.edu/UndergraduateStudent37}, {X=http://www.Department2.University2.edu/UndergraduateStudent233}, {X=http://www.Department2.University2.edu/UndergraduateStudent291}, {X=http://www.Department2.University2.edu/UndergraduateStudent212}, {X=http://www.Department2.University2.edu/UndergraduateStudent55}, {X=http://www.Department2.University2.edu/UndergraduateStudent91}, {X=http://www.Department2.University2.edu/UndergraduateStudent222}, {X=http://www.Department2.University2.edu/UndergraduateStudent309}, {X=http://www.Department2.University2.edu/UndergraduateStudent332}, {X=http://www.Department2.University2.edu/GraduateStudent131}, {X=http://www.Department2.University2.edu/GraduateStudent53}, {X=http://www.Department2.University2.edu/GraduateStudent112}, {X=http://www.Department2.University2.edu/UndergraduateStudent73}, {X=http://www.Department2.University2.edu/UndergraduateStudent7}, {X=http://www.Department2.University2.edu/UndergraduateStudent116}, {X=http://www.Department2.University2.edu/UndergraduateStudent92}, {X=http://www.Department2.University2.edu/UndergraduateStudent201}, {X=http://www.Department2.University2.edu/GraduateStudent29}, {X=http://www.Department2.University2.edu/UndergraduateStudent85}, {X=http://www.Department2.University2.edu/AssociateProfessor4}, {X=http://www.Department2.University2.edu/UndergraduateStudent227}, {X=http://www.Department2.University2.edu/UndergraduateStudent3}, {X=http://www.Department2.University2.edu/UndergraduateStudent240}, {X=http://www.Department2.University2.edu/UndergraduateStudent197}, {X=http://www.Department2.University2.edu/UndergraduateStudent123}, {X=http://www.Department2.University2.edu/UndergraduateStudent311}, {X=http://www.Department2.University2.edu/GraduateStudent51}, {X=http://www.Department2.University2.edu/UndergraduateStudent285}, {X=http://www.Department2.University2.edu/UndergraduateStudent333}, {X=http://www.Department2.University2.edu/GraduateStudent8}, {X=http://www.Department2.University2.edu/GraduateStudent132}, {X=http://www.Department2.University2.edu/UndergraduateStudent218}, {X=http://www.Department2.University2.edu/GraduateStudent121}, {X=http://www.Department2.University2.edu/GraduateStudent127}, {X=http://www.Department2.University2.edu/UndergraduateStudent25}, {X=http://www.Department2.University2.edu/UndergraduateStudent254}, {X=http://www.Department2.University2.edu/GraduateStudent108}, {X=http://www.Department2.University2.edu/UndergraduateStudent47}, {X=http://www.Department2.University2.edu/GraduateStudent16}, {X=http://www.Department2.University2.edu/GraduateStudent21}, {X=http://www.Department2.University2.edu/UndergraduateStudent221}, {X=http://www.Department2.University2.edu/GraduateStudent10}, {X=http://www.Department2.University2.edu/UndergraduateStudent219}, {X=http://www.Department2.University2.edu/UndergraduateStudent24}, {X=http://www.Department2.University2.edu/UndergraduateStudent330}, {X=http://www.Department2.University2.edu/UndergraduateStudent297}, {X=http://www.Department2.University2.edu/UndergraduateStudent308}, {X=http://www.Department2.University2.edu/UndergraduateStudent128}, {X=http://www.Department2.University2.edu/UndergraduateStudent358}, {X=http://www.Department2.University2.edu/UndergraduateStudent13}, {X=http://www.Department2.University2.edu/GraduateStudent129}, {X=http://www.Department2.University2.edu/UndergraduateStudent253}, {X=http://www.Department2.University2.edu/UndergraduateStudent29}, {X=http://www.Department2.University2.edu/UndergraduateStudent193}, {X=http://www.Department2.University2.edu/GraduateStudent46}, {X=http://www.Department2.University2.edu/UndergraduateStudent122}, {X=http://www.Department2.University2.edu/UndergraduateStudent56}, {X=http://www.Department2.University2.edu/GraduateStudent125}, {X=http://www.Department2.University2.edu/UndergraduateStudent202}, {X=http://www.Department2.University2.edu/AssistantProfessor1}, {X=http://www.Department2.University2.edu/GraduateStudent86}, {X=http://www.Department2.University2.edu/AssistantProfessor2}, {X=http://www.Department2.University2.edu/UndergraduateStudent262}, {X=http://www.Department2.University2.edu/UndergraduateStudent163}, {X=http://www.Department2.University2.edu/UndergraduateStudent148}, {X=http://www.Department2.University2.edu/UndergraduateStudent76}, {X=http://www.Department2.University2.edu/GraduateStudent27}, {X=http://www.Department2.University2.edu/GraduateStudent64}, {X=http://www.Department2.University2.edu/UndergraduateStudent351}, {X=http://www.Department2.University2.edu/UndergraduateStudent78}, {X=http://www.Department2.University2.edu/GraduateStudent49}, {X=http://www.Department2.University2.edu/UndergraduateStudent338}, {X=http://www.Department2.University2.edu/AssociateProfessor0}, {X=http://www.Department2.University2.edu/UndergraduateStudent36}, {X=http://www.Department2.University2.edu/UndergraduateStudent339}, {X=http://www.Department2.University2.edu/GraduateStudent87}, {X=http://www.Department2.University2.edu/AssociateProfessor9}, {X=http://www.Department2.University2.edu/UndergraduateStudent167}, {X=http://www.Department2.University2.edu/GraduateStudent119}, {X=http://www.Department2.University2.edu/UndergraduateStudent72}, {X=http://www.Department2.University2.edu/UndergraduateStudent77}, {X=http://www.Department2.University2.edu/GraduateStudent97}, {X=http://www.Department2.University2.edu/GraduateStudent54}, {X=http://www.Department2.University2.edu/UndergraduateStudent9}, {X=http://www.Department2.University2.edu/UndergraduateStudent65}, {X=http://www.Department2.University2.edu/UndergraduateStudent11}, {X=http://www.Department2.University2.edu/UndergraduateStudent208}, {X=http://www.Department2.University2.edu/GraduateStudent128}, {X=http://www.Department2.University2.edu/UndergraduateStudent322}, {X=http://www.Department2.University2.edu/GraduateStudent89}, {X=http://www.Department2.University2.edu/UndergraduateStudent28}, {X=http://www.Department2.University2.edu/GraduateStudent25}, {X=http://www.Department2.University2.edu/UndergraduateStudent134}, {X=http://www.Department2.University2.edu/UndergraduateStudent335}, {X=http://www.Department2.University2.edu/UndergraduateStudent288}, {X=http://www.Department2.University2.edu/UndergraduateStudent97}, {X=http://www.Department2.University2.edu/UndergraduateStudent125}, {X=http://www.Department2.University2.edu/GraduateStudent76}, {X=http://www.Department2.University2.edu/GraduateStudent28}, {X=http://www.Department2.University2.edu/UndergraduateStudent137}, {X=http://www.Department2.University2.edu/UndergraduateStudent162}, {X=http://www.Department2.University2.edu/UndergraduateStudent293}, {X=http://www.Department2.University2.edu/UndergraduateStudent328}, {X=http://www.Department2.University2.edu/UndergraduateStudent350}, {X=http://www.Department2.University2.edu/UndergraduateStudent269}, {X=http://www.Department2.University2.edu/UndergraduateStudent64}, {X=http://www.Department2.University2.edu/UndergraduateStudent272}, {X=http://www.Department2.University2.edu/UndergraduateStudent245}, {X=http://www.Department2.University2.edu/UndergraduateStudent95}, {X=http://www.Department2.University2.edu/UndergraduateStudent109}, {X=http://www.Department2.University2.edu/UndergraduateStudent179}, {X=http://www.Department2.University2.edu/GraduateStudent63}, {X=http://www.Department2.University2.edu/GraduateStudent19}, {X=http://www.Department2.University2.edu/GraduateStudent22}, {X=http://www.Department2.University2.edu/UndergraduateStudent4}, {X=http://www.Department2.University2.edu/UndergraduateStudent280}, {X=http://www.Department2.University2.edu/GraduateStudent12}, {X=http://www.Department2.University2.edu/UndergraduateStudent38}, {X=http://www.Department2.University2.edu/UndergraduateStudent93}, {X=http://www.Department2.University2.edu/UndergraduateStudent58}, {X=http://www.Department2.University2.edu/UndergraduateStudent223}, {X=http://www.Department2.University2.edu/AssociateProfessor5}, {X=http://www.Department2.University2.edu/UndergraduateStudent146}, {X=http://www.Department2.University2.edu/AssistantProfessor8}, {X=http://www.Department2.University2.edu/UndergraduateStudent32}, {X=http://www.Department2.University2.edu/UndergraduateStudent220}, {X=http://www.Department2.University2.edu/GraduateStudent82}, {X=http://www.Department2.University2.edu/UndergraduateStudent286}, {X=http://www.Department2.University2.edu/UndergraduateStudent295}, {X=http://www.Department2.University2.edu/UndergraduateStudent267}, {X=http://www.Department2.University2.edu/UndergraduateStudent34}, {X=http://www.Department2.University2.edu/UndergraduateStudent355}, {X=http://www.Department2.University2.edu/GraduateStudent4}, {X=http://www.Department2.University2.edu/UndergraduateStudent320}, {X=http://www.Department2.University2.edu/UndergraduateStudent321}, {X=http://www.Department2.University2.edu/GraduateStudent60}, {X=http://www.Department2.University2.edu/UndergraduateStudent275}, {X=http://www.Department2.University2.edu/GraduateStudent26}, {X=http://www.Department2.University2.edu/UndergraduateStudent318}, {X=http://www.Department2.University2.edu/UndergraduateStudent57}, {X=http://www.Department2.University2.edu/UndergraduateStudent115}, {X=http://www.Department2.University2.edu/GraduateStudent106}, {X=http://www.Department2.University2.edu/GraduateStudent38}, {X=http://www.Department2.University2.edu/GraduateStudent34}, {X=http://www.Department2.University2.edu/UndergraduateStudent147}, {X=http://www.Department2.University2.edu/UndergraduateStudent46}, {X=http://www.Department2.University2.edu/UndergraduateStudent79}, {X=http://www.Department2.University2.edu/UndergraduateStudent63}, {X=http://www.Department2.University2.edu/UndergraduateStudent336}, {X=http://www.Department2.University2.edu/UndergraduateStudent256}, {X=http://www.Department2.University2.edu/GraduateStudent42}, {X=http://www.Department2.University2.edu/UndergraduateStudent214}, {X=http://www.Department2.University2.edu/GraduateStudent92}, {X=http://www.Department2.University2.edu/UndergraduateStudent313}, {X=http://www.Department2.University2.edu/UndergraduateStudent42}, {X=http://www.Department2.University2.edu/UndergraduateStudent100}, {X=http://www.Department2.University2.edu/UndergraduateStudent83}, {X=http://www.Department2.University2.edu/FullProfessor6}, {X=http://www.Department2.University2.edu/UndergraduateStudent69}, {X=http://www.Department2.University2.edu/GraduateStudent91}, {X=http://www.Department2.University2.edu/UndergraduateStudent111}, {X=http://www.Department2.University2.edu/UndergraduateStudent20}, {X=http://www.Department2.University2.edu/UndergraduateStudent87}, {X=http://www.Department2.University2.edu/UndergraduateStudent190}, {X=http://www.Department2.University2.edu/UndergraduateStudent189}, {X=http://www.Department2.University2.edu/UndergraduateStudent5}, {X=http://www.Department2.University2.edu/GraduateStudent30}, {X=http://www.Department2.University2.edu/GraduateStudent32}, {X=http://www.Department2.University2.edu/UndergraduateStudent331}, {X=http://www.Department2.University2.edu/GraduateStudent65}, {X=http://www.Department2.University2.edu/UndergraduateStudent226}, {X=http://www.Department2.University2.edu/UndergraduateStudent44}, {X=http://www.Department2.University2.edu/UndergraduateStudent132}, {X=http://www.Department2.University2.edu/UndergraduateStudent33}, {X=http://www.Department2.University2.edu/GraduateStudent7}, {X=http://www.Department2.University2.edu/UndergraduateStudent166}, {X=http://www.Department2.University2.edu/UndergraduateStudent74}, {X=http://www.Department2.University2.edu/UndergraduateStudent207}, {X=http://www.Department2.University2.edu/UndergraduateStudent244}, {X=http://www.Department2.University2.edu/UndergraduateStudent175}, {X=http://www.Department2.University2.edu/UndergraduateStudent45}, {X=http://www.Department2.University2.edu/UndergraduateStudent127}, {X=http://www.Department2.University2.edu/GraduateStudent93}, {X=http://www.Department2.University2.edu/UndergraduateStudent8}, {X=http://www.Department2.University2.edu/UndergraduateStudent53}, {X=http://www.Department2.University2.edu/UndergraduateStudent200}, {X=http://www.Department2.University2.edu/UndergraduateStudent232}, {X=http://www.Department2.University2.edu/UndergraduateStudent273}, {X=http://www.Department2.University2.edu/GraduateStudent79}, {X=http://www.Department2.University2.edu/GraduateStudent94}, {X=http://www.Department2.University2.edu/GraduateStudent95}, {X=http://www.Department2.University2.edu/UndergraduateStudent353}, {X=http://www.Department2.University2.edu/UndergraduateStudent18}, {X=http://www.Department2.University2.edu/Lecturer4}, {X=http://www.Department2.University2.edu/GraduateStudent110}, {X=http://www.Department2.University2.edu/UndergraduateStudent334}, {X=http://www.Department2.University2.edu/UndergraduateStudent27}, {X=http://www.Department2.University2.edu/UndergraduateStudent250}, {X=http://www.Department2.University2.edu/UndergraduateStudent30}, {X=http://www.Department2.University2.edu/UndergraduateStudent289}, {X=http://www.Department2.University2.edu/AssistantProfessor3}, {X=http://www.Department2.University2.edu/UndergraduateStudent257}, {X=http://www.Department2.University2.edu/UndergraduateStudent155}, {X=http://www.Department2.University2.edu/UndergraduateStudent327}, {X=http://www.Department2.University2.edu/UndergraduateStudent66}, {X=http://www.Department2.University2.edu/UndergraduateStudent229}, {X=http://www.Department2.University2.edu/UndergraduateStudent346}, {X=http://www.Department2.University2.edu/UndergraduateStudent180}, {X=http://www.Department2.University2.edu/GraduateStudent105}, {X=http://www.Department2.University2.edu/GraduateStudent77}, {X=http://www.Department2.University2.edu/UndergraduateStudent17}, {X=http://www.Department2.University2.edu/GraduateStudent78}, {X=http://www.Department2.University2.edu/UndergraduateStudent81}, {X=http://www.Department2.University2.edu/AssociateProfessor11}, {X=http://www.Department2.University2.edu/FullProfessor0}, {X=http://www.Department2.University2.edu/UndergraduateStudent228}, {X=http://www.Department2.University2.edu/UndergraduateStudent49}, {X=http://www.Department2.University2.edu/GraduateStudent45}, {X=http://www.Department2.University2.edu/UndergraduateStudent216}, {X=http://www.Department2.University2.edu/UndergraduateStudent142}, {X=http://www.Department2.University2.edu/UndergraduateStudent261}, {X=http://www.Department2.University2.edu/GraduateStudent11}, {X=http://www.Department2.University2.edu/UndergraduateStudent168}, {X=http://www.Department2.University2.edu/UndergraduateStudent0}, {X=http://www.Department2.University2.edu/UndergraduateStudent345}, {X=http://www.Department2.University2.edu/UndergraduateStudent266}, {X=http://www.Department2.University2.edu/GraduateStudent18}, {X=http://www.Department2.University2.edu/GraduateStudent6}, {X=http://www.Department2.University2.edu/Lecturer1}, {X=http://www.Department2.University2.edu/UndergraduateStudent110}, {X=http://www.Department2.University2.edu/UndergraduateStudent198}, {X=http://www.Department2.University2.edu/UndergraduateStudent195}, {X=http://www.Department2.University2.edu/UndergraduateStudent260}, {X=http://www.Department2.University2.edu/UndergraduateStudent307}, {X=http://www.Department2.University2.edu/UndergraduateStudent296}, {X=http://www.Department2.University2.edu/GraduateStudent13}, {X=http://www.Department2.University2.edu/UndergraduateStudent314}, {X=http://www.Department2.University2.edu/UndergraduateStudent344}, {X=http://www.Department2.University2.edu/AssociateProfessor10}, {X=http://www.Department2.University2.edu/UndergraduateStudent22}, {X=http://www.Department2.University2.edu/UndergraduateStudent108}, {X=http://www.Department2.University2.edu/UndergraduateStudent170}, {X=http://www.Department2.University2.edu/UndergraduateStudent103}, {X=http://www.Department2.University2.edu/UndergraduateStudent304}, {X=http://www.Department2.University2.edu/GraduateStudent36}, {X=http://www.Department2.University2.edu/UndergraduateStudent230}, {X=http://www.Department2.University2.edu/UndergraduateStudent41}, {X=http://www.Department2.University2.edu/UndergraduateStudent131}, {X=http://www.Department2.University2.edu/UndergraduateStudent255}, {X=http://www.Department2.University2.edu/GraduateStudent74}, {X=http://www.Department2.University2.edu/GraduateStudent114}, {X=http://www.Department2.University2.edu/UndergraduateStudent290}, {X=http://www.Department2.University2.edu/UndergraduateStudent86}, {X=http://www.Department2.University2.edu/UndergraduateStudent235}, {X=http://www.Department2.University2.edu/GraduateStudent14}, {X=http://www.Department2.University2.edu/Lecturer0}, {X=http://www.Department2.University2.edu/UndergraduateStudent188}, {X=http://www.Department2.University2.edu/UndergraduateStudent203}, {X=http://www.Department2.University2.edu/UndergraduateStudent15}, {X=http://www.Department2.University2.edu/UndergraduateStudent276}, {X=http://www.Department2.University2.edu/UndergraduateStudent62}, {X=http://www.Department2.University2.edu/UndergraduateStudent82}, {X=http://www.Department2.University2.edu/UndergraduateStudent215}, {X=http://www.Department2.University2.edu/UndergraduateStudent217}, {X=http://www.Department2.University2.edu/UndergraduateStudent112}, {X=http://www.Department2.University2.edu/GraduateStudent113}, {X=http://www.Department2.University2.edu/AssociateProfessor2}, {X=http://www.Department2.University2.edu/UndergraduateStudent106}, {X=http://www.Department2.University2.edu/GraduateStudent47}, {X=http://www.Department2.University2.edu/UndergraduateStudent259}, {X=http://www.Department2.University2.edu/UndergraduateStudent12}, {X=http://www.Department2.University2.edu/GraduateStudent104}, {X=http://www.Department2.University2.edu/UndergraduateStudent23}, {X=http://www.Department2.University2.edu/GraduateStudent124}, {X=http://www.Department2.University2.edu/FullProfessor1}, {X=http://www.Department2.University2.edu/UndergraduateStudent6}, {X=http://www.Department2.University2.edu/UndergraduateStudent206}, {X=http://www.Department2.University2.edu/GraduateStudent117}, {X=http://www.Department2.University2.edu/UndergraduateStudent315}, {X=http://www.Department2.University2.edu/UndergraduateStudent172}, {X=http://www.Department2.University2.edu/Lecturer3}, {X=http://www.Department2.University2.edu/UndergraduateStudent145}, {X=http://www.Department2.University2.edu/UndergraduateStudent252}, {X=http://www.Department2.University2.edu/UndergraduateStudent199}, {X=http://www.Department2.University2.edu/UndergraduateStudent192}, {X=http://www.Department2.University2.edu/GraduateStudent57}, {X=http://www.Department2.University2.edu/GraduateStudent101}, {X=http://www.Department2.University2.edu/UndergraduateStudent26}, {X=http://www.Department2.University2.edu/UndergraduateStudent173}, {X=http://www.Department2.University2.edu/GraduateStudent103}, {X=http://www.Department2.University2.edu/UndergraduateStudent160}, {X=http://www.Department2.University2.edu/UndergraduateStudent184}, {X=http://www.Department2.University2.edu/UndergraduateStudent326}, {X=http://www.Department2.University2.edu/AssistantProfessor7}, {X=http://www.Department2.University2.edu/GraduateStudent33}, {X=http://www.Department2.University2.edu/GraduateStudent111}, {X=http://www.Department2.University2.edu/UndergraduateStudent271}, {X=http://www.Department2.University2.edu/UndergraduateStudent287}, {X=http://www.Department2.University2.edu/GraduateStudent88}, {X=http://www.Department2.University2.edu/UndergraduateStudent80}, {X=http://www.Department2.University2.edu/UndergraduateStudent359}, {X=http://www.Department2.University2.edu/GraduateStudent123}, {X=http://www.Department2.University2.edu/FullProfessor5}, {X=http://www.Department2.University2.edu/GraduateStudent116}, {X=http://www.Department2.University2.edu/UndergraduateStudent239}, {X=http://www.Department2.University2.edu/GraduateStudent68}, {X=http://www.Department2.University2.edu/UndergraduateStudent96}, {X=http://www.Department2.University2.edu/UndergraduateStudent178}, {X=http://www.Department2.University2.edu/UndergraduateStudent157}, {X=http://www.Department2.University2.edu/UndergraduateStudent105}, {X=http://www.Department2.University2.edu/GraduateStudent122}, {X=http://www.Department2.University2.edu/UndergraduateStudent50}, {X=http://www.Department2.University2.edu/UndergraduateStudent316}, {X=http://www.Department2.University2.edu/UndergraduateStudent303}, {X=http://www.Department2.University2.edu/UndergraduateStudent181}, {X=http://www.Department2.University2.edu/UndergraduateStudent301}, {X=http://www.Department2.University2.edu/UndergraduateStudent243}, {X=http://www.Department2.University2.edu/UndergraduateStudent120}, {X=http://www.Department2.University2.edu/UndergraduateStudent14}, {X=http://www.Department2.University2.edu/GraduateStudent126}, {X=http://www.Department2.University2.edu/FullProfessor4}, {X=http://www.Department2.University2.edu/GraduateStudent9}, {X=http://www.Department2.University2.edu/GraduateStudent31}, {X=http://www.Department2.University2.edu/UndergraduateStudent205}, {X=http://www.Department2.University2.edu/UndergraduateStudent347}, {X=http://www.Department2.University2.edu/UndergraduateStudent133}, {X=http://www.Department2.University2.edu/UndergraduateStudent136}, {X=http://www.Department2.University2.edu/UndergraduateStudent40}, {X=http://www.Department2.University2.edu/GraduateStudent109}, {X=http://www.Department2.University2.edu/AssistantProfessor6}, {X=http://www.Department2.University2.edu/UndergraduateStudent325}, {X=http://www.Department2.University2.edu/UndergraduateStudent210}, {X=http://www.Department2.University2.edu/UndergraduateStudent139}, {X=http://www.Department2.University2.edu/GraduateStudent99}, {X=http://www.Department2.University2.edu/UndergraduateStudent114}, {X=http://www.Department2.University2.edu/GraduateStudent50}, {X=http://www.Department2.University2.edu/UndergraduateStudent298}, {X=http://www.Department2.University2.edu/UndergraduateStudent31}, {X=http://www.Department2.University2.edu/UndergraduateStudent60}, {X=http://www.Department2.University2.edu/UndergraduateStudent249}, {X=http://www.Department2.University2.edu/UndergraduateStudent149}, {X=http://www.Department2.University2.edu/UndergraduateStudent352}, {X=http://www.Department2.University2.edu/UndergraduateStudent236}, {X=http://www.Department2.University2.edu/UndergraduateStudent211}, {X=http://www.Department2.University2.edu/GraduateStudent96}, {X=http://www.Department2.University2.edu/UndergraduateStudent107}, {X=http://www.Department2.University2.edu/GraduateStudent52}, {X=http://www.Department2.University2.edu/AssociateProfessor3}, {X=http://www.Department2.University2.edu/GraduateStudent85}, {X=http://www.Department2.University2.edu/UndergraduateStudent54}, {X=http://www.Department2.University2.edu/GraduateStudent56}, {X=http://www.Department2.University2.edu/UndergraduateStudent237}, {X=http://www.Department2.University2.edu/UndergraduateStudent306}, {X=http://www.Department2.University2.edu/GraduateStudent62}, {X=http://www.Department2.University2.edu/GraduateStudent40}, {X=http://www.Department2.University2.edu/GraduateStudent84}, {X=http://www.Department2.University2.edu/UndergraduateStudent340}, {X=http://www.Department2.University2.edu/UndergraduateStudent67}, {X=http://www.Department2.University2.edu/UndergraduateStudent70}, {X=http://www.Department2.University2.edu/UndergraduateStudent299}, {X=http://www.Department2.University2.edu/UndergraduateStudent129}, {X=http://www.Department2.University2.edu/UndergraduateStudent161}, {X=http://www.Department2.University2.edu/AssistantProfessor0}, {X=http://www.Department2.University2.edu/UndergraduateStudent10}, {X=http://www.Department2.University2.edu/UndergraduateStudent348}, {X=http://www.Department2.University2.edu/UndergraduateStudent357}, {X=http://www.Department2.University2.edu/GraduateStudent17}, {X=http://www.Department2.University2.edu/UndergraduateStudent59}, {X=http://www.Department2.University2.edu/UndergraduateStudent209}, {X=http://www.Department2.University2.edu/FullProfessor3}, {X=http://www.Department2.University2.edu/UndergraduateStudent1}, {X=http://www.Department2.University2.edu/AssociateProfessor8}, {X=http://www.Department2.University2.edu/UndergraduateStudent104}, {X=http://www.Department2.University2.edu/GraduateStudent80}, {X=http://www.Department2.University2.edu/UndergraduateStudent337}, {X=http://www.Department2.University2.edu/GraduateStudent67}, {X=http://www.Department2.University2.edu/UndergraduateStudent43}, {X=http://www.Department2.University2.edu/Lecturer5}, {X=http://www.Department2.University2.edu/GraduateStudent41}, {X=http://www.Department2.University2.edu/UndergraduateStudent102}, {X=http://www.Department2.University2.edu/UndergraduateStudent117}, {X=http://www.Department2.University2.edu/UndergraduateStudent182}, {X=http://www.Department2.University2.edu/UndergraduateStudent324}, {X=http://www.Department2.University2.edu/UndergraduateStudent51}, {X=http://www.Department2.University2.edu/GraduateStudent107}, {X=http://www.Department2.University2.edu/UndergraduateStudent119}, {X=http://www.Department2.University2.edu/GraduateStudent58}, {X=http://www.Department2.University2.edu/UndergraduateStudent274}, {X=http://www.Department2.University2.edu/UndergraduateStudent258}, {X=http://www.Department2.University2.edu/UndergraduateStudent177}, {X=http://www.Department2.University2.edu/GraduateStudent75}, {X=http://www.Department2.University2.edu/UndergraduateStudent140}, {X=http://www.Department2.University2.edu/UndergraduateStudent101}, {X=http://www.Department2.University2.edu/UndergraduateStudent90}, {X=http://www.Department2.University2.edu/UndergraduateStudent135}, {X=http://www.Department2.University2.edu/GraduateStudent35}, {X=http://www.Department2.University2.edu/GraduateStudent71}, {X=http://www.Department2.University2.edu/UndergraduateStudent312}, {X=http://www.Department2.University2.edu/UndergraduateStudent186}, {X=http://www.Department2.University2.edu/UndergraduateStudent341}, {X=http://www.Department2.University2.edu/UndergraduateStudent342}, {X=http://www.Department2.University2.edu/UndergraduateStudent158}, {X=http://www.Department2.University2.edu/UndergraduateStudent171}, {X=http://www.Department2.University2.edu/AssociateProfessor6}, {X=http://www.Department2.University2.edu/UndergraduateStudent300}, {X=http://www.Department2.University2.edu/UndergraduateStudent165}, {X=http://www.Department2.University2.edu/Lecturer2}, {X=http://www.Department2.University2.edu/UndergraduateStudent151}, {X=http://www.Department2.University2.edu/UndergraduateStudent88}, {X=http://www.Department2.University2.edu/UndergraduateStudent194}, {X=http://www.Department2.University2.edu/UndergraduateStudent169}, {X=http://www.Department2.University2.edu/GraduateStudent3}, {X=http://www.Department2.University2.edu/UndergraduateStudent302}, {X=http://www.Department2.University2.edu/UndergraduateStudent231}, {X=http://www.Department2.University2.edu/UndergraduateStudent264}, {X=http://www.Department2.University2.edu/UndergraduateStudent247}, {X=http://www.Department2.University2.edu/GraduateStudent55}, {X=http://www.Department2.University2.edu/GraduateStudent1}, {X=http://www.Department2.University2.edu/UndergraduateStudent283}, {X=http://www.Department2.University2.edu/UndergraduateStudent191}, {X=http://www.Department2.University2.edu/UndergraduateStudent98}, {X=http://www.Department2.University2.edu/GraduateStudent70}, {X=http://www.Department2.University2.edu/UndergraduateStudent75}, {X=http://www.Department2.University2.edu/UndergraduateStudent204}, {X=http://www.Department2.University2.edu/GraduateStudent44}, {X=http://www.Department2.University2.edu/UndergraduateStudent356}, {X=http://www.Department2.University2.edu/UndergraduateStudent360}, {X=http://www.Department2.University2.edu/UndergraduateStudent277}, {X=http://www.Department2.University2.edu/UndergraduateStudent2}, {X=http://www.Department2.University2.edu/UndergraduateStudent84}, {X=http://www.Department2.University2.edu/UndergraduateStudent282}, {X=http://www.Department2.University2.edu/UndergraduateStudent224}, {X=http://www.Department2.University2.edu/GraduateStudent20}, {X=http://www.Department2.University2.edu/UndergraduateStudent281}, {X=http://www.Department2.University2.edu/AssociateProfessor1}, {X=http://www.Department2.University2.edu/GraduateStudent39}, {X=http://www.Department2.University2.edu/UndergraduateStudent68}, {X=http://www.Department2.University2.edu/UndergraduateStudent19}, {X=http://www.Department2.University2.edu/UndergraduateStudent323}, {X=http://www.Department2.University2.edu/GraduateStudent102}, {X=http://www.Department2.University2.edu/GraduateStudent81}, {X=http://www.Department2.University2.edu/UndergraduateStudent154}, {X=http://www.Department2.University2.edu/GraduateStudent48}, {X=http://www.Department2.University2.edu/UndergraduateStudent152}, {X=http://www.Department2.University2.edu/UndergraduateStudent329}, {X=http://www.Department2.University2.edu/UndergraduateStudent21}, {X=http://www.Department2.University2.edu/UndergraduateStudent159}, {X=http://www.Department2.University2.edu/GraduateStudent15}, {X=http://www.Department2.University2.edu/UndergraduateStudent99}, {X=http://www.Department2.University2.edu/UndergraduateStudent242}, {X=http://www.Department2.University2.edu/UndergraduateStudent292}, {X=http://www.Department2.University2.edu/UndergraduateStudent343}, {X=http://www.Department2.University2.edu/UndergraduateStudent238}, {X=http://www.Department2.University2.edu/GraduateStudent23}, {X=http://www.Department2.University2.edu/UndergraduateStudent187}, {X=http://www.Department2.University2.edu/AssistantProfessor5}, {X=http://www.Department2.University2.edu/GraduateStudent100}, {X=http://www.Department2.University2.edu/UndergraduateStudent143}, {X=http://www.Department2.University2.edu/UndergraduateStudent174}, {X=http://www.Department2.University2.edu/GraduateStudent2}, {X=http://www.Department2.University2.edu/UndergraduateStudent234}, {X=http://www.Department2.University2.edu/UndergraduateStudent150}, {X=http://www.Department2.University2.edu/UndergraduateStudent164}, {X=http://www.Department2.University2.edu/UndergraduateStudent241}, {X=http://www.Department2.University2.edu/UndergraduateStudent126}, {X=http://www.Department2.University2.edu/UndergraduateStudent225}, {X=http://www.Department2.University2.edu/UndergraduateStudent185}, {X=http://www.Department2.University2.edu/UndergraduateStudent196}, {X=http://www.Department2.University2.edu/GraduateStudent118}, {X=http://www.Department2.University2.edu/UndergraduateStudent113}, {X=http://www.Department2.University2.edu/UndergraduateStudent130}, {X=http://www.Department2.University2.edu/UndergraduateStudent279}, {X=http://www.Department2.University2.edu/UndergraduateStudent305}, {X=http://www.Department2.University2.edu/GraduateStudent37}, {X=http://www.Department2.University2.edu/GraduateStudent61}, {X=http://www.Department2.University2.edu/UndergraduateStudent246}, {X=http://www.Department2.University2.edu/GraduateStudent72}, {X=http://www.Department2.University2.edu/UndergraduateStudent294}, {X=http://www.Department2.University2.edu/UndergraduateStudent278}, {X=http://www.Department2.University2.edu/UndergraduateStudent270}, {X=http://www.Department2.University2.edu/UndergraduateStudent284}, {X=http://www.Department2.University2.edu/UndergraduateStudent89}, {X=http://www.Department2.University2.edu/GraduateStudent0}, {X=http://www.Department2.University2.edu/UndergraduateStudent213}, {X=http://www.Department2.University2.edu/UndergraduateStudent349}, {X=http://www.Department2.University2.edu/UndergraduateStudent263}, {X=http://www.Department2.University2.edu/GraduateStudent24}, {X=http://www.Department2.University2.edu/UndergraduateStudent176}, {X=http://www.Department2.University2.edu/UndergraduateStudent39}, {X=http://www.Department2.University2.edu/AssociateProfessor7}, {X=http://www.Department2.University2.edu/UndergraduateStudent124}, {X=http://www.Department2.University2.edu/UndergraduateStudent52}, {X=http://www.Department2.University2.edu/UndergraduateStudent354}, {X=http://www.Department2.University2.edu/GraduateStudent83}, {X=http://www.Department2.University2.edu/UndergraduateStudent48}, {X=http://www.Department2.University2.edu/GraduateStudent130}, {X=http://www.Department2.University2.edu/UndergraduateStudent61}, {X=http://www.Department2.University2.edu/UndergraduateStudent16}, {X=http://www.Department2.University2.edu/UndergraduateStudent319}, {X=http://www.Department2.University2.edu/GraduateStudent98}, {X=http://www.Department2.University2.edu/UndergraduateStudent71}, {X=http://www.Department2.University2.edu/UndergraduateStudent35}, {X=http://www.Department2.University2.edu/GraduateStudent120}, {X=http://www.Department2.University2.edu/UndergraduateStudent156}, {X=http://www.Department2.University2.edu/UndergraduateStudent153}, {X=http://www.Department2.University2.edu/UndergraduateStudent118}, {X=http://www.Department2.University2.edu/GraduateStudent90}, {X=http://www.Department2.University2.edu/GraduateStudent59}, {X=http://www.Department2.University2.edu/GraduateStudent43}, {X=http://www.Department2.University2.edu/UndergraduateStudent317}, {X=http://www.Department2.University2.edu/AssistantProfessor4}, {X=http://www.Department2.University2.edu/UndergraduateStudent121}, {X=http://www.Department2.University2.edu/FullProfessor2}, {X=http://www.Department2.University2.edu/UndergraduateStudent144}, {X=http://www.Department2.University2.edu/UndergraduateStudent251}, {X=http://www.Department2.University2.edu/UndergraduateStudent141}, {X=http://www.Department2.University2.edu/UndergraduateStudent265}, {X=http://www.Department2.University2.edu/GraduateStudent115}, {X=http://www.Department2.University2.edu/UndergraduateStudent268}, {X=http://www.Department2.University2.edu/GraduateStudent66}, {X=http://www.Department2.University2.edu/GraduateStudent5}, {X=http://www.Department2.University2.edu/UndergraduateStudent310}, {X=http://www.Department2.University2.edu/UndergraduateStudent183}, {X=http://www.Department2.University2.edu/UndergraduateStudent248}, {X=http://www.Department2.University2.edu/GraduateStudent69}, {X=http://www.Department2.University2.edu/UndergraduateStudent94}, {X=http://www.Department2.University2.edu/GraduateStudent73}, {X=http://www.Department2.University2.edu/UndergraduateStudent138}, {X=http://www.Department2.University2.edu/UndergraduateStudent37}, {X=http://www.Department2.University2.edu/UndergraduateStudent233}, {X=http://www.Department2.University2.edu/UndergraduateStudent291}, {X=http://www.Department2.University2.edu/UndergraduateStudent212}, {X=http://www.Department2.University2.edu/UndergraduateStudent55}, {X=http://www.Department2.University2.edu/UndergraduateStudent91}, {X=http://www.Department2.University2.edu/UndergraduateStudent222}, {X=http://www.Department2.University2.edu/UndergraduateStudent309}, {X=http://www.Department2.University2.edu/UndergraduateStudent332}, {X=http://www.Department2.University2.edu/GraduateStudent131}, {X=http://www.Department2.University2.edu/GraduateStudent53}, {X=http://www.Department2.University2.edu/GraduateStudent112}, {X=http://www.Department2.University2.edu/UndergraduateStudent73}, {X=http://www.Department2.University2.edu/UndergraduateStudent7}, {X=http://www.Department2.University2.edu/UndergraduateStudent116}, {X=http://www.Department2.University2.edu/UndergraduateStudent92}, {X=http://www.Department2.University2.edu/UndergraduateStudent201}, {X=http://www.Department2.University2.edu/GraduateStudent29}, {X=http://www.Department2.University2.edu/UndergraduateStudent85}, {X=http://www.Department2.University2.edu/AssociateProfessor4}, {X=http://www.Department2.University2.edu/UndergraduateStudent227}, {X=http://www.Department2.University2.edu/UndergraduateStudent3}, {X=http://www.Department2.University2.edu/UndergraduateStudent240}, {X=http://www.Department2.University2.edu/UndergraduateStudent197}, {X=http://www.Department2.University2.edu/UndergraduateStudent123}, {X=http://www.Department2.University2.edu/UndergraduateStudent311}, {X=http://www.Department2.University2.edu/GraduateStudent51}, {X=http://www.Department2.University2.edu/UndergraduateStudent285}, {X=http://www.Department2.University2.edu/UndergraduateStudent333}, {X=http://www.Department2.University2.edu/GraduateStudent8}, {X=http://www.Department2.University2.edu/GraduateStudent132}, {X=http://www.Department2.University2.edu/UndergraduateStudent218}, {X=http://www.Department2.University2.edu/GraduateStudent121}, {X=http://www.Department2.University2.edu/GraduateStudent127}, {X=http://www.Department2.University2.edu/UndergraduateStudent25}, {X=http://www.Department2.University2.edu/UndergraduateStudent254}, {X=http://www.Department2.University2.edu/GraduateStudent108}, {X=http://www.Department2.University2.edu/UndergraduateStudent47}, {X=http://www.Department2.University2.edu/GraduateStudent16}, {X=http://www.Department2.University2.edu/GraduateStudent21}, {X=http://www.Department2.University2.edu/UndergraduateStudent221}, {X=http://www.Department2.University2.edu/GraduateStudent10}, {X=http://www.Department2.University2.edu/UndergraduateStudent219}, {X=http://www.Department2.University2.edu/UndergraduateStudent24}, {X=http://www.Department2.University2.edu/UndergraduateStudent330}, {X=http://www.Department2.University2.edu/UndergraduateStudent297}, {X=http://www.Department2.University2.edu/UndergraduateStudent308}, {X=http://www.Department2.University2.edu/UndergraduateStudent128}, {X=http://www.Department2.University2.edu/UndergraduateStudent358}, {X=http://www.Department2.University2.edu/UndergraduateStudent13}, {X=http://www.Department2.University2.edu/GraduateStudent129}, {X=http://www.Department2.University2.edu/UndergraduateStudent253}, {X=http://www.Department2.University2.edu/UndergraduateStudent29}, {X=http://www.Department2.University2.edu/UndergraduateStudent193}, {X=http://www.Department2.University2.edu/GraduateStudent46}, {X=http://www.Department2.University2.edu/UndergraduateStudent122}, {X=http://www.Department2.University2.edu/UndergraduateStudent56}, {X=http://www.Department2.University2.edu/GraduateStudent125}, {X=http://www.Department2.University2.edu/UndergraduateStudent202}, {X=http://www.Department2.University2.edu/AssistantProfessor1}, {X=http://www.Department2.University2.edu/GraduateStudent86}, {X=http://www.Department2.University2.edu/AssistantProfessor2}, {X=http://www.Department2.University2.edu/UndergraduateStudent262}, {X=http://www.Department2.University2.edu/UndergraduateStudent163}, {X=http://www.Department2.University2.edu/UndergraduateStudent148}, {X=http://www.Department2.University2.edu/UndergraduateStudent76}, {X=http://www.Department2.University2.edu/GraduateStudent27}, {X=http://www.Department2.University2.edu/GraduateStudent64}, {X=http://www.Department2.University2.edu/UndergraduateStudent351}, {X=http://www.Department2.University2.edu/UndergraduateStudent78}, {X=http://www.Department2.University2.edu/GraduateStudent49}, {X=http://www.Department2.University2.edu/UndergraduateStudent338}, {X=http://www.Department2.University2.edu/AssociateProfessor0}, {X=http://www.Department2.University2.edu/UndergraduateStudent36}, {X=http://www.Department2.University2.edu/UndergraduateStudent339}, {X=http://www.Department2.University2.edu/GraduateStudent87}, {X=http://www.Department2.University2.edu/AssociateProfessor9}, {X=http://www.Department2.University2.edu/UndergraduateStudent167}, {X=http://www.Department2.University2.edu/GraduateStudent119}, {X=http://www.Department2.University2.edu/UndergraduateStudent72}, {X=http://www.Department2.University2.edu/UndergraduateStudent77}, {X=http://www.Department2.University2.edu/GraduateStudent97}, {X=http://www.Department2.University2.edu/GraduateStudent54}, {X=http://www.Department2.University2.edu/UndergraduateStudent9}, {X=http://www.Department2.University2.edu/UndergraduateStudent65}, {X=http://www.Department2.University2.edu/UndergraduateStudent11}, {X=http://www.Department2.University2.edu/UndergraduateStudent208}, {X=http://www.Department2.University2.edu/GraduateStudent128}, {X=http://www.Department2.University2.edu/UndergraduateStudent322}, {X=http://www.Department2.University2.edu/GraduateStudent89}, {X=http://www.Department2.University2.edu/UndergraduateStudent28}, {X=http://www.Department2.University2.edu/GraduateStudent25}, {X=http://www.Department2.University2.edu/UndergraduateStudent134}, {X=http://www.Department2.University2.edu/UndergraduateStudent335}, {X=http://www.Department2.University2.edu/UndergraduateStudent288}, {X=http://www.Department2.University2.edu/UndergraduateStudent97}, {X=http://www.Department2.University2.edu/UndergraduateStudent125}, {X=http://www.Department2.University2.edu/GraduateStudent76}, {X=http://www.Department2.University2.edu/GraduateStudent28}, {X=http://www.Department2.University2.edu/UndergraduateStudent137}, {X=http://www.Department2.University2.edu/UndergraduateStudent162}, {X=http://www.Department2.University2.edu/UndergraduateStudent293}, {X=http://www.Department2.University2.edu/UndergraduateStudent328}, {X=http://www.Department2.University2.edu/UndergraduateStudent350}, {X=http://www.Department2.University2.edu/UndergraduateStudent269}, {X=http://www.Department2.University2.edu/UndergraduateStudent64}, {X=http://www.Department2.University2.edu/UndergraduateStudent272}, {X=http://www.Department2.University2.edu/UndergraduateStudent245}, {X=http://www.Department2.University2.edu/UndergraduateStudent95}, {X=http://www.Department2.University2.edu/UndergraduateStudent109}, {X=http://www.Department2.University2.edu/UndergraduateStudent179}, {X=http://www.Department2.University2.edu/GraduateStudent63}, {X=http://www.Department2.University2.edu/GraduateStudent19}, {X=http://www.Department2.University2.edu/GraduateStudent22}, {X=http://www.Department2.University2.edu/UndergraduateStudent4}, {X=http://www.Department2.University2.edu/UndergraduateStudent280}, {X=http://www.Department2.University2.edu/GraduateStudent12}, {X=http://www.Department2.University2.edu/UndergraduateStudent38}, {X=http://www.Department2.University2.edu/UndergraduateStudent93}, {X=http://www.Department2.University2.edu/UndergraduateStudent58}, {X=http://www.Department2.University2.edu/UndergraduateStudent223}, {X=http://www.Department2.University2.edu/AssociateProfessor5}, {X=http://www.Department2.University2.edu/UndergraduateStudent146}, {X=http://www.Department2.University2.edu/AssistantProfessor8}, {X=http://www.Department2.University2.edu/UndergraduateStudent32}, {X=http://www.Department2.University2.edu/UndergraduateStudent220}, {X=http://www.Department2.University2.edu/GraduateStudent82}, {X=http://www.Department2.University2.edu/UndergraduateStudent286}, {X=http://www.Department2.University2.edu/UndergraduateStudent295}, {X=http://www.Department2.University2.edu/UndergraduateStudent267}, {X=http://www.Department2.University2.edu/UndergraduateStudent34}, {X=http://www.Department2.University2.edu/UndergraduateStudent355}, {X=http://www.Department2.University2.edu/GraduateStudent4}, {X=http://www.Department2.University2.edu/UndergraduateStudent320}, {X=http://www.Department2.University2.edu/UndergraduateStudent321}, {X=http://www.Department2.University2.edu/GraduateStudent60}, {X=http://www.Department2.University2.edu/UndergraduateStudent275}, {X=http://www.Department2.University2.edu/GraduateStudent26}, {X=http://www.Department2.University2.edu/UndergraduateStudent318}, {X=http://www.Department2.University2.edu/UndergraduateStudent57}, {X=http://www.Department2.University2.edu/UndergraduateStudent115}, {X=http://www.Department2.University2.edu/GraduateStudent106}, {X=http://www.Department2.University2.edu/GraduateStudent38}, {X=http://www.Department2.University2.edu/GraduateStudent34}, {X=http://www.Department2.University2.edu/UndergraduateStudent147}, {X=http://www.Department2.University2.edu/UndergraduateStudent46}, {X=http://www.Department2.University2.edu/UndergraduateStudent79}, {X=http://www.Department2.University2.edu/UndergraduateStudent63}, {X=http://www.Department2.University2.edu/UndergraduateStudent336}, {X=http://www.Department2.University2.edu/UndergraduateStudent256}, {X=http://www.Department2.University2.edu/GraduateStudent42}, {X=http://www.Department2.University2.edu/UndergraduateStudent214}, {X=http://www.Department2.University2.edu/GraduateStudent92}, {X=http://www.Department2.University2.edu/UndergraduateStudent313}, {X=http://www.Department2.University2.edu/UndergraduateStudent42}, {X=http://www.Department2.University2.edu/UndergraduateStudent100}, {X=http://www.Department2.University2.edu/UndergraduateStudent83}, {X=http://www.Department2.University2.edu/FullProfessor6}, {X=http://www.Department2.University2.edu/UndergraduateStudent69}, {X=http://www.Department2.University2.edu/GraduateStudent91}, {X=http://www.Department2.University2.edu/UndergraduateStudent111}, {X=http://www.Department2.University2.edu/UndergraduateStudent20}, {X=http://www.Department2.University2.edu/UndergraduateStudent87}, {X=http://www.Department2.University2.edu/UndergraduateStudent190}, {X=http://www.Department2.University2.edu/UndergraduateStudent189}, {X=http://www.Department2.University2.edu/UndergraduateStudent5}, {X=http://www.Department2.University2.edu/GraduateStudent30}, {X=http://www.Department2.University2.edu/GraduateStudent32}, {X=http://www.Department2.University2.edu/UndergraduateStudent331}, {X=http://www.Department2.University2.edu/GraduateStudent65}, {X=http://www.Department2.University2.edu/UndergraduateStudent226}, {X=http://www.Department2.University2.edu/UndergraduateStudent44}, {X=http://www.Department2.University2.edu/UndergraduateStudent132}, {X=http://www.Department2.University2.edu/UndergraduateStudent33}, {X=http://www.Department2.University2.edu/GraduateStudent7}, {X=http://www.Department2.University2.edu/UndergraduateStudent166}, {X=http://www.Department2.University2.edu/UndergraduateStudent74}, {X=http://www.Department2.University2.edu/UndergraduateStudent207}, {X=http://www.Department2.University2.edu/UndergraduateStudent244}, {X=http://www.Department2.University2.edu/UndergraduateStudent175}, {X=http://www.Department2.University2.edu/UndergraduateStudent45}, {X=http://www.Department2.University2.edu/UndergraduateStudent127}, {X=http://www.Department2.University2.edu/GraduateStudent93}, {X=http://www.Department2.University2.edu/UndergraduateStudent8}, {X=http://www.Department2.University2.edu/UndergraduateStudent53}, {X=http://www.Department2.University2.edu/UndergraduateStudent200}, {X=http://www.Department2.University2.edu/UndergraduateStudent232}, {X=http://www.Department2.University2.edu/UndergraduateStudent273}, {X=http://www.Department2.University2.edu/GraduateStudent79}, {X=http://www.Department2.University2.edu/GraduateStudent94}, {X=http://www.Department2.University2.edu/GraduateStudent95}, {X=http://www.Department2.University2.edu/UndergraduateStudent353}, {X=http://www.Department2.University2.edu/UndergraduateStudent18}, {X=http://www.Department2.University2.edu/Lecturer4}, {X=http://www.Department2.University2.edu/GraduateStudent110}, {X=http://www.Department2.University2.edu/UndergraduateStudent334}, {X=http://www.Department2.University2.edu/UndergraduateStudent27}, {X=http://www.Department2.University2.edu/UndergraduateStudent250}, {X=http://www.Department2.University2.edu/UndergraduateStudent30}, {X=http://www.Department2.University2.edu/UndergraduateStudent289}, {X=http://www.Department2.University2.edu/AssistantProfessor3}, {X=http://www.Department2.University2.edu/UndergraduateStudent257}, {X=http://www.Department2.University2.edu/UndergraduateStudent155}, {X=http://www.Department2.University2.edu/UndergraduateStudent327}, {X=http://www.Department2.University2.edu/UndergraduateStudent66}, {X=http://www.Department2.University2.edu/UndergraduateStudent229}, {X=http://www.Department2.University2.edu/UndergraduateStudent346}, {X=http://www.Department2.University2.edu/UndergraduateStudent180}, {X=http://www.Department2.University2.edu/GraduateStudent105}, {X=http://www.Department2.University2.edu/GraduateStudent77}, {X=http://www.Department2.University2.edu/UndergraduateStudent17}, {X=http://www.Department2.University2.edu/GraduateStudent78}, {X=http://www.Department2.University2.edu/UndergraduateStudent81}, {X=http://www.Department2.University2.edu/AssociateProfessor11}, {X=http://www.Department2.University2.edu/FullProfessor0}, {X=http://www.Department2.University2.edu/UndergraduateStudent228}, {X=http://www.Department2.University2.edu/UndergraduateStudent49}, {X=http://www.Department2.University2.edu/GraduateStudent45}, {X=http://www.Department2.University2.edu/UndergraduateStudent216}, {X=http://www.Department2.University2.edu/UndergraduateStudent142}, {X=http://www.Department2.University2.edu/UndergraduateStudent261}, {X=http://www.Department2.University2.edu/GraduateStudent11}, {X=http://www.Department2.University2.edu/UndergraduateStudent168}, {X=http://www.Department2.University2.edu/UndergraduateStudent0}, {X=http://www.Department2.University2.edu/UndergraduateStudent345}, {X=http://www.Department2.University2.edu/UndergraduateStudent266}, {X=http://www.Department2.University2.edu/GraduateStudent18}, {X=http://www.Department2.University2.edu/GraduateStudent6}, {X=http://www.Department2.University2.edu/Lecturer1}, {X=http://www.Department2.University2.edu/UndergraduateStudent110}, {X=http://www.Department2.University2.edu/UndergraduateStudent198}, {X=http://www.Department2.University2.edu/UndergraduateStudent195}, {X=http://www.Department2.University2.edu/UndergraduateStudent260}, {X=http://www.Department2.University2.edu/UndergraduateStudent307}, {X=http://www.Department2.University2.edu/UndergraduateStudent296}, {X=http://www.Department2.University2.edu/GraduateStudent13}, {X=http://www.Department2.University2.edu/UndergraduateStudent314}, {X=http://www.Department2.University2.edu/UndergraduateStudent344}, {X=http://www.Department2.University2.edu/AssociateProfessor10}, {X=http://www.Department2.University2.edu/UndergraduateStudent22}, {X=http://www.Department2.University2.edu/UndergraduateStudent108}, {X=http://www.Department2.University2.edu/UndergraduateStudent170}, {X=http://www.Department2.University2.edu/UndergraduateStudent103}, {X=http://www.Department2.University2.edu/UndergraduateStudent304}, {X=http://www.Department2.University2.edu/GraduateStudent36}, {X=http://www.Department2.University2.edu/UndergraduateStudent230}, {X=http://www.Department2.University2.edu/UndergraduateStudent41}, {X=http://www.Department2.University2.edu/UndergraduateStudent131}, {X=http://www.Department2.University2.edu/UndergraduateStudent255}, {X=http://www.Department2.University2.edu/GraduateStudent74}, {X=http://www.Department2.University2.edu/GraduateStudent114}, {X=http://www.Department2.University2.edu/UndergraduateStudent290}, {X=http://www.Department2.University2.edu/UndergraduateStudent86}, {X=http://www.Department2.University2.edu/UndergraduateStudent235}, {X=http://www.Department2.University2.edu/GraduateStudent14}, {X=http://www.Department2.University2.edu/Lecturer0}, {X=http://www.Department2.University2.edu/UndergraduateStudent188}, {X=http://www.Department2.University2.edu/UndergraduateStudent203}, {X=http://www.Department2.University2.edu/UndergraduateStudent15}, {X=http://www.Department2.University2.edu/UndergraduateStudent276}, {X=http://www.Department2.University2.edu/UndergraduateStudent62}, {X=http://www.Department2.University2.edu/UndergraduateStudent82}, {X=http://www.Department2.University2.edu/UndergraduateStudent215}, {X=http://www.Department2.University2.edu/UndergraduateStudent217}, {X=http://www.Department2.University2.edu/UndergraduateStudent112}, {X=http://www.Department2.University2.edu/GraduateStudent113}, {X=http://www.Department2.University2.edu/AssociateProfessor2}, {X=http://www.Department2.University2.edu/UndergraduateStudent106}, {X=http://www.Department2.University2.edu/GraduateStudent47}, {X=http://www.Department2.University2.edu/UndergraduateStudent259}, {X=http://www.Department2.University2.edu/UndergraduateStudent12}, {X=http://www.Department2.University2.edu/GraduateStudent104}, {X=http://www.Department2.University2.edu/UndergraduateStudent23}, {X=http://www.Department2.University2.edu/GraduateStudent124}, {X=http://www.Department2.University2.edu/FullProfessor1}, {X=http://www.Department2.University2.edu/UndergraduateStudent6}, {X=http://www.Department2.University2.edu/UndergraduateStudent206}, {X=http://www.Department2.University2.edu/GraduateStudent117}, {X=http://www.Department2.University2.edu/UndergraduateStudent315}, {X=http://www.Department2.University2.edu/UndergraduateStudent172}, {X=http://www.Department2.University2.edu/Lecturer3}, {X=http://www.Department2.University2.edu/UndergraduateStudent145}, {X=http://www.Department2.University2.edu/UndergraduateStudent252}, {X=http://www.Department2.University2.edu/UndergraduateStudent199}, {X=http://www.Department2.University2.edu/UndergraduateStudent192}, {X=http://www.Department2.University2.edu/GraduateStudent57}, {X=http://www.Department2.University2.edu/GraduateStudent101}, {X=http://www.Department2.University2.edu/UndergraduateStudent26}, {X=http://www.Department2.University2.edu/UndergraduateStudent173}, {X=http://www.Department2.University2.edu/GraduateStudent103}, {X=http://www.Department2.University2.edu/UndergraduateStudent160}, {X=http://www.Department2.University2.edu/UndergraduateStudent184}, {X=http://www.Department2.University2.edu/UndergraduateStudent326}, {X=http://www.Department2.University2.edu/AssistantProfessor7}, {X=http://www.Department2.University2.edu/GraduateStudent33}, {X=http://www.Department2.University2.edu/GraduateStudent111}, {X=http://www.Department2.University2.edu/UndergraduateStudent271}, {X=http://www.Department2.University2.edu/UndergraduateStudent287}, {X=http://www.Department2.University2.edu/GraduateStudent88}, {X=http://www.Department2.University2.edu/UndergraduateStudent80}, {X=http://www.Department2.University2.edu/UndergraduateStudent359}, {X=http://www.Department2.University2.edu/GraduateStudent123}, {X=http://www.Department2.University2.edu/FullProfessor5}, {X=http://www.Department2.University2.edu/GraduateStudent116}, {X=http://www.Department2.University2.edu/UndergraduateStudent239}, {X=http://www.Department2.University2.edu/GraduateStudent68}, {X=http://www.Department2.University2.edu/UndergraduateStudent96}, {X=http://www.Department2.University2.edu/UndergraduateStudent178}, {X=http://www.Department2.University2.edu/UndergraduateStudent157}, {X=http://www.Department2.University2.edu/UndergraduateStudent105}, {X=http://www.Department2.University2.edu/GraduateStudent122}, {X=http://www.Department2.University2.edu/UndergraduateStudent50}, {X=http://www.Department2.University2.edu/UndergraduateStudent316}, {X=http://www.Department2.University2.edu/UndergraduateStudent303}, {X=http://www.Department2.University2.edu/UndergraduateStudent181}, {X=http://www.Department2.University2.edu/UndergraduateStudent301}, {X=http://www.Department2.University2.edu/UndergraduateStudent243}, {X=http://www.Department2.University2.edu/UndergraduateStudent120}, {X=http://www.Department2.University2.edu/UndergraduateStudent14}, {X=http://www.Department2.University2.edu/GraduateStudent126}, {X=http://www.Department2.University2.edu/FullProfessor4}, {X=http://www.Department2.University2.edu/GraduateStudent9}, {X=http://www.Department2.University2.edu/GraduateStudent31}, {X=http://www.Department2.University2.edu/UndergraduateStudent205}, {X=http://www.Department2.University2.edu/UndergraduateStudent347}, {X=http://www.Department2.University2.edu/UndergraduateStudent133}, {X=http://www.Department2.University2.edu/UndergraduateStudent136}, {X=http://www.Department2.University2.edu/UndergraduateStudent40}, {X=http://www.Department2.University2.edu/GraduateStudent109}, {X=http://www.Department2.University2.edu/AssistantProfessor6}, {X=http://www.Department2.University2.edu/UndergraduateStudent325}, {X=http://www.Department2.University2.edu/UndergraduateStudent210}, {X=http://www.Department2.University2.edu/UndergraduateStudent139}, {X=http://www.Department2.University2.edu/GraduateStudent99}, {X=http://www.Department2.University2.edu/UndergraduateStudent114}, {X=http://www.Department2.University2.edu/GraduateStudent50}, {X=http://www.Department2.University2.edu/UndergraduateStudent298}, {X=http://www.Department2.University2.edu/UndergraduateStudent31}, {X=http://www.Department2.University2.edu/UndergraduateStudent60}, {X=http://www.Department2.University2.edu/UndergraduateStudent249}, {X=http://www.Department2.University2.edu/UndergraduateStudent149}, {X=http://www.Department2.University2.edu/UndergraduateStudent352}, {X=http://www.Department2.University2.edu/UndergraduateStudent236}, {X=http://www.Department2.University2.edu/UndergraduateStudent211}, {X=http://www.Department2.University2.edu/GraduateStudent96}, {X=http://www.Department2.University2.edu/UndergraduateStudent107}, {X=http://www.Department2.University2.edu/GraduateStudent52}, {X=http://www.Department2.University2.edu/AssociateProfessor3}, {X=http://www.Department2.University2.edu/GraduateStudent85}, {X=http://www.Department2.University2.edu/UndergraduateStudent54}, {X=http://www.Department2.University2.edu/GraduateStudent56}, {X=http://www.Department2.University2.edu/UndergraduateStudent237}, {X=http://www.Department2.University2.edu/UndergraduateStudent306}, {X=http://www.Department2.University2.edu/GraduateStudent62}, {X=http://www.Department2.University2.edu/GraduateStudent40}, {X=http://www.Department2.University2.edu/GraduateStudent84}, {X=http://www.Department2.University2.edu/UndergraduateStudent340}, {X=http://www.Department2.University2.edu/UndergraduateStudent67}, {X=http://www.Department2.University2.edu/UndergraduateStudent70}, {X=http://www.Department2.University2.edu/UndergraduateStudent299}, {X=http://www.Department2.University2.edu/UndergraduateStudent129}, {X=http://www.Department2.University2.edu/UndergraduateStudent161}, {X=http://www.Department2.University2.edu/AssistantProfessor0}, {X=http://www.Department2.University2.edu/UndergraduateStudent10}, {X=http://www.Department2.University2.edu/UndergraduateStudent348}, {X=http://www.Department2.University2.edu/UndergraduateStudent357}, {X=http://www.Department2.University2.edu/GraduateStudent17}, {X=http://www.Department2.University2.edu/UndergraduateStudent59}, {X=http://www.Department2.University2.edu/UndergraduateStudent209}, {X=http://www.Department2.University2.edu/FullProfessor3}, {X=http://www.Department2.University2.edu/UndergraduateStudent1}, {X=http://www.Department2.University2.edu/AssociateProfessor8}, {X=http://www.Department2.University2.edu/UndergraduateStudent104}, {X=http://www.Department2.University2.edu/GraduateStudent80}, {X=http://www.Department2.University2.edu/UndergraduateStudent337}, {X=http://www.Department2.University2.edu/GraduateStudent67}, {X=http://www.Department2.University2.edu/UndergraduateStudent43}, {X=http://www.Department2.University2.edu/Lecturer5}, {X=http://www.Department2.University2.edu/GraduateStudent41}, {X=http://www.Department2.University2.edu/UndergraduateStudent102}, {X=http://www.Department2.University2.edu/UndergraduateStudent117}, {X=http://www.Department2.University2.edu/UndergraduateStudent182}, {X=http://www.Department2.University2.edu/UndergraduateStudent324}, {X=http://www.Department2.University2.edu/UndergraduateStudent51}, {X=http://www.Department2.University2.edu/GraduateStudent107}, {X=http://www.Department2.University2.edu/UndergraduateStudent119}, {X=http://www.Department2.University2.edu/GraduateStudent58}, {X=http://www.Department2.University2.edu/UndergraduateStudent274}, {X=http://www.Department2.University2.edu/UndergraduateStudent258}, {X=http://www.Department2.University2.edu/UndergraduateStudent177}, {X=http://www.Department2.University2.edu/GraduateStudent75}, {X=http://www.Department2.University2.edu/UndergraduateStudent140}, {X=http://www.Department2.University2.edu/UndergraduateStudent101}, {X=http://www.Department2.University2.edu/UndergraduateStudent90}, {X=http://www.Department2.University2.edu/UndergraduateStudent135}, {X=http://www.Department2.University2.edu/GraduateStudent35}, {X=http://www.Department2.University2.edu/GraduateStudent71}, {X=http://www.Department2.University2.edu/UndergraduateStudent312}, {X=http://www.Department2.University2.edu/UndergraduateStudent186}, {X=http://www.Department2.University2.edu/UndergraduateStudent341}, {X=http://www.Department2.University2.edu/UndergraduateStudent342}, {X=http://www.Department2.University2.edu/UndergraduateStudent158}, {X=http://www.Department2.University2.edu/UndergraduateStudent171}, {X=http://www.Department2.University2.edu/AssociateProfessor6}, {X=http://www.Department2.University2.edu/UndergraduateStudent300}, {X=http://www.Department2.University2.edu/UndergraduateStudent165}, {X=http://www.Department2.University2.edu/Lecturer2}, {X=http://www.Department2.University2.edu/UndergraduateStudent151}, {X=http://www.Department2.University2.edu/UndergraduateStudent88}, {X=http://www.Department2.University2.edu/UndergraduateStudent194}, {X=http://www.Department2.University2.edu/UndergraduateStudent169}, {X=http://www.Department2.University2.edu/GraduateStudent3}, {X=http://www.Department2.University2.edu/UndergraduateStudent302}, {X=http://www.Department2.University2.edu/UndergraduateStudent231}, {X=http://www.Department2.University2.edu/UndergraduateStudent264}, {X=http://www.Department2.University2.edu/UndergraduateStudent247}, {X=http://www.Department2.University2.edu/GraduateStudent55}, {X=http://www.Department2.University2.edu/GraduateStudent1}, {X=http://www.Department2.University2.edu/UndergraduateStudent283}, {X=http://www.Department2.University2.edu/UndergraduateStudent191}, {X=http://www.Department2.University2.edu/UndergraduateStudent98}, {X=http://www.Department2.University2.edu/GraduateStudent70}, {X=http://www.Department2.University2.edu/UndergraduateStudent75}, {X=http://www.Department2.University2.edu/UndergraduateStudent204}, {X=http://www.Department2.University2.edu/GraduateStudent44}, {X=http://www.Department2.University2.edu/UndergraduateStudent356}, {X=http://www.Department2.University2.edu/UndergraduateStudent360}, {X=http://www.Department2.University2.edu/UndergraduateStudent277}, {X=http://www.Department2.University2.edu/UndergraduateStudent2}, {X=http://www.Department2.University2.edu/UndergraduateStudent84}, {X=http://www.Department2.University2.edu/UndergraduateStudent282}, {X=http://www.Department2.University2.edu/UndergraduateStudent224}, {X=http://www.Department2.University2.edu/GraduateStudent20}, {X=http://www.Department2.University2.edu/UndergraduateStudent281}, {X=http://www.Department2.University2.edu/AssociateProfessor1}, {X=http://www.Department2.University2.edu/GraduateStudent39}, {X=http://www.Department2.University2.edu/UndergraduateStudent68}, {X=http://www.Department2.University2.edu/UndergraduateStudent19}, {X=http://www.Department2.University2.edu/UndergraduateStudent323}, {X=http://www.Department2.University2.edu/GraduateStudent102}, {X=http://www.Department2.University2.edu/GraduateStudent81}, {X=http://www.Department2.University2.edu/UndergraduateStudent154}, {X=http://www.Department2.University2.edu/GraduateStudent48}, {X=http://www.Department2.University2.edu/UndergraduateStudent152}, {X=http://www.Department2.University2.edu/UndergraduateStudent329}, {X=http://www.Department2.University2.edu/UndergraduateStudent21}, {X=http://www.Department2.University2.edu/UndergraduateStudent159}, {X=http://www.Department2.University2.edu/GraduateStudent15}, {X=http://www.Department2.University2.edu/UndergraduateStudent99}, {X=http://www.Department2.University2.edu/UndergraduateStudent242}, {X=http://www.Department2.University2.edu/UndergraduateStudent292}, {X=http://www.Department2.University2.edu/UndergraduateStudent343}, {X=http://www.Department2.University2.edu/UndergraduateStudent238}, {X=http://www.Department2.University2.edu/GraduateStudent23}, {X=http://www.Department2.University2.edu/UndergraduateStudent187}, {X=http://www.Department2.University2.edu/AssistantProfessor5}, {X=http://www.Department2.University2.edu/GraduateStudent100}, {X=http://www.Department2.University2.edu/UndergraduateStudent143}, {X=http://www.Department2.University2.edu/UndergraduateStudent174}, {X=http://www.Department2.University2.edu/GraduateStudent2}, {X=http://www.Department2.University2.edu/UndergraduateStudent234}, {X=http://www.Department2.University2.edu/UndergraduateStudent150}, {X=http://www.Department2.University2.edu/UndergraduateStudent164}, {X=http://www.Department2.University2.edu/UndergraduateStudent241}, {X=http://www.Department2.University2.edu/UndergraduateStudent126}, {X=http://www.Department2.University2.edu/UndergraduateStudent225}, {X=http://www.Department2.University2.edu/UndergraduateStudent185}, {X=http://www.Department2.University2.edu/UndergraduateStudent196}, {X=http://www.Department2.University2.edu/GraduateStudent118}, {X=http://www.Department2.University2.edu/UndergraduateStudent113}, {X=http://www.Department2.University2.edu/UndergraduateStudent130}, {X=http://www.Department2.University2.edu/UndergraduateStudent279}, {X=http://www.Department2.University2.edu/UndergraduateStudent305}, {X=http://www.Department2.University2.edu/GraduateStudent37}, {X=http://www.Department2.University2.edu/GraduateStudent61}, {X=http://www.Department2.University2.edu/UndergraduateStudent246}, {X=http://www.Department2.University2.edu/GraduateStudent72}, {X=http://www.Department2.University2.edu/UndergraduateStudent294}, {X=http://www.Department2.University2.edu/UndergraduateStudent278}, {X=http://www.Department2.University2.edu/UndergraduateStudent270}, {X=http://www.Department2.University2.edu/UndergraduateStudent284}, {X=http://www.Department2.University2.edu/UndergraduateStudent89}, {X=http://www.Department2.University2.edu/GraduateStudent0}, {X=http://www.Department2.University2.edu/UndergraduateStudent213}, {X=http://www.Department2.University2.edu/UndergraduateStudent349}, {X=http://www.Department2.University2.edu/UndergraduateStudent263}, {X=http://www.Department2.University2.edu/GraduateStudent24}, {X=http://www.Department2.University2.edu/UndergraduateStudent176}, {X=http://www.Department2.University2.edu/UndergraduateStudent39}, {X=http://www.Department2.University2.edu/AssociateProfessor7}, {X=http://www.Department2.University2.edu/UndergraduateStudent124}, {X=http://www.Department2.University2.edu/UndergraduateStudent52}, {X=http://www.Department2.University2.edu/UndergraduateStudent354}, {X=http://www.Department2.University2.edu/GraduateStudent83}, {X=http://www.Department2.University2.edu/UndergraduateStudent48}, {X=http://www.Department2.University2.edu/GraduateStudent130}, {X=http://www.Department2.University2.edu/UndergraduateStudent61}, {X=http://www.Department2.University2.edu/UndergraduateStudent16}, {X=http://www.Department2.University2.edu/UndergraduateStudent319}, {X=http://www.Department2.University2.edu/GraduateStudent98}, {X=http://www.Department2.University2.edu/UndergraduateStudent71}, {X=http://www.Department2.University2.edu/UndergraduateStudent35}, {X=http://www.Department2.University2.edu/GraduateStudent120}, {X=http://www.Department2.University2.edu/UndergraduateStudent156}, {X=http://www.Department2.University2.edu/UndergraduateStudent153}, {X=http://www.Department2.University2.edu/UndergraduateStudent118}, {X=http://www.Department2.University2.edu/GraduateStudent90}, {X=http://www.Department2.University2.edu/GraduateStudent59}, {X=http://www.Department2.University2.edu/GraduateStudent43}, {X=http://www.Department2.University2.edu/UndergraduateStudent317}, {X=http://www.Department2.University2.edu/AssistantProfessor4}, {X=http://www.Department2.University2.edu/UndergraduateStudent121}, {X=http://www.Department2.University2.edu/FullProfessor2}, {X=http://www.Department2.University2.edu/UndergraduateStudent144}, {X=http://www.Department2.University2.edu/UndergraduateStudent251}, {X=http://www.Department2.University2.edu/UndergraduateStudent141}, {X=http://www.Department2.University2.edu/UndergraduateStudent265}, {X=http://www.Department2.University2.edu/GraduateStudent115}, {X=http://www.Department2.University2.edu/UndergraduateStudent268}, {X=http://www.Department2.University2.edu/GraduateStudent66}, {X=http://www.Department2.University2.edu/GraduateStudent5}, {X=http://www.Department2.University2.edu/UndergraduateStudent310}, {X=http://www.Department2.University2.edu/UndergraduateStudent183}, {X=http://www.Department2.University2.edu/UndergraduateStudent248}, {X=http://www.Department2.University2.edu/GraduateStudent69}, {X=http://www.Department2.University2.edu/UndergraduateStudent94}, {X=http://www.Department2.University2.edu/GraduateStudent73}, {X=http://www.Department2.University2.edu/UndergraduateStudent138}, {X=http://www.Department2.University2.edu/UndergraduateStudent37}, {X=http://www.Department2.University2.edu/UndergraduateStudent233}, {X=http://www.Department2.University2.edu/UndergraduateStudent291}, {X=http://www.Department2.University2.edu/UndergraduateStudent212}, {X=http://www.Department2.University2.edu/UndergraduateStudent55}, {X=http://www.Department2.University2.edu/UndergraduateStudent91}, {X=http://www.Department2.University2.edu/UndergraduateStudent222}, {X=http://www.Department2.University2.edu/UndergraduateStudent309}, {X=http://www.Department2.University2.edu/UndergraduateStudent332}, {X=http://www.Department2.University2.edu/GraduateStudent131}, {X=http://www.Department2.University2.edu/GraduateStudent53}, {X=http://www.Department2.University2.edu/GraduateStudent112}, {X=http://www.Department2.University2.edu/UndergraduateStudent73}, {X=http://www.Department2.University2.edu/UndergraduateStudent7}, {X=http://www.Department2.University2.edu/UndergraduateStudent116}, {X=http://www.Department2.University2.edu/UndergraduateStudent92}, {X=http://www.Department2.University2.edu/UndergraduateStudent201}, {X=http://www.Department2.University2.edu/GraduateStudent29}, {X=http://www.Department2.University2.edu/UndergraduateStudent85}, {X=http://www.Department2.University2.edu/AssociateProfessor4}, {X=http://www.Department2.University2.edu/UndergraduateStudent227}, {X=http://www.Department2.University2.edu/UndergraduateStudent3}, {X=http://www.Department2.University2.edu/UndergraduateStudent240}, {X=http://www.Department2.University2.edu/UndergraduateStudent197}, {X=http://www.Department2.University2.edu/UndergraduateStudent123}, {X=http://www.Department2.University2.edu/UndergraduateStudent311}, {X=http://www.Department2.University2.edu/GraduateStudent51}, {X=http://www.Department2.University2.edu/UndergraduateStudent285}, {X=http://www.Department2.University2.edu/UndergraduateStudent333}, {X=http://www.Department2.University2.edu/GraduateStudent8}, {X=http://www.Department2.University2.edu/GraduateStudent132}, {X=http://www.Department2.University2.edu/UndergraduateStudent218}, {X=http://www.Department2.University2.edu/GraduateStudent121}, {X=http://www.Department2.University2.edu/GraduateStudent127}, {X=http://www.Department2.University2.edu/UndergraduateStudent25}, {X=http://www.Department2.University2.edu/UndergraduateStudent254}, {X=http://www.Department2.University2.edu/GraduateStudent108}, {X=http://www.Department2.University2.edu/UndergraduateStudent47}, {X=http://www.Department2.University2.edu/GraduateStudent16}, {X=http://www.Department2.University2.edu/GraduateStudent21}, {X=http://www.Department2.University2.edu/UndergraduateStudent221}, {X=http://www.Department2.University2.edu/GraduateStudent10}, {X=http://www.Department2.University2.edu/UndergraduateStudent219}, {X=http://www.Department2.University2.edu/UndergraduateStudent24}, {X=http://www.Department2.University2.edu/UndergraduateStudent330}, {X=http://www.Department2.University2.edu/UndergraduateStudent297}, {X=http://www.Department2.University2.edu/UndergraduateStudent308}, {X=http://www.Department2.University2.edu/UndergraduateStudent128}, {X=http://www.Department2.University2.edu/UndergraduateStudent358}, {X=http://www.Department2.University2.edu/UndergraduateStudent13}, {X=http://www.Department2.University2.edu/GraduateStudent129}, {X=http://www.Department2.University2.edu/UndergraduateStudent253}, {X=http://www.Department2.University2.edu/UndergraduateStudent29}, {X=http://www.Department2.University2.edu/UndergraduateStudent193}, {X=http://www.Department2.University2.edu/GraduateStudent46}, {X=http://www.Department2.University2.edu/UndergraduateStudent122}, {X=http://www.Department2.University2.edu/UndergraduateStudent56}, {X=http://www.Department2.University2.edu/GraduateStudent125}, {X=http://www.Department2.University2.edu/UndergraduateStudent202}, {X=http://www.Department2.University2.edu/AssistantProfessor1}, {X=http://www.Department2.University2.edu/GraduateStudent86}, {X=http://www.Department2.University2.edu/AssistantProfessor2}, {X=http://www.Department2.University2.edu/UndergraduateStudent262}, {X=http://www.Department2.University2.edu/UndergraduateStudent163}, {X=http://www.Department2.University2.edu/UndergraduateStudent148}, {X=http://www.Department2.University2.edu/UndergraduateStudent76}, {X=http://www.Department2.University2.edu/GraduateStudent27}, {X=http://www.Department2.University2.edu/GraduateStudent64}, {X=http://www.Department2.University2.edu/UndergraduateStudent351}, {X=http://www.Department2.University2.edu/UndergraduateStudent78}, {X=http://www.Department2.University2.edu/GraduateStudent49}, {X=http://www.Department2.University2.edu/UndergraduateStudent338}, {X=http://www.Department2.University2.edu/AssociateProfessor0}, {X=http://www.Department2.University2.edu/UndergraduateStudent36}, {X=http://www.Department2.University2.edu/UndergraduateStudent339}, {X=http://www.Department2.University2.edu/GraduateStudent87}, {X=http://www.Department2.University2.edu/AssociateProfessor9}, {X=http://www.Department2.University2.edu/UndergraduateStudent167}, {X=http://www.Department2.University2.edu/GraduateStudent119}, {X=http://www.Department2.University2.edu/UndergraduateStudent72}, {X=http://www.Department2.University2.edu/UndergraduateStudent77}, {X=http://www.Department2.University2.edu/GraduateStudent97}, {X=http://www.Department2.University2.edu/GraduateStudent54}, {X=http://www.Department2.University2.edu/UndergraduateStudent9}, {X=http://www.Department2.University2.edu/UndergraduateStudent65}, {X=http://www.Department2.University2.edu/UndergraduateStudent11}, {X=http://www.Department2.University2.edu/UndergraduateStudent208}, {X=http://www.Department2.University2.edu/GraduateStudent128}, {X=http://www.Department2.University2.edu/UndergraduateStudent322}, {X=http://www.Department2.University2.edu/GraduateStudent89}, {X=http://www.Department2.University2.edu/UndergraduateStudent28}, {X=http://www.Department2.University2.edu/GraduateStudent25}, {X=http://www.Department2.University2.edu/UndergraduateStudent134}, {X=http://www.Department2.University2.edu/UndergraduateStudent335}, {X=http://www.Department2.University2.edu/UndergraduateStudent288}, {X=http://www.Department2.University2.edu/UndergraduateStudent97}, {X=http://www.Department2.University2.edu/UndergraduateStudent125}, {X=http://www.Department2.University2.edu/GraduateStudent76}, {X=http://www.Department2.University2.edu/GraduateStudent28}, {X=http://www.Department2.University2.edu/UndergraduateStudent137}, {X=http://www.Department2.University2.edu/UndergraduateStudent162}, {X=http://www.Department2.University2.edu/UndergraduateStudent293}, {X=http://www.Department2.University2.edu/UndergraduateStudent328}, {X=http://www.Department2.University2.edu/UndergraduateStudent350}, {X=http://www.Department2.University2.edu/UndergraduateStudent269}, {X=http://www.Department2.University2.edu/UndergraduateStudent64}, {X=http://www.Department2.University2.edu/UndergraduateStudent272}, {X=http://www.Department2.University2.edu/UndergraduateStudent245}, {X=http://www.Department2.University2.edu/UndergraduateStudent95}, {X=http://www.Department2.University2.edu/UndergraduateStudent109}, {X=http://www.Department2.University2.edu/UndergraduateStudent179}, {X=http://www.Department2.University2.edu/GraduateStudent63}, {X=http://www.Department2.University2.edu/GraduateStudent19}, {X=http://www.Department2.University2.edu/GraduateStudent22}, {X=http://www.Department2.University2.edu/UndergraduateStudent4}, {X=http://www.Department2.University2.edu/UndergraduateStudent280}, {X=http://www.Department2.University2.edu/GraduateStudent12}, {X=http://www.Department2.University2.edu/UndergraduateStudent38}, {X=http://www.Department2.University2.edu/UndergraduateStudent93}, {X=http://www.Department2.University2.edu/UndergraduateStudent58}, {X=http://www.Department2.University2.edu/UndergraduateStudent223}, {X=http://www.Department2.University2.edu/AssociateProfessor5}, {X=http://www.Department2.University2.edu/UndergraduateStudent146}, {X=http://www.Department2.University2.edu/AssistantProfessor8}, {X=http://www.Department2.University2.edu/UndergraduateStudent32}, {X=http://www.Department2.University2.edu/UndergraduateStudent220}, {X=http://www.Department2.University2.edu/GraduateStudent82}, {X=http://www.Department2.University2.edu/UndergraduateStudent286}, {X=http://www.Department2.University2.edu/UndergraduateStudent295}, {X=http://www.Department2.University2.edu/UndergraduateStudent267}, {X=http://www.Department2.University2.edu/UndergraduateStudent34}, {X=http://www.Department2.University2.edu/UndergraduateStudent355}, {X=http://www.Department2.University2.edu/GraduateStudent4}, {X=http://www.Department2.University2.edu/UndergraduateStudent320}, {X=http://www.Department2.University2.edu/UndergraduateStudent321}, {X=http://www.Department2.University2.edu/GraduateStudent60}, {X=http://www.Department2.University2.edu/UndergraduateStudent275}, {X=http://www.Department2.University2.edu/GraduateStudent26}, {X=http://www.Department2.University2.edu/UndergraduateStudent318}, {X=http://www.Department2.University2.edu/UndergraduateStudent57}, {X=http://www.Department2.University2.edu/UndergraduateStudent115}, {X=http://www.Department2.University2.edu/GraduateStudent106}, {X=http://www.Department2.University2.edu/GraduateStudent38}, {X=http://www.Department2.University2.edu/GraduateStudent34}, {X=http://www.Department2.University2.edu/UndergraduateStudent147}, {X=http://www.Department2.University2.edu/UndergraduateStudent46}, {X=http://www.Department2.University2.edu/UndergraduateStudent79}, {X=http://www.Department2.University2.edu/UndergraduateStudent63}, {X=http://www.Department2.University2.edu/UndergraduateStudent336}, {X=http://www.Department2.University2.edu/UndergraduateStudent256}, {X=http://www.Department2.University2.edu/GraduateStudent42}, {X=http://www.Department2.University2.edu/UndergraduateStudent214}, {X=http://www.Department2.University2.edu/GraduateStudent92}, {X=http://www.Department2.University2.edu/UndergraduateStudent313}, {X=http://www.Department2.University2.edu/UndergraduateStudent42}, {X=http://www.Department2.University2.edu/UndergraduateStudent100}, {X=http://www.Department2.University2.edu/UndergraduateStudent83}, {X=http://www.Department2.University2.edu/FullProfessor6}, {X=http://www.Department2.University2.edu/UndergraduateStudent69}, {X=http://www.Department2.University2.edu/GraduateStudent91}, {X=http://www.Department2.University2.edu/UndergraduateStudent111}, {X=http://www.Department2.University2.edu/UndergraduateStudent20}, {X=http://www.Department2.University2.edu/UndergraduateStudent87}, {X=http://www.Department2.University2.edu/UndergraduateStudent190}, {X=http://www.Department2.University2.edu/UndergraduateStudent189}, {X=http://www.Department2.University2.edu/UndergraduateStudent5}, {X=http://www.Department2.University2.edu/GraduateStudent30}, {X=http://www.Department2.University2.edu/GraduateStudent32}, {X=http://www.Department2.University2.edu/UndergraduateStudent331}, {X=http://www.Department2.University2.edu/GraduateStudent65}, {X=http://www.Department2.University2.edu/UndergraduateStudent226}, {X=http://www.Department2.University2.edu/UndergraduateStudent44}, {X=http://www.Department2.University2.edu/UndergraduateStudent132}, {X=http://www.Department2.University2.edu/UndergraduateStudent33}, {X=http://www.Department2.University2.edu/GraduateStudent7}, {X=http://www.Department2.University2.edu/UndergraduateStudent166}, {X=http://www.Department2.University2.edu/UndergraduateStudent74}, {X=http://www.Department2.University2.edu/UndergraduateStudent207}, {X=http://www.Department2.University2.edu/UndergraduateStudent244}, {X=http://www.Department2.University2.edu/UndergraduateStudent175}, {X=http://www.Department2.University2.edu/UndergraduateStudent45}, {X=http://www.Department2.University2.edu/UndergraduateStudent127}, {X=http://www.Department2.University2.edu/GraduateStudent93}, {X=http://www.Department2.University2.edu/UndergraduateStudent8}, {X=http://www.Department2.University2.edu/UndergraduateStudent53}, {X=http://www.Department2.University2.edu/UndergraduateStudent200}, {X=http://www.Department2.University2.edu/UndergraduateStudent232}, {X=http://www.Department2.University2.edu/UndergraduateStudent273}, {X=http://www.Department2.University2.edu/GraduateStudent79}, {X=http://www.Department2.University2.edu/GraduateStudent94}, {X=http://www.Department2.University2.edu/GraduateStudent95}, {X=http://www.Department2.University2.edu/UndergraduateStudent353}, {X=http://www.Department2.University2.edu/UndergraduateStudent18}, {X=http://www.Department2.University2.edu/Lecturer4}, {X=http://www.Department2.University2.edu/GraduateStudent110}, {X=http://www.Department2.University2.edu/UndergraduateStudent334}, {X=http://www.Department2.University2.edu/UndergraduateStudent27}, {X=http://www.Department2.University2.edu/UndergraduateStudent250}, {X=http://www.Department2.University2.edu/UndergraduateStudent30}, {X=http://www.Department2.University2.edu/UndergraduateStudent289}, {X=http://www.Department2.University2.edu/AssistantProfessor3}, {X=http://www.Department2.University2.edu/UndergraduateStudent257}, {X=http://www.Department2.University2.edu/UndergraduateStudent155}, {X=http://www.Department2.University2.edu/UndergraduateStudent327}, {X=http://www.Department2.University2.edu/UndergraduateStudent66}, {X=http://www.Department2.University2.edu/UndergraduateStudent229}, {X=http://www.Department2.University2.edu/UndergraduateStudent346}, {X=http://www.Department2.University2.edu/UndergraduateStudent180}, {X=http://www.Department2.University2.edu/GraduateStudent105}, {X=http://www.Department2.University2.edu/GraduateStudent77}, {X=http://www.Department2.University2.edu/UndergraduateStudent17}, {X=http://www.Department2.University2.edu/GraduateStudent78}, {X=http://www.Department2.University2.edu/UndergraduateStudent81}, {X=http://www.Department2.University2.edu/AssociateProfessor11}, {X=http://www.Department2.University2.edu/FullProfessor0}, {X=http://www.Department2.University2.edu/UndergraduateStudent228}, {X=http://www.Department2.University2.edu/UndergraduateStudent49}, {X=http://www.Department2.University2.edu/GraduateStudent45}, {X=http://www.Department2.University2.edu/UndergraduateStudent216}, {X=http://www.Department2.University2.edu/UndergraduateStudent142}, {X=http://www.Department2.University2.edu/UndergraduateStudent261}, {X=http://www.Department2.University2.edu/GraduateStudent11}, {X=http://www.Department2.University2.edu/UndergraduateStudent168}, {X=http://www.Department2.University2.edu/UndergraduateStudent0}, {X=http://www.Department2.University2.edu/UndergraduateStudent345}, {X=http://www.Department2.University2.edu/UndergraduateStudent266}, {X=http://www.Department2.University2.edu/GraduateStudent18}, {X=http://www.Department2.University2.edu/GraduateStudent6}, {X=http://www.Department2.University2.edu/Lecturer1}, {X=http://www.Department2.University2.edu/UndergraduateStudent110}, {X=http://www.Department2.University2.edu/UndergraduateStudent198}, {X=http://www.Department2.University2.edu/UndergraduateStudent195}, {X=http://www.Department2.University2.edu/UndergraduateStudent260}, {X=http://www.Department2.University2.edu/UndergraduateStudent307}, {X=http://www.Department2.University2.edu/UndergraduateStudent296}, {X=http://www.Department2.University2.edu/GraduateStudent13}, {X=http://www.Department2.University2.edu/UndergraduateStudent314}, {X=http://www.Department2.University2.edu/UndergraduateStudent344}, {X=http://www.Department2.University2.edu/AssociateProfessor10}, {X=http://www.Department2.University2.edu/UndergraduateStudent22}, {X=http://www.Department2.University2.edu/UndergraduateStudent108}, {X=http://www.Department2.University2.edu/UndergraduateStudent170}, {X=http://www.Department2.University2.edu/UndergraduateStudent103}, {X=http://www.Department2.University2.edu/UndergraduateStudent304}, {X=http://www.Department2.University2.edu/GraduateStudent36}, {X=http://www.Department2.University2.edu/UndergraduateStudent230}, {X=http://www.Department2.University2.edu/UndergraduateStudent41}, {X=http://www.Department2.University2.edu/UndergraduateStudent131}, {X=http://www.Department2.University2.edu/UndergraduateStudent255}, {X=http://www.Department2.University2.edu/GraduateStudent74}, {X=http://www.Department2.University2.edu/GraduateStudent114}, {X=http://www.Department2.University2.edu/UndergraduateStudent290}, {X=http://www.Department2.University2.edu/UndergraduateStudent86}, {X=http://www.Department2.University2.edu/UndergraduateStudent235}, {X=http://www.Department2.University2.edu/GraduateStudent14}, {X=http://www.Department2.University2.edu/Lecturer0}, {X=http://www.Department2.University2.edu/UndergraduateStudent188}, {X=http://www.Department2.University2.edu/UndergraduateStudent203}, {X=http://www.Department2.University2.edu/UndergraduateStudent15}, {X=http://www.Department2.University2.edu/UndergraduateStudent276}, {X=http://www.Department2.University2.edu/UndergraduateStudent62}, {X=http://www.Department2.University2.edu/UndergraduateStudent82}, {X=http://www.Department2.University2.edu/UndergraduateStudent215}, {X=http://www.Department2.University2.edu/UndergraduateStudent217}, {X=http://www.Department2.University2.edu/UndergraduateStudent112}, {X=http://www.Department2.University2.edu/GraduateStudent113}, {X=http://www.Department2.University2.edu/AssociateProfessor2}, {X=http://www.Department2.University2.edu/UndergraduateStudent106}, {X=http://www.Department2.University2.edu/GraduateStudent47}, {X=http://www.Department2.University2.edu/UndergraduateStudent259}, {X=http://www.Department2.University2.edu/UndergraduateStudent12}, {X=http://www.Department2.University2.edu/GraduateStudent104}, {X=http://www.Department2.University2.edu/UndergraduateStudent23}, {X=http://www.Department2.University2.edu/GraduateStudent124}, {X=http://www.Department2.University2.edu/FullProfessor1}, {X=http://www.Department2.University2.edu/UndergraduateStudent6}, {X=http://www.Department2.University2.edu/UndergraduateStudent206}, {X=http://www.Department2.University2.edu/GraduateStudent117}, {X=http://www.Department2.University2.edu/UndergraduateStudent315}, {X=http://www.Department2.University2.edu/UndergraduateStudent172}, {X=http://www.Department2.University2.edu/Lecturer3}, {X=http://www.Department2.University2.edu/UndergraduateStudent145}, {X=http://www.Department2.University2.edu/UndergraduateStudent252}, {X=http://www.Department2.University2.edu/UndergraduateStudent199}, {X=http://www.Department2.University2.edu/UndergraduateStudent192}, {X=http://www.Department2.University2.edu/GraduateStudent57}, {X=http://www.Department2.University2.edu/GraduateStudent101}, {X=http://www.Department2.University2.edu/UndergraduateStudent26}, {X=http://www.Department2.University2.edu/UndergraduateStudent173}, {X=http://www.Department2.University2.edu/GraduateStudent103}, {X=http://www.Department2.University2.edu/UndergraduateStudent160}, {X=http://www.Department2.University2.edu/UndergraduateStudent184}, {X=http://www.Department2.University2.edu/UndergraduateStudent326}, {X=http://www.Department2.University2.edu/AssistantProfessor7}, {X=http://www.Department2.University2.edu/GraduateStudent33}, {X=http://www.Department2.University2.edu/GraduateStudent111}, {X=http://www.Department2.University2.edu/UndergraduateStudent271}, {X=http://www.Department2.University2.edu/UndergraduateStudent287}, {X=http://www.Department2.University2.edu/GraduateStudent88}, {X=http://www.Department2.University2.edu/UndergraduateStudent80}, {X=http://www.Department2.University2.edu/UndergraduateStudent359}, {X=http://www.Department2.University2.edu/GraduateStudent123}, {X=http://www.Department2.University2.edu/FullProfessor5}, {X=http://www.Department2.University2.edu/GraduateStudent116}, {X=http://www.Department2.University2.edu/UndergraduateStudent239}, {X=http://www.Department2.University2.edu/GraduateStudent68}, {X=http://www.Department2.University2.edu/UndergraduateStudent96}, {X=http://www.Department2.University2.edu/UndergraduateStudent178}, {X=http://www.Department2.University2.edu/UndergraduateStudent157}, {X=http://www.Department2.University2.edu/UndergraduateStudent105}, {X=http://www.Department2.University2.edu/GraduateStudent122}, {X=http://www.Department2.University2.edu/UndergraduateStudent50}, {X=http://www.Department2.University2.edu/UndergraduateStudent316}, {X=http://www.Department2.University2.edu/UndergraduateStudent303}, {X=http://www.Department2.University2.edu/UndergraduateStudent181}, {X=http://www.Department2.University2.edu/UndergraduateStudent301}, {X=http://www.Department2.University2.edu/UndergraduateStudent243}, {X=http://www.Department2.University2.edu/UndergraduateStudent120}, {X=http://www.Department2.University2.edu/UndergraduateStudent14}, {X=http://www.Department2.University2.edu/GraduateStudent126}, {X=http://www.Department2.University2.edu/FullProfessor4}, {X=http://www.Department2.University2.edu/GraduateStudent9}, {X=http://www.Department2.University2.edu/GraduateStudent31}, {X=http://www.Department2.University2.edu/UndergraduateStudent205}, {X=http://www.Department2.University2.edu/UndergraduateStudent347}, {X=http://www.Department2.University2.edu/UndergraduateStudent133}, {X=http://www.Department2.University2.edu/UndergraduateStudent136}, {X=http://www.Department2.University2.edu/UndergraduateStudent40}, {X=http://www.Department2.University2.edu/GraduateStudent109}, {X=http://www.Department2.University2.edu/AssistantProfessor6}, {X=http://www.Department2.University2.edu/UndergraduateStudent325}, {X=http://www.Department2.University2.edu/UndergraduateStudent210}, {X=http://www.Department2.University2.edu/UndergraduateStudent139}, {X=http://www.Department2.University2.edu/GraduateStudent99}, {X=http://www.Department2.University2.edu/UndergraduateStudent114}, {X=http://www.Department2.University2.edu/GraduateStudent50}, {X=http://www.Department2.University2.edu/UndergraduateStudent298}, {X=http://www.Department2.University2.edu/UndergraduateStudent31}, {X=http://www.Department2.University2.edu/UndergraduateStudent60}, {X=http://www.Department2.University2.edu/UndergraduateStudent249}, {X=http://www.Department2.University2.edu/UndergraduateStudent149}, {X=http://www.Department2.University2.edu/UndergraduateStudent352}, {X=http://www.Department2.University2.edu/UndergraduateStudent236}, {X=http://www.Department2.University2.edu/UndergraduateStudent211}, {X=http://www.Department2.University2.edu/GraduateStudent96}, {X=http://www.Department2.University2.edu/UndergraduateStudent107}, {X=http://www.Department2.University2.edu/GraduateStudent52}, {X=http://www.Department2.University2.edu/AssociateProfessor3}, {X=http://www.Department2.University2.edu/GraduateStudent85}, {X=http://www.Department2.University2.edu/UndergraduateStudent54}, {X=http://www.Department2.University2.edu/GraduateStudent56}, {X=http://www.Department2.University2.edu/UndergraduateStudent237}, {X=http://www.Department2.University2.edu/UndergraduateStudent306}, {X=http://www.Department2.University2.edu/GraduateStudent62}, {X=http://www.Department2.University2.edu/GraduateStudent40}, {X=http://www.Department2.University2.edu/GraduateStudent84}, {X=http://www.Department2.University2.edu/UndergraduateStudent340}, {X=http://www.Department2.University2.edu/UndergraduateStudent67}, {X=http://www.Department2.University2.edu/UndergraduateStudent70}, {X=http://www.Department2.University2.edu/UndergraduateStudent299}, {X=http://www.Department2.University2.edu/UndergraduateStudent129}, {X=http://www.Department2.University2.edu/UndergraduateStudent161}, {X=http://www.Department2.University2.edu/AssistantProfessor0}, {X=http://www.Department2.University2.edu/UndergraduateStudent10}, {X=http://www.Department2.University2.edu/UndergraduateStudent348}, {X=http://www.Department2.University2.edu/UndergraduateStudent357}, {X=http://www.Department2.University2.edu/GraduateStudent17}, {X=http://www.Department2.University2.edu/UndergraduateStudent59}, {X=http://www.Department2.University2.edu/UndergraduateStudent209}, {X=http://www.Department2.University2.edu/FullProfessor3}, {X=http://www.Department2.University2.edu/UndergraduateStudent1}, {X=http://www.Department2.University2.edu/AssociateProfessor8}, {X=http://www.Department2.University2.edu/UndergraduateStudent104}, {X=http://www.Department2.University2.edu/GraduateStudent80}, {X=http://www.Department2.University2.edu/UndergraduateStudent337}, {X=http://www.Department2.University2.edu/GraduateStudent67}, {X=http://www.Department2.University2.edu/UndergraduateStudent43}, {X=http://www.Department2.University2.edu/Lecturer5}, {X=http://www.Department2.University2.edu/GraduateStudent41}, {X=http://www.Department2.University2.edu/UndergraduateStudent102}, {X=http://www.Department2.University2.edu/UndergraduateStudent117}, {X=http://www.Department2.University2.edu/UndergraduateStudent182}, {X=http://www.Department2.University2.edu/UndergraduateStudent324}, {X=http://www.Department2.University2.edu/UndergraduateStudent51}, {X=http://www.Department2.University2.edu/GraduateStudent107}, {X=http://www.Department2.University2.edu/UndergraduateStudent119}, {X=http://www.Department2.University2.edu/GraduateStudent58}, {X=http://www.Department2.University2.edu/UndergraduateStudent274}, {X=http://www.Department2.University2.edu/UndergraduateStudent258}, {X=http://www.Department2.University2.edu/UndergraduateStudent177}, {X=http://www.Department2.University2.edu/GraduateStudent75}, {X=http://www.Department2.University2.edu/UndergraduateStudent140}, {X=http://www.Department2.University2.edu/UndergraduateStudent101}, {X=http://www.Department2.University2.edu/UndergraduateStudent90}, {X=http://www.Department2.University2.edu/UndergraduateStudent135}, {X=http://www.Department2.University2.edu/GraduateStudent35}, {X=http://www.Department2.University2.edu/GraduateStudent71}, {X=http://www.Department2.University2.edu/UndergraduateStudent312}, {X=http://www.Department2.University2.edu/UndergraduateStudent186}, {X=http://www.Department2.University2.edu/UndergraduateStudent341}, {X=http://www.Department2.University2.edu/UndergraduateStudent342}, {X=http://www.Department2.University2.edu/UndergraduateStudent158}, {X=http://www.Department2.University2.edu/UndergraduateStudent171}, {X=http://www.Department2.University2.edu/AssociateProfessor6}, {X=http://www.Department2.University2.edu/UndergraduateStudent300}, {X=http://www.Department2.University2.edu/UndergraduateStudent165}, {X=http://www.Department2.University2.edu/Lecturer2}, {X=http://www.Department2.University2.edu/UndergraduateStudent151}, {X=http://www.Department2.University2.edu/UndergraduateStudent88}, {X=http://www.Department2.University2.edu/UndergraduateStudent194}, {X=http://www.Department2.University2.edu/UndergraduateStudent169}, {X=http://www.Department2.University2.edu/GraduateStudent3}, {X=http://www.Department2.University2.edu/UndergraduateStudent302}, {X=http://www.Department2.University2.edu/UndergraduateStudent231}, {X=http://www.Department2.University2.edu/UndergraduateStudent264}, {X=http://www.Department2.University2.edu/UndergraduateStudent247}, {X=http://www.Department2.University2.edu/GraduateStudent55}, {X=http://www.Department2.University2.edu/GraduateStudent1}, {X=http://www.Department2.University2.edu/UndergraduateStudent283}, {X=http://www.Department2.University2.edu/UndergraduateStudent191}, {X=http://www.Department2.University2.edu/UndergraduateStudent98}, {X=http://www.Department2.University2.edu/GraduateStudent70}, {X=http://www.Department2.University2.edu/UndergraduateStudent75}, {X=http://www.Department2.University2.edu/UndergraduateStudent204}, {X=http://www.Department2.University2.edu/GraduateStudent44}, {X=http://www.Department2.University2.edu/UndergraduateStudent356}, {X=http://www.Department2.University2.edu/UndergraduateStudent360}, {X=http://www.Department2.University2.edu/UndergraduateStudent277}, {X=http://www.Department2.University2.edu/UndergraduateStudent2}, {X=http://www.Department2.University2.edu/UndergraduateStudent84}, {X=http://www.Department2.University2.edu/UndergraduateStudent282}, {X=http://www.Department2.University2.edu/UndergraduateStudent224}, {X=http://www.Department2.University2.edu/GraduateStudent20}, {X=http://www.Department2.University2.edu/UndergraduateStudent281}, {X=http://www.Department2.University2.edu/AssociateProfessor1}, {X=http://www.Department2.University2.edu/GraduateStudent39}, {X=http://www.Department2.University2.edu/UndergraduateStudent68}, {X=http://www.Department2.University2.edu/UndergraduateStudent19}, {X=http://www.Department2.University2.edu/UndergraduateStudent323}, {X=http://www.Department2.University2.edu/GraduateStudent102}, {X=http://www.Department2.University2.edu/GraduateStudent81}, {X=http://www.Department2.University2.edu/UndergraduateStudent154}, {X=http://www.Department2.University2.edu/GraduateStudent48}, {X=http://www.Department2.University2.edu/UndergraduateStudent152}, {X=http://www.Department2.University2.edu/UndergraduateStudent329}, {X=http://www.Department2.University2.edu/UndergraduateStudent21}, {X=http://www.Department2.University2.edu/UndergraduateStudent159}, {X=http://www.Department2.University2.edu/GraduateStudent15}, {X=http://www.Department2.University2.edu/UndergraduateStudent99}, {X=http://www.Department2.University2.edu/UndergraduateStudent242}, {X=http://www.Department2.University2.edu/UndergraduateStudent292}, {X=http://www.Department2.University2.edu/UndergraduateStudent343}, {X=http://www.Department2.University2.edu/UndergraduateStudent238}, {X=http://www.Department2.University2.edu/GraduateStudent23}, {X=http://www.Department2.University2.edu/UndergraduateStudent187}, {X=http://www.Department2.University2.edu/AssistantProfessor5}, {X=http://www.Department2.University2.edu/GraduateStudent100}, {X=http://www.Department2.University2.edu/UndergraduateStudent143}, {X=http://www.Department2.University2.edu/UndergraduateStudent174}, {X=http://www.Department2.University2.edu/GraduateStudent2}, {X=http://www.Department2.University2.edu/UndergraduateStudent234}, {X=http://www.Department2.University2.edu/UndergraduateStudent150}, {X=http://www.Department2.University2.edu/UndergraduateStudent164}, {X=http://www.Department2.University2.edu/UndergraduateStudent241}, {X=http://www.Department2.University2.edu/UndergraduateStudent126}, {X=http://www.Department2.University2.edu/UndergraduateStudent225}, {X=http://www.Department2.University2.edu/UndergraduateStudent185}, {X=http://www.Department2.University2.edu/UndergraduateStudent196}, {X=http://www.Department2.University2.edu/GraduateStudent118}, {X=http://www.Department2.University2.edu/UndergraduateStudent113}, {X=http://www.Department2.University2.edu/UndergraduateStudent130}, {X=http://www.Department2.University2.edu/UndergraduateStudent279}, {X=http://www.Department2.University2.edu/UndergraduateStudent305}, {X=http://www.Department2.University2.edu/GraduateStudent37}, {X=http://www.Department2.University2.edu/GraduateStudent61}, {X=http://www.Department2.University2.edu/UndergraduateStudent246}, {X=http://www.Department2.University2.edu/GraduateStudent72}, {X=http://www.Department2.University2.edu/UndergraduateStudent294}, {X=http://www.Department2.University2.edu/UndergraduateStudent278}, {X=http://www.Department2.University2.edu/UndergraduateStudent270}, {X=http://www.Department2.University2.edu/UndergraduateStudent284}, {X=http://www.Department2.University2.edu/UndergraduateStudent89}, {X=http://www.Department2.University2.edu/GraduateStudent0}, {X=http://www.Department2.University2.edu/UndergraduateStudent213}, {X=http://www.Department2.University2.edu/UndergraduateStudent349}, {X=http://www.Department2.University2.edu/UndergraduateStudent263}, {X=http://www.Department2.University2.edu/GraduateStudent24}, {X=http://www.Department2.University2.edu/UndergraduateStudent176}, {X=http://www.Department2.University2.edu/UndergraduateStudent39}, {X=http://www.Department2.University2.edu/AssociateProfessor7}, {X=http://www.Department2.University2.edu/UndergraduateStudent124}, {X=http://www.Department2.University2.edu/UndergraduateStudent52}, {X=http://www.Department2.University2.edu/UndergraduateStudent354}, {X=http://www.Department2.University2.edu/GraduateStudent83}, {X=http://www.Department2.University2.edu/UndergraduateStudent48}, {X=http://www.Department2.University2.edu/GraduateStudent130}, {X=http://www.Department2.University2.edu/UndergraduateStudent61}, {X=http://www.Department2.University2.edu/UndergraduateStudent16}, {X=http://www.Department2.University2.edu/UndergraduateStudent319}, {X=http://www.Department2.University2.edu/GraduateStudent98}, {X=http://www.Department2.University2.edu/UndergraduateStudent71}, {X=http://www.Department2.University2.edu/UndergraduateStudent35}, {X=http://www.Department2.University2.edu/GraduateStudent120}, {X=http://www.Department2.University2.edu/UndergraduateStudent156}, {X=http://www.Department2.University2.edu/UndergraduateStudent153}, {X=http://www.Department2.University2.edu/UndergraduateStudent118}, {X=http://www.Department2.University2.edu/GraduateStudent90}, {X=http://www.Department2.University2.edu/GraduateStudent59}, {X=http://www.Department2.University2.edu/GraduateStudent43}, {X=http://www.Department2.University2.edu/UndergraduateStudent317}, {X=http://www.Department2.University2.edu/AssistantProfessor4}, {X=http://www.Department2.University2.edu/UndergraduateStudent121}, {X=http://www.Department2.University2.edu/FullProfessor2}, {X=http://www.Department2.University2.edu/UndergraduateStudent144}, {X=http://www.Department2.University2.edu/UndergraduateStudent251}, {X=http://www.Department2.University2.edu/UndergraduateStudent141}, {X=http://www.Department2.University2.edu/UndergraduateStudent265}, {X=http://www.Department2.University2.edu/GraduateStudent115}, {X=http://www.Department2.University2.edu/UndergraduateStudent268}, {X=http://www.Department2.University2.edu/GraduateStudent66}, {X=http://www.Department2.University2.edu/GraduateStudent5}, {X=http://www.Department2.University2.edu/UndergraduateStudent310}, {X=http://www.Department2.University2.edu/UndergraduateStudent183}, {X=http://www.Department2.University2.edu/UndergraduateStudent248}, {X=http://www.Department2.University2.edu/GraduateStudent69}, {X=http://www.Department2.University2.edu/UndergraduateStudent94}, {X=http://www.Department2.University2.edu/GraduateStudent73}, {X=http://www.Department2.University2.edu/UndergraduateStudent138}, {X=http://www.Department2.University2.edu/UndergraduateStudent37}, {X=http://www.Department2.University2.edu/UndergraduateStudent233}, {X=http://www.Department2.University2.edu/UndergraduateStudent291}, {X=http://www.Department2.University2.edu/UndergraduateStudent212}, {X=http://www.Department2.University2.edu/UndergraduateStudent55}, {X=http://www.Department2.University2.edu/UndergraduateStudent91}, {X=http://www.Department2.University2.edu/UndergraduateStudent222}, {X=http://www.Department2.University2.edu/UndergraduateStudent309}, {X=http://www.Department2.University2.edu/UndergraduateStudent332}, {X=http://www.Department2.University2.edu/GraduateStudent131}, {X=http://www.Department2.University2.edu/GraduateStudent53}, {X=http://www.Department2.University2.edu/GraduateStudent112}, {X=http://www.Department2.University2.edu/UndergraduateStudent73}, {X=http://www.Department2.University2.edu/UndergraduateStudent7}, {X=http://www.Department2.University2.edu/UndergraduateStudent116}, {X=http://www.Department2.University2.edu/UndergraduateStudent92}, {X=http://www.Department2.University2.edu/UndergraduateStudent201}, {X=http://www.Department2.University2.edu/GraduateStudent29}, {X=http://www.Department2.University2.edu/UndergraduateStudent85}, {X=http://www.Department2.University2.edu/AssociateProfessor4}, {X=http://www.Department2.University2.edu/UndergraduateStudent227}, {X=http://www.Department2.University2.edu/UndergraduateStudent3}, {X=http://www.Department2.University2.edu/UndergraduateStudent240}, {X=http://www.Department2.University2.edu/UndergraduateStudent197}, {X=http://www.Department2.University2.edu/UndergraduateStudent123}, {X=http://www.Department2.University2.edu/UndergraduateStudent311}, {X=http://www.Department2.University2.edu/GraduateStudent51}, {X=http://www.Department2.University2.edu/UndergraduateStudent285}, {X=http://www.Department2.University2.edu/UndergraduateStudent333}, {X=http://www.Department2.University2.edu/GraduateStudent8}, {X=http://www.Department2.University2.edu/GraduateStudent132}, {X=http://www.Department2.University2.edu/UndergraduateStudent218}, {X=http://www.Department2.University2.edu/GraduateStudent121}, {X=http://www.Department2.University2.edu/GraduateStudent127}, {X=http://www.Department2.University2.edu/UndergraduateStudent25}, {X=http://www.Department2.University2.edu/UndergraduateStudent254}, {X=http://www.Department2.University2.edu/GraduateStudent108}, {X=http://www.Department2.University2.edu/UndergraduateStudent47}, {X=http://www.Department2.University2.edu/GraduateStudent16}, {X=http://www.Department2.University2.edu/GraduateStudent21}, {X=http://www.Department2.University2.edu/UndergraduateStudent221}, {X=http://www.Department2.University2.edu/GraduateStudent10}, {X=http://www.Department2.University2.edu/UndergraduateStudent219}, {X=http://www.Department2.University2.edu/UndergraduateStudent24}, {X=http://www.Department2.University2.edu/UndergraduateStudent330}, {X=http://www.Department2.University2.edu/UndergraduateStudent297}, {X=http://www.Department2.University2.edu/UndergraduateStudent308}, {X=http://www.Department2.University2.edu/UndergraduateStudent128}, {X=http://www.Department2.University2.edu/UndergraduateStudent358}, {X=http://www.Department2.University2.edu/UndergraduateStudent13}, {X=http://www.Department2.University2.edu/GraduateStudent129}, {X=http://www.Department2.University2.edu/UndergraduateStudent253}, {X=http://www.Department2.University2.edu/UndergraduateStudent29}, {X=http://www.Department2.University2.edu/UndergraduateStudent193}, {X=http://www.Department2.University2.edu/GraduateStudent46}, {X=http://www.Department2.University2.edu/UndergraduateStudent122}, {X=http://www.Department2.University2.edu/UndergraduateStudent56}, {X=http://www.Department2.University2.edu/GraduateStudent125}, {X=http://www.Department2.University2.edu/UndergraduateStudent202}, {X=http://www.Department2.University2.edu/AssistantProfessor1}, {X=http://www.Department2.University2.edu/GraduateStudent86}, {X=http://www.Department2.University2.edu/AssistantProfessor2}, {X=http://www.Department2.University2.edu/UndergraduateStudent262}, {X=http://www.Department2.University2.edu/UndergraduateStudent163}, {X=http://www.Department2.University2.edu/UndergraduateStudent148}, {X=http://www.Department2.University2.edu/UndergraduateStudent76}, {X=http://www.Department2.University2.edu/GraduateStudent27}, {X=http://www.Department2.University2.edu/GraduateStudent64}, {X=http://www.Department2.University2.edu/UndergraduateStudent351}, {X=http://www.Department2.University2.edu/UndergraduateStudent78}, {X=http://www.Department2.University2.edu/GraduateStudent49}, {X=http://www.Department2.University2.edu/UndergraduateStudent338}, {X=http://www.Department2.University2.edu/AssociateProfessor0}, {X=http://www.Department2.University2.edu/UndergraduateStudent36}, {X=http://www.Department2.University2.edu/UndergraduateStudent339}, {X=http://www.Department2.University2.edu/GraduateStudent87}, {X=http://www.Department2.University2.edu/AssociateProfessor9}, {X=http://www.Department2.University2.edu/UndergraduateStudent167}, {X=http://www.Department2.University2.edu/GraduateStudent119}, {X=http://www.Department2.University2.edu/UndergraduateStudent72}, {X=http://www.Department2.University2.edu/UndergraduateStudent77}, {X=http://www.Department2.University2.edu/GraduateStudent97}, {X=http://www.Department2.University2.edu/GraduateStudent54}, {X=http://www.Department2.University2.edu/UndergraduateStudent9}, {X=http://www.Department2.University2.edu/UndergraduateStudent65}, {X=http://www.Department2.University2.edu/UndergraduateStudent11}, {X=http://www.Department2.University2.edu/UndergraduateStudent208}, {X=http://www.Department2.University2.edu/GraduateStudent128}, {X=http://www.Department2.University2.edu/UndergraduateStudent322}, {X=http://www.Department2.University2.edu/GraduateStudent89}, {X=http://www.Department2.University2.edu/UndergraduateStudent28}, {X=http://www.Department2.University2.edu/GraduateStudent25}, {X=http://www.Department2.University2.edu/UndergraduateStudent134}, {X=http://www.Department2.University2.edu/UndergraduateStudent335}, {X=http://www.Department2.University2.edu/UndergraduateStudent288}, {X=http://www.Department2.University2.edu/UndergraduateStudent97}, {X=http://www.Department2.University2.edu/UndergraduateStudent125}, {X=http://www.Department2.University2.edu/GraduateStudent76}, {X=http://www.Department2.University2.edu/GraduateStudent28}, {X=http://www.Department2.University2.edu/UndergraduateStudent137}, {X=http://www.Department2.University2.edu/UndergraduateStudent162}, {X=http://www.Department2.University2.edu/UndergraduateStudent293}, {X=http://www.Department2.University2.edu/UndergraduateStudent328}, {X=http://www.Department2.University2.edu/UndergraduateStudent350}, {X=http://www.Department2.University2.edu/UndergraduateStudent269}, {X=http://www.Department2.University2.edu/UndergraduateStudent64}, {X=http://www.Department2.University2.edu/UndergraduateStudent272}, {X=http://www.Department2.University2.edu/UndergraduateStudent245}, {X=http://www.Department2.University2.edu/UndergraduateStudent95}, {X=http://www.Department2.University2.edu/UndergraduateStudent109}, {X=http://www.Department2.University2.edu/UndergraduateStudent179}, {X=http://www.Department2.University2.edu/GraduateStudent63}, {X=http://www.Department2.University2.edu/GraduateStudent19}, {X=http://www.Department2.University2.edu/GraduateStudent22}, {X=http://www.Department2.University2.edu/UndergraduateStudent4}, {X=http://www.Department2.University2.edu/UndergraduateStudent280}, {X=http://www.Department2.University2.edu/GraduateStudent12}, {X=http://www.Department2.University2.edu/UndergraduateStudent38}, {X=http://www.Department2.University2.edu/UndergraduateStudent93}, {X=http://www.Department2.University2.edu/UndergraduateStudent58}, {X=http://www.Department2.University2.edu/UndergraduateStudent223}, {X=http://www.Department2.University2.edu/AssociateProfessor5}, {X=http://www.Department2.University2.edu/UndergraduateStudent146}, {X=http://www.Department2.University2.edu/AssistantProfessor8}, {X=http://www.Department2.University2.edu/UndergraduateStudent32}, {X=http://www.Department2.University2.edu/UndergraduateStudent220}, {X=http://www.Department2.University2.edu/GraduateStudent82}, {X=http://www.Department2.University2.edu/UndergraduateStudent286}, {X=http://www.Department2.University2.edu/UndergraduateStudent295}, {X=http://www.Department2.University2.edu/UndergraduateStudent267}, {X=http://www.Department2.University2.edu/UndergraduateStudent34}, {X=http://www.Department2.University2.edu/UndergraduateStudent355}, {X=http://www.Department2.University2.edu/GraduateStudent4}, {X=http://www.Department2.University2.edu/UndergraduateStudent320}, {X=http://www.Department2.University2.edu/UndergraduateStudent321}, {X=http://www.Department2.University2.edu/GraduateStudent60}, {X=http://www.Department2.University2.edu/UndergraduateStudent275}, {X=http://www.Department2.University2.edu/GraduateStudent26}, {X=http://www.Department2.University2.edu/UndergraduateStudent318}, {X=http://www.Department2.University2.edu/UndergraduateStudent57}, {X=http://www.Department2.University2.edu/UndergraduateStudent115}, {X=http://www.Department2.University2.edu/GraduateStudent106}, {X=http://www.Department2.University2.edu/GraduateStudent38}, {X=http://www.Department2.University2.edu/GraduateStudent34}, {X=http://www.Department2.University2.edu/UndergraduateStudent147}, {X=http://www.Department2.University2.edu/UndergraduateStudent46}, {X=http://www.Department2.University2.edu/UndergraduateStudent79}, {X=http://www.Department2.University2.edu/UndergraduateStudent63}, {X=http://www.Department2.University2.edu/UndergraduateStudent336}, {X=http://www.Department2.University2.edu/UndergraduateStudent256}, {X=http://www.Department2.University2.edu/GraduateStudent42}, {X=http://www.Department2.University2.edu/UndergraduateStudent214}, {X=http://www.Department2.University2.edu/GraduateStudent92}, {X=http://www.Department2.University2.edu/UndergraduateStudent313}, {X=http://www.Department2.University2.edu/UndergraduateStudent42}, {X=http://www.Department2.University2.edu/UndergraduateStudent100}, {X=http://www.Department2.University2.edu/UndergraduateStudent83}, {X=http://www.Department2.University2.edu/FullProfessor6}, {X=http://www.Department2.University2.edu/UndergraduateStudent69}, {X=http://www.Department2.University2.edu/GraduateStudent91}, {X=http://www.Department2.University2.edu/UndergraduateStudent111}, {X=http://www.Department2.University2.edu/UndergraduateStudent20}, {X=http://www.Department2.University2.edu/UndergraduateStudent87}, {X=http://www.Department2.University2.edu/UndergraduateStudent190}, {X=http://www.Department2.University2.edu/UndergraduateStudent189}, {X=http://www.Department2.University2.edu/UndergraduateStudent5}, {X=http://www.Department2.University2.edu/GraduateStudent30}, {X=http://www.Department2.University2.edu/GraduateStudent32}, {X=http://www.Department2.University2.edu/UndergraduateStudent331}, {X=http://www.Department2.University2.edu/GraduateStudent65}, {X=http://www.Department2.University2.edu/UndergraduateStudent226}, {X=http://www.Department2.University2.edu/UndergraduateStudent44}, {X=http://www.Department2.University2.edu/UndergraduateStudent132}, {X=http://www.Department2.University2.edu/UndergraduateStudent33}, {X=http://www.Department2.University2.edu/GraduateStudent7}, {X=http://www.Department2.University2.edu/UndergraduateStudent166}, {X=http://www.Department2.University2.edu/UndergraduateStudent74}, {X=http://www.Department2.University2.edu/UndergraduateStudent207}, {X=http://www.Department2.University2.edu/UndergraduateStudent244}, {X=http://www.Department2.University2.edu/UndergraduateStudent175}, {X=http://www.Department2.University2.edu/UndergraduateStudent45}, {X=http://www.Department2.University2.edu/UndergraduateStudent127}, {X=http://www.Department2.University2.edu/GraduateStudent93}, {X=http://www.Department2.University2.edu/UndergraduateStudent8}, {X=http://www.Department2.University2.edu/UndergraduateStudent53}, {X=http://www.Department2.University2.edu/UndergraduateStudent200}, {X=http://www.Department2.University2.edu/UndergraduateStudent232}, {X=http://www.Department2.University2.edu/UndergraduateStudent273}, {X=http://www.Department2.University2.edu/GraduateStudent79}, {X=http://www.Department2.University2.edu/GraduateStudent94}, {X=http://www.Department2.University2.edu/GraduateStudent95}, {X=http://www.Department2.University2.edu/UndergraduateStudent353}, {X=http://www.Department2.University2.edu/UndergraduateStudent18}, {X=http://www.Department2.University2.edu/Lecturer4}, {X=http://www.Department2.University2.edu/GraduateStudent110}, {X=http://www.Department2.University2.edu/UndergraduateStudent334}, {X=http://www.Department2.University2.edu/UndergraduateStudent27}, {X=http://www.Department2.University2.edu/UndergraduateStudent250}, {X=http://www.Department2.University2.edu/UndergraduateStudent30}, {X=http://www.Department2.University2.edu/UndergraduateStudent289}, {X=http://www.Department2.University2.edu/AssistantProfessor3}, {X=http://www.Department2.University2.edu/UndergraduateStudent257}, {X=http://www.Department2.University2.edu/UndergraduateStudent155}, {X=http://www.Department2.University2.edu/UndergraduateStudent327}, {X=http://www.Department2.University2.edu/UndergraduateStudent66}, {X=http://www.Department2.University2.edu/UndergraduateStudent229}, {X=http://www.Department2.University2.edu/UndergraduateStudent346}, {X=http://www.Department2.University2.edu/UndergraduateStudent180}, {X=http://www.Department2.University2.edu/GraduateStudent105}, {X=http://www.Department2.University2.edu/GraduateStudent77}, {X=http://www.Department2.University2.edu/UndergraduateStudent17}, {X=http://www.Department2.University2.edu/GraduateStudent78}, {X=http://www.Department2.University2.edu/UndergraduateStudent81}, {X=http://www.Department2.University2.edu/AssociateProfessor11}, {X=http://www.Department2.University2.edu/FullProfessor0}, {X=http://www.Department2.University2.edu/UndergraduateStudent228}, {X=http://www.Department2.University2.edu/UndergraduateStudent49}, {X=http://www.Department2.University2.edu/GraduateStudent45}, {X=http://www.Department2.University2.edu/UndergraduateStudent216}, {X=http://www.Department2.University2.edu/UndergraduateStudent142}, {X=http://www.Department2.University2.edu/UndergraduateStudent261}, {X=http://www.Department2.University2.edu/GraduateStudent11}, {X=http://www.Department2.University2.edu/UndergraduateStudent168}, {X=http://www.Department2.University2.edu/UndergraduateStudent0}, {X=http://www.Department2.University2.edu/UndergraduateStudent345}, {X=http://www.Department2.University2.edu/UndergraduateStudent266}, {X=http://www.Department2.University2.edu/GraduateStudent18}, {X=http://www.Department2.University2.edu/GraduateStudent6}, {X=http://www.Department2.University2.edu/Lecturer1}, {X=http://www.Department2.University2.edu/UndergraduateStudent110}, {X=http://www.Department2.University2.edu/UndergraduateStudent198}, {X=http://www.Department2.University2.edu/UndergraduateStudent195}, {X=http://www.Department2.University2.edu/UndergraduateStudent260}, {X=http://www.Department2.University2.edu/UndergraduateStudent307}, {X=http://www.Department2.University2.edu/UndergraduateStudent296}, {X=http://www.Department2.University2.edu/GraduateStudent13}, {X=http://www.Department2.University2.edu/UndergraduateStudent314}, {X=http://www.Department2.University2.edu/UndergraduateStudent344}, {X=http://www.Department2.University2.edu/AssociateProfessor10}, {X=http://www.Department2.University2.edu/UndergraduateStudent22}, {X=http://www.Department2.University2.edu/UndergraduateStudent108}, {X=http://www.Department2.University2.edu/UndergraduateStudent170}, {X=http://www.Department2.University2.edu/UndergraduateStudent103}, {X=http://www.Department2.University2.edu/UndergraduateStudent304}, {X=http://www.Department2.University2.edu/GraduateStudent36}, {X=http://www.Department2.University2.edu/UndergraduateStudent230}, {X=http://www.Department2.University2.edu/UndergraduateStudent41}, {X=http://www.Department2.University2.edu/UndergraduateStudent131}, {X=http://www.Department2.University2.edu/UndergraduateStudent255}, {X=http://www.Department2.University2.edu/GraduateStudent74}, {X=http://www.Department2.University2.edu/GraduateStudent114}, {X=http://www.Department2.University2.edu/UndergraduateStudent290}, {X=http://www.Department2.University2.edu/UndergraduateStudent86}, {X=http://www.Department2.University2.edu/UndergraduateStudent235}, {X=http://www.Department2.University2.edu/GraduateStudent14}, {X=http://www.Department2.University2.edu/Lecturer0}, {X=http://www.Department2.University2.edu/UndergraduateStudent188}, {X=http://www.Department2.University2.edu/UndergraduateStudent203}, {X=http://www.Department2.University2.edu/UndergraduateStudent15}, {X=http://www.Department2.University2.edu/UndergraduateStudent276}, {X=http://www.Department2.University2.edu/UndergraduateStudent62}, {X=http://www.Department2.University2.edu/UndergraduateStudent82}, {X=http://www.Department2.University2.edu/UndergraduateStudent215}, {X=http://www.Department2.University2.edu/UndergraduateStudent217}, {X=http://www.Department2.University2.edu/UndergraduateStudent112}, {X=http://www.Department2.University2.edu/GraduateStudent113}, {X=http://www.Department2.University2.edu/AssociateProfessor2}, {X=http://www.Department2.University2.edu/UndergraduateStudent106}, {X=http://www.Department2.University2.edu/GraduateStudent47}, {X=http://www.Department2.University2.edu/UndergraduateStudent259}, {X=http://www.Department2.University2.edu/UndergraduateStudent12}, {X=http://www.Department2.University2.edu/GraduateStudent104}, {X=http://www.Department2.University2.edu/UndergraduateStudent23}, {X=http://www.Department2.University2.edu/GraduateStudent124}, {X=http://www.Department2.University2.edu/FullProfessor1}, {X=http://www.Department2.University2.edu/UndergraduateStudent6}, {X=http://www.Department2.University2.edu/UndergraduateStudent206}, {X=http://www.Department2.University2.edu/GraduateStudent117}, {X=http://www.Department2.University2.edu/UndergraduateStudent315}, {X=http://www.Department2.University2.edu/UndergraduateStudent172}, {X=http://www.Department2.University2.edu/Lecturer3}, {X=http://www.Department2.University2.edu/UndergraduateStudent145}, {X=http://www.Department2.University2.edu/UndergraduateStudent252}, {X=http://www.Department2.University2.edu/UndergraduateStudent199}, {X=http://www.Department2.University2.edu/UndergraduateStudent192}, {X=http://www.Department2.University2.edu/GraduateStudent57}, {X=http://www.Department2.University2.edu/GraduateStudent101}, {X=http://www.Department2.University2.edu/UndergraduateStudent26}, {X=http://www.Department2.University2.edu/UndergraduateStudent173}, {X=http://www.Department2.University2.edu/GraduateStudent103}, {X=http://www.Department2.University2.edu/UndergraduateStudent160}, {X=http://www.Department2.University2.edu/UndergraduateStudent184}, {X=http://www.Department2.University2.edu/UndergraduateStudent326}, {X=http://www.Department2.University2.edu/AssistantProfessor7}, {X=http://www.Department2.University2.edu/GraduateStudent33}, {X=http://www.Department2.University2.edu/GraduateStudent111}, {X=http://www.Department2.University2.edu/UndergraduateStudent271}, {X=http://www.Department2.University2.edu/UndergraduateStudent287}, {X=http://www.Department2.University2.edu/GraduateStudent88}, {X=http://www.Department2.University2.edu/UndergraduateStudent80}, {X=http://www.Department2.University2.edu/UndergraduateStudent359}, {X=http://www.Department2.University2.edu/GraduateStudent123}, {X=http://www.Department2.University2.edu/FullProfessor5}, {X=http://www.Department2.University2.edu/GraduateStudent116}, {X=http://www.Department2.University2.edu/UndergraduateStudent239}, {X=http://www.Department2.University2.edu/GraduateStudent68}, {X=http://www.Department2.University2.edu/UndergraduateStudent96}, {X=http://www.Department2.University2.edu/UndergraduateStudent178}, {X=http://www.Department2.University2.edu/UndergraduateStudent157}, {X=http://www.Department2.University2.edu/UndergraduateStudent105}, {X=http://www.Department2.University2.edu/GraduateStudent122}, {X=http://www.Department2.University2.edu/UndergraduateStudent50}, {X=http://www.Department2.University2.edu/UndergraduateStudent316}, {X=http://www.Department2.University2.edu/UndergraduateStudent303}, {X=http://www.Department2.University2.edu/UndergraduateStudent181}, {X=http://www.Department2.University2.edu/UndergraduateStudent301}, {X=http://www.Department2.University2.edu/UndergraduateStudent243}, {X=http://www.Department2.University2.edu/UndergraduateStudent120}, {X=http://www.Department2.University2.edu/UndergraduateStudent14}, {X=http://www.Department2.University2.edu/GraduateStudent126}, {X=http://www.Department2.University2.edu/FullProfessor4}, {X=http://www.Department2.University2.edu/GraduateStudent9}, {X=http://www.Department2.University2.edu/GraduateStudent31}, {X=http://www.Department2.University2.edu/UndergraduateStudent205}, {X=http://www.Department2.University2.edu/UndergraduateStudent347}, {X=http://www.Department2.University2.edu/UndergraduateStudent133}, {X=http://www.Department2.University2.edu/UndergraduateStudent136}, {X=http://www.Department2.University2.edu/UndergraduateStudent40}, {X=http://www.Department2.University2.edu/GraduateStudent109}, {X=http://www.Department2.University2.edu/AssistantProfessor6}, {X=http://www.Department2.University2.edu/UndergraduateStudent325}, {X=http://www.Department2.University2.edu/UndergraduateStudent210}, {X=http://www.Department2.University2.edu/UndergraduateStudent139}, {X=http://www.Department2.University2.edu/GraduateStudent99}, {X=http://www.Department2.University2.edu/UndergraduateStudent114}, {X=http://www.Department2.University2.edu/GraduateStudent50}, {X=http://www.Department2.University2.edu/UndergraduateStudent298}, {X=http://www.Department2.University2.edu/UndergraduateStudent31}, {X=http://www.Department2.University2.edu/UndergraduateStudent60}, {X=http://www.Department2.University2.edu/UndergraduateStudent249}, {X=http://www.Department2.University2.edu/UndergraduateStudent149}, {X=http://www.Department2.University2.edu/UndergraduateStudent352}, {X=http://www.Department2.University2.edu/UndergraduateStudent236}, {X=http://www.Department2.University2.edu/UndergraduateStudent211}, {X=http://www.Department2.University2.edu/GraduateStudent96}, {X=http://www.Department2.University2.edu/UndergraduateStudent107}, {X=http://www.Department2.University2.edu/GraduateStudent52}, {X=http://www.Department2.University2.edu/AssociateProfessor3}, {X=http://www.Department2.University2.edu/GraduateStudent85}, {X=http://www.Department2.University2.edu/UndergraduateStudent54}, {X=http://www.Department2.University2.edu/GraduateStudent56}, {X=http://www.Department2.University2.edu/UndergraduateStudent237}, {X=http://www.Department2.University2.edu/UndergraduateStudent306}, {X=http://www.Department2.University2.edu/GraduateStudent62}, {X=http://www.Department2.University2.edu/GraduateStudent40}, {X=http://www.Department2.University2.edu/GraduateStudent84}, {X=http://www.Department2.University2.edu/UndergraduateStudent340}, {X=http://www.Department2.University2.edu/UndergraduateStudent67}, {X=http://www.Department2.University2.edu/UndergraduateStudent70}, {X=http://www.Department2.University2.edu/UndergraduateStudent299}, {X=http://www.Department2.University2.edu/UndergraduateStudent129}, {X=http://www.Department2.University2.edu/UndergraduateStudent161}, {X=http://www.Department2.University2.edu/AssistantProfessor0}, {X=http://www.Department2.University2.edu/UndergraduateStudent10}, {X=http://www.Department2.University2.edu/UndergraduateStudent348}, {X=http://www.Department2.University2.edu/UndergraduateStudent357}, {X=http://www.Department2.University2.edu/GraduateStudent17}, {X=http://www.Department2.University2.edu/UndergraduateStudent59}, {X=http://www.Department2.University2.edu/UndergraduateStudent209}, {X=http://www.Department2.University2.edu/FullProfessor3}, {X=http://www.Department2.University2.edu/UndergraduateStudent1}, {X=http://www.Department2.University2.edu/AssociateProfessor8}, {X=http://www.Department2.University2.edu/UndergraduateStudent104}, {X=http://www.Department2.University2.edu/GraduateStudent80}, {X=http://www.Department2.University2.edu/UndergraduateStudent337}, {X=http://www.Department2.University2.edu/GraduateStudent67}, {X=http://www.Department2.University2.edu/UndergraduateStudent43}, {X=http://www.Department2.University2.edu/Lecturer5}, {X=http://www.Department2.University2.edu/GraduateStudent41}, {X=http://www.Department2.University2.edu/UndergraduateStudent102}, {X=http://www.Department2.University2.edu/UndergraduateStudent117}, {X=http://www.Department2.University2.edu/UndergraduateStudent182}, {X=http://www.Department2.University2.edu/UndergraduateStudent324}, {X=http://www.Department2.University2.edu/UndergraduateStudent51}, {X=http://www.Department2.University2.edu/GraduateStudent107}, {X=http://www.Department2.University2.edu/UndergraduateStudent119}, {X=http://www.Department2.University2.edu/GraduateStudent58}, {X=http://www.Department2.University2.edu/UndergraduateStudent274}, {X=http://www.Department2.University2.edu/UndergraduateStudent258}, {X=http://www.Department2.University2.edu/UndergraduateStudent177}, {X=http://www.Department2.University2.edu/GraduateStudent75}, {X=http://www.Department2.University2.edu/UndergraduateStudent140}, {X=http://www.Department2.University2.edu/UndergraduateStudent101}, {X=http://www.Department2.University2.edu/UndergraduateStudent90}, {X=http://www.Department2.University2.edu/UndergraduateStudent135}, {X=http://www.Department2.University2.edu/GraduateStudent35}, {X=http://www.Department2.University2.edu/GraduateStudent71}, {X=http://www.Department2.University2.edu/UndergraduateStudent312}, {X=http://www.Department2.University2.edu/UndergraduateStudent186}, {X=http://www.Department2.University2.edu/UndergraduateStudent341}, {X=http://www.Department2.University2.edu/UndergraduateStudent342}, {X=http://www.Department2.University2.edu/UndergraduateStudent158}, {X=http://www.Department2.University2.edu/UndergraduateStudent171}, {X=http://www.Department2.University2.edu/AssociateProfessor6}, {X=http://www.Department2.University2.edu/UndergraduateStudent300}, {X=http://www.Department2.University2.edu/UndergraduateStudent165}, {X=http://www.Department2.University2.edu/Lecturer2}, {X=http://www.Department2.University2.edu/UndergraduateStudent151}, {X=http://www.Department2.University2.edu/UndergraduateStudent88}, {X=http://www.Department2.University2.edu/UndergraduateStudent194}, {X=http://www.Department2.University2.edu/UndergraduateStudent169}, {X=http://www.Department2.University2.edu/GraduateStudent3}, {X=http://www.Department2.University2.edu/UndergraduateStudent302}, {X=http://www.Department2.University2.edu/UndergraduateStudent231}, {X=http://www.Department2.University2.edu/UndergraduateStudent264}, {X=http://www.Department2.University2.edu/UndergraduateStudent247}, {X=http://www.Department2.University2.edu/GraduateStudent55}, {X=http://www.Department2.University2.edu/GraduateStudent1}, {X=http://www.Department2.University2.edu/UndergraduateStudent283}, {X=http://www.Department2.University2.edu/UndergraduateStudent191}, {X=http://www.Department2.University2.edu/UndergraduateStudent98}, {X=http://www.Department2.University2.edu/GraduateStudent70}, {X=http://www.Department2.University2.edu/UndergraduateStudent75}, {X=http://www.Department2.University2.edu/UndergraduateStudent204}, {X=http://www.Department2.University2.edu/GraduateStudent44}, {X=http://www.Department2.University2.edu/UndergraduateStudent356}, {X=http://www.Department2.University2.edu/UndergraduateStudent360}, {X=http://www.Department2.University2.edu/UndergraduateStudent277}, {X=http://www.Department2.University2.edu/UndergraduateStudent2}, {X=http://www.Department2.University2.edu/UndergraduateStudent84}, {X=http://www.Department2.University2.edu/UndergraduateStudent282}, {X=http://www.Department2.University2.edu/UndergraduateStudent224}, {X=http://www.Department2.University2.edu/GraduateStudent20}, {X=http://www.Department2.University2.edu/UndergraduateStudent281}, {X=http://www.Department2.University2.edu/AssociateProfessor1}, {X=http://www.Department2.University2.edu/GraduateStudent39}, {X=http://www.Department2.University2.edu/UndergraduateStudent68}, {X=http://www.Department2.University2.edu/UndergraduateStudent19}, {X=http://www.Department2.University2.edu/UndergraduateStudent323}, {X=http://www.Department2.University2.edu/GraduateStudent102}, {X=http://www.Department2.University2.edu/GraduateStudent81}, {X=http://www.Department2.University2.edu/UndergraduateStudent154}, {X=http://www.Department2.University2.edu/GraduateStudent48}, {X=http://www.Department2.University2.edu/UndergraduateStudent152}, {X=http://www.Department2.University2.edu/UndergraduateStudent329}, {X=http://www.Department2.University2.edu/UndergraduateStudent21}, {X=http://www.Department2.University2.edu/UndergraduateStudent159}, {X=http://www.Department2.University2.edu/GraduateStudent15}, {X=http://www.Department2.University2.edu/UndergraduateStudent99}, {X=http://www.Department2.University2.edu/UndergraduateStudent242}, {X=http://www.Department2.University2.edu/UndergraduateStudent292}, {X=http://www.Department2.University2.edu/UndergraduateStudent343}, {X=http://www.Department2.University2.edu/UndergraduateStudent238}, {X=http://www.Department2.University2.edu/GraduateStudent23}, {X=http://www.Department2.University2.edu/UndergraduateStudent187}, {X=http://www.Department2.University2.edu/AssistantProfessor5}, {X=http://www.Department2.University2.edu/GraduateStudent100}, {X=http://www.Department2.University2.edu/UndergraduateStudent143}, {X=http://www.Department2.University2.edu/UndergraduateStudent174}, {X=http://www.Department2.University2.edu/GraduateStudent2}, {X=http://www.Department2.University2.edu/UndergraduateStudent234}, {X=http://www.Department2.University2.edu/UndergraduateStudent150}, {X=http://www.Department2.University2.edu/UndergraduateStudent164}, {X=http://www.Department2.University2.edu/UndergraduateStudent241}, {X=http://www.Department2.University2.edu/UndergraduateStudent126}, {X=http://www.Department2.University2.edu/UndergraduateStudent225}, {X=http://www.Department2.University2.edu/UndergraduateStudent185}, {X=http://www.Department2.University2.edu/UndergraduateStudent196}, {X=http://www.Department2.University2.edu/GraduateStudent118}, {X=http://www.Department2.University2.edu/UndergraduateStudent113}, {X=http://www.Department2.University2.edu/UndergraduateStudent130}, {X=http://www.Department2.University2.edu/UndergraduateStudent279}, {X=http://www.Department2.University2.edu/UndergraduateStudent305}, {X=http://www.Department2.University2.edu/GraduateStudent37}, {X=http://www.Department2.University2.edu/GraduateStudent61}, {X=http://www.Department2.University2.edu/UndergraduateStudent246}, {X=http://www.Department2.University2.edu/GraduateStudent72}, {X=http://www.Department2.University2.edu/UndergraduateStudent294}, {X=http://www.Department2.University2.edu/UndergraduateStudent278}, {X=http://www.Department2.University2.edu/UndergraduateStudent270}, {X=http://www.Department2.University2.edu/UndergraduateStudent284}, {X=http://www.Department2.University2.edu/UndergraduateStudent89}, {X=http://www.Department2.University2.edu/GraduateStudent0}, {X=http://www.Department2.University2.edu/UndergraduateStudent213}, {X=http://www.Department2.University2.edu/UndergraduateStudent349}, {X=http://www.Department2.University2.edu/UndergraduateStudent263}, {X=http://www.Department2.University2.edu/GraduateStudent24}, {X=http://www.Department2.University2.edu/UndergraduateStudent176}, {X=http://www.Department2.University2.edu/UndergraduateStudent39}, {X=http://www.Department2.University2.edu/AssociateProfessor7}, {X=http://www.Department2.University2.edu/UndergraduateStudent124}, {X=http://www.Department2.University2.edu/UndergraduateStudent52}, {X=http://www.Department2.University2.edu/UndergraduateStudent354}, {X=http://www.Department2.University2.edu/GraduateStudent83}, {X=http://www.Department2.University2.edu/UndergraduateStudent48}, {X=http://www.Department2.University2.edu/GraduateStudent130}, {X=http://www.Department2.University2.edu/UndergraduateStudent61}, {X=http://www.Department2.University2.edu/UndergraduateStudent16}, {X=http://www.Department2.University2.edu/UndergraduateStudent319}, {X=http://www.Department2.University2.edu/GraduateStudent98}, {X=http://www.Department2.University2.edu/UndergraduateStudent71}, {X=http://www.Department2.University2.edu/UndergraduateStudent35}, {X=http://www.Department2.University2.edu/GraduateStudent120}, {X=http://www.Department2.University2.edu/UndergraduateStudent156}, {X=http://www.Department2.University2.edu/UndergraduateStudent153}, {X=http://www.Department2.University2.edu/UndergraduateStudent118}, {X=http://www.Department2.University2.edu/GraduateStudent90}, {X=http://www.Department2.University2.edu/GraduateStudent59}, {X=http://www.Department2.University2.edu/GraduateStudent43}, {X=http://www.Department2.University2.edu/UndergraduateStudent317}, {X=http://www.Department2.University2.edu/AssistantProfessor4}, {X=http://www.Department2.University2.edu/UndergraduateStudent121}, {X=http://www.Department2.University2.edu/FullProfessor2}, {X=http://www.Department2.University2.edu/UndergraduateStudent144}, {X=http://www.Department2.University2.edu/UndergraduateStudent251}, {X=http://www.Department2.University2.edu/UndergraduateStudent141}, {X=http://www.Department2.University2.edu/UndergraduateStudent265}, {X=http://www.Department2.University2.edu/GraduateStudent115}, {X=http://www.Department2.University2.edu/UndergraduateStudent268}, {X=http://www.Department2.University2.edu/GraduateStudent66}, {X=http://www.Department2.University2.edu/GraduateStudent5}, {X=http://www.Department2.University2.edu/UndergraduateStudent310}, {X=http://www.Department2.University2.edu/UndergraduateStudent183}, {X=http://www.Department2.University2.edu/UndergraduateStudent248}, {X=http://www.Department2.University2.edu/GraduateStudent69}, {X=http://www.Department2.University2.edu/UndergraduateStudent94}, {X=http://www.Department2.University2.edu/GraduateStudent73}, {X=http://www.Department2.University2.edu/UndergraduateStudent138}, {X=http://www.Department2.University2.edu/UndergraduateStudent37}, {X=http://www.Department2.University2.edu/UndergraduateStudent233}, {X=http://www.Department2.University2.edu/UndergraduateStudent291}, {X=http://www.Department2.University2.edu/UndergraduateStudent212}, {X=http://www.Department2.University2.edu/UndergraduateStudent55}, {X=http://www.Department2.University2.edu/UndergraduateStudent91}, {X=http://www.Department2.University2.edu/UndergraduateStudent222}, {X=http://www.Department2.University2.edu/UndergraduateStudent309}, {X=http://www.Department2.University2.edu/UndergraduateStudent332}, {X=http://www.Department2.University2.edu/GraduateStudent131}, {X=http://www.Department2.University2.edu/GraduateStudent53}, {X=http://www.Department2.University2.edu/GraduateStudent112}, {X=http://www.Department2.University2.edu/UndergraduateStudent73}, {X=http://www.Department2.University2.edu/UndergraduateStudent7}, {X=http://www.Department2.University2.edu/UndergraduateStudent116}, {X=http://www.Department2.University2.edu/UndergraduateStudent92}, {X=http://www.Department2.University2.edu/UndergraduateStudent201}, {X=http://www.Department2.University2.edu/GraduateStudent29}, {X=http://www.Department2.University2.edu/UndergraduateStudent85}, {X=http://www.Department2.University2.edu/AssociateProfessor4}, {X=http://www.Department2.University2.edu/UndergraduateStudent227}, {X=http://www.Department2.University2.edu/UndergraduateStudent3}, {X=http://www.Department2.University2.edu/UndergraduateStudent240}, {X=http://www.Department2.University2.edu/UndergraduateStudent197}, {X=http://www.Department2.University2.edu/UndergraduateStudent123}, {X=http://www.Department2.University2.edu/UndergraduateStudent311}, {X=http://www.Department2.University2.edu/GraduateStudent51}, {X=http://www.Department2.University2.edu/UndergraduateStudent285}, {X=http://www.Department2.University2.edu/UndergraduateStudent333}, {X=http://www.Department2.University2.edu/GraduateStudent8}, {X=http://www.Department2.University2.edu/GraduateStudent132}, {X=http://www.Department2.University2.edu/UndergraduateStudent218}, {X=http://www.Department2.University2.edu/GraduateStudent121}, {X=http://www.Department2.University2.edu/GraduateStudent127}, {X=http://www.Department2.University2.edu/UndergraduateStudent25}, {X=http://www.Department2.University2.edu/UndergraduateStudent254}, {X=http://www.Department2.University2.edu/GraduateStudent108}, {X=http://www.Department2.University2.edu/UndergraduateStudent47}, {X=http://www.Department2.University2.edu/GraduateStudent16}, {X=http://www.Department2.University2.edu/GraduateStudent21}, {X=http://www.Department2.University2.edu/UndergraduateStudent221}, {X=http://www.Department2.University2.edu/GraduateStudent10}, {X=http://www.Department2.University2.edu/UndergraduateStudent219}, {X=http://www.Department2.University2.edu/UndergraduateStudent24}, {X=http://www.Department2.University2.edu/UndergraduateStudent330}, {X=http://www.Department2.University2.edu/UndergraduateStudent297}, {X=http://www.Department2.University2.edu/UndergraduateStudent308}, {X=http://www.Department2.University2.edu/UndergraduateStudent128}, {X=http://www.Department2.University2.edu/UndergraduateStudent358}, {X=http://www.Department2.University2.edu/UndergraduateStudent13}, {X=http://www.Department2.University2.edu/GraduateStudent129}, {X=http://www.Department2.University2.edu/UndergraduateStudent253}, {X=http://www.Department2.University2.edu/UndergraduateStudent29}, {X=http://www.Department2.University2.edu/UndergraduateStudent193}, {X=http://www.Department2.University2.edu/GraduateStudent46}, {X=http://www.Department2.University2.edu/UndergraduateStudent122}, {X=http://www.Department2.University2.edu/UndergraduateStudent56}, {X=http://www.Department2.University2.edu/GraduateStudent125}, {X=http://www.Department2.University2.edu/UndergraduateStudent202}, {X=http://www.Department2.University2.edu/AssistantProfessor1}, {X=http://www.Department2.University2.edu/GraduateStudent86}, {X=http://www.Department2.University2.edu/AssistantProfessor2}, {X=http://www.Department2.University2.edu/UndergraduateStudent262}, {X=http://www.Department2.University2.edu/UndergraduateStudent163}, {X=http://www.Department2.University2.edu/UndergraduateStudent148}, {X=http://www.Department2.University2.edu/UndergraduateStudent76}, {X=http://www.Department2.University2.edu/GraduateStudent27}, {X=http://www.Department2.University2.edu/GraduateStudent64}, {X=http://www.Department2.University2.edu/UndergraduateStudent351}, {X=http://www.Department2.University2.edu/UndergraduateStudent78}, {X=http://www.Department2.University2.edu/GraduateStudent49}, {X=http://www.Department2.University2.edu/UndergraduateStudent338}, {X=http://www.Department2.University2.edu/AssociateProfessor0}, {X=http://www.Department2.University2.edu/UndergraduateStudent36}, {X=http://www.Department2.University2.edu/UndergraduateStudent339}, {X=http://www.Department2.University2.edu/GraduateStudent87}, {X=http://www.Department2.University2.edu/AssociateProfessor9}, {X=http://www.Department2.University2.edu/UndergraduateStudent167}, {X=http://www.Department2.University2.edu/GraduateStudent119}, {X=http://www.Department2.University2.edu/UndergraduateStudent72}, {X=http://www.Department2.University2.edu/UndergraduateStudent77}, {X=http://www.Department2.University2.edu/GraduateStudent97}, {X=http://www.Department2.University2.edu/GraduateStudent54}, {X=http://www.Department2.University2.edu/UndergraduateStudent9}, {X=http://www.Department2.University2.edu/UndergraduateStudent65}, {X=http://www.Department2.University2.edu/UndergraduateStudent11}, {X=http://www.Department2.University2.edu/UndergraduateStudent208}, {X=http://www.Department2.University2.edu/GraduateStudent128}, {X=http://www.Department2.University2.edu/UndergraduateStudent322}, {X=http://www.Department2.University2.edu/GraduateStudent89}, {X=http://www.Department2.University2.edu/UndergraduateStudent28}, {X=http://www.Department2.University2.edu/GraduateStudent25}, {X=http://www.Department2.University2.edu/UndergraduateStudent134}, {X=http://www.Department2.University2.edu/UndergraduateStudent335}, {X=http://www.Department2.University2.edu/UndergraduateStudent288}, {X=http://www.Department2.University2.edu/UndergraduateStudent97}, {X=http://www.Department2.University2.edu/UndergraduateStudent125}, {X=http://www.Department2.University2.edu/GraduateStudent76}, {X=http://www.Department2.University2.edu/GraduateStudent28}, {X=http://www.Department2.University2.edu/UndergraduateStudent137}, {X=http://www.Department2.University2.edu/UndergraduateStudent162}, {X=http://www.Department2.University2.edu/UndergraduateStudent293}, {X=http://www.Department2.University2.edu/UndergraduateStudent328}, {X=http://www.Department2.University2.edu/UndergraduateStudent350}, {X=http://www.Department2.University2.edu/UndergraduateStudent269}, {X=http://www.Department2.University2.edu/UndergraduateStudent64}, {X=http://www.Department2.University2.edu/UndergraduateStudent272}, {X=http://www.Department2.University2.edu/UndergraduateStudent245}, {X=http://www.Department2.University2.edu/UndergraduateStudent95}, {X=http://www.Department2.University2.edu/UndergraduateStudent109}, {X=http://www.Department2.University2.edu/UndergraduateStudent179}, {X=http://www.Department2.University2.edu/GraduateStudent63}, {X=http://www.Department2.University2.edu/GraduateStudent19}, {X=http://www.Department2.University2.edu/GraduateStudent22}, {X=http://www.Department2.University2.edu/UndergraduateStudent4}, {X=http://www.Department2.University2.edu/UndergraduateStudent280}, {X=http://www.Department2.University2.edu/GraduateStudent12}, {X=http://www.Department2.University2.edu/UndergraduateStudent38}, {X=http://www.Department2.University2.edu/UndergraduateStudent93}, {X=http://www.Department2.University2.edu/UndergraduateStudent58}, {X=http://www.Department2.University2.edu/UndergraduateStudent223}, {X=http://www.Department2.University2.edu/AssociateProfessor5}, {X=http://www.Department2.University2.edu/UndergraduateStudent146}, {X=http://www.Department2.University2.edu/AssistantProfessor8}, {X=http://www.Department2.University2.edu/UndergraduateStudent32}, {X=http://www.Department2.University2.edu/UndergraduateStudent220}, {X=http://www.Department2.University2.edu/GraduateStudent82}, {X=http://www.Department2.University2.edu/UndergraduateStudent286}, {X=http://www.Department2.University2.edu/UndergraduateStudent295}, {X=http://www.Department2.University2.edu/UndergraduateStudent267}, {X=http://www.Department2.University2.edu/UndergraduateStudent34}, {X=http://www.Department2.University2.edu/UndergraduateStudent355}, {X=http://www.Department2.University2.edu/GraduateStudent4}, {X=http://www.Department2.University2.edu/UndergraduateStudent320}, {X=http://www.Department2.University2.edu/UndergraduateStudent321}, {X=http://www.Department2.University2.edu/GraduateStudent60}, {X=http://www.Department2.University2.edu/UndergraduateStudent275}, {X=http://www.Department2.University2.edu/GraduateStudent26}, {X=http://www.Department2.University2.edu/UndergraduateStudent318}, {X=http://www.Department2.University2.edu/UndergraduateStudent57}, {X=http://www.Department2.University2.edu/UndergraduateStudent115}, {X=http://www.Department2.University2.edu/GraduateStudent106}, {X=http://www.Department2.University2.edu/GraduateStudent38}, {X=http://www.Department2.University2.edu/GraduateStudent34}, {X=http://www.Department2.University2.edu/UndergraduateStudent147}, {X=http://www.Department2.University2.edu/UndergraduateStudent46}, {X=http://www.Department2.University2.edu/UndergraduateStudent79}, {X=http://www.Department2.University2.edu/UndergraduateStudent63}, {X=http://www.Department2.University2.edu/UndergraduateStudent336}, {X=http://www.Department2.University2.edu/UndergraduateStudent256}, {X=http://www.Department2.University2.edu/GraduateStudent42}, {X=http://www.Department2.University2.edu/UndergraduateStudent214}, {X=http://www.Department2.University2.edu/GraduateStudent92}, {X=http://www.Department2.University2.edu/UndergraduateStudent313}, {X=http://www.Department2.University2.edu/UndergraduateStudent42}, {X=http://www.Department2.University2.edu/UndergraduateStudent100}, {X=http://www.Department2.University2.edu/UndergraduateStudent83}, {X=http://www.Department2.University2.edu/FullProfessor6}, {X=http://www.Department2.University2.edu/UndergraduateStudent69}, {X=http://www.Department2.University2.edu/GraduateStudent91}, {X=http://www.Department2.University2.edu/UndergraduateStudent111}, {X=http://www.Department2.University2.edu/UndergraduateStudent20}, {X=http://www.Department2.University2.edu/UndergraduateStudent87}, {X=http://www.Department2.University2.edu/UndergraduateStudent190}, {X=http://www.Department2.University2.edu/UndergraduateStudent189}, {X=http://www.Department2.University2.edu/UndergraduateStudent5}, {X=http://www.Department2.University2.edu/GraduateStudent30}, {X=http://www.Department2.University2.edu/GraduateStudent32}, {X=http://www.Department2.University2.edu/UndergraduateStudent331}, {X=http://www.Department2.University2.edu/GraduateStudent65}, {X=http://www.Department2.University2.edu/UndergraduateStudent226}, {X=http://www.Department2.University2.edu/UndergraduateStudent44}, {X=http://www.Department2.University2.edu/UndergraduateStudent132}, {X=http://www.Department2.University2.edu/UndergraduateStudent33}, {X=http://www.Department2.University2.edu/GraduateStudent7}, {X=http://www.Department2.University2.edu/UndergraduateStudent166}, {X=http://www.Department2.University2.edu/UndergraduateStudent74}, {X=http://www.Department2.University2.edu/UndergraduateStudent207}, {X=http://www.Department2.University2.edu/UndergraduateStudent244}, {X=http://www.Department2.University2.edu/UndergraduateStudent175}, {X=http://www.Department2.University2.edu/UndergraduateStudent45}, {X=http://www.Department2.University2.edu/UndergraduateStudent127}, {X=http://www.Department2.University2.edu/GraduateStudent93}, {X=http://www.Department2.University2.edu/UndergraduateStudent8}, {X=http://www.Department2.University2.edu/UndergraduateStudent53}, {X=http://www.Department2.University2.edu/UndergraduateStudent200}, {X=http://www.Department2.University2.edu/UndergraduateStudent232}, {X=http://www.Department2.University2.edu/UndergraduateStudent273}, {X=http://www.Department2.University2.edu/GraduateStudent79}, {X=http://www.Department2.University2.edu/GraduateStudent94}, {X=http://www.Department2.University2.edu/GraduateStudent95}, {X=http://www.Department2.University2.edu/UndergraduateStudent353}, {X=http://www.Department2.University2.edu/UndergraduateStudent18}, {X=http://www.Department2.University2.edu/Lecturer4}, {X=http://www.Department2.University2.edu/GraduateStudent110}, {X=http://www.Department2.University2.edu/UndergraduateStudent334}, {X=http://www.Department2.University2.edu/UndergraduateStudent27}, {X=http://www.Department2.University2.edu/UndergraduateStudent250}, {X=http://www.Department2.University2.edu/UndergraduateStudent30}, {X=http://www.Department2.University2.edu/UndergraduateStudent289}, {X=http://www.Department2.University2.edu/AssistantProfessor3}, {X=http://www.Department2.University2.edu/UndergraduateStudent257}, {X=http://www.Department2.University2.edu/UndergraduateStudent155}, {X=http://www.Department2.University2.edu/UndergraduateStudent327}, {X=http://www.Department2.University2.edu/UndergraduateStudent66}, {X=http://www.Department2.University2.edu/UndergraduateStudent229}, {X=http://www.Department2.University2.edu/UndergraduateStudent346}, {X=http://www.Department2.University2.edu/UndergraduateStudent180}, {X=http://www.Department2.University2.edu/GraduateStudent105}, {X=http://www.Department2.University2.edu/GraduateStudent77}, {X=http://www.Department2.University2.edu/UndergraduateStudent17}, {X=http://www.Department2.University2.edu/GraduateStudent78}, {X=http://www.Department2.University2.edu/UndergraduateStudent81}, {X=http://www.Department2.University2.edu/AssociateProfessor11}, {X=http://www.Department2.University2.edu/FullProfessor0}, {X=http://www.Department2.University2.edu/UndergraduateStudent228}, {X=http://www.Department2.University2.edu/UndergraduateStudent49}, {X=http://www.Department2.University2.edu/GraduateStudent45}, {X=http://www.Department2.University2.edu/UndergraduateStudent216}, {X=http://www.Department2.University2.edu/UndergraduateStudent142}, {X=http://www.Department2.University2.edu/UndergraduateStudent261}, {X=http://www.Department2.University2.edu/GraduateStudent11}, {X=http://www.Department2.University2.edu/UndergraduateStudent168}, {X=http://www.Department2.University2.edu/UndergraduateStudent0}, {X=http://www.Department2.University2.edu/UndergraduateStudent345}, {X=http://www.Department2.University2.edu/UndergraduateStudent266}, {X=http://www.Department2.University2.edu/GraduateStudent18}, {X=http://www.Department2.University2.edu/GraduateStudent6}, {X=http://www.Department2.University2.edu/Lecturer1}, {X=http://www.Department2.University2.edu/UndergraduateStudent110}, {X=http://www.Department2.University2.edu/UndergraduateStudent198}, {X=http://www.Department2.University2.edu/UndergraduateStudent195}, {X=http://www.Department2.University2.edu/UndergraduateStudent260}, {X=http://www.Department2.University2.edu/UndergraduateStudent307}, {X=http://www.Department2.University2.edu/UndergraduateStudent296}, {X=http://www.Department2.University2.edu/GraduateStudent13}, {X=http://www.Department2.University2.edu/UndergraduateStudent314}, {X=http://www.Department2.University2.edu/UndergraduateStudent344}, {X=http://www.Department2.University2.edu/AssociateProfessor10}, {X=http://www.Department2.University2.edu/UndergraduateStudent22}, {X=http://www.Department2.University2.edu/UndergraduateStudent108}, {X=http://www.Department2.University2.edu/UndergraduateStudent170}, {X=http://www.Department2.University2.edu/UndergraduateStudent103}, {X=http://www.Department2.University2.edu/UndergraduateStudent304}, {X=http://www.Department2.University2.edu/GraduateStudent36}, {X=http://www.Department2.University2.edu/UndergraduateStudent230}, {X=http://www.Department2.University2.edu/UndergraduateStudent41}, {X=http://www.Department2.University2.edu/UndergraduateStudent131}, {X=http://www.Department2.University2.edu/UndergraduateStudent255}, {X=http://www.Department2.University2.edu/GraduateStudent74}, {X=http://www.Department2.University2.edu/GraduateStudent114}, {X=http://www.Department2.University2.edu/UndergraduateStudent290}, {X=http://www.Department2.University2.edu/UndergraduateStudent86}, {X=http://www.Department2.University2.edu/UndergraduateStudent235}, {X=http://www.Department2.University2.edu/GraduateStudent14}, {X=http://www.Department2.University2.edu/Lecturer0}, {X=http://www.Department2.University2.edu/UndergraduateStudent188}, {X=http://www.Department2.University2.edu/UndergraduateStudent203}, {X=http://www.Department2.University2.edu/UndergraduateStudent15}, {X=http://www.Department2.University2.edu/UndergraduateStudent276}, {X=http://www.Department2.University2.edu/UndergraduateStudent62}, {X=http://www.Department2.University2.edu/UndergraduateStudent82}, {X=http://www.Department2.University2.edu/UndergraduateStudent215}, {X=http://www.Department2.University2.edu/UndergraduateStudent217}, {X=http://www.Department2.University2.edu/UndergraduateStudent112}, {X=http://www.Department2.University2.edu/GraduateStudent113}, {X=http://www.Department2.University2.edu/AssociateProfessor2}, {X=http://www.Department2.University2.edu/UndergraduateStudent106}, {X=http://www.Department2.University2.edu/GraduateStudent47}, {X=http://www.Department2.University2.edu/UndergraduateStudent259}, {X=http://www.Department2.University2.edu/UndergraduateStudent12}, {X=http://www.Department2.University2.edu/GraduateStudent104}, {X=http://www.Department2.University2.edu/UndergraduateStudent23}, {X=http://www.Department2.University2.edu/GraduateStudent124}, {X=http://www.Department2.University2.edu/FullProfessor1}, {X=http://www.Department2.University2.edu/UndergraduateStudent6}, {X=http://www.Department2.University2.edu/UndergraduateStudent206}, {X=http://www.Department2.University2.edu/GraduateStudent117}, {X=http://www.Department2.University2.edu/UndergraduateStudent315}, {X=http://www.Department2.University2.edu/UndergraduateStudent172}, {X=http://www.Department2.University2.edu/Lecturer3}, {X=http://www.Department2.University2.edu/UndergraduateStudent145}, {X=http://www.Department2.University2.edu/UndergraduateStudent252}, {X=http://www.Department2.University2.edu/UndergraduateStudent199}, {X=http://www.Department2.University2.edu/UndergraduateStudent192}, {X=http://www.Department2.University2.edu/GraduateStudent57}, {X=http://www.Department2.University2.edu/GraduateStudent101}, {X=http://www.Department2.University2.edu/UndergraduateStudent26}, {X=http://www.Department2.University2.edu/UndergraduateStudent173}, {X=http://www.Department2.University2.edu/GraduateStudent103}, {X=http://www.Department2.University2.edu/UndergraduateStudent160}, {X=http://www.Department2.University2.edu/UndergraduateStudent184}, {X=http://www.Department2.University2.edu/UndergraduateStudent326}, {X=http://www.Department2.University2.edu/AssistantProfessor7}, {X=http://www.Department2.University2.edu/GraduateStudent33}, {X=http://www.Department2.University2.edu/GraduateStudent111}, {X=http://www.Department2.University2.edu/UndergraduateStudent271}, {X=http://www.Department2.University2.edu/UndergraduateStudent287}, {X=http://www.Department2.University2.edu/GraduateStudent88}, {X=http://www.Department2.University2.edu/UndergraduateStudent80}, {X=http://www.Department2.University2.edu/UndergraduateStudent359}, {X=http://www.Department2.University2.edu/GraduateStudent123}, {X=http://www.Department2.University2.edu/FullProfessor5}, {X=http://www.Department2.University2.edu/GraduateStudent116}, {X=http://www.Department2.University2.edu/UndergraduateStudent239}, {X=http://www.Department2.University2.edu/GraduateStudent68}, {X=http://www.Department2.University2.edu/UndergraduateStudent96}, {X=http://www.Department2.University2.edu/UndergraduateStudent178}, {X=http://www.Department2.University2.edu/UndergraduateStudent157}, {X=http://www.Department2.University2.edu/UndergraduateStudent105}, {X=http://www.Department2.University2.edu/GraduateStudent122}, {X=http://www.Department2.University2.edu/UndergraduateStudent50}, {X=http://www.Department2.University2.edu/UndergraduateStudent316}, {X=http://www.Department2.University2.edu/UndergraduateStudent303}, {X=http://www.Department2.University2.edu/UndergraduateStudent181}, {X=http://www.Department2.University2.edu/UndergraduateStudent301}, {X=http://www.Department2.University2.edu/UndergraduateStudent243}, {X=http://www.Department2.University2.edu/UndergraduateStudent120}, {X=http://www.Department2.University2.edu/UndergraduateStudent14}, {X=http://www.Department2.University2.edu/GraduateStudent126}, {X=http://www.Department2.University2.edu/FullProfessor4}, {X=http://www.Department2.University2.edu/GraduateStudent9}, {X=http://www.Department2.University2.edu/GraduateStudent31}, {X=http://www.Department2.University2.edu/UndergraduateStudent205}, {X=http://www.Department2.University2.edu/UndergraduateStudent347}, {X=http://www.Department2.University2.edu/UndergraduateStudent133}, {X=http://www.Department2.University2.edu/UndergraduateStudent136}, {X=http://www.Department2.University2.edu/UndergraduateStudent40}, {X=http://www.Department2.University2.edu/GraduateStudent109}, {X=http://www.Department2.University2.edu/AssistantProfessor6}, {X=http://www.Department2.University2.edu/UndergraduateStudent325}, {X=http://www.Department2.University2.edu/UndergraduateStudent210}, {X=http://www.Department2.University2.edu/UndergraduateStudent139}, {X=http://www.Department2.University2.edu/GraduateStudent99}, {X=http://www.Department2.University2.edu/UndergraduateStudent114}, {X=http://www.Department2.University2.edu/GraduateStudent50}, {X=http://www.Department2.University2.edu/UndergraduateStudent298}, {X=http://www.Department2.University2.edu/UndergraduateStudent31}, {X=http://www.Department2.University2.edu/UndergraduateStudent60}, {X=http://www.Department2.University2.edu/UndergraduateStudent249}, {X=http://www.Department2.University2.edu/UndergraduateStudent149}, {X=http://www.Department2.University2.edu/UndergraduateStudent352}, {X=http://www.Department2.University2.edu/UndergraduateStudent236}, {X=http://www.Department2.University2.edu/UndergraduateStudent211}, {X=http://www.Department2.University2.edu/GraduateStudent96}, {X=http://www.Department2.University2.edu/UndergraduateStudent107}, {X=http://www.Department2.University2.edu/GraduateStudent52}, {X=http://www.Department2.University2.edu/AssociateProfessor3}, {X=http://www.Department2.University2.edu/GraduateStudent85}, {X=http://www.Department2.University2.edu/UndergraduateStudent54}, {X=http://www.Department2.University2.edu/GraduateStudent56}, {X=http://www.Department2.University2.edu/UndergraduateStudent237}, {X=http://www.Department2.University2.edu/UndergraduateStudent306}, {X=http://www.Department2.University2.edu/GraduateStudent62}, {X=http://www.Department2.University2.edu/GraduateStudent40}, {X=http://www.Department2.University2.edu/GraduateStudent84}, {X=http://www.Department2.University2.edu/UndergraduateStudent340}, {X=http://www.Department2.University2.edu/UndergraduateStudent67}, {X=http://www.Department2.University2.edu/UndergraduateStudent70}, {X=http://www.Department2.University2.edu/UndergraduateStudent299}, {X=http://www.Department2.University2.edu/UndergraduateStudent129}, {X=http://www.Department2.University2.edu/UndergraduateStudent161}, {X=http://www.Department2.University2.edu/AssistantProfessor0}, {X=http://www.Department2.University2.edu/UndergraduateStudent10}, {X=http://www.Department2.University2.edu/UndergraduateStudent348}, {X=http://www.Department2.University2.edu/UndergraduateStudent357}, {X=http://www.Department2.University2.edu/GraduateStudent17}, {X=http://www.Department2.University2.edu/UndergraduateStudent59}, {X=http://www.Department2.University2.edu/UndergraduateStudent209}, {X=http://www.Department2.University2.edu/FullProfessor3}, {X=http://www.Department2.University2.edu/UndergraduateStudent1}, {X=http://www.Department2.University2.edu/AssociateProfessor8}, {X=http://www.Department2.University2.edu/UndergraduateStudent104}, {X=http://www.Department2.University2.edu/GraduateStudent80}, {X=http://www.Department2.University2.edu/UndergraduateStudent337}, {X=http://www.Department2.University2.edu/GraduateStudent67}, {X=http://www.Department2.University2.edu/UndergraduateStudent43}, {X=http://www.Department2.University2.edu/Lecturer5}, {X=http://www.Department2.University2.edu/GraduateStudent41}, {X=http://www.Department2.University2.edu/UndergraduateStudent102}, {X=http://www.Department2.University2.edu/UndergraduateStudent117}, {X=http://www.Department2.University2.edu/UndergraduateStudent182}, {X=http://www.Department2.University2.edu/UndergraduateStudent324}, {X=http://www.Department2.University2.edu/UndergraduateStudent51}, {X=http://www.Department2.University2.edu/GraduateStudent107}, {X=http://www.Department2.University2.edu/UndergraduateStudent119}, {X=http://www.Department2.University2.edu/GraduateStudent58}, {X=http://www.Department2.University2.edu/UndergraduateStudent274}, {X=http://www.Department2.University2.edu/UndergraduateStudent258}, {X=http://www.Department2.University2.edu/UndergraduateStudent177}, {X=http://www.Department2.University2.edu/GraduateStudent75}, {X=http://www.Department2.University2.edu/UndergraduateStudent140}, {X=http://www.Department2.University2.edu/UndergraduateStudent101}, {X=http://www.Department2.University2.edu/UndergraduateStudent90}, {X=http://www.Department2.University2.edu/UndergraduateStudent135}, {X=http://www.Department2.University2.edu/GraduateStudent35}, {X=http://www.Department2.University2.edu/GraduateStudent71}, {X=http://www.Department2.University2.edu/UndergraduateStudent312}, {X=http://www.Department2.University2.edu/UndergraduateStudent186}, {X=http://www.Department2.University2.edu/UndergraduateStudent341}, {X=http://www.Department2.University2.edu/UndergraduateStudent342}, {X=http://www.Department2.University2.edu/UndergraduateStudent158}, {X=http://www.Department2.University2.edu/UndergraduateStudent171}, {X=http://www.Department2.University2.edu/AssociateProfessor6}, {X=http://www.Department2.University2.edu/UndergraduateStudent300}, {X=http://www.Department2.University2.edu/UndergraduateStudent165}, {X=http://www.Department2.University2.edu/Lecturer2}, {X=http://www.Department2.University2.edu/UndergraduateStudent151}, {X=http://www.Department2.University2.edu/UndergraduateStudent88}, {X=http://www.Department2.University2.edu/UndergraduateStudent194}, {X=http://www.Department2.University2.edu/UndergraduateStudent169}, {X=http://www.Department2.University2.edu/GraduateStudent3}, {X=http://www.Department2.University2.edu/UndergraduateStudent302}, {X=http://www.Department2.University2.edu/UndergraduateStudent231}, {X=http://www.Department2.University2.edu/UndergraduateStudent264}, {X=http://www.Department2.University2.edu/UndergraduateStudent247}, {X=http://www.Department2.University2.edu/GraduateStudent55}, {X=http://www.Department2.University2.edu/GraduateStudent1}, {X=http://www.Department2.University2.edu/UndergraduateStudent283}, {X=http://www.Department2.University2.edu/UndergraduateStudent191}, {X=http://www.Department2.University2.edu/UndergraduateStudent98}, {X=http://www.Department2.University2.edu/GraduateStudent70}, {X=http://www.Department2.University2.edu/UndergraduateStudent75}, {X=http://www.Department2.University2.edu/UndergraduateStudent204}, {X=http://www.Department2.University2.edu/GraduateStudent44}, {X=http://www.Department2.University2.edu/UndergraduateStudent356}, {X=http://www.Department2.University2.edu/UndergraduateStudent360}, {X=http://www.Department2.University2.edu/UndergraduateStudent277}, {X=http://www.Department2.University2.edu/UndergraduateStudent2}, {X=http://www.Department2.University2.edu/UndergraduateStudent84}, {X=http://www.Department2.University2.edu/UndergraduateStudent282}, {X=http://www.Department2.University2.edu/UndergraduateStudent224}, {X=http://www.Department2.University2.edu/GraduateStudent20}, {X=http://www.Department2.University2.edu/UndergraduateStudent281}, {X=http://www.Department2.University2.edu/AssociateProfessor1}, {X=http://www.Department2.University2.edu/GraduateStudent39}, {X=http://www.Department2.University2.edu/UndergraduateStudent68}, {X=http://www.Department2.University2.edu/UndergraduateStudent19}, {X=http://www.Department2.University2.edu/UndergraduateStudent323}, {X=http://www.Department2.University2.edu/GraduateStudent102}, {X=http://www.Department2.University2.edu/GraduateStudent81}, {X=http://www.Department2.University2.edu/UndergraduateStudent154}, {X=http://www.Department2.University2.edu/GraduateStudent48}, {X=http://www.Department2.University2.edu/UndergraduateStudent152}, {X=http://www.Department2.University2.edu/UndergraduateStudent329}, {X=http://www.Department2.University2.edu/UndergraduateStudent21}, {X=http://www.Department2.University2.edu/UndergraduateStudent159}, {X=http://www.Department2.University2.edu/GraduateStudent15}, {X=http://www.Department2.University2.edu/UndergraduateStudent99}, {X=http://www.Department2.University2.edu/UndergraduateStudent242}, {X=http://www.Department2.University2.edu/UndergraduateStudent292}, {X=http://www.Department2.University2.edu/UndergraduateStudent343}, {X=http://www.Department2.University2.edu/UndergraduateStudent238}, {X=http://www.Department2.University2.edu/GraduateStudent23}, {X=http://www.Department2.University2.edu/UndergraduateStudent187}, {X=http://www.Department2.University2.edu/AssistantProfessor5}, {X=http://www.Department2.University2.edu/GraduateStudent100}, {X=http://www.Department2.University2.edu/UndergraduateStudent143}, {X=http://www.Department2.University2.edu/UndergraduateStudent174}, {X=http://www.Department2.University2.edu/GraduateStudent2}, {X=http://www.Department2.University2.edu/UndergraduateStudent234}, {X=http://www.Department2.University2.edu/UndergraduateStudent150}, {X=http://www.Department2.University2.edu/UndergraduateStudent164}, {X=http://www.Department2.University2.edu/UndergraduateStudent241}, {X=http://www.Department2.University2.edu/UndergraduateStudent126}, {X=http://www.Department2.University2.edu/UndergraduateStudent225}, {X=http://www.Department2.University2.edu/UndergraduateStudent185}, {X=http://www.Department2.University2.edu/UndergraduateStudent196}, {X=http://www.Department2.University2.edu/GraduateStudent118}, {X=http://www.Department2.University2.edu/UndergraduateStudent113}, {X=http://www.Department2.University2.edu/UndergraduateStudent130}, {X=http://www.Department2.University2.edu/UndergraduateStudent279}, {X=http://www.Department2.University2.edu/UndergraduateStudent305}, {X=http://www.Department2.University2.edu/GraduateStudent37}, {X=http://www.Department2.University2.edu/GraduateStudent61}, {X=http://www.Department2.University2.edu/UndergraduateStudent246}, {X=http://www.Department2.University2.edu/GraduateStudent72}, {X=http://www.Department2.University2.edu/UndergraduateStudent294}, {X=http://www.Department2.University2.edu/UndergraduateStudent278}, {X=http://www.Department2.University2.edu/UndergraduateStudent270}, {X=http://www.Department2.University2.edu/UndergraduateStudent284}, {X=http://www.Department2.University2.edu/UndergraduateStudent89}, {X=http://www.Department2.University2.edu/GraduateStudent0}, {X=http://www.Department2.University2.edu/UndergraduateStudent213}, {X=http://www.Department2.University2.edu/UndergraduateStudent349}, {X=http://www.Department2.University2.edu/UndergraduateStudent263}, {X=http://www.Department2.University2.edu/GraduateStudent24}, {X=http://www.Department2.University2.edu/UndergraduateStudent176}, {X=http://www.Department2.University2.edu/UndergraduateStudent39}, {X=http://www.Department2.University2.edu/AssociateProfessor7}, {X=http://www.Department2.University2.edu/UndergraduateStudent124}, {X=http://www.Department2.University2.edu/UndergraduateStudent52}, {X=http://www.Department2.University2.edu/UndergraduateStudent354}, {X=http://www.Department2.University2.edu/GraduateStudent83}, {X=http://www.Department2.University2.edu/UndergraduateStudent48}, {X=http://www.Department2.University2.edu/GraduateStudent130}, {X=http://www.Department2.University2.edu/UndergraduateStudent61}, {X=http://www.Department2.University2.edu/UndergraduateStudent16}, {X=http://www.Department2.University2.edu/UndergraduateStudent319}, {X=http://www.Department2.University2.edu/GraduateStudent98}, {X=http://www.Department2.University2.edu/UndergraduateStudent71}, {X=http://www.Department2.University2.edu/UndergraduateStudent35}, {X=http://www.Department2.University2.edu/GraduateStudent120}, {X=http://www.Department2.University2.edu/UndergraduateStudent156}, {X=http://www.Department2.University2.edu/UndergraduateStudent153}, {X=http://www.Department2.University2.edu/UndergraduateStudent118}, {X=http://www.Department2.University2.edu/GraduateStudent90}, {X=http://www.Department2.University2.edu/GraduateStudent59}, {X=http://www.Department2.University2.edu/GraduateStudent43}, {X=http://www.Department2.University2.edu/UndergraduateStudent317}, {X=http://www.Department2.University2.edu/AssistantProfessor4}, {X=http://www.Department2.University2.edu/UndergraduateStudent121}, {X=http://www.Department2.University2.edu/FullProfessor2}, {X=http://www.Department2.University2.edu/UndergraduateStudent144}, {X=http://www.Department2.University2.edu/UndergraduateStudent251}, {X=http://www.Department2.University2.edu/UndergraduateStudent141}, {X=http://www.Department2.University2.edu/UndergraduateStudent265}, {X=http://www.Department2.University2.edu/GraduateStudent115}, {X=http://www.Department2.University2.edu/UndergraduateStudent268}, {X=http://www.Department2.University2.edu/GraduateStudent66}, {X=http://www.Department2.University2.edu/GraduateStudent5}, {X=http://www.Department2.University2.edu/UndergraduateStudent310}, {X=http://www.Department2.University2.edu/UndergraduateStudent183}, {X=http://www.Department2.University2.edu/UndergraduateStudent248}, {X=http://www.Department2.University2.edu/GraduateStudent69}, {X=http://www.Department2.University2.edu/UndergraduateStudent94}, {X=http://www.Department2.University2.edu/GraduateStudent73}, {X=http://www.Department2.University2.edu/UndergraduateStudent138}, {X=http://www.Department2.University2.edu/UndergraduateStudent37}, {X=http://www.Department2.University2.edu/UndergraduateStudent233}, {X=http://www.Department2.University2.edu/UndergraduateStudent291}, {X=http://www.Department2.University2.edu/UndergraduateStudent212}, {X=http://www.Department2.University2.edu/UndergraduateStudent55}, {X=http://www.Department2.University2.edu/UndergraduateStudent91}, {X=http://www.Department2.University2.edu/UndergraduateStudent222}, {X=http://www.Department2.University2.edu/UndergraduateStudent309}, {X=http://www.Department2.University2.edu/UndergraduateStudent332}, {X=http://www.Department2.University2.edu/GraduateStudent131}, {X=http://www.Department2.University2.edu/GraduateStudent53}, {X=http://www.Department2.University2.edu/GraduateStudent112}, {X=http://www.Department2.University2.edu/UndergraduateStudent73}, {X=http://www.Department2.University2.edu/UndergraduateStudent7}, {X=http://www.Department2.University2.edu/UndergraduateStudent116}, {X=http://www.Department2.University2.edu/UndergraduateStudent92}, {X=http://www.Department2.University2.edu/UndergraduateStudent201}, {X=http://www.Department2.University2.edu/GraduateStudent29}, {X=http://www.Department2.University2.edu/UndergraduateStudent85}, {X=http://www.Department2.University2.edu/AssociateProfessor4}, {X=http://www.Department2.University2.edu/UndergraduateStudent227}, {X=http://www.Department2.University2.edu/UndergraduateStudent3}, {X=http://www.Department2.University2.edu/UndergraduateStudent240}, {X=http://www.Department2.University2.edu/UndergraduateStudent197}, {X=http://www.Department2.University2.edu/UndergraduateStudent123}, {X=http://www.Department2.University2.edu/UndergraduateStudent311}, {X=http://www.Department2.University2.edu/GraduateStudent51}, {X=http://www.Department2.University2.edu/UndergraduateStudent285}, {X=http://www.Department2.University2.edu/UndergraduateStudent333}, {X=http://www.Department2.University2.edu/GraduateStudent8}, {X=http://www.Department2.University2.edu/GraduateStudent132}, {X=http://www.Department2.University2.edu/UndergraduateStudent218}, {X=http://www.Department2.University2.edu/GraduateStudent121}, {X=http://www.Department2.University2.edu/GraduateStudent127}, {X=http://www.Department2.University2.edu/UndergraduateStudent25}, {X=http://www.Department2.University2.edu/UndergraduateStudent254}, {X=http://www.Department2.University2.edu/GraduateStudent108}, {X=http://www.Department2.University2.edu/UndergraduateStudent47}, {X=http://www.Department2.University2.edu/GraduateStudent16}, {X=http://www.Department2.University2.edu/GraduateStudent21}, {X=http://www.Department2.University2.edu/UndergraduateStudent221}, {X=http://www.Department2.University2.edu/GraduateStudent10}, {X=http://www.Department2.University2.edu/UndergraduateStudent219}, {X=http://www.Department2.University2.edu/UndergraduateStudent24}, {X=http://www.Department2.University2.edu/UndergraduateStudent330}, {X=http://www.Department2.University2.edu/UndergraduateStudent297}, {X=http://www.Department2.University2.edu/UndergraduateStudent308}, {X=http://www.Department2.University2.edu/UndergraduateStudent128}, {X=http://www.Department2.University2.edu/UndergraduateStudent358}, {X=http://www.Department2.University2.edu/UndergraduateStudent13}, {X=http://www.Department2.University2.edu/GraduateStudent129}, {X=http://www.Department2.University2.edu/UndergraduateStudent253}, {X=http://www.Department2.University2.edu/UndergraduateStudent29}, {X=http://www.Department2.University2.edu/UndergraduateStudent193}, {X=http://www.Department2.University2.edu/GraduateStudent46}, {X=http://www.Department2.University2.edu/UndergraduateStudent122}, {X=http://www.Department2.University2.edu/UndergraduateStudent56}, {X=http://www.Department2.University2.edu/GraduateStudent125}, {X=http://www.Department2.University2.edu/UndergraduateStudent202}, {X=http://www.Department2.University2.edu/AssistantProfessor1}, {X=http://www.Department2.University2.edu/GraduateStudent86}, {X=http://www.Department2.University2.edu/AssistantProfessor2}, {X=http://www.Department2.University2.edu/UndergraduateStudent262}, {X=http://www.Department2.University2.edu/UndergraduateStudent163}, {X=http://www.Department2.University2.edu/UndergraduateStudent148}, {X=http://www.Department2.University2.edu/UndergraduateStudent76}, {X=http://www.Department2.University2.edu/GraduateStudent27}, {X=http://www.Department2.University2.edu/GraduateStudent64}, {X=http://www.Department2.University2.edu/UndergraduateStudent351}, {X=http://www.Department2.University2.edu/UndergraduateStudent78}, {X=http://www.Department2.University2.edu/GraduateStudent49}, {X=http://www.Department2.University2.edu/UndergraduateStudent338}, {X=http://www.Department2.University2.edu/AssociateProfessor0}, {X=http://www.Department2.University2.edu/UndergraduateStudent36}, {X=http://www.Department2.University2.edu/UndergraduateStudent339}, {X=http://www.Department2.University2.edu/GraduateStudent87}, {X=http://www.Department2.University2.edu/AssociateProfessor9}, {X=http://www.Department2.University2.edu/UndergraduateStudent167}, {X=http://www.Department2.University2.edu/GraduateStudent119}, {X=http://www.Department2.University2.edu/UndergraduateStudent72}, {X=http://www.Department2.University2.edu/UndergraduateStudent77}, {X=http://www.Department2.University2.edu/GraduateStudent97}, {X=http://www.Department2.University2.edu/GraduateStudent54}, {X=http://www.Department2.University2.edu/UndergraduateStudent9}, {X=http://www.Department2.University2.edu/UndergraduateStudent65}, {X=http://www.Department2.University2.edu/UndergraduateStudent11}, {X=http://www.Department2.University2.edu/UndergraduateStudent208}, {X=http://www.Department2.University2.edu/GraduateStudent128}, {X=http://www.Department2.University2.edu/UndergraduateStudent322}, {X=http://www.Department2.University2.edu/GraduateStudent89}, {X=http://www.Department2.University2.edu/UndergraduateStudent28}, {X=http://www.Department2.University2.edu/GraduateStudent25}, {X=http://www.Department2.University2.edu/UndergraduateStudent134}, {X=http://www.Department2.University2.edu/UndergraduateStudent335}, {X=http://www.Department2.University2.edu/UndergraduateStudent288}, {X=http://www.Department2.University2.edu/UndergraduateStudent97}, {X=http://www.Department2.University2.edu/UndergraduateStudent125}, {X=http://www.Department2.University2.edu/GraduateStudent76}, {X=http://www.Department2.University2.edu/GraduateStudent28}, {X=http://www.Department2.University2.edu/UndergraduateStudent137}, {X=http://www.Department2.University2.edu/UndergraduateStudent162}, {X=http://www.Department2.University2.edu/UndergraduateStudent293}, {X=http://www.Department2.University2.edu/UndergraduateStudent328}, {X=http://www.Department2.University2.edu/UndergraduateStudent350}, {X=http://www.Department2.University2.edu/UndergraduateStudent269}, {X=http://www.Department2.University2.edu/UndergraduateStudent64}, {X=http://www.Department2.University2.edu/UndergraduateStudent272}, {X=http://www.Department2.University2.edu/UndergraduateStudent245}, {X=http://www.Department2.University2.edu/UndergraduateStudent95}, {X=http://www.Department2.University2.edu/UndergraduateStudent109}, {X=http://www.Department2.University2.edu/UndergraduateStudent179}, {X=http://www.Department2.University2.edu/GraduateStudent63}, {X=http://www.Department2.University2.edu/GraduateStudent19}, {X=http://www.Department2.University2.edu/GraduateStudent22}, {X=http://www.Department2.University2.edu/UndergraduateStudent4}, {X=http://www.Department2.University2.edu/UndergraduateStudent280}, {X=http://www.Department2.University2.edu/GraduateStudent12}, {X=http://www.Department2.University2.edu/UndergraduateStudent38}, {X=http://www.Department2.University2.edu/UndergraduateStudent93}, {X=http://www.Department2.University2.edu/UndergraduateStudent58}, {X=http://www.Department2.University2.edu/UndergraduateStudent223}, {X=http://www.Department2.University2.edu/AssociateProfessor5}, {X=http://www.Department2.University2.edu/UndergraduateStudent146}, {X=http://www.Department2.University2.edu/AssistantProfessor8}, {X=http://www.Department2.University2.edu/UndergraduateStudent32}, {X=http://www.Department2.University2.edu/UndergraduateStudent220}, {X=http://www.Department2.University2.edu/GraduateStudent82}, {X=http://www.Department2.University2.edu/UndergraduateStudent286}, {X=http://www.Department2.University2.edu/UndergraduateStudent295}, {X=http://www.Department2.University2.edu/UndergraduateStudent267}, {X=http://www.Department2.University2.edu/UndergraduateStudent34}, {X=http://www.Department2.University2.edu/UndergraduateStudent355}, {X=http://www.Department2.University2.edu/GraduateStudent4}, {X=http://www.Department2.University2.edu/UndergraduateStudent320}, {X=http://www.Department2.University2.edu/UndergraduateStudent321}, {X=http://www.Department2.University2.edu/GraduateStudent60}, {X=http://www.Department2.University2.edu/UndergraduateStudent275}, {X=http://www.Department2.University2.edu/GraduateStudent26}, {X=http://www.Department2.University2.edu/UndergraduateStudent318}, {X=http://www.Department2.University2.edu/UndergraduateStudent57}, {X=http://www.Department2.University2.edu/UndergraduateStudent115}, {X=http://www.Department2.University2.edu/GraduateStudent106}, {X=http://www.Department2.University2.edu/GraduateStudent38}, {X=http://www.Department2.University2.edu/GraduateStudent34}, {X=http://www.Department2.University2.edu/UndergraduateStudent147}, {X=http://www.Department2.University2.edu/UndergraduateStudent46}, {X=http://www.Department2.University2.edu/UndergraduateStudent79}, {X=http://www.Department2.University2.edu/UndergraduateStudent63}, {X=http://www.Department2.University2.edu/UndergraduateStudent336}, {X=http://www.Department2.University2.edu/UndergraduateStudent256}, {X=http://www.Department2.University2.edu/GraduateStudent42}, {X=http://www.Department2.University2.edu/UndergraduateStudent214}, {X=http://www.Department2.University2.edu/GraduateStudent92}, {X=http://www.Department2.University2.edu/UndergraduateStudent313}, {X=http://www.Department2.University2.edu/UndergraduateStudent42}, {X=http://www.Department2.University2.edu/UndergraduateStudent100}, {X=http://www.Department2.University2.edu/UndergraduateStudent83}, {X=http://www.Department2.University2.edu/FullProfessor6}, {X=http://www.Department2.University2.edu/UndergraduateStudent69}, {X=http://www.Department2.University2.edu/GraduateStudent91}, {X=http://www.Department2.University2.edu/UndergraduateStudent111}, {X=http://www.Department2.University2.edu/UndergraduateStudent20}, {X=http://www.Department2.University2.edu/UndergraduateStudent87}, {X=http://www.Department2.University2.edu/UndergraduateStudent190}, {X=http://www.Department2.University2.edu/UndergraduateStudent189}, {X=http://www.Department2.University2.edu/UndergraduateStudent5}, {X=http://www.Department2.University2.edu/GraduateStudent30}, {X=http://www.Department2.University2.edu/GraduateStudent32}, {X=http://www.Department2.University2.edu/UndergraduateStudent331}, {X=http://www.Department2.University2.edu/GraduateStudent65}, {X=http://www.Department2.University2.edu/UndergraduateStudent226}, {X=http://www.Department2.University2.edu/UndergraduateStudent44}, {X=http://www.Department2.University2.edu/UndergraduateStudent132}, {X=http://www.Department2.University2.edu/UndergraduateStudent33}, {X=http://www.Department2.University2.edu/GraduateStudent7}, {X=http://www.Department2.University2.edu/UndergraduateStudent166}, {X=http://www.Department2.University2.edu/UndergraduateStudent74}, {X=http://www.Department2.University2.edu/UndergraduateStudent207}, {X=http://www.Department2.University2.edu/UndergraduateStudent244}, {X=http://www.Department2.University2.edu/UndergraduateStudent175}, {X=http://www.Department2.University2.edu/UndergraduateStudent45}, {X=http://www.Department2.University2.edu/UndergraduateStudent127}, {X=http://www.Department2.University2.edu/GraduateStudent93}, {X=http://www.Department2.University2.edu/UndergraduateStudent8}, {X=http://www.Department2.University2.edu/UndergraduateStudent53}, {X=http://www.Department2.University2.edu/UndergraduateStudent200}, {X=http://www.Department2.University2.edu/UndergraduateStudent232}, {X=http://www.Department2.University2.edu/UndergraduateStudent273}, {X=http://www.Department2.University2.edu/GraduateStudent79}, {X=http://www.Department2.University2.edu/GraduateStudent94}, {X=http://www.Department2.University2.edu/GraduateStudent95}, {X=http://www.Department2.University2.edu/UndergraduateStudent353}, {X=http://www.Department2.University2.edu/UndergraduateStudent18}, {X=http://www.Department2.University2.edu/Lecturer4}, {X=http://www.Department2.University2.edu/GraduateStudent110}, {X=http://www.Department2.University2.edu/UndergraduateStudent334}, {X=http://www.Department2.University2.edu/UndergraduateStudent27}, {X=http://www.Department2.University2.edu/UndergraduateStudent250}, {X=http://www.Department2.University2.edu/UndergraduateStudent30}, {X=http://www.Department2.University2.edu/UndergraduateStudent289}, {X=http://www.Department2.University2.edu/AssistantProfessor3}, {X=http://www.Department2.University2.edu/UndergraduateStudent257}, {X=http://www.Department2.University2.edu/UndergraduateStudent155}, {X=http://www.Department2.University2.edu/UndergraduateStudent327}, {X=http://www.Department2.University2.edu/UndergraduateStudent66}, {X=http://www.Department2.University2.edu/UndergraduateStudent229}, {X=http://www.Department2.University2.edu/UndergraduateStudent346}, {X=http://www.Department2.University2.edu/UndergraduateStudent180}, {X=http://www.Department2.University2.edu/GraduateStudent105}, {X=http://www.Department2.University2.edu/GraduateStudent77}, {X=http://www.Department2.University2.edu/UndergraduateStudent17}, {X=http://www.Department2.University2.edu/GraduateStudent78}, {X=http://www.Department2.University2.edu/UndergraduateStudent81}, {X=http://www.Department2.University2.edu/AssociateProfessor11}, {X=http://www.Department2.University2.edu/FullProfessor0}, {X=http://www.Department2.University2.edu/UndergraduateStudent228}, {X=http://www.Department2.University2.edu/UndergraduateStudent49}, {X=http://www.Department2.University2.edu/GraduateStudent45}, {X=http://www.Department2.University2.edu/UndergraduateStudent216}, {X=http://www.Department2.University2.edu/UndergraduateStudent142}, {X=http://www.Department2.University2.edu/UndergraduateStudent261}, {X=http://www.Department2.University2.edu/GraduateStudent11}, {X=http://www.Department2.University2.edu/UndergraduateStudent168}, {X=http://www.Department2.University2.edu/UndergraduateStudent0}, {X=http://www.Department2.University2.edu/UndergraduateStudent345}, {X=http://www.Department2.University2.edu/UndergraduateStudent266}, {X=http://www.Department2.University2.edu/GraduateStudent18}, {X=http://www.Department2.University2.edu/GraduateStudent6}, {X=http://www.Department2.University2.edu/Lecturer1}, {X=http://www.Department2.University2.edu/UndergraduateStudent110}, {X=http://www.Department2.University2.edu/UndergraduateStudent198}, {X=http://www.Department2.University2.edu/UndergraduateStudent195}, {X=http://www.Department2.University2.edu/UndergraduateStudent260}, {X=http://www.Department2.University2.edu/UndergraduateStudent307}, {X=http://www.Department2.University2.edu/UndergraduateStudent296}, {X=http://www.Department2.University2.edu/GraduateStudent13}, {X=http://www.Department2.University2.edu/UndergraduateStudent314}, {X=http://www.Department2.University2.edu/UndergraduateStudent344}, {X=http://www.Department2.University2.edu/AssociateProfessor10}, {X=http://www.Department2.University2.edu/UndergraduateStudent22}, {X=http://www.Department2.University2.edu/UndergraduateStudent108}, {X=http://www.Department2.University2.edu/UndergraduateStudent170}, {X=http://www.Department2.University2.edu/UndergraduateStudent103}, {X=http://www.Department2.University2.edu/UndergraduateStudent304}, {X=http://www.Department2.University2.edu/GraduateStudent36}, {X=http://www.Department2.University2.edu/UndergraduateStudent230}, {X=http://www.Department2.University2.edu/UndergraduateStudent41}, {X=http://www.Department2.University2.edu/UndergraduateStudent131}, {X=http://www.Department2.University2.edu/UndergraduateStudent255}, {X=http://www.Department2.University2.edu/GraduateStudent74}, {X=http://www.Department2.University2.edu/GraduateStudent114}, {X=http://www.Department2.University2.edu/UndergraduateStudent290}, {X=http://www.Department2.University2.edu/UndergraduateStudent86}, {X=http://www.Department2.University2.edu/UndergraduateStudent235}, {X=http://www.Department2.University2.edu/GraduateStudent14}, {X=http://www.Department2.University2.edu/Lecturer0}, {X=http://www.Department2.University2.edu/UndergraduateStudent188}, {X=http://www.Department2.University2.edu/UndergraduateStudent203}, {X=http://www.Department2.University2.edu/UndergraduateStudent15}, {X=http://www.Department2.University2.edu/UndergraduateStudent276}, {X=http://www.Department2.University2.edu/UndergraduateStudent62}, {X=http://www.Department2.University2.edu/UndergraduateStudent82}, {X=http://www.Department2.University2.edu/UndergraduateStudent215}, {X=http://www.Department2.University2.edu/UndergraduateStudent217}, {X=http://www.Department2.University2.edu/UndergraduateStudent112}, {X=http://www.Department2.University2.edu/GraduateStudent113}, {X=http://www.Department2.University2.edu/AssociateProfessor2}, {X=http://www.Department2.University2.edu/UndergraduateStudent106}, {X=http://www.Department2.University2.edu/GraduateStudent47}, {X=http://www.Department2.University2.edu/UndergraduateStudent259}, {X=http://www.Department2.University2.edu/UndergraduateStudent12}, {X=http://www.Department2.University2.edu/GraduateStudent104}, {X=http://www.Department2.University2.edu/UndergraduateStudent23}, {X=http://www.Department2.University2.edu/GraduateStudent124}, {X=http://www.Department2.University2.edu/FullProfessor1}, {X=http://www.Department2.University2.edu/UndergraduateStudent6}, {X=http://www.Department2.University2.edu/UndergraduateStudent206}, {X=http://www.Department2.University2.edu/GraduateStudent117}, {X=http://www.Department2.University2.edu/UndergraduateStudent315}, {X=http://www.Department2.University2.edu/UndergraduateStudent172}, {X=http://www.Department2.University2.edu/Lecturer3}, {X=http://www.Department2.University2.edu/UndergraduateStudent145}, {X=http://www.Department2.University2.edu/UndergraduateStudent252}, {X=http://www.Department2.University2.edu/UndergraduateStudent199}, {X=http://www.Department2.University2.edu/UndergraduateStudent192}, {X=http://www.Department2.University2.edu/GraduateStudent57}, {X=http://www.Department2.University2.edu/GraduateStudent101}, {X=http://www.Department2.University2.edu/UndergraduateStudent26}, {X=http://www.Department2.University2.edu/UndergraduateStudent173}, {X=http://www.Department2.University2.edu/GraduateStudent103}, {X=http://www.Department2.University2.edu/UndergraduateStudent160}, {X=http://www.Department2.University2.edu/UndergraduateStudent184}, {X=http://www.Department2.University2.edu/UndergraduateStudent326}, {X=http://www.Department2.University2.edu/AssistantProfessor7}, {X=http://www.Department2.University2.edu/GraduateStudent33}, {X=http://www.Department2.University2.edu/GraduateStudent111}, {X=http://www.Department2.University2.edu/UndergraduateStudent271}, {X=http://www.Department2.University2.edu/UndergraduateStudent287}, {X=http://www.Department2.University2.edu/GraduateStudent88}, {X=http://www.Department2.University2.edu/UndergraduateStudent80}, {X=http://www.Department2.University2.edu/UndergraduateStudent359}, {X=http://www.Department2.University2.edu/GraduateStudent123}, {X=http://www.Department2.University2.edu/FullProfessor5}, {X=http://www.Department2.University2.edu/GraduateStudent116}, {X=http://www.Department2.University2.edu/UndergraduateStudent239}, {X=http://www.Department2.University2.edu/GraduateStudent68}, {X=http://www.Department2.University2.edu/UndergraduateStudent96}, {X=http://www.Department2.University2.edu/UndergraduateStudent178}, {X=http://www.Department2.University2.edu/UndergraduateStudent157}, {X=http://www.Department2.University2.edu/UndergraduateStudent105}, {X=http://www.Department2.University2.edu/GraduateStudent122}, {X=http://www.Department2.University2.edu/UndergraduateStudent50}, {X=http://www.Department2.University2.edu/UndergraduateStudent316}, {X=http://www.Department2.University2.edu/UndergraduateStudent303}, {X=http://www.Department2.University2.edu/UndergraduateStudent181}, {X=http://www.Department2.University2.edu/UndergraduateStudent301}, {X=http://www.Department2.University2.edu/UndergraduateStudent243}, {X=http://www.Department2.University2.edu/UndergraduateStudent120}, {X=http://www.Department2.University2.edu/UndergraduateStudent14}, {X=http://www.Department2.University2.edu/GraduateStudent126}, {X=http://www.Department2.University2.edu/FullProfessor4}, {X=http://www.Department2.University2.edu/GraduateStudent9}, {X=http://www.Department2.University2.edu/GraduateStudent31}, {X=http://www.Department2.University2.edu/UndergraduateStudent205}, {X=http://www.Department2.University2.edu/UndergraduateStudent347}, {X=http://www.Department2.University2.edu/UndergraduateStudent133}, {X=http://www.Department2.University2.edu/UndergraduateStudent136}, {X=http://www.Department2.University2.edu/UndergraduateStudent40}, {X=http://www.Department2.University2.edu/GraduateStudent109}, {X=http://www.Department2.University2.edu/AssistantProfessor6}, {X=http://www.Department2.University2.edu/UndergraduateStudent325}, {X=http://www.Department2.University2.edu/UndergraduateStudent210}, {X=http://www.Department2.University2.edu/UndergraduateStudent139}, {X=http://www.Department2.University2.edu/GraduateStudent99}, {X=http://www.Department2.University2.edu/UndergraduateStudent114}, {X=http://www.Department2.University2.edu/GraduateStudent50}, {X=http://www.Department2.University2.edu/UndergraduateStudent298}, {X=http://www.Department2.University2.edu/UndergraduateStudent31}, {X=http://www.Department2.University2.edu/UndergraduateStudent60}, {X=http://www.Department2.University2.edu/UndergraduateStudent249}, {X=http://www.Department2.University2.edu/UndergraduateStudent149}, {X=http://www.Department2.University2.edu/UndergraduateStudent352}, {X=http://www.Department2.University2.edu/UndergraduateStudent236}, {X=http://www.Department2.University2.edu/UndergraduateStudent211}, {X=http://www.Department2.University2.edu/GraduateStudent96}, {X=http://www.Department2.University2.edu/UndergraduateStudent107}, {X=http://www.Department2.University2.edu/GraduateStudent52}, {X=http://www.Department2.University2.edu/AssociateProfessor3}, {X=http://www.Department2.University2.edu/GraduateStudent85}, {X=http://www.Department2.University2.edu/UndergraduateStudent54}, {X=http://www.Department2.University2.edu/GraduateStudent56}, {X=http://www.Department2.University2.edu/UndergraduateStudent237}, {X=http://www.Department2.University2.edu/UndergraduateStudent306}, {X=http://www.Department2.University2.edu/GraduateStudent62}, {X=http://www.Department2.University2.edu/GraduateStudent40}, {X=http://www.Department2.University2.edu/GraduateStudent84}, {X=http://www.Department2.University2.edu/UndergraduateStudent340}, {X=http://www.Department2.University2.edu/UndergraduateStudent67}, {X=http://www.Department2.University2.edu/UndergraduateStudent70}, {X=http://www.Department2.University2.edu/UndergraduateStudent299}, {X=http://www.Department2.University2.edu/UndergraduateStudent129}, {X=http://www.Department2.University2.edu/UndergraduateStudent161}, {X=http://www.Department2.University2.edu/AssistantProfessor0}, {X=http://www.Department2.University2.edu/UndergraduateStudent10}, {X=http://www.Department2.University2.edu/UndergraduateStudent348}, {X=http://www.Department2.University2.edu/UndergraduateStudent357}, {X=http://www.Department2.University2.edu/GraduateStudent17}, {X=http://www.Department2.University2.edu/UndergraduateStudent59}, {X=http://www.Department2.University2.edu/UndergraduateStudent209}, {X=http://www.Department2.University2.edu/FullProfessor3}, {X=http://www.Department2.University2.edu/UndergraduateStudent1}, {X=http://www.Department2.University2.edu/AssociateProfessor8}, {X=http://www.Department2.University2.edu/UndergraduateStudent104}, {X=http://www.Department2.University2.edu/GraduateStudent80}, {X=http://www.Department2.University2.edu/UndergraduateStudent337}, {X=http://www.Department2.University2.edu/GraduateStudent67}, {X=http://www.Department2.University2.edu/UndergraduateStudent43}, {X=http://www.Department2.University2.edu/Lecturer5}, {X=http://www.Department2.University2.edu/GraduateStudent41}, {X=http://www.Department2.University2.edu/UndergraduateStudent102}, {X=http://www.Department2.University2.edu/UndergraduateStudent117}, {X=http://www.Department2.University2.edu/UndergraduateStudent182}, {X=http://www.Department2.University2.edu/UndergraduateStudent324}, {X=http://www.Department2.University2.edu/UndergraduateStudent51}, {X=http://www.Department2.University2.edu/GraduateStudent107}, {X=http://www.Department2.University2.edu/UndergraduateStudent119}, {X=http://www.Department2.University2.edu/GraduateStudent58}, {X=http://www.Department2.University2.edu/UndergraduateStudent274}, {X=http://www.Department2.University2.edu/UndergraduateStudent258}, {X=http://www.Department2.University2.edu/UndergraduateStudent177}, {X=http://www.Department2.University2.edu/GraduateStudent75}, {X=http://www.Department2.University2.edu/UndergraduateStudent140}, {X=http://www.Department2.University2.edu/UndergraduateStudent101}, {X=http://www.Department2.University2.edu/UndergraduateStudent90}, {X=http://www.Department2.University2.edu/UndergraduateStudent135}, {X=http://www.Department2.University2.edu/GraduateStudent35}, {X=http://www.Department2.University2.edu/GraduateStudent71}, {X=http://www.Department2.University2.edu/UndergraduateStudent312}, {X=http://www.Department2.University2.edu/UndergraduateStudent186}, {X=http://www.Department2.University2.edu/UndergraduateStudent341}, {X=http://www.Department2.University2.edu/UndergraduateStudent342}, {X=http://www.Department2.University2.edu/UndergraduateStudent158}, {X=http://www.Department2.University2.edu/UndergraduateStudent171}, {X=http://www.Department2.University2.edu/AssociateProfessor6}, {X=http://www.Department2.University2.edu/UndergraduateStudent300}, {X=http://www.Department2.University2.edu/UndergraduateStudent165}, {X=http://www.Department2.University2.edu/Lecturer2}, {X=http://www.Department2.University2.edu/UndergraduateStudent151}, {X=http://www.Department2.University2.edu/UndergraduateStudent88}, {X=http://www.Department2.University2.edu/UndergraduateStudent194}, {X=http://www.Department2.University2.edu/UndergraduateStudent169}, {X=http://www.Department2.University2.edu/GraduateStudent3}, {X=http://www.Department2.University2.edu/UndergraduateStudent302}, {X=http://www.Department2.University2.edu/UndergraduateStudent231}, {X=http://www.Department2.University2.edu/UndergraduateStudent264}, {X=http://www.Department2.University2.edu/UndergraduateStudent247}, {X=http://www.Department2.University2.edu/GraduateStudent55}, {X=http://www.Department2.University2.edu/GraduateStudent1}, {X=http://www.Department2.University2.edu/UndergraduateStudent283}, {X=http://www.Department2.University2.edu/UndergraduateStudent191}, {X=http://www.Department2.University2.edu/UndergraduateStudent98}, {X=http://www.Department2.University2.edu/GraduateStudent70}, {X=http://www.Department2.University2.edu/UndergraduateStudent75}, {X=http://www.Department2.University2.edu/UndergraduateStudent204}, {X=http://www.Department2.University2.edu/GraduateStudent44}, {X=http://www.Department2.University2.edu/UndergraduateStudent356}, {X=http://www.Department2.University2.edu/UndergraduateStudent360}, {X=http://www.Department2.University2.edu/UndergraduateStudent277}, {X=http://www.Department2.University2.edu/UndergraduateStudent2}, {X=http://www.Department2.University2.edu/UndergraduateStudent84}, {X=http://www.Department2.University2.edu/UndergraduateStudent282}, {X=http://www.Department2.University2.edu/UndergraduateStudent224}, {X=http://www.Department2.University2.edu/GraduateStudent20}, {X=http://www.Department2.University2.edu/UndergraduateStudent281}, {X=http://www.Department2.University2.edu/AssociateProfessor1}, {X=http://www.Department2.University2.edu/GraduateStudent39}, {X=http://www.Department2.University2.edu/UndergraduateStudent68}, {X=http://www.Department2.University2.edu/UndergraduateStudent19}, {X=http://www.Department2.University2.edu/UndergraduateStudent323}, {X=http://www.Department2.University2.edu/GraduateStudent102}, {X=http://www.Department2.University2.edu/GraduateStudent81}, {X=http://www.Department2.University2.edu/UndergraduateStudent154}, {X=http://www.Department2.University2.edu/GraduateStudent48}, {X=http://www.Department2.University2.edu/UndergraduateStudent152}, {X=http://www.Department2.University2.edu/UndergraduateStudent329}, {X=http://www.Department2.University2.edu/UndergraduateStudent21}, {X=http://www.Department2.University2.edu/UndergraduateStudent159}, {X=http://www.Department2.University2.edu/GraduateStudent15}, {X=http://www.Department2.University2.edu/UndergraduateStudent99}, {X=http://www.Department2.University2.edu/UndergraduateStudent242}, {X=http://www.Department2.University2.edu/UndergraduateStudent292}, {X=http://www.Department2.University2.edu/UndergraduateStudent343}, {X=http://www.Department2.University2.edu/UndergraduateStudent238}, {X=http://www.Department2.University2.edu/GraduateStudent23}, {X=http://www.Department2.University2.edu/UndergraduateStudent187}, {X=http://www.Department2.University2.edu/AssistantProfessor5}, {X=http://www.Department2.University2.edu/GraduateStudent100}, {X=http://www.Department2.University2.edu/UndergraduateStudent143}, {X=http://www.Department2.University2.edu/UndergraduateStudent174}, {X=http://www.Department2.University2.edu/GraduateStudent2}, {X=http://www.Department2.University2.edu/UndergraduateStudent234}, {X=http://www.Department2.University2.edu/UndergraduateStudent150}, {X=http://www.Department2.University2.edu/UndergraduateStudent164}, {X=http://www.Department2.University2.edu/UndergraduateStudent241}, {X=http://www.Department2.University2.edu/UndergraduateStudent126}, {X=http://www.Department2.University2.edu/UndergraduateStudent225}, {X=http://www.Department2.University2.edu/UndergraduateStudent185}, {X=http://www.Department2.University2.edu/UndergraduateStudent196}, {X=http://www.Department2.University2.edu/GraduateStudent118}, {X=http://www.Department2.University2.edu/UndergraduateStudent113}, {X=http://www.Department2.University2.edu/UndergraduateStudent130}, {X=http://www.Department2.University2.edu/UndergraduateStudent279}, {X=http://www.Department2.University2.edu/UndergraduateStudent305}, {X=http://www.Department2.University2.edu/GraduateStudent37}, {X=http://www.Department2.University2.edu/GraduateStudent61}, {X=http://www.Department2.University2.edu/UndergraduateStudent246}, {X=http://www.Department2.University2.edu/GraduateStudent72}, {X=http://www.Department2.University2.edu/UndergraduateStudent294}, {X=http://www.Department2.University2.edu/UndergraduateStudent278}, {X=http://www.Department2.University2.edu/UndergraduateStudent270}, {X=http://www.Department2.University2.edu/UndergraduateStudent284}, {X=http://www.Department2.University2.edu/UndergraduateStudent89}, {X=http://www.Department2.University2.edu/GraduateStudent0}, {X=http://www.Department2.University2.edu/UndergraduateStudent213}, {X=http://www.Department2.University2.edu/UndergraduateStudent349}, {X=http://www.Department2.University2.edu/UndergraduateStudent263}, {X=http://www.Department2.University2.edu/GraduateStudent24}, {X=http://www.Department2.University2.edu/UndergraduateStudent176}, {X=http://www.Department2.University2.edu/UndergraduateStudent39}, {X=http://www.Department2.University2.edu/AssociateProfessor7}, {X=http://www.Department2.University2.edu/UndergraduateStudent124}, {X=http://www.Department2.University2.edu/UndergraduateStudent52}, {X=http://www.Department2.University2.edu/UndergraduateStudent354}, {X=http://www.Department2.University2.edu/GraduateStudent83}, {X=http://www.Department2.University2.edu/UndergraduateStudent48}, {X=http://www.Department2.University2.edu/GraduateStudent130}, {X=http://www.Department2.University2.edu/UndergraduateStudent61}, {X=http://www.Department2.University2.edu/UndergraduateStudent16}, {X=http://www.Department2.University2.edu/UndergraduateStudent319}, {X=http://www.Department2.University2.edu/GraduateStudent98}, {X=http://www.Department2.University2.edu/UndergraduateStudent71}, {X=http://www.Department2.University2.edu/UndergraduateStudent35}, {X=http://www.Department2.University2.edu/GraduateStudent120}, {X=http://www.Department2.University2.edu/UndergraduateStudent156}, {X=http://www.Department2.University2.edu/UndergraduateStudent153}, {X=http://www.Department2.University2.edu/UndergraduateStudent118}, {X=http://www.Department2.University2.edu/GraduateStudent90}, {X=http://www.Department2.University2.edu/GraduateStudent59}, {X=http://www.Department2.University2.edu/GraduateStudent43}, {X=http://www.Department2.University2.edu/UndergraduateStudent317}, {X=http://www.Department2.University2.edu/AssistantProfessor4}, {X=http://www.Department2.University2.edu/UndergraduateStudent121}, {X=http://www.Department2.University2.edu/FullProfessor2}, {X=http://www.Department2.University2.edu/UndergraduateStudent144}, {X=http://www.Department2.University2.edu/UndergraduateStudent251}, {X=http://www.Department2.University2.edu/UndergraduateStudent141}, {X=http://www.Department2.University2.edu/UndergraduateStudent265}, {X=http://www.Department2.University2.edu/GraduateStudent115}, {X=http://www.Department2.University2.edu/UndergraduateStudent268}, {X=http://www.Department2.University2.edu/GraduateStudent66}, {X=http://www.Department2.University2.edu/GraduateStudent5}, {X=http://www.Department2.University2.edu/UndergraduateStudent310}, {X=http://www.Department2.University2.edu/UndergraduateStudent183}, {X=http://www.Department2.University2.edu/UndergraduateStudent248}, {X=http://www.Department2.University2.edu/GraduateStudent69}, {X=http://www.Department2.University2.edu/UndergraduateStudent94}, {X=http://www.Department2.University2.edu/GraduateStudent73}, {X=http://www.Department2.University2.edu/UndergraduateStudent138}, {X=http://www.Department2.University2.edu/UndergraduateStudent37}, {X=http://www.Department2.University2.edu/UndergraduateStudent233}, {X=http://www.Department2.University2.edu/UndergraduateStudent291}, {X=http://www.Department2.University2.edu/UndergraduateStudent212}, {X=http://www.Department2.University2.edu/UndergraduateStudent55}, {X=http://www.Department2.University2.edu/UndergraduateStudent91}, {X=http://www.Department2.University2.edu/UndergraduateStudent222}, {X=http://www.Department2.University2.edu/UndergraduateStudent309}, {X=http://www.Department2.University2.edu/UndergraduateStudent332}, {X=http://www.Department2.University2.edu/GraduateStudent131}, {X=http://www.Department2.University2.edu/GraduateStudent53}, {X=http://www.Department2.University2.edu/GraduateStudent112}, {X=http://www.Department2.University2.edu/UndergraduateStudent73}, {X=http://www.Department2.University2.edu/UndergraduateStudent7}, {X=http://www.Department2.University2.edu/UndergraduateStudent116}, {X=http://www.Department2.University2.edu/UndergraduateStudent92}, {X=http://www.Department2.University2.edu/UndergraduateStudent201}, {X=http://www.Department2.University2.edu/GraduateStudent29}, {X=http://www.Department2.University2.edu/UndergraduateStudent85}, {X=http://www.Department2.University2.edu/AssociateProfessor4}, {X=http://www.Department2.University2.edu/UndergraduateStudent227}, {X=http://www.Department2.University2.edu/UndergraduateStudent3}, {X=http://www.Department2.University2.edu/UndergraduateStudent240}, {X=http://www.Department2.University2.edu/UndergraduateStudent197}, {X=http://www.Department2.University2.edu/UndergraduateStudent123}, {X=http://www.Department2.University2.edu/UndergraduateStudent311}, {X=http://www.Department2.University2.edu/GraduateStudent51}, {X=http://www.Department2.University2.edu/UndergraduateStudent285}, {X=http://www.Department2.University2.edu/UndergraduateStudent333}, {X=http://www.Department2.University2.edu/GraduateStudent8}, {X=http://www.Department2.University2.edu/GraduateStudent132}, {X=http://www.Department2.University2.edu/UndergraduateStudent218}, {X=http://www.Department2.University2.edu/GraduateStudent121}, {X=http://www.Department2.University2.edu/GraduateStudent127}, {X=http://www.Department2.University2.edu/UndergraduateStudent25}, {X=http://www.Department2.University2.edu/UndergraduateStudent254}, {X=http://www.Department2.University2.edu/GraduateStudent108}, {X=http://www.Department2.University2.edu/UndergraduateStudent47}, {X=http://www.Department2.University2.edu/GraduateStudent16}, {X=http://www.Department2.University2.edu/GraduateStudent21}, {X=http://www.Department2.University2.edu/UndergraduateStudent221}, {X=http://www.Department2.University2.edu/GraduateStudent10}, {X=http://www.Department2.University2.edu/UndergraduateStudent219}, {X=http://www.Department2.University2.edu/UndergraduateStudent24}, {X=http://www.Department2.University2.edu/UndergraduateStudent330}, {X=http://www.Department2.University2.edu/UndergraduateStudent297}, {X=http://www.Department2.University2.edu/UndergraduateStudent308}, {X=http://www.Department2.University2.edu/UndergraduateStudent128}, {X=http://www.Department2.University2.edu/UndergraduateStudent358}, {X=http://www.Department2.University2.edu/UndergraduateStudent13}, {X=http://www.Department2.University2.edu/GraduateStudent129}, {X=http://www.Department2.University2.edu/UndergraduateStudent253}, {X=http://www.Department2.University2.edu/UndergraduateStudent29}, {X=http://www.Department2.University2.edu/UndergraduateStudent193}, {X=http://www.Department2.University2.edu/GraduateStudent46}, {X=http://www.Department2.University2.edu/UndergraduateStudent122}, {X=http://www.Department2.University2.edu/UndergraduateStudent56}, {X=http://www.Department2.University2.edu/GraduateStudent125}, {X=http://www.Department2.University2.edu/UndergraduateStudent202}, {X=http://www.Department2.University2.edu/AssistantProfessor1}, {X=http://www.Department2.University2.edu/GraduateStudent86}, {X=http://www.Department2.University2.edu/AssistantProfessor2}, {X=http://www.Department2.University2.edu/UndergraduateStudent262}, {X=http://www.Department2.University2.edu/UndergraduateStudent163}, {X=http://www.Department2.University2.edu/UndergraduateStudent148}, {X=http://www.Department2.University2.edu/UndergraduateStudent76}, {X=http://www.Department2.University2.edu/GraduateStudent27}, {X=http://www.Department2.University2.edu/GraduateStudent64}, {X=http://www.Department2.University2.edu/UndergraduateStudent351}, {X=http://www.Department2.University2.edu/UndergraduateStudent78}, {X=http://www.Department2.University2.edu/GraduateStudent49}, {X=http://www.Department2.University2.edu/UndergraduateStudent338}, {X=http://www.Department2.University2.edu/AssociateProfessor0}, {X=http://www.Department2.University2.edu/UndergraduateStudent36}, {X=http://www.Department2.University2.edu/UndergraduateStudent339}, {X=http://www.Department2.University2.edu/GraduateStudent87}, {X=http://www.Department2.University2.edu/AssociateProfessor9}, {X=http://www.Department2.University2.edu/UndergraduateStudent167}, {X=http://www.Department2.University2.edu/GraduateStudent119}, {X=http://www.Department2.University2.edu/UndergraduateStudent72}, {X=http://www.Department2.University2.edu/UndergraduateStudent77}, {X=http://www.Department2.University2.edu/GraduateStudent97}, {X=http://www.Department2.University2.edu/GraduateStudent54}, {X=http://www.Department2.University2.edu/UndergraduateStudent9}, {X=http://www.Department2.University2.edu/UndergraduateStudent65}, {X=http://www.Department2.University2.edu/UndergraduateStudent11}, {X=http://www.Department2.University2.edu/UndergraduateStudent208}, {X=http://www.Department2.University2.edu/GraduateStudent128}, {X=http://www.Department2.University2.edu/UndergraduateStudent322}, {X=http://www.Department2.University2.edu/GraduateStudent89}, {X=http://www.Department2.University2.edu/UndergraduateStudent28}, {X=http://www.Department2.University2.edu/GraduateStudent25}, {X=http://www.Department2.University2.edu/UndergraduateStudent134}, {X=http://www.Department2.University2.edu/UndergraduateStudent335}, {X=http://www.Department2.University2.edu/UndergraduateStudent288}, {X=http://www.Department2.University2.edu/UndergraduateStudent97}, {X=http://www.Department2.University2.edu/UndergraduateStudent125}, {X=http://www.Department2.University2.edu/GraduateStudent76}, {X=http://www.Department2.University2.edu/GraduateStudent28}, {X=http://www.Department2.University2.edu/UndergraduateStudent137}, {X=http://www.Department2.University2.edu/UndergraduateStudent162}, {X=http://www.Department2.University2.edu/UndergraduateStudent293}, {X=http://www.Department2.University2.edu/UndergraduateStudent328}, {X=http://www.Department2.University2.edu/UndergraduateStudent350}, {X=http://www.Department2.University2.edu/UndergraduateStudent269}, {X=http://www.Department2.University2.edu/UndergraduateStudent64}, {X=http://www.Department2.University2.edu/UndergraduateStudent272}, {X=http://www.Department2.University2.edu/UndergraduateStudent245}, {X=http://www.Department2.University2.edu/UndergraduateStudent95}, {X=http://www.Department2.University2.edu/UndergraduateStudent109}, {X=http://www.Department2.University2.edu/UndergraduateStudent179}, {X=http://www.Department2.University2.edu/GraduateStudent63}, {X=http://www.Department2.University2.edu/GraduateStudent19}, {X=http://www.Department2.University2.edu/GraduateStudent22}, {X=http://www.Department2.University2.edu/UndergraduateStudent4}, {X=http://www.Department2.University2.edu/UndergraduateStudent280}, {X=http://www.Department2.University2.edu/GraduateStudent12}, {X=http://www.Department2.University2.edu/UndergraduateStudent38}, {X=http://www.Department2.University2.edu/UndergraduateStudent93}, {X=http://www.Department2.University2.edu/UndergraduateStudent58}, {X=http://www.Department2.University2.edu/UndergraduateStudent223}, {X=http://www.Department2.University2.edu/AssociateProfessor5}, {X=http://www.Department2.University2.edu/UndergraduateStudent146}, {X=http://www.Department2.University2.edu/AssistantProfessor8}, {X=http://www.Department2.University2.edu/UndergraduateStudent32}, {X=http://www.Department2.University2.edu/UndergraduateStudent220}, {X=http://www.Department2.University2.edu/GraduateStudent82}, {X=http://www.Department2.University2.edu/UndergraduateStudent286}, {X=http://www.Department2.University2.edu/UndergraduateStudent295}, {X=http://www.Department2.University2.edu/UndergraduateStudent267}, {X=http://www.Department2.University2.edu/UndergraduateStudent34}, {X=http://www.Department2.University2.edu/UndergraduateStudent355}, {X=http://www.Department2.University2.edu/GraduateStudent4}, {X=http://www.Department2.University2.edu/UndergraduateStudent320}, {X=http://www.Department2.University2.edu/UndergraduateStudent321}, {X=http://www.Department2.University2.edu/GraduateStudent60}, {X=http://www.Department2.University2.edu/UndergraduateStudent275}, {X=http://www.Department2.University2.edu/GraduateStudent26}, {X=http://www.Department2.University2.edu/UndergraduateStudent318}, {X=http://www.Department2.University2.edu/UndergraduateStudent57}, {X=http://www.Department2.University2.edu/UndergraduateStudent115}, {X=http://www.Department2.University2.edu/GraduateStudent106}, {X=http://www.Department2.University2.edu/GraduateStudent38}, {X=http://www.Department2.University2.edu/GraduateStudent34}, {X=http://www.Department2.University2.edu/UndergraduateStudent147}, {X=http://www.Department2.University2.edu/UndergraduateStudent46}, {X=http://www.Department2.University2.edu/UndergraduateStudent79}, {X=http://www.Department2.University2.edu/UndergraduateStudent63}, {X=http://www.Department2.University2.edu/UndergraduateStudent336}, {X=http://www.Department2.University2.edu/UndergraduateStudent256}, {X=http://www.Department2.University2.edu/GraduateStudent42}, {X=http://www.Department2.University2.edu/UndergraduateStudent214}, {X=http://www.Department2.University2.edu/GraduateStudent92}, {X=http://www.Department2.University2.edu/UndergraduateStudent313}, {X=http://www.Department2.University2.edu/UndergraduateStudent42}, {X=http://www.Department2.University2.edu/UndergraduateStudent100}, {X=http://www.Department2.University2.edu/UndergraduateStudent83}, {X=http://www.Department2.University2.edu/FullProfessor6}, {X=http://www.Department2.University2.edu/UndergraduateStudent69}, {X=http://www.Department2.University2.edu/GraduateStudent91}, {X=http://www.Department2.University2.edu/UndergraduateStudent111}, {X=http://www.Department2.University2.edu/UndergraduateStudent20}, {X=http://www.Department2.University2.edu/UndergraduateStudent87}, {X=http://www.Department2.University2.edu/UndergraduateStudent190}, {X=http://www.Department2.University2.edu/UndergraduateStudent189}, {X=http://www.Department2.University2.edu/UndergraduateStudent5}, {X=http://www.Department2.University2.edu/GraduateStudent30}, {X=http://www.Department2.University2.edu/GraduateStudent32}, {X=http://www.Department2.University2.edu/UndergraduateStudent331}, {X=http://www.Department2.University2.edu/GraduateStudent65}, {X=http://www.Department2.University2.edu/UndergraduateStudent226}, {X=http://www.Department2.University2.edu/UndergraduateStudent44}, {X=http://www.Department2.University2.edu/UndergraduateStudent132}, {X=http://www.Department2.University2.edu/UndergraduateStudent33}, {X=http://www.Department2.University2.edu/GraduateStudent7}, {X=http://www.Department2.University2.edu/UndergraduateStudent166}, {X=http://www.Department2.University2.edu/UndergraduateStudent74}, {X=http://www.Department2.University2.edu/UndergraduateStudent207}, {X=http://www.Department2.University2.edu/UndergraduateStudent244}, {X=http://www.Department2.University2.edu/UndergraduateStudent175}, {X=http://www.Department2.University2.edu/UndergraduateStudent45}, {X=http://www.Department2.University2.edu/UndergraduateStudent127}, {X=http://www.Department2.University2.edu/GraduateStudent93}, {X=http://www.Department2.University2.edu/UndergraduateStudent8}, {X=http://www.Department2.University2.edu/UndergraduateStudent53}, {X=http://www.Department2.University2.edu/UndergraduateStudent200}, {X=http://www.Department2.University2.edu/UndergraduateStudent232}, {X=http://www.Department2.University2.edu/UndergraduateStudent273}, {X=http://www.Department2.University2.edu/GraduateStudent79}, {X=http://www.Department2.University2.edu/GraduateStudent94}, {X=http://www.Department2.University2.edu/GraduateStudent95}, {X=http://www.Department2.University2.edu/UndergraduateStudent353}, {X=http://www.Department2.University2.edu/UndergraduateStudent18}, {X=http://www.Department2.University2.edu/Lecturer4}, {X=http://www.Department2.University2.edu/GraduateStudent110}, {X=http://www.Department2.University2.edu/UndergraduateStudent334}, {X=http://www.Department2.University2.edu/UndergraduateStudent27}, {X=http://www.Department2.University2.edu/UndergraduateStudent250}, {X=http://www.Department2.University2.edu/UndergraduateStudent30}, {X=http://www.Department2.University2.edu/UndergraduateStudent289}, {X=http://www.Department2.University2.edu/AssistantProfessor3}, {X=http://www.Department2.University2.edu/UndergraduateStudent257}, {X=http://www.Department2.University2.edu/UndergraduateStudent155}, {X=http://www.Department2.University2.edu/UndergraduateStudent327}, {X=http://www.Department2.University2.edu/UndergraduateStudent66}, {X=http://www.Department2.University2.edu/UndergraduateStudent229}, {X=http://www.Department2.University2.edu/UndergraduateStudent346}, {X=http://www.Department2.University2.edu/UndergraduateStudent180}, {X=http://www.Department2.University2.edu/GraduateStudent105}, {X=http://www.Department2.University2.edu/GraduateStudent77}, {X=http://www.Department2.University2.edu/UndergraduateStudent17}, {X=http://www.Department2.University2.edu/GraduateStudent78}, {X=http://www.Department2.University2.edu/UndergraduateStudent81}, {X=http://www.Department2.University2.edu/AssociateProfessor11}, {X=http://www.Department2.University2.edu/FullProfessor0}, {X=http://www.Department2.University2.edu/UndergraduateStudent228}, {X=http://www.Department2.University2.edu/UndergraduateStudent49}, {X=http://www.Department2.University2.edu/GraduateStudent45}, {X=http://www.Department2.University2.edu/UndergraduateStudent216}, {X=http://www.Department2.University2.edu/UndergraduateStudent142}, {X=http://www.Department2.University2.edu/UndergraduateStudent261}, {X=http://www.Department2.University2.edu/GraduateStudent11}, {X=http://www.Department2.University2.edu/UndergraduateStudent168}, {X=http://www.Department2.University2.edu/UndergraduateStudent0}, {X=http://www.Department2.University2.edu/UndergraduateStudent345}, {X=http://www.Department2.University2.edu/UndergraduateStudent266}, {X=http://www.Department2.University2.edu/GraduateStudent18}, {X=http://www.Department2.University2.edu/GraduateStudent6}, {X=http://www.Department2.University2.edu/Lecturer1}, {X=http://www.Department2.University2.edu/UndergraduateStudent110}, {X=http://www.Department2.University2.edu/UndergraduateStudent198}, {X=http://www.Department2.University2.edu/UndergraduateStudent195}, {X=http://www.Department2.University2.edu/UndergraduateStudent260}, {X=http://www.Department2.University2.edu/UndergraduateStudent307}, {X=http://www.Department2.University2.edu/UndergraduateStudent296}, {X=http://www.Department2.University2.edu/GraduateStudent13}, {X=http://www.Department2.University2.edu/UndergraduateStudent314}, {X=http://www.Department2.University2.edu/UndergraduateStudent344}, {X=http://www.Department2.University2.edu/AssociateProfessor10}, {X=http://www.Department2.University2.edu/UndergraduateStudent22}, {X=http://www.Department2.University2.edu/UndergraduateStudent108}, {X=http://www.Department2.University2.edu/UndergraduateStudent170}, {X=http://www.Department2.University2.edu/UndergraduateStudent103}, {X=http://www.Department2.University2.edu/UndergraduateStudent304}, {X=http://www.Department2.University2.edu/GraduateStudent36}, {X=http://www.Department2.University2.edu/UndergraduateStudent230}, {X=http://www.Department2.University2.edu/UndergraduateStudent41}, {X=http://www.Department2.University2.edu/UndergraduateStudent131}, {X=http://www.Department2.University2.edu/UndergraduateStudent255}, {X=http://www.Department2.University2.edu/GraduateStudent74}, {X=http://www.Department2.University2.edu/GraduateStudent114}, {X=http://www.Department2.University2.edu/UndergraduateStudent290}, {X=http://www.Department2.University2.edu/UndergraduateStudent86}, {X=http://www.Department2.University2.edu/UndergraduateStudent235}, {X=http://www.Department2.University2.edu/GraduateStudent14}, {X=http://www.Department2.University2.edu/Lecturer0}, {X=http://www.Department2.University2.edu/UndergraduateStudent188}, {X=http://www.Department2.University2.edu/UndergraduateStudent203}, {X=http://www.Department2.University2.edu/UndergraduateStudent15}, {X=http://www.Department2.University2.edu/UndergraduateStudent276}, {X=http://www.Department2.University2.edu/UndergraduateStudent62}, {X=http://www.Department2.University2.edu/UndergraduateStudent82}, {X=http://www.Department2.University2.edu/UndergraduateStudent215}, {X=http://www.Department2.University2.edu/UndergraduateStudent217}, {X=http://www.Department2.University2.edu/UndergraduateStudent112}, {X=http://www.Department2.University2.edu/GraduateStudent113}, {X=http://www.Department2.University2.edu/AssociateProfessor2}, {X=http://www.Department2.University2.edu/UndergraduateStudent106}, {X=http://www.Department2.University2.edu/GraduateStudent47}, {X=http://www.Department2.University2.edu/UndergraduateStudent259}, {X=http://www.Department2.University2.edu/UndergraduateStudent12}, {X=http://www.Department2.University2.edu/GraduateStudent104}, {X=http://www.Department2.University2.edu/UndergraduateStudent23}, {X=http://www.Department2.University2.edu/GraduateStudent124}, {X=http://www.Department2.University2.edu/FullProfessor1}, {X=http://www.Department2.University2.edu/UndergraduateStudent6}, {X=http://www.Department2.University2.edu/UndergraduateStudent206}, {X=http://www.Department2.University2.edu/GraduateStudent117}, {X=http://www.Department2.University2.edu/UndergraduateStudent315}, {X=http://www.Department2.University2.edu/UndergraduateStudent172}, {X=http://www.Department2.University2.edu/Lecturer3}, {X=http://www.Department2.University2.edu/UndergraduateStudent145}, {X=http://www.Department2.University2.edu/UndergraduateStudent252}, {X=http://www.Department2.University2.edu/UndergraduateStudent199}, {X=http://www.Department2.University2.edu/UndergraduateStudent192}, {X=http://www.Department2.University2.edu/GraduateStudent57}, {X=http://www.Department2.University2.edu/GraduateStudent101}, {X=http://www.Department2.University2.edu/UndergraduateStudent26}, {X=http://www.Department2.University2.edu/UndergraduateStudent173}, {X=http://www.Department2.University2.edu/GraduateStudent103}, {X=http://www.Department2.University2.edu/UndergraduateStudent160}, {X=http://www.Department2.University2.edu/UndergraduateStudent184}, {X=http://www.Department2.University2.edu/UndergraduateStudent326}, {X=http://www.Department2.University2.edu/AssistantProfessor7}, {X=http://www.Department2.University2.edu/GraduateStudent33}, {X=http://www.Department2.University2.edu/GraduateStudent111}, {X=http://www.Department2.University2.edu/UndergraduateStudent271}, {X=http://www.Department2.University2.edu/UndergraduateStudent287}, {X=http://www.Department2.University2.edu/GraduateStudent88}, {X=http://www.Department2.University2.edu/UndergraduateStudent80}, {X=http://www.Department2.University2.edu/UndergraduateStudent359}, {X=http://www.Department2.University2.edu/GraduateStudent123}, {X=http://www.Department2.University2.edu/FullProfessor5}, {X=http://www.Department2.University2.edu/GraduateStudent116}, {X=http://www.Department2.University2.edu/UndergraduateStudent239}, {X=http://www.Department2.University2.edu/GraduateStudent68}, {X=http://www.Department2.University2.edu/UndergraduateStudent96}, {X=http://www.Department2.University2.edu/UndergraduateStudent178}, {X=http://www.Department2.University2.edu/UndergraduateStudent157}, {X=http://www.Department2.University2.edu/UndergraduateStudent105}, {X=http://www.Department2.University2.edu/GraduateStudent122}, {X=http://www.Department2.University2.edu/UndergraduateStudent50}, {X=http://www.Department2.University2.edu/UndergraduateStudent316}, {X=http://www.Department2.University2.edu/UndergraduateStudent303}, {X=http://www.Department2.University2.edu/UndergraduateStudent181}, {X=http://www.Department2.University2.edu/UndergraduateStudent301}, {X=http://www.Department2.University2.edu/UndergraduateStudent243}, {X=http://www.Department2.University2.edu/UndergraduateStudent120}, {X=http://www.Department2.University2.edu/UndergraduateStudent14}, {X=http://www.Department2.University2.edu/GraduateStudent126}, {X=http://www.Department2.University2.edu/FullProfessor4}, {X=http://www.Department2.University2.edu/GraduateStudent9}, {X=http://www.Department2.University2.edu/GraduateStudent31}, {X=http://www.Department2.University2.edu/UndergraduateStudent205}, {X=http://www.Department2.University2.edu/UndergraduateStudent347}, {X=http://www.Department2.University2.edu/UndergraduateStudent133}, {X=http://www.Department2.University2.edu/UndergraduateStudent136}, {X=http://www.Department2.University2.edu/UndergraduateStudent40}, {X=http://www.Department2.University2.edu/GraduateStudent109}, {X=http://www.Department2.University2.edu/AssistantProfessor6}, {X=http://www.Department2.University2.edu/UndergraduateStudent325}, {X=http://www.Department2.University2.edu/UndergraduateStudent210}, {X=http://www.Department2.University2.edu/UndergraduateStudent139}, {X=http://www.Department2.University2.edu/GraduateStudent99}, {X=http://www.Department2.University2.edu/UndergraduateStudent114}, {X=http://www.Department2.University2.edu/GraduateStudent50}, {X=http://www.Department2.University2.edu/UndergraduateStudent298}, {X=http://www.Department2.University2.edu/UndergraduateStudent31}, {X=http://www.Department2.University2.edu/UndergraduateStudent60}, {X=http://www.Department2.University2.edu/UndergraduateStudent249}, {X=http://www.Department2.University2.edu/UndergraduateStudent149}, {X=http://www.Department2.University2.edu/UndergraduateStudent352}, {X=http://www.Department2.University2.edu/UndergraduateStudent236}, {X=http://www.Department2.University2.edu/UndergraduateStudent211}, {X=http://www.Department2.University2.edu/GraduateStudent96}, {X=http://www.Department2.University2.edu/UndergraduateStudent107}, {X=http://www.Department2.University2.edu/GraduateStudent52}, {X=http://www.Department2.University2.edu/AssociateProfessor3}, {X=http://www.Department2.University2.edu/GraduateStudent85}, {X=http://www.Department2.University2.edu/UndergraduateStudent54}, {X=http://www.Department2.University2.edu/GraduateStudent56}, {X=http://www.Department2.University2.edu/UndergraduateStudent237}, {X=http://www.Department2.University2.edu/UndergraduateStudent306}, {X=http://www.Department2.University2.edu/GraduateStudent62}, {X=http://www.Department2.University2.edu/GraduateStudent40}, {X=http://www.Department2.University2.edu/GraduateStudent84}, {X=http://www.Department2.University2.edu/UndergraduateStudent340}, {X=http://www.Department2.University2.edu/UndergraduateStudent67}, {X=http://www.Department2.University2.edu/UndergraduateStudent70}, {X=http://www.Department2.University2.edu/UndergraduateStudent299}, {X=http://www.Department2.University2.edu/UndergraduateStudent129}, {X=http://www.Department2.University2.edu/UndergraduateStudent161}, {X=http://www.Department2.University2.edu/AssistantProfessor0}, {X=http://www.Department2.University2.edu/UndergraduateStudent10}, {X=http://www.Department2.University2.edu/UndergraduateStudent348}, {X=http://www.Department2.University2.edu/UndergraduateStudent357}, {X=http://www.Department2.University2.edu/GraduateStudent17}, {X=http://www.Department2.University2.edu/UndergraduateStudent59}, {X=http://www.Department2.University2.edu/UndergraduateStudent209}, {X=http://www.Department2.University2.edu/FullProfessor3}, {X=http://www.Department2.University2.edu/UndergraduateStudent1}, {X=http://www.Department2.University2.edu/AssociateProfessor8}, {X=http://www.Department2.University2.edu/UndergraduateStudent104}, {X=http://www.Department2.University2.edu/GraduateStudent80}, {X=http://www.Department2.University2.edu/UndergraduateStudent337}, {X=http://www.Department2.University2.edu/GraduateStudent67}, {X=http://www.Department2.University2.edu/UndergraduateStudent43}, {X=http://www.Department2.University2.edu/Lecturer5}, {X=http://www.Department2.University2.edu/GraduateStudent41}, {X=http://www.Department2.University2.edu/UndergraduateStudent102}, {X=http://www.Department2.University2.edu/UndergraduateStudent117}, {X=http://www.Department2.University2.edu/UndergraduateStudent182}, {X=http://www.Department2.University2.edu/UndergraduateStudent324}, {X=http://www.Department2.University2.edu/UndergraduateStudent51}, {X=http://www.Department2.University2.edu/GraduateStudent107}, {X=http://www.Department2.University2.edu/UndergraduateStudent119}, {X=http://www.Department2.University2.edu/GraduateStudent58}, {X=http://www.Department2.University2.edu/UndergraduateStudent274}, {X=http://www.Department2.University2.edu/UndergraduateStudent258}, {X=http://www.Department2.University2.edu/UndergraduateStudent177}, {X=http://www.Department2.University2.edu/GraduateStudent75}, {X=http://www.Department2.University2.edu/UndergraduateStudent140}, {X=http://www.Department2.University2.edu/UndergraduateStudent101}, {X=http://www.Department2.University2.edu/UndergraduateStudent90}, {X=http://www.Department2.University2.edu/UndergraduateStudent135}, {X=http://www.Department2.University2.edu/GraduateStudent35}, {X=http://www.Department2.University2.edu/GraduateStudent71}, {X=http://www.Department2.University2.edu/UndergraduateStudent312}, {X=http://www.Department2.University2.edu/UndergraduateStudent186}, {X=http://www.Department2.University2.edu/UndergraduateStudent341}, {X=http://www.Department2.University2.edu/UndergraduateStudent342}, {X=http://www.Department2.University2.edu/UndergraduateStudent158}, {X=http://www.Department2.University2.edu/UndergraduateStudent171}, {X=http://www.Department2.University2.edu/AssociateProfessor6}, {X=http://www.Department2.University2.edu/UndergraduateStudent300}, {X=http://www.Department2.University2.edu/UndergraduateStudent165}, {X=http://www.Department2.University2.edu/Lecturer2}, {X=http://www.Department2.University2.edu/UndergraduateStudent151}, {X=http://www.Department2.University2.edu/UndergraduateStudent88}, {X=http://www.Department2.University2.edu/UndergraduateStudent194}, {X=http://www.Department2.University2.edu/UndergraduateStudent169}, {X=http://www.Department2.University2.edu/GraduateStudent3}, {X=http://www.Department2.University2.edu/UndergraduateStudent302}, {X=http://www.Department2.University2.edu/UndergraduateStudent231}, {X=http://www.Department2.University2.edu/UndergraduateStudent264}, {X=http://www.Department2.University2.edu/UndergraduateStudent247}, {X=http://www.Department2.University2.edu/GraduateStudent55}, {X=http://www.Department2.University2.edu/GraduateStudent1}, {X=http://www.Department2.University2.edu/UndergraduateStudent283}, {X=http://www.Department2.University2.edu/UndergraduateStudent191}, {X=http://www.Department2.University2.edu/UndergraduateStudent98}, {X=http://www.Department2.University2.edu/GraduateStudent70}, {X=http://www.Department2.University2.edu/UndergraduateStudent75}, {X=http://www.Department2.University2.edu/UndergraduateStudent204}, {X=http://www.Department2.University2.edu/GraduateStudent44}, {X=http://www.Department2.University2.edu/UndergraduateStudent356}, {X=http://www.Department2.University2.edu/UndergraduateStudent360}, {X=http://www.Department2.University2.edu/UndergraduateStudent277}, {X=http://www.Department2.University2.edu/UndergraduateStudent2}, {X=http://www.Department2.University2.edu/UndergraduateStudent84}, {X=http://www.Department2.University2.edu/UndergraduateStudent282}, {X=http://www.Department2.University2.edu/UndergraduateStudent224}, {X=http://www.Department2.University2.edu/GraduateStudent20}, {X=http://www.Department2.University2.edu/UndergraduateStudent281}, {X=http://www.Department2.University2.edu/AssociateProfessor1}, {X=http://www.Department2.University2.edu/GraduateStudent39}, {X=http://www.Department2.University2.edu/UndergraduateStudent68}, {X=http://www.Department2.University2.edu/UndergraduateStudent19}, {X=http://www.Department2.University2.edu/UndergraduateStudent323}, {X=http://www.Department2.University2.edu/GraduateStudent102}, {X=http://www.Department2.University2.edu/GraduateStudent81}, {X=http://www.Department2.University2.edu/UndergraduateStudent154}, {X=http://www.Department2.University2.edu/GraduateStudent48}, {X=http://www.Department2.University2.edu/UndergraduateStudent152}, {X=http://www.Department2.University2.edu/UndergraduateStudent329}, {X=http://www.Department2.University2.edu/UndergraduateStudent21}, {X=http://www.Department2.University2.edu/UndergraduateStudent159}, {X=http://www.Department2.University2.edu/GraduateStudent15}, {X=http://www.Department2.University2.edu/UndergraduateStudent99}, {X=http://www.Department2.University2.edu/UndergraduateStudent242}, {X=http://www.Department2.University2.edu/UndergraduateStudent292}, {X=http://www.Department2.University2.edu/UndergraduateStudent343}, {X=http://www.Department2.University2.edu/UndergraduateStudent238}, {X=http://www.Department2.University2.edu/GraduateStudent23}, {X=http://www.Department2.University2.edu/UndergraduateStudent187}, {X=http://www.Department2.University2.edu/AssistantProfessor5}, {X=http://www.Department2.University2.edu/GraduateStudent100}, {X=http://www.Department2.University2.edu/UndergraduateStudent143}, {X=http://www.Department2.University2.edu/UndergraduateStudent174}, {X=http://www.Department2.University2.edu/GraduateStudent2}, {X=http://www.Department2.University2.edu/UndergraduateStudent234}, {X=http://www.Department2.University2.edu/UndergraduateStudent150}, {X=http://www.Department2.University2.edu/UndergraduateStudent164}, {X=http://www.Department2.University2.edu/UndergraduateStudent241}, {X=http://www.Department2.University2.edu/UndergraduateStudent126}, {X=http://www.Department2.University2.edu/UndergraduateStudent225}, {X=http://www.Department2.University2.edu/UndergraduateStudent185}, {X=http://www.Department2.University2.edu/UndergraduateStudent196}, {X=http://www.Department2.University2.edu/GraduateStudent118}, {X=http://www.Department2.University2.edu/UndergraduateStudent113}, {X=http://www.Department2.University2.edu/UndergraduateStudent130}, {X=http://www.Department2.University2.edu/UndergraduateStudent279}, {X=http://www.Department2.University2.edu/UndergraduateStudent305}, {X=http://www.Department2.University2.edu/GraduateStudent37}, {X=http://www.Department2.University2.edu/GraduateStudent61}, {X=http://www.Department2.University2.edu/UndergraduateStudent246}, {X=http://www.Department2.University2.edu/GraduateStudent72}, {X=http://www.Department2.University2.edu/UndergraduateStudent294}, {X=http://www.Department2.University2.edu/UndergraduateStudent278}, {X=http://www.Department2.University2.edu/UndergraduateStudent270}, {X=http://www.Department2.University2.edu/UndergraduateStudent284}, {X=http://www.Department2.University2.edu/UndergraduateStudent89}, {X=http://www.Department2.University2.edu/GraduateStudent0}, {X=http://www.Department2.University2.edu/UndergraduateStudent213}, {X=http://www.Department2.University2.edu/UndergraduateStudent349}, {X=http://www.Department2.University2.edu/UndergraduateStudent263}, {X=http://www.Department2.University2.edu/GraduateStudent24}, {X=http://www.Department2.University2.edu/UndergraduateStudent176}, {X=http://www.Department2.University2.edu/UndergraduateStudent39}, {X=http://www.Department2.University2.edu/AssociateProfessor7}, {X=http://www.Department2.University2.edu/UndergraduateStudent124}, {X=http://www.Department2.University2.edu/UndergraduateStudent52}, {X=http://www.Department2.University2.edu/UndergraduateStudent354}, {X=http://www.Department2.University2.edu/GraduateStudent83}, {X=http://www.Department2.University2.edu/UndergraduateStudent48}, {X=http://www.Department2.University2.edu/GraduateStudent130}, {X=http://www.Department2.University2.edu/UndergraduateStudent61}, {X=http://www.Department2.University2.edu/UndergraduateStudent16}, {X=http://www.Department2.University2.edu/UndergraduateStudent319}, {X=http://www.Department2.University2.edu/GraduateStudent98}, {X=http://www.Department2.University2.edu/UndergraduateStudent71}, {X=http://www.Department2.University2.edu/UndergraduateStudent35}, {X=http://www.Department2.University2.edu/GraduateStudent120}, {X=http://www.Department2.University2.edu/UndergraduateStudent156}, {X=http://www.Department2.University2.edu/UndergraduateStudent153}, {X=http://www.Department2.University2.edu/UndergraduateStudent118}, {X=http://www.Department2.University2.edu/GraduateStudent90}, {X=http://www.Department2.University2.edu/GraduateStudent59}, {X=http://www.Department2.University2.edu/GraduateStudent43}, {X=http://www.Department2.University2.edu/UndergraduateStudent317}, {X=http://www.Department2.University2.edu/AssistantProfessor4}, {X=http://www.Department2.University2.edu/UndergraduateStudent121}, {X=http://www.Department2.University2.edu/FullProfessor2}, {X=http://www.Department2.University2.edu/UndergraduateStudent144}, {X=http://www.Department2.University2.edu/UndergraduateStudent251}, {X=http://www.Department2.University2.edu/UndergraduateStudent141}, {X=http://www.Department2.University2.edu/UndergraduateStudent265}, {X=http://www.Department2.University2.edu/GraduateStudent115}, {X=http://www.Department2.University2.edu/UndergraduateStudent268}, {X=http://www.Department2.University2.edu/GraduateStudent66}, {X=http://www.Department2.University2.edu/GraduateStudent5}, {X=http://www.Department2.University2.edu/UndergraduateStudent310}, {X=http://www.Department2.University2.edu/UndergraduateStudent183}, {X=http://www.Department2.University2.edu/UndergraduateStudent248}, {X=http://www.Department2.University2.edu/GraduateStudent69}, {X=http://www.Department2.University2.edu/UndergraduateStudent94}, {X=http://www.Department2.University2.edu/GraduateStudent73}, {X=http://www.Department2.University2.edu/UndergraduateStudent138}, {X=http://www.Department2.University2.edu/UndergraduateStudent37}, {X=http://www.Department2.University2.edu/UndergraduateStudent233}, {X=http://www.Department2.University2.edu/UndergraduateStudent291}, {X=http://www.Department2.University2.edu/UndergraduateStudent212}, {X=http://www.Department2.University2.edu/UndergraduateStudent55}, {X=http://www.Department2.University2.edu/UndergraduateStudent91}, {X=http://www.Department2.University2.edu/UndergraduateStudent222}, {X=http://www.Department2.University2.edu/UndergraduateStudent309}, {X=http://www.Department2.University2.edu/UndergraduateStudent332}, {X=http://www.Department2.University2.edu/GraduateStudent131}, {X=http://www.Department2.University2.edu/GraduateStudent53}, {X=http://www.Department2.University2.edu/GraduateStudent112}, {X=http://www.Department2.University2.edu/UndergraduateStudent73}, {X=http://www.Department2.University2.edu/UndergraduateStudent7}, {X=http://www.Department2.University2.edu/UndergraduateStudent116}, {X=http://www.Department2.University2.edu/UndergraduateStudent92}, {X=http://www.Department2.University2.edu/UndergraduateStudent201}, {X=http://www.Department2.University2.edu/GraduateStudent29}, {X=http://www.Department2.University2.edu/UndergraduateStudent85}, {X=http://www.Department2.University2.edu/AssociateProfessor4}, {X=http://www.Department2.University2.edu/UndergraduateStudent227}, {X=http://www.Department2.University2.edu/UndergraduateStudent3}, {X=http://www.Department2.University2.edu/UndergraduateStudent240}, {X=http://www.Department2.University2.edu/UndergraduateStudent197}, {X=http://www.Department2.University2.edu/UndergraduateStudent123}, {X=http://www.Department2.University2.edu/UndergraduateStudent311}, {X=http://www.Department2.University2.edu/GraduateStudent51}, {X=http://www.Department2.University2.edu/UndergraduateStudent285}, {X=http://www.Department2.University2.edu/UndergraduateStudent333}, {X=http://www.Department2.University2.edu/GraduateStudent8}, {X=http://www.Department2.University2.edu/GraduateStudent132}, {X=http://www.Department2.University2.edu/UndergraduateStudent218}, {X=http://www.Department2.University2.edu/GraduateStudent121}, {X=http://www.Department2.University2.edu/GraduateStudent127}, {X=http://www.Department2.University2.edu/UndergraduateStudent25}, {X=http://www.Department2.University2.edu/UndergraduateStudent254}, {X=http://www.Department2.University2.edu/GraduateStudent108}, {X=http://www.Department2.University2.edu/UndergraduateStudent47}, {X=http://www.Department2.University2.edu/GraduateStudent16}, {X=http://www.Department2.University2.edu/GraduateStudent21}, {X=http://www.Department2.University2.edu/UndergraduateStudent221}, {X=http://www.Department2.University2.edu/GraduateStudent10}, {X=http://www.Department2.University2.edu/UndergraduateStudent219}, {X=http://www.Department2.University2.edu/UndergraduateStudent24}, {X=http://www.Department2.University2.edu/UndergraduateStudent330}, {X=http://www.Department2.University2.edu/UndergraduateStudent297}, {X=http://www.Department2.University2.edu/UndergraduateStudent308}, {X=http://www.Department2.University2.edu/UndergraduateStudent128}, {X=http://www.Department2.University2.edu/UndergraduateStudent358}, {X=http://www.Department2.University2.edu/UndergraduateStudent13}, {X=http://www.Department2.University2.edu/GraduateStudent129}, {X=http://www.Department2.University2.edu/UndergraduateStudent253}, {X=http://www.Department2.University2.edu/UndergraduateStudent29}, {X=http://www.Department2.University2.edu/UndergraduateStudent193}, {X=http://www.Department2.University2.edu/GraduateStudent46}, {X=http://www.Department2.University2.edu/UndergraduateStudent122}, {X=http://www.Department2.University2.edu/UndergraduateStudent56}, {X=http://www.Department2.University2.edu/GraduateStudent125}, {X=http://www.Department2.University2.edu/UndergraduateStudent202}, {X=http://www.Department2.University2.edu/AssistantProfessor1}, {X=http://www.Department2.University2.edu/GraduateStudent86}, {X=http://www.Department2.University2.edu/AssistantProfessor2}, {X=http://www.Department2.University2.edu/UndergraduateStudent262}, {X=http://www.Department2.University2.edu/UndergraduateStudent163}, {X=http://www.Department2.University2.edu/UndergraduateStudent148}, {X=http://www.Department2.University2.edu/UndergraduateStudent76}, {X=http://www.Department2.University2.edu/GraduateStudent27}, {X=http://www.Department2.University2.edu/GraduateStudent64}, {X=http://www.Department2.University2.edu/UndergraduateStudent351}, {X=http://www.Department2.University2.edu/UndergraduateStudent78}, {X=http://www.Department2.University2.edu/GraduateStudent49}, {X=http://www.Department2.University2.edu/UndergraduateStudent338}, {X=http://www.Department2.University2.edu/AssociateProfessor0}, {X=http://www.Department2.University2.edu/UndergraduateStudent36}, {X=http://www.Department2.University2.edu/UndergraduateStudent339}, {X=http://www.Department2.University2.edu/GraduateStudent87}, {X=http://www.Department2.University2.edu/AssociateProfessor9}, {X=http://www.Department2.University2.edu/UndergraduateStudent167}, {X=http://www.Department2.University2.edu/GraduateStudent119}, {X=http://www.Department2.University2.edu/UndergraduateStudent72}, {X=http://www.Department2.University2.edu/UndergraduateStudent77}, {X=http://www.Department2.University2.edu/GraduateStudent97}, {X=http://www.Department2.University2.edu/GraduateStudent54}, {X=http://www.Department2.University2.edu/UndergraduateStudent9}, {X=http://www.Department2.University2.edu/UndergraduateStudent65}, {X=http://www.Department2.University2.edu/UndergraduateStudent11}, {X=http://www.Department2.University2.edu/UndergraduateStudent208}, {X=http://www.Department2.University2.edu/GraduateStudent128}, {X=http://www.Department2.University2.edu/UndergraduateStudent322}, {X=http://www.Department2.University2.edu/GraduateStudent89}, {X=http://www.Department2.University2.edu/UndergraduateStudent28}, {X=http://www.Department2.University2.edu/GraduateStudent25}, {X=http://www.Department2.University2.edu/UndergraduateStudent134}, {X=http://www.Department2.University2.edu/UndergraduateStudent335}, {X=http://www.Department2.University2.edu/UndergraduateStudent288}, {X=http://www.Department2.University2.edu/UndergraduateStudent97}, {X=http://www.Department2.University2.edu/UndergraduateStudent125}, {X=http://www.Department2.University2.edu/GraduateStudent76}, {X=http://www.Department2.University2.edu/GraduateStudent28}, {X=http://www.Department2.University2.edu/UndergraduateStudent137}, {X=http://www.Department2.University2.edu/UndergraduateStudent162}, {X=http://www.Department2.University2.edu/UndergraduateStudent293}, {X=http://www.Department2.University2.edu/UndergraduateStudent328}, {X=http://www.Department2.University2.edu/UndergraduateStudent350}, {X=http://www.Department2.University2.edu/UndergraduateStudent269}, {X=http://www.Department2.University2.edu/UndergraduateStudent64}, {X=http://www.Department2.University2.edu/UndergraduateStudent272}, {X=http://www.Department2.University2.edu/UndergraduateStudent245}, {X=http://www.Department2.University2.edu/UndergraduateStudent95}, {X=http://www.Department2.University2.edu/UndergraduateStudent109}, {X=http://www.Department2.University2.edu/UndergraduateStudent179}, {X=http://www.Department2.University2.edu/GraduateStudent63}, {X=http://www.Department2.University2.edu/GraduateStudent19}, {X=http://www.Department2.University2.edu/GraduateStudent22}, {X=http://www.Department2.University2.edu/UndergraduateStudent4}, {X=http://www.Department2.University2.edu/UndergraduateStudent280}, {X=http://www.Department2.University2.edu/GraduateStudent12}, {X=http://www.Department2.University2.edu/UndergraduateStudent38}, {X=http://www.Department2.University2.edu/UndergraduateStudent93}, {X=http://www.Department2.University2.edu/UndergraduateStudent58}, {X=http://www.Department2.University2.edu/UndergraduateStudent223}, {X=http://www.Department2.University2.edu/AssociateProfessor5}, {X=http://www.Department2.University2.edu/UndergraduateStudent146}, {X=http://www.Department2.University2.edu/AssistantProfessor8}, {X=http://www.Department2.University2.edu/UndergraduateStudent32}, {X=http://www.Department2.University2.edu/UndergraduateStudent220}, {X=http://www.Department2.University2.edu/GraduateStudent82}, {X=http://www.Department2.University2.edu/UndergraduateStudent286}, {X=http://www.Department2.University2.edu/UndergraduateStudent295}, {X=http://www.Department2.University2.edu/UndergraduateStudent267}, {X=http://www.Department2.University2.edu/UndergraduateStudent34}, {X=http://www.Department2.University2.edu/UndergraduateStudent355}, {X=http://www.Department2.University2.edu/GraduateStudent4}, {X=http://www.Department2.University2.edu/UndergraduateStudent320}, {X=http://www.Department2.University2.edu/UndergraduateStudent321}, {X=http://www.Department2.University2.edu/GraduateStudent60}, {X=http://www.Department2.University2.edu/UndergraduateStudent275}, {X=http://www.Department2.University2.edu/GraduateStudent26}, {X=http://www.Department2.University2.edu/UndergraduateStudent318}, {X=http://www.Department2.University2.edu/UndergraduateStudent57}, {X=http://www.Department2.University2.edu/UndergraduateStudent115}, {X=http://www.Department2.University2.edu/GraduateStudent106}, {X=http://www.Department2.University2.edu/GraduateStudent38}, {X=http://www.Department2.University2.edu/GraduateStudent34}, {X=http://www.Department2.University2.edu/UndergraduateStudent147}, {X=http://www.Department2.University2.edu/UndergraduateStudent46}, {X=http://www.Department2.University2.edu/UndergraduateStudent79}, {X=http://www.Department2.University2.edu/UndergraduateStudent63}, {X=http://www.Department2.University2.edu/UndergraduateStudent336}, {X=http://www.Department2.University2.edu/UndergraduateStudent256}, {X=http://www.Department2.University2.edu/GraduateStudent42}, {X=http://www.Department2.University2.edu/UndergraduateStudent214}, {X=http://www.Department2.University2.edu/GraduateStudent92}, {X=http://www.Department2.University2.edu/UndergraduateStudent313}, {X=http://www.Department2.University2.edu/UndergraduateStudent42}, {X=http://www.Department2.University2.edu/UndergraduateStudent100}, {X=http://www.Department2.University2.edu/UndergraduateStudent83}, {X=http://www.Department2.University2.edu/FullProfessor6}, {X=http://www.Department2.University2.edu/UndergraduateStudent69}, {X=http://www.Department2.University2.edu/GraduateStudent91}, {X=http://www.Department2.University2.edu/UndergraduateStudent111}, {X=http://www.Department2.University2.edu/UndergraduateStudent20}, {X=http://www.Department2.University2.edu/UndergraduateStudent87}, {X=http://www.Department2.University2.edu/UndergraduateStudent190}, {X=http://www.Department2.University2.edu/UndergraduateStudent189}, {X=http://www.Department2.University2.edu/UndergraduateStudent5}, {X=http://www.Department2.University2.edu/GraduateStudent30}, {X=http://www.Department2.University2.edu/GraduateStudent32}, {X=http://www.Department2.University2.edu/UndergraduateStudent331}, {X=http://www.Department2.University2.edu/GraduateStudent65}, {X=http://www.Department2.University2.edu/UndergraduateStudent226}, {X=http://www.Department2.University2.edu/UndergraduateStudent44}, {X=http://www.Department2.University2.edu/UndergraduateStudent132}, {X=http://www.Department2.University2.edu/UndergraduateStudent33}, {X=http://www.Department2.University2.edu/GraduateStudent7}, {X=http://www.Department2.University2.edu/UndergraduateStudent166}, {X=http://www.Department2.University2.edu/UndergraduateStudent74}, {X=http://www.Department2.University2.edu/UndergraduateStudent207}, {X=http://www.Department2.University2.edu/UndergraduateStudent244}, {X=http://www.Department2.University2.edu/UndergraduateStudent175}, {X=http://www.Department2.University2.edu/UndergraduateStudent45}, {X=http://www.Department2.University2.edu/UndergraduateStudent127}, {X=http://www.Department2.University2.edu/GraduateStudent93}, {X=http://www.Department2.University2.edu/UndergraduateStudent8}, {X=http://www.Department2.University2.edu/UndergraduateStudent53}, {X=http://www.Department2.University2.edu/UndergraduateStudent200}, {X=http://www.Department2.University2.edu/UndergraduateStudent232}, {X=http://www.Department2.University2.edu/UndergraduateStudent273}, {X=http://www.Department2.University2.edu/GraduateStudent79}, {X=http://www.Department2.University2.edu/GraduateStudent94}, {X=http://www.Department2.University2.edu/GraduateStudent95}, {X=http://www.Department2.University2.edu/UndergraduateStudent353}, {X=http://www.Department2.University2.edu/UndergraduateStudent18}, {X=http://www.Department2.University2.edu/Lecturer4}, {X=http://www.Department2.University2.edu/GraduateStudent110}, {X=http://www.Department2.University2.edu/UndergraduateStudent334}, {X=http://www.Department2.University2.edu/UndergraduateStudent27}, {X=http://www.Department2.University2.edu/UndergraduateStudent250}, {X=http://www.Department2.University2.edu/UndergraduateStudent30}, {X=http://www.Department2.University2.edu/UndergraduateStudent289}, {X=http://www.Department2.University2.edu/AssistantProfessor3}, {X=http://www.Department2.University2.edu/UndergraduateStudent257}, {X=http://www.Department2.University2.edu/UndergraduateStudent155}, {X=http://www.Department2.University2.edu/UndergraduateStudent327}, {X=http://www.Department2.University2.edu/UndergraduateStudent66}, {X=http://www.Department2.University2.edu/UndergraduateStudent229}, {X=http://www.Department2.University2.edu/UndergraduateStudent346}, {X=http://www.Department2.University2.edu/UndergraduateStudent180}, {X=http://www.Department2.University2.edu/GraduateStudent105}, {X=http://www.Department2.University2.edu/GraduateStudent77}, {X=http://www.Department2.University2.edu/UndergraduateStudent17}, {X=http://www.Department2.University2.edu/GraduateStudent78}, {X=http://www.Department2.University2.edu/UndergraduateStudent81}, {X=http://www.Department2.University2.edu/AssociateProfessor11}, {X=http://www.Department2.University2.edu/FullProfessor0}, {X=http://www.Department2.University2.edu/UndergraduateStudent228}, {X=http://www.Department2.University2.edu/UndergraduateStudent49}, {X=http://www.Department2.University2.edu/GraduateStudent45}, {X=http://www.Department2.University2.edu/UndergraduateStudent216}, {X=http://www.Department2.University2.edu/UndergraduateStudent142}, {X=http://www.Department2.University2.edu/UndergraduateStudent261}, {X=http://www.Department2.University2.edu/GraduateStudent11}, {X=http://www.Department2.University2.edu/UndergraduateStudent168}, {X=http://www.Department2.University2.edu/UndergraduateStudent0}, {X=http://www.Department2.University2.edu/UndergraduateStudent345}, {X=http://www.Department2.University2.edu/UndergraduateStudent266}, {X=http://www.Department2.University2.edu/GraduateStudent18}, {X=http://www.Department2.University2.edu/GraduateStudent6}, {X=http://www.Department2.University2.edu/Lecturer1}, {X=http://www.Department2.University2.edu/UndergraduateStudent110}, {X=http://www.Department2.University2.edu/UndergraduateStudent198}, {X=http://www.Department2.University2.edu/UndergraduateStudent195}, {X=http://www.Department2.University2.edu/UndergraduateStudent260}, {X=http://www.Department2.University2.edu/UndergraduateStudent307}, {X=http://www.Department2.University2.edu/UndergraduateStudent296}, {X=http://www.Department2.University2.edu/GraduateStudent13}, {X=http://www.Department2.University2.edu/UndergraduateStudent314}, {X=http://www.Department2.University2.edu/UndergraduateStudent344}, {X=http://www.Department2.University2.edu/AssociateProfessor10}, {X=http://www.Department2.University2.edu/UndergraduateStudent22}, {X=http://www.Department2.University2.edu/UndergraduateStudent108}, {X=http://www.Department2.University2.edu/UndergraduateStudent170}, {X=http://www.Department2.University2.edu/UndergraduateStudent103}, {X=http://www.Department2.University2.edu/UndergraduateStudent304}, {X=http://www.Department2.University2.edu/GraduateStudent36}, {X=http://www.Department2.University2.edu/UndergraduateStudent230}, {X=http://www.Department2.University2.edu/UndergraduateStudent41}, {X=http://www.Department2.University2.edu/UndergraduateStudent131}, {X=http://www.Department2.University2.edu/UndergraduateStudent255}, {X=http://www.Department2.University2.edu/GraduateStudent74}, {X=http://www.Department2.University2.edu/GraduateStudent114}, {X=http://www.Department2.University2.edu/UndergraduateStudent290}, {X=http://www.Department2.University2.edu/UndergraduateStudent86}, {X=http://www.Department2.University2.edu/UndergraduateStudent235}, {X=http://www.Department2.University2.edu/GraduateStudent14}, {X=http://www.Department2.University2.edu/Lecturer0}, {X=http://www.Department2.University2.edu/UndergraduateStudent188}, {X=http://www.Department2.University2.edu/UndergraduateStudent203}, {X=http://www.Department2.University2.edu/UndergraduateStudent15}, {X=http://www.Department2.University2.edu/UndergraduateStudent276}, {X=http://www.Department2.University2.edu/UndergraduateStudent62}, {X=http://www.Department2.University2.edu/UndergraduateStudent82}, {X=http://www.Department2.University2.edu/UndergraduateStudent215}, {X=http://www.Department2.University2.edu/UndergraduateStudent217}, {X=http://www.Department2.University2.edu/UndergraduateStudent112}, {X=http://www.Department2.University2.edu/GraduateStudent113}, {X=http://www.Department2.University2.edu/AssociateProfessor2}, {X=http://www.Department2.University2.edu/UndergraduateStudent106}, {X=http://www.Department2.University2.edu/GraduateStudent47}, {X=http://www.Department2.University2.edu/UndergraduateStudent259}, {X=http://www.Department2.University2.edu/UndergraduateStudent12}, {X=http://www.Department2.University2.edu/GraduateStudent104}, {X=http://www.Department2.University2.edu/UndergraduateStudent23}, {X=http://www.Department2.University2.edu/GraduateStudent124}, {X=http://www.Department2.University2.edu/FullProfessor1}, {X=http://www.Department2.University2.edu/UndergraduateStudent6}, {X=http://www.Department2.University2.edu/UndergraduateStudent206}, {X=http://www.Department2.University2.edu/GraduateStudent117}, {X=http://www.Department2.University2.edu/UndergraduateStudent315}, {X=http://www.Department2.University2.edu/UndergraduateStudent172}, {X=http://www.Department2.University2.edu/Lecturer3}, {X=http://www.Department2.University2.edu/UndergraduateStudent145}, {X=http://www.Department2.University2.edu/UndergraduateStudent252}, {X=http://www.Department2.University2.edu/UndergraduateStudent199}, {X=http://www.Department2.University2.edu/UndergraduateStudent192}, {X=http://www.Department2.University2.edu/GraduateStudent57}, {X=http://www.Department2.University2.edu/GraduateStudent101}, {X=http://www.Department2.University2.edu/UndergraduateStudent26}, {X=http://www.Department2.University2.edu/UndergraduateStudent173}, {X=http://www.Department2.University2.edu/GraduateStudent103}, {X=http://www.Department2.University2.edu/UndergraduateStudent160}, {X=http://www.Department2.University2.edu/UndergraduateStudent184}, {X=http://www.Department2.University2.edu/UndergraduateStudent326}, {X=http://www.Department2.University2.edu/AssistantProfessor7}, {X=http://www.Department2.University2.edu/GraduateStudent33}, {X=http://www.Department2.University2.edu/GraduateStudent111}, {X=http://www.Department2.University2.edu/UndergraduateStudent271}, {X=http://www.Department2.University2.edu/UndergraduateStudent287}, {X=http://www.Department2.University2.edu/GraduateStudent88}, {X=http://www.Department2.University2.edu/UndergraduateStudent80}, {X=http://www.Department2.University2.edu/UndergraduateStudent359}, {X=http://www.Department2.University2.edu/GraduateStudent123}, {X=http://www.Department2.University2.edu/FullProfessor5}, {X=http://www.Department2.University2.edu/GraduateStudent116}, {X=http://www.Department2.University2.edu/UndergraduateStudent239}, {X=http://www.Department2.University2.edu/GraduateStudent68}, {X=http://www.Department2.University2.edu/UndergraduateStudent96}, {X=http://www.Department2.University2.edu/UndergraduateStudent178}, {X=http://www.Department2.University2.edu/UndergraduateStudent157}, {X=http://www.Department2.University2.edu/UndergraduateStudent105}, {X=http://www.Department2.University2.edu/GraduateStudent122}, {X=http://www.Department2.University2.edu/UndergraduateStudent50}, {X=http://www.Department2.University2.edu/UndergraduateStudent316}, {X=http://www.Department2.University2.edu/UndergraduateStudent303}, {X=http://www.Department2.University2.edu/UndergraduateStudent181}, {X=http://www.Department2.University2.edu/UndergraduateStudent301}, {X=http://www.Department2.University2.edu/UndergraduateStudent243}, {X=http://www.Department2.University2.edu/UndergraduateStudent120}, {X=http://www.Department2.University2.edu/UndergraduateStudent14}, {X=http://www.Department2.University2.edu/GraduateStudent126}, {X=http://www.Department2.University2.edu/FullProfessor4}, {X=http://www.Department2.University2.edu/GraduateStudent9}, {X=http://www.Department2.University2.edu/GraduateStudent31}, {X=http://www.Department2.University2.edu/UndergraduateStudent205}, {X=http://www.Department2.University2.edu/UndergraduateStudent347}, {X=http://www.Department2.University2.edu/UndergraduateStudent133}, {X=http://www.Department2.University2.edu/UndergraduateStudent136}, {X=http://www.Department2.University2.edu/UndergraduateStudent40}, {X=http://www.Department2.University2.edu/GraduateStudent109}, {X=http://www.Department2.University2.edu/AssistantProfessor6}, {X=http://www.Department2.University2.edu/UndergraduateStudent325}, {X=http://www.Department2.University2.edu/UndergraduateStudent210}, {X=http://www.Department2.University2.edu/UndergraduateStudent139}, {X=http://www.Department2.University2.edu/GraduateStudent99}, {X=http://www.Department2.University2.edu/UndergraduateStudent114}, {X=http://www.Department2.University2.edu/GraduateStudent50}, {X=http://www.Department2.University2.edu/UndergraduateStudent298}, {X=http://www.Department2.University2.edu/UndergraduateStudent31}, {X=http://www.Department2.University2.edu/UndergraduateStudent60}, {X=http://www.Department2.University2.edu/UndergraduateStudent249}, {X=http://www.Department2.University2.edu/UndergraduateStudent149}, {X=http://www.Department2.University2.edu/UndergraduateStudent352}, {X=http://www.Department2.University2.edu/UndergraduateStudent236}, {X=http://www.Department2.University2.edu/UndergraduateStudent211}, {X=http://www.Department2.University2.edu/GraduateStudent96}, {X=http://www.Department2.University2.edu/UndergraduateStudent107}, {X=http://www.Department2.University2.edu/GraduateStudent52}, {X=http://www.Department2.University2.edu/AssociateProfessor3}, {X=http://www.Department2.University2.edu/GraduateStudent85}, {X=http://www.Department2.University2.edu/UndergraduateStudent54}, {X=http://www.Department2.University2.edu/GraduateStudent56}, {X=http://www.Department2.University2.edu/UndergraduateStudent237}, {X=http://www.Department2.University2.edu/UndergraduateStudent306}, {X=http://www.Department2.University2.edu/GraduateStudent62}, {X=http://www.Department2.University2.edu/GraduateStudent40}, {X=http://www.Department2.University2.edu/GraduateStudent84}, {X=http://www.Department2.University2.edu/UndergraduateStudent340}, {X=http://www.Department2.University2.edu/UndergraduateStudent67}, {X=http://www.Department2.University2.edu/UndergraduateStudent70}, {X=http://www.Department2.University2.edu/UndergraduateStudent299}, {X=http://www.Department2.University2.edu/UndergraduateStudent129}, {X=http://www.Department2.University2.edu/UndergraduateStudent161}, {X=http://www.Department2.University2.edu/AssistantProfessor0}, {X=http://www.Department2.University2.edu/UndergraduateStudent10}, {X=http://www.Department2.University2.edu/UndergraduateStudent348}, {X=http://www.Department2.University2.edu/UndergraduateStudent357}, {X=http://www.Department2.University2.edu/GraduateStudent17}, {X=http://www.Department2.University2.edu/UndergraduateStudent59}, {X=http://www.Department2.University2.edu/UndergraduateStudent209}, {X=http://www.Department2.University2.edu/FullProfessor3}, {X=http://www.Department2.University2.edu/UndergraduateStudent1}, {X=http://www.Department2.University2.edu/AssociateProfessor8}, {X=http://www.Department2.University2.edu/UndergraduateStudent104}, {X=http://www.Department2.University2.edu/GraduateStudent80}, {X=http://www.Department2.University2.edu/UndergraduateStudent337}, {X=http://www.Department2.University2.edu/GraduateStudent67}, {X=http://www.Department2.University2.edu/UndergraduateStudent43}, {X=http://www.Department2.University2.edu/Lecturer5}, {X=http://www.Department2.University2.edu/GraduateStudent41}, {X=http://www.Department2.University2.edu/UndergraduateStudent102}, {X=http://www.Department2.University2.edu/UndergraduateStudent117}, {X=http://www.Department2.University2.edu/UndergraduateStudent182}, {X=http://www.Department2.University2.edu/UndergraduateStudent324}, {X=http://www.Department2.University2.edu/UndergraduateStudent51}, {X=http://www.Department2.University2.edu/GraduateStudent107}, {X=http://www.Department2.University2.edu/UndergraduateStudent119}, {X=http://www.Department2.University2.edu/GraduateStudent58}, {X=http://www.Department2.University2.edu/UndergraduateStudent274}, {X=http://www.Department2.University2.edu/UndergraduateStudent258}, {X=http://www.Department2.University2.edu/UndergraduateStudent177}, {X=http://www.Department2.University2.edu/GraduateStudent75}, {X=http://www.Department2.University2.edu/UndergraduateStudent140}, {X=http://www.Department2.University2.edu/UndergraduateStudent101}, {X=http://www.Department2.University2.edu/UndergraduateStudent90}, {X=http://www.Department2.University2.edu/UndergraduateStudent135}, {X=http://www.Department2.University2.edu/GraduateStudent35}, {X=http://www.Department2.University2.edu/GraduateStudent71}, {X=http://www.Department2.University2.edu/UndergraduateStudent312}, {X=http://www.Department2.University2.edu/UndergraduateStudent186}, {X=http://www.Department2.University2.edu/UndergraduateStudent341}, {X=http://www.Department2.University2.edu/UndergraduateStudent342}, {X=http://www.Department2.University2.edu/UndergraduateStudent158}, {X=http://www.Department2.University2.edu/UndergraduateStudent171}, {X=http://www.Department2.University2.edu/AssociateProfessor6}, {X=http://www.Department2.University2.edu/UndergraduateStudent300}, {X=http://www.Department2.University2.edu/UndergraduateStudent165}, {X=http://www.Department2.University2.edu/Lecturer2}, {X=http://www.Department2.University2.edu/UndergraduateStudent151}, {X=http://www.Department2.University2.edu/UndergraduateStudent88}, {X=http://www.Department2.University2.edu/UndergraduateStudent194}, {X=http://www.Department2.University2.edu/UndergraduateStudent169}, {X=http://www.Department2.University2.edu/GraduateStudent3}, {X=http://www.Department2.University2.edu/UndergraduateStudent302}, {X=http://www.Department2.University2.edu/UndergraduateStudent231}, {X=http://www.Department2.University2.edu/UndergraduateStudent264}, {X=http://www.Department2.University2.edu/UndergraduateStudent247}, {X=http://www.Department2.University2.edu/GraduateStudent55}, {X=http://www.Department2.University2.edu/GraduateStudent1}, {X=http://www.Department2.University2.edu/UndergraduateStudent283}, {X=http://www.Department2.University2.edu/UndergraduateStudent191}, {X=http://www.Department2.University2.edu/UndergraduateStudent98}, {X=http://www.Department2.University2.edu/GraduateStudent70}, {X=http://www.Department2.University2.edu/UndergraduateStudent75}, {X=http://www.Department2.University2.edu/UndergraduateStudent204}, {X=http://www.Department2.University2.edu/GraduateStudent44}, {X=http://www.Department2.University2.edu/UndergraduateStudent356}, {X=http://www.Department2.University2.edu/UndergraduateStudent360}, {X=http://www.Department2.University2.edu/UndergraduateStudent277}, {X=http://www.Department2.University2.edu/UndergraduateStudent2}, {X=http://www.Department2.University2.edu/UndergraduateStudent84}, {X=http://www.Department2.University2.edu/UndergraduateStudent282}, {X=http://www.Department2.University2.edu/UndergraduateStudent224}, {X=http://www.Department2.University2.edu/GraduateStudent20}, {X=http://www.Department2.University2.edu/UndergraduateStudent281}, {X=http://www.Department2.University2.edu/AssociateProfessor1}, {X=http://www.Department2.University2.edu/GraduateStudent39}, {X=http://www.Department2.University2.edu/UndergraduateStudent68}, {X=http://www.Department2.University2.edu/UndergraduateStudent19}, {X=http://www.Department2.University2.edu/UndergraduateStudent323}, {X=http://www.Department2.University2.edu/GraduateStudent102}, {X=http://www.Department2.University2.edu/GraduateStudent81}, {X=http://www.Department2.University2.edu/UndergraduateStudent154}, {X=http://www.Department2.University2.edu/GraduateStudent48}, {X=http://www.Department2.University2.edu/UndergraduateStudent152}, {X=http://www.Department2.University2.edu/UndergraduateStudent329}, {X=http://www.Department2.University2.edu/UndergraduateStudent21}, {X=http://www.Department2.University2.edu/UndergraduateStudent159}, {X=http://www.Department2.University2.edu/GraduateStudent15}, {X=http://www.Department2.University2.edu/UndergraduateStudent99}, {X=http://www.Department2.University2.edu/UndergraduateStudent242}, {X=http://www.Department2.University2.edu/UndergraduateStudent292}, {X=http://www.Department2.University2.edu/UndergraduateStudent343}, {X=http://www.Department2.University2.edu/UndergraduateStudent238}, {X=http://www.Department2.University2.edu/GraduateStudent23}, {X=http://www.Department2.University2.edu/UndergraduateStudent187}, {X=http://www.Department2.University2.edu/AssistantProfessor5}, {X=http://www.Department2.University2.edu/GraduateStudent100}, {X=http://www.Department2.University2.edu/UndergraduateStudent143}, {X=http://www.Department2.University2.edu/UndergraduateStudent174}, {X=http://www.Department2.University2.edu/GraduateStudent2}, {X=http://www.Department2.University2.edu/UndergraduateStudent234}, {X=http://www.Department2.University2.edu/UndergraduateStudent150}, {X=http://www.Department2.University2.edu/UndergraduateStudent164}, {X=http://www.Department2.University2.edu/UndergraduateStudent241}, {X=http://www.Department2.University2.edu/UndergraduateStudent126}, {X=http://www.Department2.University2.edu/UndergraduateStudent225}, {X=http://www.Department2.University2.edu/UndergraduateStudent185}, {X=http://www.Department2.University2.edu/UndergraduateStudent196}, {X=http://www.Department2.University2.edu/GraduateStudent118}, {X=http://www.Department2.University2.edu/UndergraduateStudent113}, {X=http://www.Department2.University2.edu/UndergraduateStudent130}, {X=http://www.Department2.University2.edu/UndergraduateStudent279}, {X=http://www.Department2.University2.edu/UndergraduateStudent305}, {X=http://www.Department2.University2.edu/GraduateStudent37}, {X=http://www.Department2.University2.edu/GraduateStudent61}, {X=http://www.Department2.University2.edu/UndergraduateStudent246}, {X=http://www.Department2.University2.edu/GraduateStudent72}, {X=http://www.Department2.University2.edu/UndergraduateStudent294}, {X=http://www.Department2.University2.edu/UndergraduateStudent278}, {X=http://www.Department2.University2.edu/UndergraduateStudent270}, {X=http://www.Department2.University2.edu/UndergraduateStudent284}, {X=http://www.Department2.University2.edu/UndergraduateStudent89}, {X=http://www.Department2.University2.edu/GraduateStudent0}, {X=http://www.Department2.University2.edu/UndergraduateStudent213}, {X=http://www.Department2.University2.edu/UndergraduateStudent349}, {X=http://www.Department2.University2.edu/UndergraduateStudent263}, {X=http://www.Department2.University2.edu/GraduateStudent24}, {X=http://www.Department2.University2.edu/UndergraduateStudent176}, {X=http://www.Department2.University2.edu/UndergraduateStudent39}, {X=http://www.Department2.University2.edu/AssociateProfessor7}, {X=http://www.Department2.University2.edu/UndergraduateStudent124}, {X=http://www.Department2.University2.edu/UndergraduateStudent52}, {X=http://www.Department2.University2.edu/UndergraduateStudent354}, {X=http://www.Department2.University2.edu/GraduateStudent83}, {X=http://www.Department2.University2.edu/UndergraduateStudent48}, {X=http://www.Department2.University2.edu/GraduateStudent130}, {X=http://www.Department2.University2.edu/UndergraduateStudent61}, {X=http://www.Department2.University2.edu/UndergraduateStudent16}, {X=http://www.Department2.University2.edu/UndergraduateStudent319}, {X=http://www.Department2.University2.edu/GraduateStudent98}, {X=http://www.Department2.University2.edu/UndergraduateStudent71}, {X=http://www.Department2.University2.edu/UndergraduateStudent35}, {X=http://www.Department2.University2.edu/GraduateStudent120}, {X=http://www.Department2.University2.edu/UndergraduateStudent156}, {X=http://www.Department2.University2.edu/UndergraduateStudent153}, {X=http://www.Department2.University2.edu/UndergraduateStudent118}, {X=http://www.Department2.University2.edu/GraduateStudent90}, {X=http://www.Department2.University2.edu/GraduateStudent59}, {X=http://www.Department2.University2.edu/GraduateStudent43}, {X=http://www.Department2.University2.edu/UndergraduateStudent317}, {X=http://www.Department2.University2.edu/AssistantProfessor4}, {X=http://www.Department2.University2.edu/UndergraduateStudent121}, {X=http://www.Department2.University2.edu/FullProfessor2}, {X=http://www.Department2.University2.edu/UndergraduateStudent144}, {X=http://www.Department2.University2.edu/UndergraduateStudent251}, {X=http://www.Department2.University2.edu/UndergraduateStudent141}, {X=http://www.Department2.University2.edu/UndergraduateStudent265}, {X=http://www.Department2.University2.edu/GraduateStudent115}, {X=http://www.Department2.University2.edu/UndergraduateStudent268}, {X=http://www.Department2.University2.edu/GraduateStudent66}, {X=http://www.Department2.University2.edu/GraduateStudent5}, {X=http://www.Department2.University2.edu/UndergraduateStudent310}, {X=http://www.Department2.University2.edu/UndergraduateStudent183}, {X=http://www.Department2.University2.edu/UndergraduateStudent248}, {X=http://www.Department2.University2.edu/GraduateStudent69}, {X=http://www.Department2.University2.edu/UndergraduateStudent94}, {X=http://www.Department2.University2.edu/GraduateStudent73}, {X=http://www.Department2.University2.edu/UndergraduateStudent138}, {X=http://www.Department2.University2.edu/UndergraduateStudent37}, {X=http://www.Department2.University2.edu/UndergraduateStudent233}, {X=http://www.Department2.University2.edu/UndergraduateStudent291}, {X=http://www.Department2.University2.edu/UndergraduateStudent212}, {X=http://www.Department2.University2.edu/UndergraduateStudent55}, {X=http://www.Department2.University2.edu/UndergraduateStudent91}, {X=http://www.Department2.University2.edu/UndergraduateStudent222}, {X=http://www.Department2.University2.edu/UndergraduateStudent309}, {X=http://www.Department2.University2.edu/UndergraduateStudent332}, {X=http://www.Department2.University2.edu/GraduateStudent131}, {X=http://www.Department2.University2.edu/GraduateStudent53}, {X=http://www.Department2.University2.edu/GraduateStudent112}, {X=http://www.Department2.University2.edu/UndergraduateStudent73}, {X=http://www.Department2.University2.edu/UndergraduateStudent7}, {X=http://www.Department2.University2.edu/UndergraduateStudent116}, {X=http://www.Department2.University2.edu/UndergraduateStudent92}, {X=http://www.Department2.University2.edu/UndergraduateStudent201}, {X=http://www.Department2.University2.edu/GraduateStudent29}, {X=http://www.Department2.University2.edu/UndergraduateStudent85}, {X=http://www.Department2.University2.edu/AssociateProfessor4}, {X=http://www.Department2.University2.edu/UndergraduateStudent227}, {X=http://www.Department2.University2.edu/UndergraduateStudent3}, {X=http://www.Department2.University2.edu/UndergraduateStudent240}, {X=http://www.Department2.University2.edu/UndergraduateStudent197}, {X=http://www.Department2.University2.edu/UndergraduateStudent123}, {X=http://www.Department2.University2.edu/UndergraduateStudent311}, {X=http://www.Department2.University2.edu/GraduateStudent51}, {X=http://www.Department2.University2.edu/UndergraduateStudent285}, {X=http://www.Department2.University2.edu/UndergraduateStudent333}, {X=http://www.Department2.University2.edu/GraduateStudent8}, {X=http://www.Department2.University2.edu/GraduateStudent132}, {X=http://www.Department2.University2.edu/UndergraduateStudent218}, {X=http://www.Department2.University2.edu/GraduateStudent121}, {X=http://www.Department2.University2.edu/GraduateStudent127}, {X=http://www.Department2.University2.edu/UndergraduateStudent25}, {X=http://www.Department2.University2.edu/UndergraduateStudent254}, {X=http://www.Department2.University2.edu/GraduateStudent108}, {X=http://www.Department2.University2.edu/UndergraduateStudent47}, {X=http://www.Department2.University2.edu/GraduateStudent16}, {X=http://www.Department2.University2.edu/GraduateStudent21}, {X=http://www.Department2.University2.edu/UndergraduateStudent221}, {X=http://www.Department2.University2.edu/GraduateStudent10}, {X=http://www.Department2.University2.edu/UndergraduateStudent219}, {X=http://www.Department2.University2.edu/UndergraduateStudent24}, {X=http://www.Department2.University2.edu/UndergraduateStudent330}, {X=http://www.Department2.University2.edu/UndergraduateStudent297}, {X=http://www.Department2.University2.edu/UndergraduateStudent308}, {X=http://www.Department2.University2.edu/UndergraduateStudent128}, {X=http://www.Department2.University2.edu/UndergraduateStudent358}, {X=http://www.Department2.University2.edu/UndergraduateStudent13}, {X=http://www.Department2.University2.edu/GraduateStudent129}, {X=http://www.Department2.University2.edu/UndergraduateStudent253}, {X=http://www.Department2.University2.edu/UndergraduateStudent29}, {X=http://www.Department2.University2.edu/UndergraduateStudent193}, {X=http://www.Department2.University2.edu/GraduateStudent46}, {X=http://www.Department2.University2.edu/UndergraduateStudent122}, {X=http://www.Department2.University2.edu/UndergraduateStudent56}, {X=http://www.Department2.University2.edu/GraduateStudent125}, {X=http://www.Department2.University2.edu/UndergraduateStudent202}, {X=http://www.Department2.University2.edu/AssistantProfessor1}, {X=http://www.Department2.University2.edu/GraduateStudent86}, {X=http://www.Department2.University2.edu/AssistantProfessor2}, {X=http://www.Department2.University2.edu/UndergraduateStudent262}, {X=http://www.Department2.University2.edu/UndergraduateStudent163}, {X=http://www.Department2.University2.edu/UndergraduateStudent148}, {X=http://www.Department2.University2.edu/UndergraduateStudent76}, {X=http://www.Department2.University2.edu/GraduateStudent27}, {X=http://www.Department2.University2.edu/GraduateStudent64}, {X=http://www.Department2.University2.edu/UndergraduateStudent351}, {X=http://www.Department2.University2.edu/UndergraduateStudent78}, {X=http://www.Department2.University2.edu/GraduateStudent49}, {X=http://www.Department2.University2.edu/UndergraduateStudent338}, {X=http://www.Department2.University2.edu/AssociateProfessor0}, {X=http://www.Department2.University2.edu/UndergraduateStudent36}, {X=http://www.Department2.University2.edu/UndergraduateStudent339}, {X=http://www.Department2.University2.edu/GraduateStudent87}, {X=http://www.Department2.University2.edu/AssociateProfessor9}, {X=http://www.Department2.University2.edu/UndergraduateStudent167}, {X=http://www.Department2.University2.edu/GraduateStudent119}, {X=http://www.Department2.University2.edu/UndergraduateStudent72}, {X=http://www.Department2.University2.edu/UndergraduateStudent77}, {X=http://www.Department2.University2.edu/GraduateStudent97}, {X=http://www.Department2.University2.edu/GraduateStudent54}, {X=http://www.Department2.University2.edu/UndergraduateStudent9}, {X=http://www.Department2.University2.edu/UndergraduateStudent65}, {X=http://www.Department2.University2.edu/UndergraduateStudent11}, {X=http://www.Department2.University2.edu/UndergraduateStudent208}, {X=http://www.Department2.University2.edu/GraduateStudent128}, {X=http://www.Department2.University2.edu/UndergraduateStudent322}, {X=http://www.Department2.University2.edu/GraduateStudent89}, {X=http://www.Department2.University2.edu/UndergraduateStudent28}, {X=http://www.Department2.University2.edu/GraduateStudent25}, {X=http://www.Department2.University2.edu/UndergraduateStudent134}, {X=http://www.Department2.University2.edu/UndergraduateStudent335}, {X=http://www.Department2.University2.edu/UndergraduateStudent288}, {X=http://www.Department2.University2.edu/UndergraduateStudent97}, {X=http://www.Department2.University2.edu/UndergraduateStudent125}, {X=http://www.Department2.University2.edu/GraduateStudent76}, {X=http://www.Department2.University2.edu/GraduateStudent28}, {X=http://www.Department2.University2.edu/UndergraduateStudent137}, {X=http://www.Department2.University2.edu/UndergraduateStudent162}, {X=http://www.Department2.University2.edu/UndergraduateStudent293}, {X=http://www.Department2.University2.edu/UndergraduateStudent328}, {X=http://www.Department2.University2.edu/UndergraduateStudent350}, {X=http://www.Department2.University2.edu/UndergraduateStudent269}, {X=http://www.Department2.University2.edu/UndergraduateStudent64}, {X=http://www.Department2.University2.edu/UndergraduateStudent272}, {X=http://www.Department2.University2.edu/UndergraduateStudent245}, {X=http://www.Department2.University2.edu/UndergraduateStudent95}, {X=http://www.Department2.University2.edu/UndergraduateStudent109}, {X=http://www.Department2.University2.edu/UndergraduateStudent179}, {X=http://www.Department2.University2.edu/GraduateStudent63}, {X=http://www.Department2.University2.edu/GraduateStudent19}, {X=http://www.Department2.University2.edu/GraduateStudent22}, {X=http://www.Department2.University2.edu/UndergraduateStudent4}, {X=http://www.Department2.University2.edu/UndergraduateStudent280}, {X=http://www.Department2.University2.edu/GraduateStudent12}, {X=http://www.Department2.University2.edu/UndergraduateStudent38}, {X=http://www.Department2.University2.edu/UndergraduateStudent93}, {X=http://www.Department2.University2.edu/UndergraduateStudent58}, {X=http://www.Department2.University2.edu/UndergraduateStudent223}, {X=http://www.Department2.University2.edu/AssociateProfessor5}, {X=http://www.Department2.University2.edu/UndergraduateStudent146}, {X=http://www.Department2.University2.edu/AssistantProfessor8}, {X=http://www.Department2.University2.edu/UndergraduateStudent32}, {X=http://www.Department2.University2.edu/UndergraduateStudent220}, {X=http://www.Department2.University2.edu/GraduateStudent82}, {X=http://www.Department2.University2.edu/UndergraduateStudent286}, {X=http://www.Department2.University2.edu/UndergraduateStudent295}, {X=http://www.Department2.University2.edu/UndergraduateStudent267}, {X=http://www.Department2.University2.edu/UndergraduateStudent34}, {X=http://www.Department2.University2.edu/UndergraduateStudent355}, {X=http://www.Department2.University2.edu/GraduateStudent4}, {X=http://www.Department2.University2.edu/UndergraduateStudent320}, {X=http://www.Department2.University2.edu/UndergraduateStudent321}, {X=http://www.Department2.University2.edu/GraduateStudent60}, {X=http://www.Department2.University2.edu/UndergraduateStudent275}, {X=http://www.Department2.University2.edu/GraduateStudent26}, {X=http://www.Department2.University2.edu/UndergraduateStudent318}, {X=http://www.Department2.University2.edu/UndergraduateStudent57}, {X=http://www.Department2.University2.edu/UndergraduateStudent115}, {X=http://www.Department2.University2.edu/GraduateStudent106}, {X=http://www.Department2.University2.edu/GraduateStudent38}, {X=http://www.Department2.University2.edu/GraduateStudent34}, {X=http://www.Department2.University2.edu/UndergraduateStudent147}, {X=http://www.Department2.University2.edu/UndergraduateStudent46}, {X=http://www.Department2.University2.edu/UndergraduateStudent79}, {X=http://www.Department2.University2.edu/UndergraduateStudent63}, {X=http://www.Department2.University2.edu/UndergraduateStudent336}, {X=http://www.Department2.University2.edu/UndergraduateStudent256}, {X=http://www.Department2.University2.edu/GraduateStudent42}, {X=http://www.Department2.University2.edu/UndergraduateStudent214}, {X=http://www.Department2.University2.edu/GraduateStudent92}, {X=http://www.Department2.University2.edu/UndergraduateStudent313}, {X=http://www.Department2.University2.edu/UndergraduateStudent42}, {X=http://www.Department2.University2.edu/UndergraduateStudent100}, {X=http://www.Department2.University2.edu/UndergraduateStudent83}, {X=http://www.Department2.University2.edu/FullProfessor6}, {X=http://www.Department2.University2.edu/UndergraduateStudent69}, {X=http://www.Department2.University2.edu/GraduateStudent91}, {X=http://www.Department2.University2.edu/UndergraduateStudent111}, {X=http://www.Department2.University2.edu/UndergraduateStudent20}, {X=http://www.Department2.University2.edu/UndergraduateStudent87}, {X=http://www.Department2.University2.edu/UndergraduateStudent190}, {X=http://www.Department2.University2.edu/UndergraduateStudent189}, {X=http://www.Department2.University2.edu/UndergraduateStudent5}, {X=http://www.Department2.University2.edu/GraduateStudent30}, {X=http://www.Department2.University2.edu/GraduateStudent32}, {X=http://www.Department2.University2.edu/UndergraduateStudent331}, {X=http://www.Department2.University2.edu/GraduateStudent65}, {X=http://www.Department2.University2.edu/UndergraduateStudent226}, {X=http://www.Department2.University2.edu/UndergraduateStudent44}, {X=http://www.Department2.University2.edu/UndergraduateStudent132}, {X=http://www.Department2.University2.edu/UndergraduateStudent33}, {X=http://www.Department2.University2.edu/GraduateStudent7}, {X=http://www.Department2.University2.edu/UndergraduateStudent166}, {X=http://www.Department2.University2.edu/UndergraduateStudent74}, {X=http://www.Department2.University2.edu/UndergraduateStudent207}, {X=http://www.Department2.University2.edu/UndergraduateStudent244}, {X=http://www.Department2.University2.edu/UndergraduateStudent175}, {X=http://www.Department2.University2.edu/UndergraduateStudent45}, {X=http://www.Department2.University2.edu/UndergraduateStudent127}, {X=http://www.Department2.University2.edu/GraduateStudent93}, {X=http://www.Department2.University2.edu/UndergraduateStudent8}, {X=http://www.Department2.University2.edu/UndergraduateStudent53}, {X=http://www.Department2.University2.edu/UndergraduateStudent200}, {X=http://www.Department2.University2.edu/UndergraduateStudent232}, {X=http://www.Department2.University2.edu/UndergraduateStudent273}, {X=http://www.Department2.University2.edu/GraduateStudent79}, {X=http://www.Department2.University2.edu/GraduateStudent94}, {X=http://www.Department2.University2.edu/GraduateStudent95}, {X=http://www.Department2.University2.edu/UndergraduateStudent353}, {X=http://www.Department2.University2.edu/UndergraduateStudent18}, {X=http://www.Department2.University2.edu/Lecturer4}, {X=http://www.Department2.University2.edu/GraduateStudent110}, {X=http://www.Department2.University2.edu/UndergraduateStudent334}, {X=http://www.Department2.University2.edu/UndergraduateStudent27}, {X=http://www.Department2.University2.edu/UndergraduateStudent250}, {X=http://www.Department2.University2.edu/UndergraduateStudent30}, {X=http://www.Department2.University2.edu/UndergraduateStudent289}, {X=http://www.Department2.University2.edu/AssistantProfessor3}, {X=http://www.Department2.University2.edu/UndergraduateStudent257}, {X=http://www.Department2.University2.edu/UndergraduateStudent155}, {X=http://www.Department2.University2.edu/UndergraduateStudent327}, {X=http://www.Department2.University2.edu/UndergraduateStudent66}, {X=http://www.Department2.University2.edu/UndergraduateStudent229}, {X=http://www.Department2.University2.edu/UndergraduateStudent346}, {X=http://www.Department2.University2.edu/UndergraduateStudent180}, {X=http://www.Department2.University2.edu/GraduateStudent105}, {X=http://www.Department2.University2.edu/GraduateStudent77}, {X=http://www.Department2.University2.edu/UndergraduateStudent17}, {X=http://www.Department2.University2.edu/GraduateStudent78}, {X=http://www.Department2.University2.edu/UndergraduateStudent81}, {X=http://www.Department2.University2.edu/AssociateProfessor11}, {X=http://www.Department2.University2.edu/FullProfessor0}, {X=http://www.Department2.University2.edu/UndergraduateStudent228}, {X=http://www.Department2.University2.edu/UndergraduateStudent49}, {X=http://www.Department2.University2.edu/GraduateStudent45}, {X=http://www.Department2.University2.edu/UndergraduateStudent216}, {X=http://www.Department2.University2.edu/UndergraduateStudent142}, {X=http://www.Department2.University2.edu/UndergraduateStudent261}, {X=http://www.Department2.University2.edu/GraduateStudent11}, {X=http://www.Department2.University2.edu/UndergraduateStudent168}, {X=http://www.Department2.University2.edu/UndergraduateStudent0}, {X=http://www.Department2.University2.edu/UndergraduateStudent345}, {X=http://www.Department2.University2.edu/UndergraduateStudent266}, {X=http://www.Department2.University2.edu/GraduateStudent18}, {X=http://www.Department2.University2.edu/GraduateStudent6}, {X=http://www.Department2.University2.edu/Lecturer1}, {X=http://www.Department2.University2.edu/UndergraduateStudent110}, {X=http://www.Department2.University2.edu/UndergraduateStudent198}, {X=http://www.Department2.University2.edu/UndergraduateStudent195}, {X=http://www.Department2.University2.edu/UndergraduateStudent260}, {X=http://www.Department2.University2.edu/UndergraduateStudent307}, {X=http://www.Department2.University2.edu/UndergraduateStudent296}, {X=http://www.Department2.University2.edu/GraduateStudent13}, {X=http://www.Department2.University2.edu/UndergraduateStudent314}, {X=http://www.Department2.University2.edu/UndergraduateStudent344}, {X=http://www.Department2.University2.edu/AssociateProfessor10}, {X=http://www.Department2.University2.edu/UndergraduateStudent22}, {X=http://www.Department2.University2.edu/UndergraduateStudent108}, {X=http://www.Department2.University2.edu/UndergraduateStudent170}, {X=http://www.Department2.University2.edu/UndergraduateStudent103}, {X=http://www.Department2.University2.edu/UndergraduateStudent304}, {X=http://www.Department2.University2.edu/GraduateStudent36}, {X=http://www.Department2.University2.edu/UndergraduateStudent230}, {X=http://www.Department2.University2.edu/UndergraduateStudent41}, {X=http://www.Department2.University2.edu/UndergraduateStudent131}, {X=http://www.Department2.University2.edu/UndergraduateStudent255}, {X=http://www.Department2.University2.edu/GraduateStudent74}, {X=http://www.Department2.University2.edu/GraduateStudent114}, {X=http://www.Department2.University2.edu/UndergraduateStudent290}, {X=http://www.Department2.University2.edu/UndergraduateStudent86}, {X=http://www.Department2.University2.edu/UndergraduateStudent235}, {X=http://www.Department2.University2.edu/GraduateStudent14}, {X=http://www.Department2.University2.edu/Lecturer0}, {X=http://www.Department2.University2.edu/UndergraduateStudent188}, {X=http://www.Department2.University2.edu/UndergraduateStudent203}, {X=http://www.Department2.University2.edu/UndergraduateStudent15}, {X=http://www.Department2.University2.edu/UndergraduateStudent276}, {X=http://www.Department2.University2.edu/UndergraduateStudent62}, {X=http://www.Department2.University2.edu/UndergraduateStudent82}, {X=http://www.Department2.University2.edu/UndergraduateStudent215}, {X=http://www.Department2.University2.edu/UndergraduateStudent217}, {X=http://www.Department2.University2.edu/UndergraduateStudent112}, {X=http://www.Department2.University2.edu/GraduateStudent113}, {X=http://www.Department2.University2.edu/AssociateProfessor2}, {X=http://www.Department2.University2.edu/UndergraduateStudent106}, {X=http://www.Department2.University2.edu/GraduateStudent47}, {X=http://www.Department2.University2.edu/UndergraduateStudent259}, {X=http://www.Department2.University2.edu/UndergraduateStudent12}, {X=http://www.Department2.University2.edu/GraduateStudent104}, {X=http://www.Department2.University2.edu/UndergraduateStudent23}, {X=http://www.Department2.University2.edu/GraduateStudent124}, {X=http://www.Department2.University2.edu/FullProfessor1}, {X=http://www.Department2.University2.edu/UndergraduateStudent6}, {X=http://www.Department2.University2.edu/UndergraduateStudent206}, {X=http://www.Department2.University2.edu/GraduateStudent117}, {X=http://www.Department2.University2.edu/UndergraduateStudent315}, {X=http://www.Department2.University2.edu/UndergraduateStudent172}, {X=http://www.Department2.University2.edu/Lecturer3}, {X=http://www.Department2.University2.edu/UndergraduateStudent145}, {X=http://www.Department2.University2.edu/UndergraduateStudent252}, {X=http://www.Department2.University2.edu/UndergraduateStudent199}, {X=http://www.Department2.University2.edu/UndergraduateStudent192}, {X=http://www.Department2.University2.edu/GraduateStudent57}, {X=http://www.Department2.University2.edu/GraduateStudent101}, {X=http://www.Department2.University2.edu/UndergraduateStudent26}, {X=http://www.Department2.University2.edu/UndergraduateStudent173}, {X=http://www.Department2.University2.edu/GraduateStudent103}, {X=http://www.Department2.University2.edu/UndergraduateStudent160}, {X=http://www.Department2.University2.edu/UndergraduateStudent184}, {X=http://www.Department2.University2.edu/UndergraduateStudent326}, {X=http://www.Department2.University2.edu/AssistantProfessor7}, {X=http://www.Department2.University2.edu/GraduateStudent33}, {X=http://www.Department2.University2.edu/GraduateStudent111}, {X=http://www.Department2.University2.edu/UndergraduateStudent271}, {X=http://www.Department2.University2.edu/UndergraduateStudent287}, {X=http://www.Department2.University2.edu/GraduateStudent88}, {X=http://www.Department2.University2.edu/UndergraduateStudent80}, {X=http://www.Department2.University2.edu/UndergraduateStudent359}, {X=http://www.Department2.University2.edu/GraduateStudent123}, {X=http://www.Department2.University2.edu/FullProfessor5}, {X=http://www.Department2.University2.edu/GraduateStudent116}, {X=http://www.Department2.University2.edu/UndergraduateStudent239}, {X=http://www.Department2.University2.edu/GraduateStudent68}, {X=http://www.Department2.University2.edu/UndergraduateStudent96}, {X=http://www.Department2.University2.edu/UndergraduateStudent178}, {X=http://www.Department2.University2.edu/UndergraduateStudent157}, {X=http://www.Department2.University2.edu/UndergraduateStudent105}, {X=http://www.Department2.University2.edu/GraduateStudent122}, {X=http://www.Department2.University2.edu/UndergraduateStudent50}, {X=http://www.Department2.University2.edu/UndergraduateStudent316}, {X=http://www.Department2.University2.edu/UndergraduateStudent303}, {X=http://www.Department2.University2.edu/UndergraduateStudent181}, {X=http://www.Department2.University2.edu/UndergraduateStudent301}, {X=http://www.Department2.University2.edu/UndergraduateStudent243}, {X=http://www.Department2.University2.edu/UndergraduateStudent120}, {X=http://www.Department2.University2.edu/UndergraduateStudent14}, {X=http://www.Department2.University2.edu/GraduateStudent126}, {X=http://www.Department2.University2.edu/FullProfessor4}, {X=http://www.Department2.University2.edu/GraduateStudent9}, {X=http://www.Department2.University2.edu/GraduateStudent31}, {X=http://www.Department2.University2.edu/UndergraduateStudent205}, {X=http://www.Department2.University2.edu/UndergraduateStudent347}, {X=http://www.Department2.University2.edu/UndergraduateStudent133}, {X=http://www.Department2.University2.edu/UndergraduateStudent136}, {X=http://www.Department2.University2.edu/UndergraduateStudent40}, {X=http://www.Department2.University2.edu/GraduateStudent109}, {X=http://www.Department2.University2.edu/AssistantProfessor6}, {X=http://www.Department2.University2.edu/UndergraduateStudent325}, {X=http://www.Department2.University2.edu/UndergraduateStudent210}, {X=http://www.Department2.University2.edu/UndergraduateStudent139}, {X=http://www.Department2.University2.edu/GraduateStudent99}, {X=http://www.Department2.University2.edu/UndergraduateStudent114}, {X=http://www.Department2.University2.edu/GraduateStudent50}, {X=http://www.Department2.University2.edu/UndergraduateStudent298}, {X=http://www.Department2.University2.edu/UndergraduateStudent31}, {X=http://www.Department2.University2.edu/UndergraduateStudent60}, {X=http://www.Department2.University2.edu/UndergraduateStudent249}, {X=http://www.Department2.University2.edu/UndergraduateStudent149}, {X=http://www.Department2.University2.edu/UndergraduateStudent352}, {X=http://www.Department2.University2.edu/UndergraduateStudent236}, {X=http://www.Department2.University2.edu/UndergraduateStudent211}, {X=http://www.Department2.University2.edu/GraduateStudent96}, {X=http://www.Department2.University2.edu/UndergraduateStudent107}, {X=http://www.Department2.University2.edu/GraduateStudent52}, {X=http://www.Department2.University2.edu/AssociateProfessor3}, {X=http://www.Department2.University2.edu/GraduateStudent85}, {X=http://www.Department2.University2.edu/UndergraduateStudent54}, {X=http://www.Department2.University2.edu/GraduateStudent56}, {X=http://www.Department2.University2.edu/UndergraduateStudent237}, {X=http://www.Department2.University2.edu/UndergraduateStudent306}, {X=http://www.Department2.University2.edu/GraduateStudent62}, {X=http://www.Department2.University2.edu/GraduateStudent40}, {X=http://www.Department2.University2.edu/GraduateStudent84}, {X=http://www.Department2.University2.edu/UndergraduateStudent340}, {X=http://www.Department2.University2.edu/UndergraduateStudent67}, {X=http://www.Department2.University2.edu/UndergraduateStudent70}, {X=http://www.Department2.University2.edu/UndergraduateStudent299}, {X=http://www.Department2.University2.edu/UndergraduateStudent129}, {X=http://www.Department2.University2.edu/UndergraduateStudent161}, {X=http://www.Department2.University2.edu/AssistantProfessor0}, {X=http://www.Department2.University2.edu/UndergraduateStudent10}, {X=http://www.Department2.University2.edu/UndergraduateStudent348}, {X=http://www.Department2.University2.edu/UndergraduateStudent357}, {X=http://www.Department2.University2.edu/GraduateStudent17}, {X=http://www.Department2.University2.edu/UndergraduateStudent59}, {X=http://www.Department2.University2.edu/UndergraduateStudent209}, {X=http://www.Department2.University2.edu/FullProfessor3}, {X=http://www.Department2.University2.edu/UndergraduateStudent1}, {X=http://www.Department2.University2.edu/AssociateProfessor8}, {X=http://www.Department2.University2.edu/UndergraduateStudent104}, {X=http://www.Department2.University2.edu/GraduateStudent80}, {X=http://www.Department2.University2.edu/UndergraduateStudent337}, {X=http://www.Department2.University2.edu/GraduateStudent67}, {X=http://www.Department2.University2.edu/UndergraduateStudent43}, {X=http://www.Department2.University2.edu/Lecturer5}, {X=http://www.Department2.University2.edu/GraduateStudent41}, {X=http://www.Department2.University2.edu/UndergraduateStudent102}, {X=http://www.Department2.University2.edu/UndergraduateStudent117}, {X=http://www.Department2.University2.edu/UndergraduateStudent182}, {X=http://www.Department2.University2.edu/UndergraduateStudent324}, {X=http://www.Department2.University2.edu/UndergraduateStudent51}, {X=http://www.Department2.University2.edu/GraduateStudent107}, {X=http://www.Department2.University2.edu/UndergraduateStudent119}, {X=http://www.Department2.University2.edu/GraduateStudent58}, {X=http://www.Department2.University2.edu/UndergraduateStudent274}, {X=http://www.Department2.University2.edu/UndergraduateStudent258}, {X=http://www.Department2.University2.edu/UndergraduateStudent177}, {X=http://www.Department2.University2.edu/GraduateStudent75}, {X=http://www.Department2.University2.edu/UndergraduateStudent140}, {X=http://www.Department2.University2.edu/UndergraduateStudent101}, {X=http://www.Department2.University2.edu/UndergraduateStudent90}, {X=http://www.Department2.University2.edu/UndergraduateStudent135}, {X=http://www.Department2.University2.edu/GraduateStudent35}, {X=http://www.Department2.University2.edu/GraduateStudent71}, {X=http://www.Department2.University2.edu/UndergraduateStudent312}, {X=http://www.Department2.University2.edu/UndergraduateStudent186}, {X=http://www.Department2.University2.edu/UndergraduateStudent341}, {X=http://www.Department2.University2.edu/UndergraduateStudent342}, {X=http://www.Department2.University2.edu/UndergraduateStudent158}, {X=http://www.Department2.University2.edu/UndergraduateStudent171}, {X=http://www.Department2.University2.edu/AssociateProfessor6}, {X=http://www.Department2.University2.edu/UndergraduateStudent300}, {X=http://www.Department2.University2.edu/UndergraduateStudent165}, {X=http://www.Department2.University2.edu/Lecturer2}, {X=http://www.Department2.University2.edu/UndergraduateStudent151}, {X=http://www.Department2.University2.edu/UndergraduateStudent88}, {X=http://www.Department2.University2.edu/UndergraduateStudent194}, {X=http://www.Department2.University2.edu/UndergraduateStudent169}, {X=http://www.Department2.University2.edu/GraduateStudent3}, {X=http://www.Department2.University2.edu/UndergraduateStudent302}, {X=http://www.Department2.University2.edu/UndergraduateStudent231}, {X=http://www.Department2.University2.edu/UndergraduateStudent264}, {X=http://www.Department2.University2.edu/UndergraduateStudent247}, {X=http://www.Department2.University2.edu/GraduateStudent55}, {X=http://www.Department2.University2.edu/GraduateStudent1}, {X=http://www.Department2.University2.edu/UndergraduateStudent283}, {X=http://www.Department2.University2.edu/UndergraduateStudent191}, {X=http://www.Department2.University2.edu/UndergraduateStudent98}, {X=http://www.Department2.University2.edu/GraduateStudent70}, {X=http://www.Department2.University2.edu/UndergraduateStudent75}, {X=http://www.Department2.University2.edu/UndergraduateStudent204}, {X=http://www.Department2.University2.edu/GraduateStudent44}, {X=http://www.Department2.University2.edu/UndergraduateStudent356}, {X=http://www.Department2.University2.edu/UndergraduateStudent360}, {X=http://www.Department2.University2.edu/UndergraduateStudent277}, {X=http://www.Department2.University2.edu/UndergraduateStudent2}, {X=http://www.Department2.University2.edu/UndergraduateStudent84}, {X=http://www.Department2.University2.edu/UndergraduateStudent282}, {X=http://www.Department2.University2.edu/UndergraduateStudent224}, {X=http://www.Department2.University2.edu/GraduateStudent20}, {X=http://www.Department2.University2.edu/UndergraduateStudent281}, {X=http://www.Department2.University2.edu/AssociateProfessor1}, {X=http://www.Department2.University2.edu/GraduateStudent39}, {X=http://www.Department2.University2.edu/UndergraduateStudent68}, {X=http://www.Department2.University2.edu/UndergraduateStudent19}, {X=http://www.Department2.University2.edu/UndergraduateStudent323}, {X=http://www.Department2.University2.edu/GraduateStudent102}, {X=http://www.Department2.University2.edu/GraduateStudent81}, {X=http://www.Department2.University2.edu/UndergraduateStudent154}, {X=http://www.Department2.University2.edu/GraduateStudent48}, {X=http://www.Department2.University2.edu/UndergraduateStudent152}, {X=http://www.Department2.University2.edu/UndergraduateStudent329}, {X=http://www.Department2.University2.edu/UndergraduateStudent21}, {X=http://www.Department2.University2.edu/UndergraduateStudent159}, {X=http://www.Department2.University2.edu/GraduateStudent15}, {X=http://www.Department2.University2.edu/UndergraduateStudent99}, {X=http://www.Department2.University2.edu/UndergraduateStudent242}, {X=http://www.Department2.University2.edu/UndergraduateStudent292}, {X=http://www.Department2.University2.edu/UndergraduateStudent343}, {X=http://www.Department2.University2.edu/UndergraduateStudent238}, {X=http://www.Department2.University2.edu/GraduateStudent23}, {X=http://www.Department2.University2.edu/UndergraduateStudent187}, {X=http://www.Department2.University2.edu/AssistantProfessor5}, {X=http://www.Department2.University2.edu/GraduateStudent100}, {X=http://www.Department2.University2.edu/UndergraduateStudent143}, {X=http://www.Department2.University2.edu/UndergraduateStudent174}, {X=http://www.Department2.University2.edu/GraduateStudent2}, {X=http://www.Department2.University2.edu/UndergraduateStudent234}, {X=http://www.Department2.University2.edu/UndergraduateStudent150}, {X=http://www.Department2.University2.edu/UndergraduateStudent164}, {X=http://www.Department2.University2.edu/UndergraduateStudent241}, {X=http://www.Department2.University2.edu/UndergraduateStudent126}, {X=http://www.Department2.University2.edu/UndergraduateStudent225}, {X=http://www.Department2.University2.edu/UndergraduateStudent185}, {X=http://www.Department2.University2.edu/UndergraduateStudent196}, {X=http://www.Department2.University2.edu/GraduateStudent118}, {X=http://www.Department2.University2.edu/UndergraduateStudent113}, {X=http://www.Department2.University2.edu/UndergraduateStudent130}, {X=http://www.Department2.University2.edu/UndergraduateStudent279}, {X=http://www.Department2.University2.edu/UndergraduateStudent305}, {X=http://www.Department2.University2.edu/GraduateStudent37}, {X=http://www.Department2.University2.edu/GraduateStudent61}, {X=http://www.Department2.University2.edu/UndergraduateStudent246}, {X=http://www.Department2.University2.edu/GraduateStudent72}, {X=http://www.Department2.University2.edu/UndergraduateStudent294}, {X=http://www.Department2.University2.edu/UndergraduateStudent278}, {X=http://www.Department2.University2.edu/UndergraduateStudent270}, {X=http://www.Department2.University2.edu/UndergraduateStudent284}, {X=http://www.Department2.University2.edu/UndergraduateStudent89}, {X=http://www.Department2.University2.edu/GraduateStudent0}, {X=http://www.Department2.University2.edu/UndergraduateStudent213}, {X=http://www.Department2.University2.edu/UndergraduateStudent349}, {X=http://www.Department2.University2.edu/UndergraduateStudent263}, {X=http://www.Department2.University2.edu/GraduateStudent24}, {X=http://www.Department2.University2.edu/UndergraduateStudent176}, {X=http://www.Department2.University2.edu/UndergraduateStudent39}, {X=http://www.Department2.University2.edu/AssociateProfessor7}, {X=http://www.Department2.University2.edu/UndergraduateStudent124}, {X=http://www.Department2.University2.edu/UndergraduateStudent52}, {X=http://www.Department2.University2.edu/UndergraduateStudent354}, {X=http://www.Department2.University2.edu/GraduateStudent83}, {X=http://www.Department2.University2.edu/UndergraduateStudent48}, {X=http://www.Department2.University2.edu/GraduateStudent130}, {X=http://www.Department2.University2.edu/UndergraduateStudent61}, {X=http://www.Department2.University2.edu/UndergraduateStudent16}, {X=http://www.Department2.University2.edu/UndergraduateStudent319}, {X=http://www.Department2.University2.edu/GraduateStudent98}, {X=http://www.Department2.University2.edu/UndergraduateStudent71}, {X=http://www.Department2.University2.edu/UndergraduateStudent35}, {X=http://www.Department2.University2.edu/GraduateStudent120}, {X=http://www.Department2.University2.edu/UndergraduateStudent156}, {X=http://www.Department2.University2.edu/UndergraduateStudent153}, {X=http://www.Department2.University2.edu/UndergraduateStudent118}, {X=http://www.Department2.University2.edu/GraduateStudent90}, {X=http://www.Department2.University2.edu/GraduateStudent59}, {X=http://www.Department2.University2.edu/GraduateStudent43}, {X=http://www.Department2.University2.edu/UndergraduateStudent317}, {X=http://www.Department2.University2.edu/AssistantProfessor4}, {X=http://www.Department2.University2.edu/UndergraduateStudent121}, {X=http://www.Department2.University2.edu/FullProfessor2}, {X=http://www.Department2.University2.edu/UndergraduateStudent144}, {X=http://www.Department2.University2.edu/UndergraduateStudent251}, {X=http://www.Department2.University2.edu/UndergraduateStudent141}, {X=http://www.Department2.University2.edu/UndergraduateStudent265}, {X=http://www.Department2.University2.edu/GraduateStudent115}, {X=http://www.Department2.University2.edu/UndergraduateStudent268}, {X=http://www.Department2.University2.edu/GraduateStudent66}, {X=http://www.Department2.University2.edu/GraduateStudent5}, {X=http://www.Department2.University2.edu/UndergraduateStudent310}, {X=http://www.Department2.University2.edu/UndergraduateStudent183}, {X=http://www.Department2.University2.edu/UndergraduateStudent248}, {X=http://www.Department2.University2.edu/GraduateStudent69}, {X=http://www.Department2.University2.edu/UndergraduateStudent94}, {X=http://www.Department2.University2.edu/GraduateStudent73}, {X=http://www.Department2.University2.edu/UndergraduateStudent138}, {X=http://www.Department2.University2.edu/UndergraduateStudent37}, {X=http://www.Department2.University2.edu/UndergraduateStudent233}, {X=http://www.Department2.University2.edu/UndergraduateStudent291}, {X=http://www.Department2.University2.edu/UndergraduateStudent212}, {X=http://www.Department2.University2.edu/UndergraduateStudent55}, {X=http://www.Department2.University2.edu/UndergraduateStudent91}, {X=http://www.Department2.University2.edu/UndergraduateStudent222}, {X=http://www.Department2.University2.edu/UndergraduateStudent309}, {X=http://www.Department2.University2.edu/UndergraduateStudent332}, {X=http://www.Department2.University2.edu/GraduateStudent131}, {X=http://www.Department2.University2.edu/GraduateStudent53}, {X=http://www.Department2.University2.edu/GraduateStudent112}, {X=http://www.Department2.University2.edu/UndergraduateStudent73}, {X=http://www.Department2.University2.edu/UndergraduateStudent7}, {X=http://www.Department2.University2.edu/UndergraduateStudent116}, {X=http://www.Department2.University2.edu/UndergraduateStudent92}, {X=http://www.Department2.University2.edu/UndergraduateStudent201}, {X=http://www.Department2.University2.edu/GraduateStudent29}, {X=http://www.Department2.University2.edu/UndergraduateStudent85}, {X=http://www.Department2.University2.edu/AssociateProfessor4}, {X=http://www.Department2.University2.edu/UndergraduateStudent227}, {X=http://www.Department2.University2.edu/UndergraduateStudent3}, {X=http://www.Department2.University2.edu/UndergraduateStudent240}, {X=http://www.Department2.University2.edu/UndergraduateStudent197}, {X=http://www.Department2.University2.edu/UndergraduateStudent123}, {X=http://www.Department2.University2.edu/UndergraduateStudent311}, {X=http://www.Department2.University2.edu/GraduateStudent51}, {X=http://www.Department2.University2.edu/UndergraduateStudent285}, {X=http://www.Department2.University2.edu/UndergraduateStudent333}, {X=http://www.Department2.University2.edu/GraduateStudent8}, {X=http://www.Department2.University2.edu/GraduateStudent132}, {X=http://www.Department2.University2.edu/UndergraduateStudent218}, {X=http://www.Department2.University2.edu/GraduateStudent121}, {X=http://www.Department2.University2.edu/GraduateStudent127}, {X=http://www.Department2.University2.edu/UndergraduateStudent25}, {X=http://www.Department2.University2.edu/UndergraduateStudent254}, {X=http://www.Department2.University2.edu/GraduateStudent108}, {X=http://www.Department2.University2.edu/UndergraduateStudent47}, {X=http://www.Department2.University2.edu/GraduateStudent16}, {X=http://www.Department2.University2.edu/GraduateStudent21}, {X=http://www.Department2.University2.edu/UndergraduateStudent221}, {X=http://www.Department2.University2.edu/GraduateStudent10}, {X=http://www.Department2.University2.edu/UndergraduateStudent219}, {X=http://www.Department2.University2.edu/UndergraduateStudent24}, {X=http://www.Department2.University2.edu/UndergraduateStudent330}, {X=http://www.Department2.University2.edu/UndergraduateStudent297}, {X=http://www.Department2.University2.edu/UndergraduateStudent308}, {X=http://www.Department2.University2.edu/UndergraduateStudent128}, {X=http://www.Department2.University2.edu/UndergraduateStudent358}, {X=http://www.Department2.University2.edu/UndergraduateStudent13}, {X=http://www.Department2.University2.edu/GraduateStudent129}, {X=http://www.Department2.University2.edu/UndergraduateStudent253}, {X=http://www.Department2.University2.edu/UndergraduateStudent29}, {X=http://www.Department2.University2.edu/UndergraduateStudent193}, {X=http://www.Department2.University2.edu/GraduateStudent46}, {X=http://www.Department2.University2.edu/UndergraduateStudent122}, {X=http://www.Department2.University2.edu/UndergraduateStudent56}, {X=http://www.Department2.University2.edu/GraduateStudent125}, {X=http://www.Department2.University2.edu/UndergraduateStudent202}, {X=http://www.Department2.University2.edu/AssistantProfessor1}, {X=http://www.Department2.University2.edu/GraduateStudent86}, {X=http://www.Department2.University2.edu/AssistantProfessor2}, {X=http://www.Department2.University2.edu/UndergraduateStudent262}, {X=http://www.Department2.University2.edu/UndergraduateStudent163}, {X=http://www.Department2.University2.edu/UndergraduateStudent148}, {X=http://www.Department2.University2.edu/UndergraduateStudent76}, {X=http://www.Department2.University2.edu/GraduateStudent27}, {X=http://www.Department2.University2.edu/GraduateStudent64}, {X=http://www.Department2.University2.edu/UndergraduateStudent351}, {X=http://www.Department2.University2.edu/UndergraduateStudent78}, {X=http://www.Department2.University2.edu/GraduateStudent49}, {X=http://www.Department2.University2.edu/UndergraduateStudent338}, {X=http://www.Department2.University2.edu/AssociateProfessor0}, {X=http://www.Department2.University2.edu/UndergraduateStudent36}, {X=http://www.Department2.University2.edu/UndergraduateStudent339}, {X=http://www.Department2.University2.edu/GraduateStudent87}, {X=http://www.Department2.University2.edu/AssociateProfessor9}, {X=http://www.Department2.University2.edu/UndergraduateStudent167}, {X=http://www.Department2.University2.edu/GraduateStudent119}, {X=http://www.Department2.University2.edu/UndergraduateStudent72}, {X=http://www.Department2.University2.edu/UndergraduateStudent77}, {X=http://www.Department2.University2.edu/GraduateStudent97}, {X=http://www.Department2.University2.edu/GraduateStudent54}, {X=http://www.Department2.University2.edu/UndergraduateStudent9}, {X=http://www.Department2.University2.edu/UndergraduateStudent65}, {X=http://www.Department2.University2.edu/UndergraduateStudent11}, {X=http://www.Department2.University2.edu/UndergraduateStudent208}, {X=http://www.Department2.University2.edu/GraduateStudent128}, {X=http://www.Department2.University2.edu/UndergraduateStudent322}, {X=http://www.Department2.University2.edu/GraduateStudent89}, {X=http://www.Department2.University2.edu/UndergraduateStudent28}, {X=http://www.Department2.University2.edu/GraduateStudent25}, {X=http://www.Department2.University2.edu/UndergraduateStudent134}, {X=http://www.Department2.University2.edu/UndergraduateStudent335}, {X=http://www.Department2.University2.edu/UndergraduateStudent288}, {X=http://www.Department2.University2.edu/UndergraduateStudent97}, {X=http://www.Department2.University2.edu/UndergraduateStudent125}, {X=http://www.Department2.University2.edu/GraduateStudent76}, {X=http://www.Department2.University2.edu/GraduateStudent28}, {X=http://www.Department2.University2.edu/UndergraduateStudent137}, {X=http://www.Department2.University2.edu/UndergraduateStudent162}, {X=http://www.Department2.University2.edu/UndergraduateStudent293}, {X=http://www.Department2.University2.edu/UndergraduateStudent328}, {X=http://www.Department2.University2.edu/UndergraduateStudent350}, {X=http://www.Department2.University2.edu/UndergraduateStudent269}, {X=http://www.Department2.University2.edu/UndergraduateStudent64}, {X=http://www.Department2.University2.edu/UndergraduateStudent272}, {X=http://www.Department2.University2.edu/UndergraduateStudent245}, {X=http://www.Department2.University2.edu/UndergraduateStudent95}, {X=http://www.Department2.University2.edu/UndergraduateStudent109}, {X=http://www.Department2.University2.edu/UndergraduateStudent179}, {X=http://www.Department2.University2.edu/GraduateStudent63}, {X=http://www.Department2.University2.edu/GraduateStudent19}, {X=http://www.Department2.University2.edu/GraduateStudent22}, {X=http://www.Department2.University2.edu/UndergraduateStudent4}, {X=http://www.Department2.University2.edu/UndergraduateStudent280}, {X=http://www.Department2.University2.edu/GraduateStudent12}, {X=http://www.Department2.University2.edu/UndergraduateStudent38}, {X=http://www.Department2.University2.edu/UndergraduateStudent93}, {X=http://www.Department2.University2.edu/UndergraduateStudent58}, {X=http://www.Department2.University2.edu/UndergraduateStudent223}, {X=http://www.Department2.University2.edu/AssociateProfessor5}, {X=http://www.Department2.University2.edu/UndergraduateStudent146}, {X=http://www.Department2.University2.edu/AssistantProfessor8}, {X=http://www.Department2.University2.edu/UndergraduateStudent32}, {X=http://www.Department2.University2.edu/UndergraduateStudent220}, {X=http://www.Department2.University2.edu/GraduateStudent82}, {X=http://www.Department2.University2.edu/UndergraduateStudent286}, {X=http://www.Department2.University2.edu/UndergraduateStudent295}, {X=http://www.Department2.University2.edu/UndergraduateStudent267}, {X=http://www.Department2.University2.edu/UndergraduateStudent34}, {X=http://www.Department2.University2.edu/UndergraduateStudent355}, {X=http://www.Department2.University2.edu/GraduateStudent4}, {X=http://www.Department2.University2.edu/UndergraduateStudent320}, {X=http://www.Department2.University2.edu/UndergraduateStudent321}, {X=http://www.Department2.University2.edu/GraduateStudent60}, {X=http://www.Department2.University2.edu/UndergraduateStudent275}, {X=http://www.Department2.University2.edu/GraduateStudent26}, {X=http://www.Department2.University2.edu/UndergraduateStudent318}, {X=http://www.Department2.University2.edu/UndergraduateStudent57}, {X=http://www.Department2.University2.edu/UndergraduateStudent115}, {X=http://www.Department2.University2.edu/GraduateStudent106}, {X=http://www.Department2.University2.edu/GraduateStudent38}, {X=http://www.Department2.University2.edu/GraduateStudent34}, {X=http://www.Department2.University2.edu/UndergraduateStudent147}, {X=http://www.Department2.University2.edu/UndergraduateStudent46}, {X=http://www.Department2.University2.edu/UndergraduateStudent79}, {X=http://www.Department2.University2.edu/UndergraduateStudent63}, {X=http://www.Department2.University2.edu/UndergraduateStudent336}, {X=http://www.Department2.University2.edu/UndergraduateStudent256}, {X=http://www.Department2.University2.edu/GraduateStudent42}, {X=http://www.Department2.University2.edu/UndergraduateStudent214}, {X=http://www.Department2.University2.edu/GraduateStudent92}, {X=http://www.Department2.University2.edu/UndergraduateStudent313}, {X=http://www.Department2.University2.edu/UndergraduateStudent42}, {X=http://www.Department2.University2.edu/UndergraduateStudent100}, {X=http://www.Department2.University2.edu/UndergraduateStudent83}, {X=http://www.Department2.University2.edu/FullProfessor6}, {X=http://www.Department2.University2.edu/UndergraduateStudent69}, {X=http://www.Department2.University2.edu/GraduateStudent91}, {X=http://www.Department2.University2.edu/UndergraduateStudent111}, {X=http://www.Department2.University2.edu/UndergraduateStudent20}, {X=http://www.Department2.University2.edu/UndergraduateStudent87}, {X=http://www.Department2.University2.edu/UndergraduateStudent190}, {X=http://www.Department2.University2.edu/UndergraduateStudent189}, {X=http://www.Department2.University2.edu/UndergraduateStudent5}, {X=http://www.Department2.University2.edu/GraduateStudent30}, {X=http://www.Department2.University2.edu/GraduateStudent32}, {X=http://www.Department2.University2.edu/UndergraduateStudent331}, {X=http://www.Department2.University2.edu/GraduateStudent65}, {X=http://www.Department2.University2.edu/UndergraduateStudent226}, {X=http://www.Department2.University2.edu/UndergraduateStudent44}, {X=http://www.Department2.University2.edu/UndergraduateStudent132}, {X=http://www.Department2.University2.edu/UndergraduateStudent33}, {X=http://www.Department2.University2.edu/GraduateStudent7}, {X=http://www.Department2.University2.edu/UndergraduateStudent166}, {X=http://www.Department2.University2.edu/UndergraduateStudent74}, {X=http://www.Department2.University2.edu/UndergraduateStudent207}, {X=http://www.Department2.University2.edu/UndergraduateStudent244}, {X=http://www.Department2.University2.edu/UndergraduateStudent175}, {X=http://www.Department2.University2.edu/UndergraduateStudent45}, {X=http://www.Department2.University2.edu/UndergraduateStudent127}, {X=http://www.Department2.University2.edu/GraduateStudent93}, {X=http://www.Department2.University2.edu/UndergraduateStudent8}, {X=http://www.Department2.University2.edu/UndergraduateStudent53}, {X=http://www.Department2.University2.edu/UndergraduateStudent200}, {X=http://www.Department2.University2.edu/UndergraduateStudent232}, {X=http://www.Department2.University2.edu/UndergraduateStudent273}, {X=http://www.Department2.University2.edu/GraduateStudent79}, {X=http://www.Department2.University2.edu/GraduateStudent94}, {X=http://www.Department2.University2.edu/GraduateStudent95}, {X=http://www.Department2.University2.edu/UndergraduateStudent353}, {X=http://www.Department2.University2.edu/UndergraduateStudent18}, {X=http://www.Department2.University2.edu/Lecturer4}, {X=http://www.Department2.University2.edu/GraduateStudent110}, {X=http://www.Department2.University2.edu/UndergraduateStudent334}, {X=http://www.Department2.University2.edu/UndergraduateStudent27}, {X=http://www.Department2.University2.edu/UndergraduateStudent250}, {X=http://www.Department2.University2.edu/UndergraduateStudent30}, {X=http://www.Department2.University2.edu/UndergraduateStudent289}, {X=http://www.Department2.University2.edu/AssistantProfessor3}, {X=http://www.Department2.University2.edu/UndergraduateStudent257}, {X=http://www.Department2.University2.edu/UndergraduateStudent155}, {X=http://www.Department2.University2.edu/UndergraduateStudent327}, {X=http://www.Department2.University2.edu/UndergraduateStudent66}, {X=http://www.Department2.University2.edu/UndergraduateStudent229}, {X=http://www.Department2.University2.edu/UndergraduateStudent346}, {X=http://www.Department2.University2.edu/UndergraduateStudent180}, {X=http://www.Department2.University2.edu/GraduateStudent105}, {X=http://www.Department2.University2.edu/GraduateStudent77}, {X=http://www.Department2.University2.edu/UndergraduateStudent17}, {X=http://www.Department2.University2.edu/GraduateStudent78}, {X=http://www.Department2.University2.edu/UndergraduateStudent81}]
1490624501346;2;2;6;2971813;2220765;2164882;2214360;2187849;2105058;1933201;1740700;1735558;1717387;2099157;6438;4940;[{X=http://www.Department2.University2.edu/UndergraduateStudent228}, {X=http://www.Department2.University2.edu/UndergraduateStudent49}, {X=http://www.Department2.University2.edu/GraduateStudent45}, {X=http://www.Department2.University2.edu/UndergraduateStudent216}, {X=http://www.Department2.University2.edu/UndergraduateStudent142}, {X=http://www.Department2.University2.edu/UndergraduateStudent261}, {X=http://www.Department2.University2.edu/GraduateStudent11}, {X=http://www.Department2.University2.edu/UndergraduateStudent168}, {X=http://www.Department2.University2.edu/UndergraduateStudent0}, {X=http://www.Department2.University2.edu/UndergraduateStudent266}, {X=http://www.Department2.University2.edu/UndergraduateStudent345}, {X=http://www.Department2.University2.edu/GraduateStudent18}, {X=http://www.Department2.University2.edu/GraduateStudent6}, {X=http://www.Department2.University2.edu/UndergraduateStudent198}, {X=http://www.Department2.University2.edu/UndergraduateStudent110}, {X=http://www.Department2.University2.edu/UndergraduateStudent195}, {X=http://www.Department2.University2.edu/UndergraduateStudent260}, {X=http://www.Department2.University2.edu/UndergraduateStudent307}, {X=http://www.Department2.University2.edu/UndergraduateStudent314}, {X=http://www.Department2.University2.edu/UndergraduateStudent296}, {X=http://www.Department2.University2.edu/GraduateStudent13}, {X=http://www.Department2.University2.edu/UndergraduateStudent344}, {X=http://www.Department2.University2.edu/UndergraduateStudent22}, {X=http://www.Department2.University2.edu/UndergraduateStudent170}, {X=http://www.Department2.University2.edu/UndergraduateStudent108}, {X=http://www.Department2.University2.edu/UndergraduateStudent103}, {X=http://www.Department2.University2.edu/UndergraduateStudent304}, {X=http://www.Department2.University2.edu/GraduateStudent36}, {X=http://www.Department2.University2.edu/UndergraduateStudent230}, {X=http://www.Department2.University2.edu/UndergraduateStudent41}, {X=http://www.Department2.University2.edu/UndergraduateStudent131}, {X=http://www.Department2.University2.edu/UndergraduateStudent255}, {X=http://www.Department2.University2.edu/UndergraduateStudent290}, {X=http://www.Department2.University2.edu/GraduateStudent74}, {X=http://www.Department2.University2.edu/GraduateStudent114}, {X=http://www.Department2.University2.edu/UndergraduateStudent86}, {X=http://www.Department2.University2.edu/GraduateStudent14}, {X=http://www.Department2.University2.edu/UndergraduateStudent235}, {X=http://www.Department2.University2.edu/UndergraduateStudent188}, {X=http://www.Department2.University2.edu/UndergraduateStudent203}, {X=http://www.Department2.University2.edu/UndergraduateStudent15}, {X=http://www.Department2.University2.edu/UndergraduateStudent62}, {X=http://www.Department2.University2.edu/UndergraduateStudent82}, {X=http://www.Department2.University2.edu/UndergraduateStudent276}, {X=http://www.Department2.University2.edu/UndergraduateStudent217}, {X=http://www.Department2.University2.edu/UndergraduateStudent215}, {X=http://www.Department2.University2.edu/UndergraduateStudent112}, {X=http://www.Department2.University2.edu/GraduateStudent113}, {X=http://www.Department2.University2.edu/UndergraduateStudent106}, {X=http://www.Department2.University2.edu/GraduateStudent47}, {X=http://www.Department2.University2.edu/UndergraduateStudent259}, {X=http://www.Department2.University2.edu/UndergraduateStudent12}, {X=http://www.Department2.University2.edu/GraduateStudent104}, {X=http://www.Department2.University2.edu/UndergraduateStudent23}, {X=http://www.Department2.University2.edu/GraduateStudent124}, {X=http://www.Department2.University2.edu/UndergraduateStudent6}, {X=http://www.Department2.University2.edu/UndergraduateStudent206}, {X=http://www.Department2.University2.edu/GraduateStudent117}, {X=http://www.Department2.University2.edu/UndergraduateStudent315}, {X=http://www.Department2.University2.edu/UndergraduateStudent172}, {X=http://www.Department2.University2.edu/UndergraduateStudent145}, {X=http://www.Department2.University2.edu/UndergraduateStudent252}, {X=http://www.Department2.University2.edu/UndergraduateStudent192}, {X=http://www.Department2.University2.edu/UndergraduateStudent199}, {X=http://www.Department2.University2.edu/GraduateStudent57}, {X=http://www.Department2.University2.edu/GraduateStudent101}, {X=http://www.Department2.University2.edu/UndergraduateStudent26}, {X=http://www.Department2.University2.edu/UndergraduateStudent173}, {X=http://www.Department2.University2.edu/GraduateStudent103}, {X=http://www.Department2.University2.edu/UndergraduateStudent160}, {X=http://www.Department2.University2.edu/UndergraduateStudent184}, {X=http://www.Department2.University2.edu/UndergraduateStudent326}, {X=http://www.Department2.University2.edu/GraduateStudent33}, {X=http://www.Department2.University2.edu/GraduateStudent111}, {X=http://www.Department2.University2.edu/UndergraduateStudent271}, {X=http://www.Department2.University2.edu/UndergraduateStudent287}, {X=http://www.Department2.University2.edu/GraduateStudent88}, {X=http://www.Department2.University2.edu/UndergraduateStudent80}, {X=http://www.Department2.University2.edu/UndergraduateStudent359}, {X=http://www.Department2.University2.edu/GraduateStudent123}, {X=http://www.Department2.University2.edu/GraduateStudent116}, {X=http://www.Department2.University2.edu/UndergraduateStudent239}, {X=http://www.Department2.University2.edu/GraduateStudent68}, {X=http://www.Department2.University2.edu/UndergraduateStudent96}, {X=http://www.Department2.University2.edu/UndergraduateStudent178}, {X=http://www.Department2.University2.edu/UndergraduateStudent157}, {X=http://www.Department2.University2.edu/UndergraduateStudent105}, {X=http://www.Department2.University2.edu/GraduateStudent122}, {X=http://www.Department2.University2.edu/UndergraduateStudent50}, {X=http://www.Department2.University2.edu/UndergraduateStudent316}, {X=http://www.Department2.University2.edu/UndergraduateStudent303}, {X=http://www.Department2.University2.edu/UndergraduateStudent181}, {X=http://www.Department2.University2.edu/UndergraduateStudent243}, {X=http://www.Department2.University2.edu/UndergraduateStudent301}, {X=http://www.Department2.University2.edu/UndergraduateStudent120}, {X=http://www.Department2.University2.edu/UndergraduateStudent14}, {X=http://www.Department2.University2.edu/GraduateStudent126}, {X=http://www.Department2.University2.edu/GraduateStudent9}, {X=http://www.Department2.University2.edu/UndergraduateStudent205}, {X=http://www.Department2.University2.edu/GraduateStudent31}, {X=http://www.Department2.University2.edu/UndergraduateStudent347}, {X=http://www.Department2.University2.edu/UndergraduateStudent133}, {X=http://www.Department2.University2.edu/UndergraduateStudent136}, {X=http://www.Department2.University2.edu/UndergraduateStudent40}, {X=http://www.Department2.University2.edu/GraduateStudent109}, {X=http://www.Department2.University2.edu/UndergraduateStudent325}, {X=http://www.Department2.University2.edu/UndergraduateStudent210}, {X=http://www.Department2.University2.edu/UndergraduateStudent139}, {X=http://www.Department2.University2.edu/UndergraduateStudent114}, {X=http://www.Department2.University2.edu/GraduateStudent99}, {X=http://www.Department2.University2.edu/GraduateStudent50}, {X=http://www.Department2.University2.edu/UndergraduateStudent298}, {X=http://www.Department2.University2.edu/UndergraduateStudent31}, {X=http://www.Department2.University2.edu/UndergraduateStudent249}, {X=http://www.Department2.University2.edu/UndergraduateStudent60}, {X=http://www.Department2.University2.edu/UndergraduateStudent149}, {X=http://www.Department2.University2.edu/UndergraduateStudent352}, {X=http://www.Department2.University2.edu/UndergraduateStudent236}, {X=http://www.Department2.University2.edu/UndergraduateStudent211}, {X=http://www.Department2.University2.edu/GraduateStudent96}, {X=http://www.Department2.University2.edu/UndergraduateStudent107}, {X=http://www.Department2.University2.edu/GraduateStudent52}, {X=http://www.Department2.University2.edu/GraduateStudent85}, {X=http://www.Department2.University2.edu/UndergraduateStudent54}, {X=http://www.Department2.University2.edu/GraduateStudent56}, {X=http://www.Department2.University2.edu/UndergraduateStudent237}, {X=http://www.Department2.University2.edu/UndergraduateStudent306}, {X=http://www.Department2.University2.edu/GraduateStudent62}, {X=http://www.Department2.University2.edu/GraduateStudent40}, {X=http://www.Department2.University2.edu/GraduateStudent84}, {X=http://www.Department2.University2.edu/UndergraduateStudent340}, {X=http://www.Department2.University2.edu/UndergraduateStudent67}, {X=http://www.Department2.University2.edu/UndergraduateStudent70}, {X=http://www.Department2.University2.edu/UndergraduateStudent299}, {X=http://www.Department2.University2.edu/UndergraduateStudent129}, {X=http://www.Department2.University2.edu/UndergraduateStudent161}, {X=http://www.Department2.University2.edu/UndergraduateStudent348}, {X=http://www.Department2.University2.edu/UndergraduateStudent10}, {X=http://www.Department2.University2.edu/UndergraduateStudent357}, {X=http://www.Department2.University2.edu/GraduateStudent17}, {X=http://www.Department2.University2.edu/UndergraduateStudent59}, {X=http://www.Department2.University2.edu/UndergraduateStudent209}, {X=http://www.Department2.University2.edu/UndergraduateStudent1}, {X=http://www.Department2.University2.edu/UndergraduateStudent337}, {X=http://www.Department2.University2.edu/UndergraduateStudent104}, {X=http://www.Department2.University2.edu/GraduateStudent80}, {X=http://www.Department2.University2.edu/GraduateStudent67}, {X=http://www.Department2.University2.edu/UndergraduateStudent43}, {X=http://www.Department2.University2.edu/GraduateStudent41}, {X=http://www.Department2.University2.edu/UndergraduateStudent102}, {X=http://www.Department2.University2.edu/UndergraduateStudent117}, {X=http://www.Department2.University2.edu/UndergraduateStudent182}, {X=http://www.Department2.University2.edu/UndergraduateStudent324}, {X=http://www.Department2.University2.edu/UndergraduateStudent51}, {X=http://www.Department2.University2.edu/UndergraduateStudent119}, {X=http://www.Department2.University2.edu/GraduateStudent107}, {X=http://www.Department2.University2.edu/GraduateStudent58}, {X=http://www.Department2.University2.edu/UndergraduateStudent274}, {X=http://www.Department2.University2.edu/UndergraduateStudent258}, {X=http://www.Department2.University2.edu/UndergraduateStudent177}, {X=http://www.Department2.University2.edu/GraduateStudent75}, {X=http://www.Department2.University2.edu/UndergraduateStudent101}, {X=http://www.Department2.University2.edu/UndergraduateStudent140}, {X=http://www.Department2.University2.edu/UndergraduateStudent90}, {X=http://www.Department2.University2.edu/UndergraduateStudent135}, {X=http://www.Department2.University2.edu/GraduateStudent35}, {X=http://www.Department2.University2.edu/GraduateStudent71}, {X=http://www.Department2.University2.edu/UndergraduateStudent186}, {X=http://www.Department2.University2.edu/UndergraduateStudent312}, {X=http://www.Department2.University2.edu/UndergraduateStudent341}, {X=http://www.Department2.University2.edu/UndergraduateStudent342}, {X=http://www.Department2.University2.edu/UndergraduateStudent158}, {X=http://www.Department2.University2.edu/UndergraduateStudent171}, {X=http://www.Department2.University2.edu/UndergraduateStudent300}, {X=http://www.Department2.University2.edu/UndergraduateStudent165}, {X=http://www.Department2.University2.edu/UndergraduateStudent151}, {X=http://www.Department2.University2.edu/UndergraduateStudent88}, {X=http://www.Department2.University2.edu/UndergraduateStudent194}, {X=http://www.Department2.University2.edu/UndergraduateStudent169}, {X=http://www.Department2.University2.edu/GraduateStudent3}, {X=http://www.Department2.University2.edu/UndergraduateStudent302}, {X=http://www.Department2.University2.edu/UndergraduateStudent231}, {X=http://www.Department2.University2.edu/UndergraduateStudent264}, {X=http://www.Department2.University2.edu/UndergraduateStudent247}, {X=http://www.Department2.University2.edu/GraduateStudent55}, {X=http://www.Department2.University2.edu/GraduateStudent1}, {X=http://www.Department2.University2.edu/UndergraduateStudent283}, {X=http://www.Department2.University2.edu/UndergraduateStudent191}, {X=http://www.Department2.University2.edu/UndergraduateStudent75}, {X=http://www.Department2.University2.edu/GraduateStudent70}, {X=http://www.Department2.University2.edu/UndergraduateStudent98}, {X=http://www.Department2.University2.edu/UndergraduateStudent204}, {X=http://www.Department2.University2.edu/GraduateStudent44}, {X=http://www.Department2.University2.edu/UndergraduateStudent356}, {X=http://www.Department2.University2.edu/UndergraduateStudent277}, {X=http://www.Department2.University2.edu/UndergraduateStudent360}, {X=http://www.Department2.University2.edu/UndergraduateStudent2}, {X=http://www.Department2.University2.edu/UndergraduateStudent282}, {X=http://www.Department2.University2.edu/UndergraduateStudent224}, {X=http://www.Department2.University2.edu/UndergraduateStudent84}, {X=http://www.Department2.University2.edu/GraduateStudent20}, {X=http://www.Department2.University2.edu/UndergraduateStudent281}, {X=http://www.Department2.University2.edu/GraduateStudent39}, {X=http://www.Department2.University2.edu/UndergraduateStudent19}, {X=http://www.Department2.University2.edu/UndergraduateStudent68}, {X=http://www.Department2.University2.edu/UndergraduateStudent323}, {X=http://www.Department2.University2.edu/GraduateStudent102}, {X=http://www.Department2.University2.edu/GraduateStudent81}, {X=http://www.Department2.University2.edu/UndergraduateStudent154}, {X=http://www.Department2.University2.edu/GraduateStudent48}, {X=http://www.Department2.University2.edu/UndergraduateStudent152}, {X=http://www.Department2.University2.edu/UndergraduateStudent329}, {X=http://www.Department2.University2.edu/UndergraduateStudent21}, {X=http://www.Department2.University2.edu/UndergraduateStudent159}, {X=http://www.Department2.University2.edu/GraduateStudent15}, {X=http://www.Department2.University2.edu/UndergraduateStudent99}, {X=http://www.Department2.University2.edu/UndergraduateStudent292}, {X=http://www.Department2.University2.edu/UndergraduateStudent242}, {X=http://www.Department2.University2.edu/UndergraduateStudent343}, {X=http://www.Department2.University2.edu/UndergraduateStudent238}, {X=http://www.Department2.University2.edu/GraduateStudent23}, {X=http://www.Department2.University2.edu/UndergraduateStudent187}, {X=http://www.Department2.University2.edu/GraduateStudent100}, {X=http://www.Department2.University2.edu/UndergraduateStudent143}, {X=http://www.Department2.University2.edu/UndergraduateStudent174}, {X=http://www.Department2.University2.edu/GraduateStudent2}, {X=http://www.Department2.University2.edu/UndergraduateStudent234}, {X=http://www.Department2.University2.edu/UndergraduateStudent150}, {X=http://www.Department2.University2.edu/UndergraduateStudent164}, {X=http://www.Department2.University2.edu/UndergraduateStudent241}, {X=http://www.Department2.University2.edu/UndergraduateStudent126}, {X=http://www.Department2.University2.edu/UndergraduateStudent225}, {X=http://www.Department2.University2.edu/UndergraduateStudent185}, {X=http://www.Department2.University2.edu/UndergraduateStudent196}, {X=http://www.Department2.University2.edu/GraduateStudent118}, {X=http://www.Department2.University2.edu/UndergraduateStudent113}, {X=http://www.Department2.University2.edu/UndergraduateStudent279}, {X=http://www.Department2.University2.edu/UndergraduateStudent305}, {X=http://www.Department2.University2.edu/UndergraduateStudent130}, {X=http://www.Department2.University2.edu/GraduateStudent37}, {X=http://www.Department2.University2.edu/GraduateStudent61}, {X=http://www.Department2.University2.edu/UndergraduateStudent246}, {X=http://www.Department2.University2.edu/GraduateStudent72}, {X=http://www.Department2.University2.edu/UndergraduateStudent294}, {X=http://www.Department2.University2.edu/UndergraduateStudent278}, {X=http://www.Department2.University2.edu/UndergraduateStudent270}, {X=http://www.Department2.University2.edu/UndergraduateStudent89}, {X=http://www.Department2.University2.edu/UndergraduateStudent284}, {X=http://www.Department2.University2.edu/GraduateStudent0}, {X=http://www.Department2.University2.edu/UndergraduateStudent213}, {X=http://www.Department2.University2.edu/UndergraduateStudent349}, {X=http://www.Department2.University2.edu/UndergraduateStudent263}, {X=http://www.Department2.University2.edu/GraduateStudent24}, {X=http://www.Department2.University2.edu/UndergraduateStudent176}, {X=http://www.Department2.University2.edu/UndergraduateStudent39}, {X=http://www.Department2.University2.edu/UndergraduateStudent124}, {X=http://www.Department2.University2.edu/UndergraduateStudent52}, {X=http://www.Department2.University2.edu/UndergraduateStudent354}, {X=http://www.Department2.University2.edu/UndergraduateStudent48}, {X=http://www.Department2.University2.edu/GraduateStudent83}, {X=http://www.Department2.University2.edu/GraduateStudent130}, {X=http://www.Department2.University2.edu/UndergraduateStudent61}, {X=http://www.Department2.University2.edu/UndergraduateStudent16}, {X=http://www.Department2.University2.edu/UndergraduateStudent319}, {X=http://www.Department2.University2.edu/GraduateStudent98}, {X=http://www.Department2.University2.edu/UndergraduateStudent71}, {X=http://www.Department2.University2.edu/UndergraduateStudent35}, {X=http://www.Department2.University2.edu/GraduateStudent120}, {X=http://www.Department2.University2.edu/UndergraduateStudent156}, {X=http://www.Department2.University2.edu/UndergraduateStudent153}, {X=http://www.Department2.University2.edu/UndergraduateStudent118}, {X=http://www.Department2.University2.edu/GraduateStudent90}, {X=http://www.Department2.University2.edu/GraduateStudent59}, {X=http://www.Department2.University2.edu/GraduateStudent43}, {X=http://www.Department2.University2.edu/UndergraduateStudent317}, {X=http://www.Department2.University2.edu/UndergraduateStudent121}, {X=http://www.Department2.University2.edu/UndergraduateStudent144}, {X=http://www.Department2.University2.edu/UndergraduateStudent251}, {X=http://www.Department2.University2.edu/UndergraduateStudent141}, {X=http://www.Department2.University2.edu/UndergraduateStudent265}, {X=http://www.Department2.University2.edu/GraduateStudent115}, {X=http://www.Department2.University2.edu/UndergraduateStudent268}, {X=http://www.Department2.University2.edu/GraduateStudent66}, {X=http://www.Department2.University2.edu/UndergraduateStudent310}, {X=http://www.Department2.University2.edu/GraduateStudent5}, {X=http://www.Department2.University2.edu/UndergraduateStudent248}, {X=http://www.Department2.University2.edu/UndergraduateStudent183}, {X=http://www.Department2.University2.edu/UndergraduateStudent94}, {X=http://www.Department2.University2.edu/GraduateStudent69}, {X=http://www.Department2.University2.edu/GraduateStudent73}, {X=http://www.Department2.University2.edu/UndergraduateStudent138}, {X=http://www.Department2.University2.edu/UndergraduateStudent37}, {X=http://www.Department2.University2.edu/UndergraduateStudent291}, {X=http://www.Department2.University2.edu/UndergraduateStudent233}, {X=http://www.Department2.University2.edu/UndergraduateStudent212}, {X=http://www.Department2.University2.edu/UndergraduateStudent55}, {X=http://www.Department2.University2.edu/UndergraduateStudent91}, {X=http://www.Department2.University2.edu/UndergraduateStudent222}, {X=http://www.Department2.University2.edu/UndergraduateStudent309}, {X=http://www.Department2.University2.edu/UndergraduateStudent332}, {X=http://www.Department2.University2.edu/GraduateStudent131}, {X=http://www.Department2.University2.edu/GraduateStudent53}, {X=http://www.Department2.University2.edu/GraduateStudent112}, {X=http://www.Department2.University2.edu/UndergraduateStudent73}, {X=http://www.Department2.University2.edu/UndergraduateStudent7}, {X=http://www.Department2.University2.edu/UndergraduateStudent92}, {X=http://www.Department2.University2.edu/UndergraduateStudent116}, {X=http://www.Department2.University2.edu/UndergraduateStudent201}, {X=http://www.Department2.University2.edu/UndergraduateStudent85}, {X=http://www.Department2.University2.edu/GraduateStudent29}, {X=http://www.Department2.University2.edu/UndergraduateStudent227}, {X=http://www.Department2.University2.edu/UndergraduateStudent240}, {X=http://www.Department2.University2.edu/UndergraduateStudent3}, {X=http://www.Department2.University2.edu/UndergraduateStudent197}, {X=http://www.Department2.University2.edu/UndergraduateStudent123}, {X=http://www.Department2.University2.edu/UndergraduateStudent311}, {X=http://www.Department2.University2.edu/GraduateStudent51}, {X=http://www.Department2.University2.edu/UndergraduateStudent285}, {X=http://www.Department2.University2.edu/UndergraduateStudent333}, {X=http://www.Department2.University2.edu/GraduateStudent8}, {X=http://www.Department2.University2.edu/GraduateStudent132}, {X=http://www.Department2.University2.edu/UndergraduateStudent218}, {X=http://www.Department2.University2.edu/GraduateStudent121}, {X=http://www.Department2.University2.edu/GraduateStudent127}, {X=http://www.Department2.University2.edu/UndergraduateStudent25}, {X=http://www.Department2.University2.edu/UndergraduateStudent254}, {X=http://www.Department2.University2.edu/GraduateStudent108}, {X=http://www.Department2.University2.edu/UndergraduateStudent47}, {X=http://www.Department2.University2.edu/GraduateStudent16}, {X=http://www.Department2.University2.edu/GraduateStudent21}, {X=http://www.Department2.University2.edu/UndergraduateStudent221}, {X=http://www.Department2.University2.edu/GraduateStudent10}, {X=http://www.Department2.University2.edu/UndergraduateStudent219}, {X=http://www.Department2.University2.edu/UndergraduateStudent24}, {X=http://www.Department2.University2.edu/UndergraduateStudent297}, {X=http://www.Department2.University2.edu/UndergraduateStudent330}, {X=http://www.Department2.University2.edu/UndergraduateStudent308}, {X=http://www.Department2.University2.edu/UndergraduateStudent128}, {X=http://www.Department2.University2.edu/UndergraduateStudent358}, {X=http://www.Department2.University2.edu/UndergraduateStudent13}, {X=http://www.Department2.University2.edu/GraduateStudent129}, {X=http://www.Department2.University2.edu/UndergraduateStudent253}, {X=http://www.Department2.University2.edu/UndergraduateStudent29}, {X=http://www.Department2.University2.edu/UndergraduateStudent193}, {X=http://www.Department2.University2.edu/GraduateStudent46}, {X=http://www.Department2.University2.edu/UndergraduateStudent122}, {X=http://www.Department2.University2.edu/UndergraduateStudent56}, {X=http://www.Department2.University2.edu/GraduateStudent125}, {X=http://www.Department2.University2.edu/UndergraduateStudent202}, {X=http://www.Department2.University2.edu/GraduateStudent86}, {X=http://www.Department2.University2.edu/UndergraduateStudent262}, {X=http://www.Department2.University2.edu/UndergraduateStudent148}, {X=http://www.Department2.University2.edu/UndergraduateStudent163}, {X=http://www.Department2.University2.edu/UndergraduateStudent76}, {X=http://www.Department2.University2.edu/GraduateStudent64}, {X=http://www.Department2.University2.edu/GraduateStudent27}, {X=http://www.Department2.University2.edu/UndergraduateStudent351}, {X=http://www.Department2.University2.edu/UndergraduateStudent78}, {X=http://www.Department2.University2.edu/GraduateStudent49}, {X=http://www.Department2.University2.edu/UndergraduateStudent36}, {X=http://www.Department2.University2.edu/UndergraduateStudent338}, {X=http://www.Department2.University2.edu/UndergraduateStudent339}, {X=http://www.Department2.University2.edu/GraduateStudent87}, {X=http://www.Department2.University2.edu/UndergraduateStudent167}, {X=http://www.Department2.University2.edu/GraduateStudent119}, {X=http://www.Department2.University2.edu/UndergraduateStudent72}, {X=http://www.Department2.University2.edu/GraduateStudent97}, {X=http://www.Department2.University2.edu/UndergraduateStudent77}, {X=http://www.Department2.University2.edu/GraduateStudent54}, {X=http://www.Department2.University2.edu/UndergraduateStudent9}, {X=http://www.Department2.University2.edu/UndergraduateStudent65}, {X=http://www.Department2.University2.edu/UndergraduateStudent208}, {X=http://www.Department2.University2.edu/UndergraduateStudent11}, {X=http://www.Department2.University2.edu/GraduateStudent128}, {X=http://www.Department2.University2.edu/UndergraduateStudent322}, {X=http://www.Department2.University2.edu/GraduateStudent89}, {X=http://www.Department2.University2.edu/UndergraduateStudent134}, {X=http://www.Department2.University2.edu/UndergraduateStudent28}, {X=http://www.Department2.University2.edu/GraduateStudent25}, {X=http://www.Department2.University2.edu/UndergraduateStudent335}, {X=http://www.Department2.University2.edu/UndergraduateStudent288}, {X=http://www.Department2.University2.edu/GraduateStudent76}, {X=http://www.Department2.University2.edu/UndergraduateStudent125}, {X=http://www.Department2.University2.edu/UndergraduateStudent97}, {X=http://www.Department2.University2.edu/UndergraduateStudent137}, {X=http://www.Department2.University2.edu/GraduateStudent28}, {X=http://www.Department2.University2.edu/UndergraduateStudent162}, {X=http://www.Department2.University2.edu/UndergraduateStudent293}, {X=http://www.Department2.University2.edu/UndergraduateStudent328}, {X=http://www.Department2.University2.edu/UndergraduateStudent350}, {X=http://www.Department2.University2.edu/UndergraduateStudent269}, {X=http://www.Department2.University2.edu/UndergraduateStudent64}, {X=http://www.Department2.University2.edu/UndergraduateStudent245}, {X=http://www.Department2.University2.edu/UndergraduateStudent272}, {X=http://www.Department2.University2.edu/UndergraduateStudent95}, {X=http://www.Department2.University2.edu/UndergraduateStudent109}, {X=http://www.Department2.University2.edu/UndergraduateStudent179}, {X=http://www.Department2.University2.edu/GraduateStudent63}, {X=http://www.Department2.University2.edu/GraduateStudent19}, {X=http://www.Department2.University2.edu/GraduateStudent22}, {X=http://www.Department2.University2.edu/UndergraduateStudent4}, {X=http://www.Department2.University2.edu/GraduateStudent12}, {X=http://www.Department2.University2.edu/UndergraduateStudent280}, {X=http://www.Department2.University2.edu/UndergraduateStudent38}, {X=http://www.Department2.University2.edu/UndergraduateStudent93}, {X=http://www.Department2.University2.edu/UndergraduateStudent58}, {X=http://www.Department2.University2.edu/UndergraduateStudent223}, {X=http://www.Department2.University2.edu/UndergraduateStudent146}, {X=http://www.Department2.University2.edu/UndergraduateStudent32}, {X=http://www.Department2.University2.edu/UndergraduateStudent220}, {X=http://www.Department2.University2.edu/GraduateStudent82}, {X=http://www.Department2.University2.edu/UndergraduateStudent286}, {X=http://www.Department2.University2.edu/UndergraduateStudent295}, {X=http://www.Department2.University2.edu/UndergraduateStudent267}, {X=http://www.Department2.University2.edu/GraduateStudent4}, {X=http://www.Department2.University2.edu/UndergraduateStudent355}, {X=http://www.Department2.University2.edu/UndergraduateStudent34}, {X=http://www.Department2.University2.edu/UndergraduateStudent320}, {X=http://www.Department2.University2.edu/UndergraduateStudent321}, {X=http://www.Department2.University2.edu/GraduateStudent60}, {X=http://www.Department2.University2.edu/UndergraduateStudent275}, {X=http://www.Department2.University2.edu/GraduateStudent26}, {X=http://www.Department2.University2.edu/UndergraduateStudent318}, {X=http://www.Department2.University2.edu/UndergraduateStudent57}, {X=http://www.Department2.University2.edu/GraduateStudent106}, {X=http://www.Department2.University2.edu/UndergraduateStudent115}, {X=http://www.Department2.University2.edu/GraduateStudent38}, {X=http://www.Department2.University2.edu/GraduateStudent34}, {X=http://www.Department2.University2.edu/UndergraduateStudent147}, {X=http://www.Department2.University2.edu/UndergraduateStudent46}, {X=http://www.Department2.University2.edu/UndergraduateStudent79}, {X=http://www.Department2.University2.edu/UndergraduateStudent63}, {X=http://www.Department2.University2.edu/UndergraduateStudent256}, {X=http://www.Department2.University2.edu/UndergraduateStudent336}, {X=http://www.Department2.University2.edu/GraduateStudent42}, {X=http://www.Department2.University2.edu/UndergraduateStudent214}, {X=http://www.Department2.University2.edu/GraduateStudent92}, {X=http://www.Department2.University2.edu/UndergraduateStudent313}, {X=http://www.Department2.University2.edu/UndergraduateStudent42}, {X=http://www.Department2.University2.edu/UndergraduateStudent100}, {X=http://www.Department2.University2.edu/UndergraduateStudent83}, {X=http://www.Department2.University2.edu/UndergraduateStudent69}, {X=http://www.Department2.University2.edu/GraduateStudent91}, {X=http://www.Department2.University2.edu/UndergraduateStudent20}, {X=http://www.Department2.University2.edu/UndergraduateStudent111}, {X=http://www.Department2.University2.edu/UndergraduateStudent190}, {X=http://www.Department2.University2.edu/UndergraduateStudent87}, {X=http://www.Department2.University2.edu/UndergraduateStudent5}, {X=http://www.Department2.University2.edu/UndergraduateStudent189}, {X=http://www.Department2.University2.edu/GraduateStudent30}, {X=http://www.Department2.University2.edu/GraduateStudent32}, {X=http://www.Department2.University2.edu/UndergraduateStudent331}, {X=http://www.Department2.University2.edu/GraduateStudent65}, {X=http://www.Department2.University2.edu/UndergraduateStudent226}, {X=http://www.Department2.University2.edu/UndergraduateStudent132}, {X=http://www.Department2.University2.edu/UndergraduateStudent44}, {X=http://www.Department2.University2.edu/UndergraduateStudent33}, {X=http://www.Department2.University2.edu/GraduateStudent7}, {X=http://www.Department2.University2.edu/UndergraduateStudent166}, {X=http://www.Department2.University2.edu/UndergraduateStudent74}, {X=http://www.Department2.University2.edu/UndergraduateStudent207}, {X=http://www.Department2.University2.edu/UndergraduateStudent244}, {X=http://www.Department2.University2.edu/UndergraduateStudent175}, {X=http://www.Department2.University2.edu/UndergraduateStudent45}, {X=http://www.Department2.University2.edu/GraduateStudent93}, {X=http://www.Department2.University2.edu/UndergraduateStudent127}, {X=http://www.Department2.University2.edu/UndergraduateStudent8}, {X=http://www.Department2.University2.edu/UndergraduateStudent53}, {X=http://www.Department2.University2.edu/UndergraduateStudent200}, {X=http://www.Department2.University2.edu/UndergraduateStudent232}, {X=http://www.Department2.University2.edu/UndergraduateStudent273}, {X=http://www.Department2.University2.edu/GraduateStudent79}, {X=http://www.Department2.University2.edu/GraduateStudent94}, {X=http://www.Department2.University2.edu/UndergraduateStudent353}, {X=http://www.Department2.University2.edu/GraduateStudent95}, {X=http://www.Department2.University2.edu/UndergraduateStudent18}, {X=http://www.Department2.University2.edu/GraduateStudent110}, {X=http://www.Department2.University2.edu/UndergraduateStudent334}, {X=http://www.Department2.University2.edu/UndergraduateStudent27}, {X=http://www.Department2.University2.edu/UndergraduateStudent250}, {X=http://www.Department2.University2.edu/UndergraduateStudent30}, {X=http://www.Department2.University2.edu/UndergraduateStudent289}, {X=http://www.Department2.University2.edu/UndergraduateStudent257}, {X=http://www.Department2.University2.edu/UndergraduateStudent155}, {X=http://www.Department2.University2.edu/UndergraduateStudent327}, {X=http://www.Department2.University2.edu/UndergraduateStudent66}, {X=http://www.Department2.University2.edu/UndergraduateStudent229}, {X=http://www.Department2.University2.edu/UndergraduateStudent346}, {X=http://www.Department2.University2.edu/UndergraduateStudent180}, {X=http://www.Department2.University2.edu/GraduateStudent105}, {X=http://www.Department2.University2.edu/GraduateStudent77}, {X=http://www.Department2.University2.edu/UndergraduateStudent17}, {X=http://www.Department2.University2.edu/GraduateStudent78}, {X=http://www.Department2.University2.edu/UndergraduateStudent81}, {X=http://www.Department2.University2.edu/UndergraduateStudent228}, {X=http://www.Department2.University2.edu/UndergraduateStudent49}, {X=http://www.Department2.University2.edu/GraduateStudent45}, {X=http://www.Department2.University2.edu/UndergraduateStudent216}, {X=http://www.Department2.University2.edu/UndergraduateStudent142}, {X=http://www.Department2.University2.edu/UndergraduateStudent261}, {X=http://www.Department2.University2.edu/GraduateStudent11}, {X=http://www.Department2.University2.edu/UndergraduateStudent168}, {X=http://www.Department2.University2.edu/UndergraduateStudent0}, {X=http://www.Department2.University2.edu/UndergraduateStudent266}, {X=http://www.Department2.University2.edu/UndergraduateStudent345}, {X=http://www.Department2.University2.edu/GraduateStudent18}, {X=http://www.Department2.University2.edu/GraduateStudent6}, {X=http://www.Department2.University2.edu/UndergraduateStudent198}, {X=http://www.Department2.University2.edu/UndergraduateStudent110}, {X=http://www.Department2.University2.edu/UndergraduateStudent195}, {X=http://www.Department2.University2.edu/UndergraduateStudent260}, {X=http://www.Department2.University2.edu/UndergraduateStudent307}, {X=http://www.Department2.University2.edu/UndergraduateStudent314}, {X=http://www.Department2.University2.edu/UndergraduateStudent296}, {X=http://www.Department2.University2.edu/GraduateStudent13}, {X=http://www.Department2.University2.edu/UndergraduateStudent344}, {X=http://www.Department2.University2.edu/UndergraduateStudent22}, {X=http://www.Department2.University2.edu/UndergraduateStudent170}, {X=http://www.Department2.University2.edu/UndergraduateStudent108}, {X=http://www.Department2.University2.edu/UndergraduateStudent103}, {X=http://www.Department2.University2.edu/UndergraduateStudent304}, {X=http://www.Department2.University2.edu/GraduateStudent36}, {X=http://www.Department2.University2.edu/UndergraduateStudent230}, {X=http://www.Department2.University2.edu/UndergraduateStudent41}, {X=http://www.Department2.University2.edu/UndergraduateStudent131}, {X=http://www.Department2.University2.edu/UndergraduateStudent255}, {X=http://www.Department2.University2.edu/UndergraduateStudent290}, {X=http://www.Department2.University2.edu/GraduateStudent74}, {X=http://www.Department2.University2.edu/GraduateStudent114}, {X=http://www.Department2.University2.edu/UndergraduateStudent86}, {X=http://www.Department2.University2.edu/GraduateStudent14}, {X=http://www.Department2.University2.edu/UndergraduateStudent235}, {X=http://www.Department2.University2.edu/UndergraduateStudent188}, {X=http://www.Department2.University2.edu/UndergraduateStudent203}, {X=http://www.Department2.University2.edu/UndergraduateStudent15}, {X=http://www.Department2.University2.edu/UndergraduateStudent62}, {X=http://www.Department2.University2.edu/UndergraduateStudent82}, {X=http://www.Department2.University2.edu/UndergraduateStudent276}, {X=http://www.Department2.University2.edu/UndergraduateStudent217}, {X=http://www.Department2.University2.edu/UndergraduateStudent215}, {X=http://www.Department2.University2.edu/UndergraduateStudent112}, {X=http://www.Department2.University2.edu/GraduateStudent113}, {X=http://www.Department2.University2.edu/UndergraduateStudent106}, {X=http://www.Department2.University2.edu/GraduateStudent47}, {X=http://www.Department2.University2.edu/UndergraduateStudent259}, {X=http://www.Department2.University2.edu/UndergraduateStudent12}, {X=http://www.Department2.University2.edu/GraduateStudent104}, {X=http://www.Department2.University2.edu/UndergraduateStudent23}, {X=http://www.Department2.University2.edu/GraduateStudent124}, {X=http://www.Department2.University2.edu/UndergraduateStudent6}, {X=http://www.Department2.University2.edu/UndergraduateStudent206}, {X=http://www.Department2.University2.edu/GraduateStudent117}, {X=http://www.Department2.University2.edu/UndergraduateStudent315}, {X=http://www.Department2.University2.edu/UndergraduateStudent172}, {X=http://www.Department2.University2.edu/UndergraduateStudent145}, {X=http://www.Department2.University2.edu/UndergraduateStudent252}, {X=http://www.Department2.University2.edu/UndergraduateStudent192}, {X=http://www.Department2.University2.edu/UndergraduateStudent199}, {X=http://www.Department2.University2.edu/GraduateStudent57}, {X=http://www.Department2.University2.edu/GraduateStudent101}, {X=http://www.Department2.University2.edu/UndergraduateStudent26}, {X=http://www.Department2.University2.edu/UndergraduateStudent173}, {X=http://www.Department2.University2.edu/GraduateStudent103}, {X=http://www.Department2.University2.edu/UndergraduateStudent160}, {X=http://www.Department2.University2.edu/UndergraduateStudent184}, {X=http://www.Department2.University2.edu/UndergraduateStudent326}, {X=http://www.Department2.University2.edu/GraduateStudent33}, {X=http://www.Department2.University2.edu/GraduateStudent111}, {X=http://www.Department2.University2.edu/UndergraduateStudent271}, {X=http://www.Department2.University2.edu/UndergraduateStudent287}, {X=http://www.Department2.University2.edu/GraduateStudent88}, {X=http://www.Department2.University2.edu/UndergraduateStudent80}, {X=http://www.Department2.University2.edu/UndergraduateStudent359}, {X=http://www.Department2.University2.edu/GraduateStudent123}, {X=http://www.Department2.University2.edu/GraduateStudent116}, {X=http://www.Department2.University2.edu/UndergraduateStudent239}, {X=http://www.Department2.University2.edu/GraduateStudent68}, {X=http://www.Department2.University2.edu/UndergraduateStudent96}, {X=http://www.Department2.University2.edu/UndergraduateStudent178}, {X=http://www.Department2.University2.edu/UndergraduateStudent157}, {X=http://www.Department2.University2.edu/UndergraduateStudent105}, {X=http://www.Department2.University2.edu/GraduateStudent122}, {X=http://www.Department2.University2.edu/UndergraduateStudent50}, {X=http://www.Department2.University2.edu/UndergraduateStudent316}, {X=http://www.Department2.University2.edu/UndergraduateStudent303}, {X=http://www.Department2.University2.edu/UndergraduateStudent181}, {X=http://www.Department2.University2.edu/UndergraduateStudent243}, {X=http://www.Department2.University2.edu/UndergraduateStudent301}, {X=http://www.Department2.University2.edu/UndergraduateStudent120}, {X=http://www.Department2.University2.edu/UndergraduateStudent14}, {X=http://www.Department2.University2.edu/GraduateStudent126}, {X=http://www.Department2.University2.edu/GraduateStudent9}, {X=http://www.Department2.University2.edu/UndergraduateStudent205}, {X=http://www.Department2.University2.edu/GraduateStudent31}, {X=http://www.Department2.University2.edu/UndergraduateStudent347}, {X=http://www.Department2.University2.edu/UndergraduateStudent133}, {X=http://www.Department2.University2.edu/UndergraduateStudent136}, {X=http://www.Department2.University2.edu/UndergraduateStudent40}, {X=http://www.Department2.University2.edu/GraduateStudent109}, {X=http://www.Department2.University2.edu/UndergraduateStudent325}, {X=http://www.Department2.University2.edu/UndergraduateStudent210}, {X=http://www.Department2.University2.edu/UndergraduateStudent139}, {X=http://www.Department2.University2.edu/UndergraduateStudent114}, {X=http://www.Department2.University2.edu/GraduateStudent99}, {X=http://www.Department2.University2.edu/GraduateStudent50}, {X=http://www.Department2.University2.edu/UndergraduateStudent298}, {X=http://www.Department2.University2.edu/UndergraduateStudent31}, {X=http://www.Department2.University2.edu/UndergraduateStudent249}, {X=http://www.Department2.University2.edu/UndergraduateStudent60}, {X=http://www.Department2.University2.edu/UndergraduateStudent149}, {X=http://www.Department2.University2.edu/UndergraduateStudent352}, {X=http://www.Department2.University2.edu/UndergraduateStudent236}, {X=http://www.Department2.University2.edu/UndergraduateStudent211}, {X=http://www.Department2.University2.edu/GraduateStudent96}, {X=http://www.Department2.University2.edu/UndergraduateStudent107}, {X=http://www.Department2.University2.edu/GraduateStudent52}, {X=http://www.Department2.University2.edu/GraduateStudent85}, {X=http://www.Department2.University2.edu/UndergraduateStudent54}, {X=http://www.Department2.University2.edu/GraduateStudent56}, {X=http://www.Department2.University2.edu/UndergraduateStudent237}, {X=http://www.Department2.University2.edu/UndergraduateStudent306}, {X=http://www.Department2.University2.edu/GraduateStudent62}, {X=http://www.Department2.University2.edu/GraduateStudent40}, {X=http://www.Department2.University2.edu/GraduateStudent84}, {X=http://www.Department2.University2.edu/UndergraduateStudent340}, {X=http://www.Department2.University2.edu/UndergraduateStudent67}, {X=http://www.Department2.University2.edu/UndergraduateStudent70}, {X=http://www.Department2.University2.edu/UndergraduateStudent299}, {X=http://www.Department2.University2.edu/UndergraduateStudent129}, {X=http://www.Department2.University2.edu/UndergraduateStudent161}, {X=http://www.Department2.University2.edu/UndergraduateStudent348}, {X=http://www.Department2.University2.edu/UndergraduateStudent10}, {X=http://www.Department2.University2.edu/UndergraduateStudent357}, {X=http://www.Department2.University2.edu/GraduateStudent17}, {X=http://www.Department2.University2.edu/UndergraduateStudent59}, {X=http://www.Department2.University2.edu/UndergraduateStudent209}, {X=http://www.Department2.University2.edu/UndergraduateStudent1}, {X=http://www.Department2.University2.edu/UndergraduateStudent337}, {X=http://www.Department2.University2.edu/UndergraduateStudent104}, {X=http://www.Department2.University2.edu/GraduateStudent80}, {X=http://www.Department2.University2.edu/GraduateStudent67}, {X=http://www.Department2.University2.edu/UndergraduateStudent43}, {X=http://www.Department2.University2.edu/GraduateStudent41}, {X=http://www.Department2.University2.edu/UndergraduateStudent102}, {X=http://www.Department2.University2.edu/UndergraduateStudent117}, {X=http://www.Department2.University2.edu/UndergraduateStudent182}, {X=http://www.Department2.University2.edu/UndergraduateStudent324}, {X=http://www.Department2.University2.edu/UndergraduateStudent51}, {X=http://www.Department2.University2.edu/UndergraduateStudent119}, {X=http://www.Department2.University2.edu/GraduateStudent107}, {X=http://www.Department2.University2.edu/GraduateStudent58}, {X=http://www.Department2.University2.edu/UndergraduateStudent274}, {X=http://www.Department2.University2.edu/UndergraduateStudent258}, {X=http://www.Department2.University2.edu/UndergraduateStudent177}, {X=http://www.Department2.University2.edu/GraduateStudent75}, {X=http://www.Department2.University2.edu/UndergraduateStudent101}, {X=http://www.Department2.University2.edu/UndergraduateStudent140}, {X=http://www.Department2.University2.edu/UndergraduateStudent90}, {X=http://www.Department2.University2.edu/UndergraduateStudent135}, {X=http://www.Department2.University2.edu/GraduateStudent35}, {X=http://www.Department2.University2.edu/GraduateStudent71}, {X=http://www.Department2.University2.edu/UndergraduateStudent186}, {X=http://www.Department2.University2.edu/UndergraduateStudent312}, {X=http://www.Department2.University2.edu/UndergraduateStudent341}, {X=http://www.Department2.University2.edu/UndergraduateStudent342}, {X=http://www.Department2.University2.edu/UndergraduateStudent158}, {X=http://www.Department2.University2.edu/UndergraduateStudent171}, {X=http://www.Department2.University2.edu/UndergraduateStudent300}, {X=http://www.Department2.University2.edu/UndergraduateStudent165}, {X=http://www.Department2.University2.edu/UndergraduateStudent151}, {X=http://www.Department2.University2.edu/UndergraduateStudent88}, {X=http://www.Department2.University2.edu/UndergraduateStudent194}, {X=http://www.Department2.University2.edu/UndergraduateStudent169}, {X=http://www.Department2.University2.edu/GraduateStudent3}, {X=http://www.Department2.University2.edu/UndergraduateStudent302}, {X=http://www.Department2.University2.edu/UndergraduateStudent231}, {X=http://www.Department2.University2.edu/UndergraduateStudent264}, {X=http://www.Department2.University2.edu/UndergraduateStudent247}, {X=http://www.Department2.University2.edu/GraduateStudent55}, {X=http://www.Department2.University2.edu/GraduateStudent1}, {X=http://www.Department2.University2.edu/UndergraduateStudent283}, {X=http://www.Department2.University2.edu/UndergraduateStudent191}, {X=http://www.Department2.University2.edu/UndergraduateStudent75}, {X=http://www.Department2.University2.edu/GraduateStudent70}, {X=http://www.Department2.University2.edu/UndergraduateStudent98}, {X=http://www.Department2.University2.edu/UndergraduateStudent204}, {X=http://www.Department2.University2.edu/GraduateStudent44}, {X=http://www.Department2.University2.edu/UndergraduateStudent356}, {X=http://www.Department2.University2.edu/UndergraduateStudent277}, {X=http://www.Department2.University2.edu/UndergraduateStudent360}, {X=http://www.Department2.University2.edu/UndergraduateStudent2}, {X=http://www.Department2.University2.edu/UndergraduateStudent282}, {X=http://www.Department2.University2.edu/UndergraduateStudent224}, {X=http://www.Department2.University2.edu/UndergraduateStudent84}, {X=http://www.Department2.University2.edu/GraduateStudent20}, {X=http://www.Department2.University2.edu/UndergraduateStudent281}, {X=http://www.Department2.University2.edu/GraduateStudent39}, {X=http://www.Department2.University2.edu/UndergraduateStudent19}, {X=http://www.Department2.University2.edu/UndergraduateStudent68}, {X=http://www.Department2.University2.edu/UndergraduateStudent323}, {X=http://www.Department2.University2.edu/GraduateStudent102}, {X=http://www.Department2.University2.edu/GraduateStudent81}, {X=http://www.Department2.University2.edu/UndergraduateStudent154}, {X=http://www.Department2.University2.edu/GraduateStudent48}, {X=http://www.Department2.University2.edu/UndergraduateStudent152}, {X=http://www.Department2.University2.edu/UndergraduateStudent329}, {X=http://www.Department2.University2.edu/UndergraduateStudent21}, {X=http://www.Department2.University2.edu/UndergraduateStudent159}, {X=http://www.Department2.University2.edu/GraduateStudent15}, {X=http://www.Department2.University2.edu/UndergraduateStudent99}, {X=http://www.Department2.University2.edu/UndergraduateStudent292}, {X=http://www.Department2.University2.edu/UndergraduateStudent242}, {X=http://www.Department2.University2.edu/UndergraduateStudent343}, {X=http://www.Department2.University2.edu/UndergraduateStudent238}, {X=http://www.Department2.University2.edu/GraduateStudent23}, {X=http://www.Department2.University2.edu/UndergraduateStudent187}, {X=http://www.Department2.University2.edu/GraduateStudent100}, {X=http://www.Department2.University2.edu/UndergraduateStudent143}, {X=http://www.Department2.University2.edu/UndergraduateStudent174}, {X=http://www.Department2.University2.edu/GraduateStudent2}, {X=http://www.Department2.University2.edu/UndergraduateStudent234}, {X=http://www.Department2.University2.edu/UndergraduateStudent150}, {X=http://www.Department2.University2.edu/UndergraduateStudent164}, {X=http://www.Department2.University2.edu/UndergraduateStudent241}, {X=http://www.Department2.University2.edu/UndergraduateStudent126}, {X=http://www.Department2.University2.edu/UndergraduateStudent225}, {X=http://www.Department2.University2.edu/UndergraduateStudent185}, {X=http://www.Department2.University2.edu/UndergraduateStudent196}, {X=http://www.Department2.University2.edu/GraduateStudent118}, {X=http://www.Department2.University2.edu/UndergraduateStudent113}, {X=http://www.Department2.University2.edu/UndergraduateStudent279}, {X=http://www.Department2.University2.edu/UndergraduateStudent305}, {X=http://www.Department2.University2.edu/UndergraduateStudent130}, {X=http://www.Department2.University2.edu/GraduateStudent37}, {X=http://www.Department2.University2.edu/GraduateStudent61}, {X=http://www.Department2.University2.edu/UndergraduateStudent246}, {X=http://www.Department2.University2.edu/GraduateStudent72}, {X=http://www.Department2.University2.edu/UndergraduateStudent294}, {X=http://www.Department2.University2.edu/UndergraduateStudent278}, {X=http://www.Department2.University2.edu/UndergraduateStudent270}, {X=http://www.Department2.University2.edu/UndergraduateStudent89}, {X=http://www.Department2.University2.edu/UndergraduateStudent284}, {X=http://www.Department2.University2.edu/GraduateStudent0}, {X=http://www.Department2.University2.edu/UndergraduateStudent213}, {X=http://www.Department2.University2.edu/UndergraduateStudent349}, {X=http://www.Department2.University2.edu/UndergraduateStudent263}, {X=http://www.Department2.University2.edu/GraduateStudent24}, {X=http://www.Department2.University2.edu/UndergraduateStudent176}, {X=http://www.Department2.University2.edu/UndergraduateStudent39}, {X=http://www.Department2.University2.edu/UndergraduateStudent124}, {X=http://www.Department2.University2.edu/UndergraduateStudent52}, {X=http://www.Department2.University2.edu/UndergraduateStudent354}, {X=http://www.Department2.University2.edu/UndergraduateStudent48}, {X=http://www.Department2.University2.edu/GraduateStudent83}, {X=http://www.Department2.University2.edu/GraduateStudent130}, {X=http://www.Department2.University2.edu/UndergraduateStudent61}, {X=http://www.Department2.University2.edu/UndergraduateStudent16}, {X=http://www.Department2.University2.edu/UndergraduateStudent319}, {X=http://www.Department2.University2.edu/GraduateStudent98}, {X=http://www.Department2.University2.edu/UndergraduateStudent71}, {X=http://www.Department2.University2.edu/UndergraduateStudent35}, {X=http://www.Department2.University2.edu/GraduateStudent120}, {X=http://www.Department2.University2.edu/UndergraduateStudent156}, {X=http://www.Department2.University2.edu/UndergraduateStudent153}, {X=http://www.Department2.University2.edu/UndergraduateStudent118}, {X=http://www.Department2.University2.edu/GraduateStudent90}, {X=http://www.Department2.University2.edu/GraduateStudent59}, {X=http://www.Department2.University2.edu/GraduateStudent43}, {X=http://www.Department2.University2.edu/UndergraduateStudent317}, {X=http://www.Department2.University2.edu/UndergraduateStudent121}, {X=http://www.Department2.University2.edu/UndergraduateStudent144}, {X=http://www.Department2.University2.edu/UndergraduateStudent251}, {X=http://www.Department2.University2.edu/UndergraduateStudent141}, {X=http://www.Department2.University2.edu/UndergraduateStudent265}, {X=http://www.Department2.University2.edu/GraduateStudent115}, {X=http://www.Department2.University2.edu/UndergraduateStudent268}, {X=http://www.Department2.University2.edu/GraduateStudent66}, {X=http://www.Department2.University2.edu/UndergraduateStudent310}, {X=http://www.Department2.University2.edu/GraduateStudent5}, {X=http://www.Department2.University2.edu/UndergraduateStudent248}, {X=http://www.Department2.University2.edu/UndergraduateStudent183}, {X=http://www.Department2.University2.edu/UndergraduateStudent94}, {X=http://www.Department2.University2.edu/GraduateStudent69}, {X=http://www.Department2.University2.edu/GraduateStudent73}, {X=http://www.Department2.University2.edu/UndergraduateStudent138}, {X=http://www.Department2.University2.edu/UndergraduateStudent37}, {X=http://www.Department2.University2.edu/UndergraduateStudent291}, {X=http://www.Department2.University2.edu/UndergraduateStudent233}, {X=http://www.Department2.University2.edu/UndergraduateStudent212}, {X=http://www.Department2.University2.edu/UndergraduateStudent55}, {X=http://www.Department2.University2.edu/UndergraduateStudent91}, {X=http://www.Department2.University2.edu/UndergraduateStudent222}, {X=http://www.Department2.University2.edu/UndergraduateStudent309}, {X=http://www.Department2.University2.edu/UndergraduateStudent332}, {X=http://www.Department2.University2.edu/GraduateStudent131}, {X=http://www.Department2.University2.edu/GraduateStudent53}, {X=http://www.Department2.University2.edu/GraduateStudent112}, {X=http://www.Department2.University2.edu/UndergraduateStudent73}, {X=http://www.Department2.University2.edu/UndergraduateStudent7}, {X=http://www.Department2.University2.edu/UndergraduateStudent92}, {X=http://www.Department2.University2.edu/UndergraduateStudent116}, {X=http://www.Department2.University2.edu/UndergraduateStudent201}, {X=http://www.Department2.University2.edu/UndergraduateStudent85}, {X=http://www.Department2.University2.edu/GraduateStudent29}, {X=http://www.Department2.University2.edu/UndergraduateStudent227}, {X=http://www.Department2.University2.edu/UndergraduateStudent240}, {X=http://www.Department2.University2.edu/UndergraduateStudent3}, {X=http://www.Department2.University2.edu/UndergraduateStudent197}, {X=http://www.Department2.University2.edu/UndergraduateStudent123}, {X=http://www.Department2.University2.edu/UndergraduateStudent311}, {X=http://www.Department2.University2.edu/GraduateStudent51}, {X=http://www.Department2.University2.edu/UndergraduateStudent285}, {X=http://www.Department2.University2.edu/UndergraduateStudent333}, {X=http://www.Department2.University2.edu/GraduateStudent8}, {X=http://www.Department2.University2.edu/GraduateStudent132}, {X=http://www.Department2.University2.edu/UndergraduateStudent218}, {X=http://www.Department2.University2.edu/GraduateStudent121}, {X=http://www.Department2.University2.edu/GraduateStudent127}, {X=http://www.Department2.University2.edu/UndergraduateStudent25}, {X=http://www.Department2.University2.edu/UndergraduateStudent254}, {X=http://www.Department2.University2.edu/GraduateStudent108}, {X=http://www.Department2.University2.edu/UndergraduateStudent47}, {X=http://www.Department2.University2.edu/GraduateStudent16}, {X=http://www.Department2.University2.edu/GraduateStudent21}, {X=http://www.Department2.University2.edu/UndergraduateStudent221}, {X=http://www.Department2.University2.edu/GraduateStudent10}, {X=http://www.Department2.University2.edu/UndergraduateStudent219}, {X=http://www.Department2.University2.edu/UndergraduateStudent24}, {X=http://www.Department2.University2.edu/UndergraduateStudent297}, {X=http://www.Department2.University2.edu/UndergraduateStudent330}, {X=http://www.Department2.University2.edu/UndergraduateStudent308}, {X=http://www.Department2.University2.edu/UndergraduateStudent128}, {X=http://www.Department2.University2.edu/UndergraduateStudent358}, {X=http://www.Department2.University2.edu/UndergraduateStudent13}, {X=http://www.Department2.University2.edu/GraduateStudent129}, {X=http://www.Department2.University2.edu/UndergraduateStudent253}, {X=http://www.Department2.University2.edu/UndergraduateStudent29}, {X=http://www.Department2.University2.edu/UndergraduateStudent193}, {X=http://www.Department2.University2.edu/GraduateStudent46}, {X=http://www.Department2.University2.edu/UndergraduateStudent122}, {X=http://www.Department2.University2.edu/UndergraduateStudent56}, {X=http://www.Department2.University2.edu/GraduateStudent125}, {X=http://www.Department2.University2.edu/UndergraduateStudent202}, {X=http://www.Department2.University2.edu/GraduateStudent86}, {X=http://www.Department2.University2.edu/UndergraduateStudent262}, {X=http://www.Department2.University2.edu/UndergraduateStudent148}, {X=http://www.Department2.University2.edu/UndergraduateStudent163}, {X=http://www.Department2.University2.edu/UndergraduateStudent76}, {X=http://www.Department2.University2.edu/GraduateStudent64}, {X=http://www.Department2.University2.edu/GraduateStudent27}, {X=http://www.Department2.University2.edu/UndergraduateStudent351}, {X=http://www.Department2.University2.edu/UndergraduateStudent78}, {X=http://www.Department2.University2.edu/GraduateStudent49}, {X=http://www.Department2.University2.edu/UndergraduateStudent36}, {X=http://www.Department2.University2.edu/UndergraduateStudent338}, {X=http://www.Department2.University2.edu/UndergraduateStudent339}, {X=http://www.Department2.University2.edu/GraduateStudent87}, {X=http://www.Department2.University2.edu/UndergraduateStudent167}, {X=http://www.Department2.University2.edu/GraduateStudent119}, {X=http://www.Department2.University2.edu/UndergraduateStudent72}, {X=http://www.Department2.University2.edu/GraduateStudent97}, {X=http://www.Department2.University2.edu/UndergraduateStudent77}, {X=http://www.Department2.University2.edu/GraduateStudent54}, {X=http://www.Department2.University2.edu/UndergraduateStudent9}, {X=http://www.Department2.University2.edu/UndergraduateStudent65}, {X=http://www.Department2.University2.edu/UndergraduateStudent208}, {X=http://www.Department2.University2.edu/UndergraduateStudent11}, {X=http://www.Department2.University2.edu/GraduateStudent128}, {X=http://www.Department2.University2.edu/UndergraduateStudent322}, {X=http://www.Department2.University2.edu/GraduateStudent89}, {X=http://www.Department2.University2.edu/UndergraduateStudent134}, {X=http://www.Department2.University2.edu/UndergraduateStudent28}, {X=http://www.Department2.University2.edu/GraduateStudent25}, {X=http://www.Department2.University2.edu/UndergraduateStudent335}, {X=http://www.Department2.University2.edu/UndergraduateStudent288}, {X=http://www.Department2.University2.edu/GraduateStudent76}, {X=http://www.Department2.University2.edu/UndergraduateStudent125}, {X=http://www.Department2.University2.edu/UndergraduateStudent97}, {X=http://www.Department2.University2.edu/UndergraduateStudent137}, {X=http://www.Department2.University2.edu/GraduateStudent28}, {X=http://www.Department2.University2.edu/UndergraduateStudent162}, {X=http://www.Department2.University2.edu/UndergraduateStudent293}, {X=http://www.Department2.University2.edu/UndergraduateStudent328}, {X=http://www.Department2.University2.edu/UndergraduateStudent350}, {X=http://www.Department2.University2.edu/UndergraduateStudent269}, {X=http://www.Department2.University2.edu/UndergraduateStudent64}, {X=http://www.Department2.University2.edu/UndergraduateStudent245}, {X=http://www.Department2.University2.edu/UndergraduateStudent272}, {X=http://www.Department2.University2.edu/UndergraduateStudent95}, {X=http://www.Department2.University2.edu/UndergraduateStudent109}, {X=http://www.Department2.University2.edu/UndergraduateStudent179}, {X=http://www.Department2.University2.edu/GraduateStudent63}, {X=http://www.Department2.University2.edu/GraduateStudent19}, {X=http://www.Department2.University2.edu/GraduateStudent22}, {X=http://www.Department2.University2.edu/UndergraduateStudent4}, {X=http://www.Department2.University2.edu/GraduateStudent12}, {X=http://www.Department2.University2.edu/UndergraduateStudent280}, {X=http://www.Department2.University2.edu/UndergraduateStudent38}, {X=http://www.Department2.University2.edu/UndergraduateStudent93}, {X=http://www.Department2.University2.edu/UndergraduateStudent58}, {X=http://www.Department2.University2.edu/UndergraduateStudent223}, {X=http://www.Department2.University2.edu/UndergraduateStudent146}, {X=http://www.Department2.University2.edu/UndergraduateStudent32}, {X=http://www.Department2.University2.edu/UndergraduateStudent220}, {X=http://www.Department2.University2.edu/GraduateStudent82}, {X=http://www.Department2.University2.edu/UndergraduateStudent286}, {X=http://www.Department2.University2.edu/UndergraduateStudent295}, {X=http://www.Department2.University2.edu/UndergraduateStudent267}, {X=http://www.Department2.University2.edu/GraduateStudent4}, {X=http://www.Department2.University2.edu/UndergraduateStudent355}, {X=http://www.Department2.University2.edu/UndergraduateStudent34}, {X=http://www.Department2.University2.edu/UndergraduateStudent320}, {X=http://www.Department2.University2.edu/UndergraduateStudent321}, {X=http://www.Department2.University2.edu/GraduateStudent60}, {X=http://www.Department2.University2.edu/UndergraduateStudent275}, {X=http://www.Department2.University2.edu/GraduateStudent26}, {X=http://www.Department2.University2.edu/UndergraduateStudent318}, {X=http://www.Department2.University2.edu/UndergraduateStudent57}, {X=http://www.Department2.University2.edu/GraduateStudent106}, {X=http://www.Department2.University2.edu/UndergraduateStudent115}, {X=http://www.Department2.University2.edu/GraduateStudent38}, {X=http://www.Department2.University2.edu/GraduateStudent34}, {X=http://www.Department2.University2.edu/UndergraduateStudent147}, {X=http://www.Department2.University2.edu/UndergraduateStudent46}, {X=http://www.Department2.University2.edu/UndergraduateStudent79}, {X=http://www.Department2.University2.edu/UndergraduateStudent63}, {X=http://www.Department2.University2.edu/UndergraduateStudent256}, {X=http://www.Department2.University2.edu/UndergraduateStudent336}, {X=http://www.Department2.University2.edu/GraduateStudent42}, {X=http://www.Department2.University2.edu/UndergraduateStudent214}, {X=http://www.Department2.University2.edu/GraduateStudent92}, {X=http://www.Department2.University2.edu/UndergraduateStudent313}, {X=http://www.Department2.University2.edu/UndergraduateStudent42}, {X=http://www.Department2.University2.edu/UndergraduateStudent100}, {X=http://www.Department2.University2.edu/UndergraduateStudent83}, {X=http://www.Department2.University2.edu/UndergraduateStudent69}, {X=http://www.Department2.University2.edu/GraduateStudent91}, {X=http://www.Department2.University2.edu/UndergraduateStudent20}, {X=http://www.Department2.University2.edu/UndergraduateStudent111}, {X=http://www.Department2.University2.edu/UndergraduateStudent190}, {X=http://www.Department2.University2.edu/UndergraduateStudent87}, {X=http://www.Department2.University2.edu/UndergraduateStudent5}, {X=http://www.Department2.University2.edu/UndergraduateStudent189}, {X=http://www.Department2.University2.edu/GraduateStudent30}, {X=http://www.Department2.University2.edu/GraduateStudent32}, {X=http://www.Department2.University2.edu/UndergraduateStudent331}, {X=http://www.Department2.University2.edu/GraduateStudent65}, {X=http://www.Department2.University2.edu/UndergraduateStudent226}, {X=http://www.Department2.University2.edu/UndergraduateStudent132}, {X=http://www.Department2.University2.edu/UndergraduateStudent44}, {X=http://www.Department2.University2.edu/UndergraduateStudent33}, {X=http://www.Department2.University2.edu/GraduateStudent7}, {X=http://www.Department2.University2.edu/UndergraduateStudent166}, {X=http://www.Department2.University2.edu/UndergraduateStudent74}, {X=http://www.Department2.University2.edu/UndergraduateStudent207}, {X=http://www.Department2.University2.edu/UndergraduateStudent244}, {X=http://www.Department2.University2.edu/UndergraduateStudent175}, {X=http://www.Department2.University2.edu/UndergraduateStudent45}, {X=http://www.Department2.University2.edu/GraduateStudent93}, {X=http://www.Department2.University2.edu/UndergraduateStudent127}, {X=http://www.Department2.University2.edu/UndergraduateStudent8}, {X=http://www.Department2.University2.edu/UndergraduateStudent53}, {X=http://www.Department2.University2.edu/UndergraduateStudent200}, {X=http://www.Department2.University2.edu/UndergraduateStudent232}, {X=http://www.Department2.University2.edu/UndergraduateStudent273}, {X=http://www.Department2.University2.edu/GraduateStudent79}, {X=http://www.Department2.University2.edu/GraduateStudent94}, {X=http://www.Department2.University2.edu/UndergraduateStudent353}, {X=http://www.Department2.University2.edu/GraduateStudent95}, {X=http://www.Department2.University2.edu/UndergraduateStudent18}, {X=http://www.Department2.University2.edu/GraduateStudent110}, {X=http://www.Department2.University2.edu/UndergraduateStudent334}, {X=http://www.Department2.University2.edu/UndergraduateStudent27}, {X=http://www.Department2.University2.edu/UndergraduateStudent250}, {X=http://www.Department2.University2.edu/UndergraduateStudent30}, {X=http://www.Department2.University2.edu/UndergraduateStudent289}, {X=http://www.Department2.University2.edu/UndergraduateStudent257}, {X=http://www.Department2.University2.edu/UndergraduateStudent155}, {X=http://www.Department2.University2.edu/UndergraduateStudent327}, {X=http://www.Department2.University2.edu/UndergraduateStudent66}, {X=http://www.Department2.University2.edu/UndergraduateStudent229}, {X=http://www.Department2.University2.edu/UndergraduateStudent346}, {X=http://www.Department2.University2.edu/UndergraduateStudent180}, {X=http://www.Department2.University2.edu/GraduateStudent105}, {X=http://www.Department2.University2.edu/GraduateStudent77}, {X=http://www.Department2.University2.edu/UndergraduateStudent17}, {X=http://www.Department2.University2.edu/GraduateStudent78}, {X=http://www.Department2.University2.edu/UndergraduateStudent81}, {X=http://www.Department2.University2.edu/UndergraduateStudent228}, {X=http://www.Department2.University2.edu/UndergraduateStudent49}, {X=http://www.Department2.University2.edu/GraduateStudent45}, {X=http://www.Department2.University2.edu/UndergraduateStudent216}, {X=http://www.Department2.University2.edu/UndergraduateStudent142}, {X=http://www.Department2.University2.edu/UndergraduateStudent261}, {X=http://www.Department2.University2.edu/GraduateStudent11}, {X=http://www.Department2.University2.edu/UndergraduateStudent168}, {X=http://www.Department2.University2.edu/UndergraduateStudent0}, {X=http://www.Department2.University2.edu/UndergraduateStudent266}, {X=http://www.Department2.University2.edu/UndergraduateStudent345}, {X=http://www.Department2.University2.edu/GraduateStudent18}, {X=http://www.Department2.University2.edu/GraduateStudent6}, {X=http://www.Department2.University2.edu/UndergraduateStudent198}, {X=http://www.Department2.University2.edu/UndergraduateStudent110}, {X=http://www.Department2.University2.edu/UndergraduateStudent195}, {X=http://www.Department2.University2.edu/UndergraduateStudent260}, {X=http://www.Department2.University2.edu/UndergraduateStudent307}, {X=http://www.Department2.University2.edu/UndergraduateStudent314}, {X=http://www.Department2.University2.edu/UndergraduateStudent296}, {X=http://www.Department2.University2.edu/GraduateStudent13}, {X=http://www.Department2.University2.edu/UndergraduateStudent344}, {X=http://www.Department2.University2.edu/UndergraduateStudent22}, {X=http://www.Department2.University2.edu/UndergraduateStudent170}, {X=http://www.Department2.University2.edu/UndergraduateStudent108}, {X=http://www.Department2.University2.edu/UndergraduateStudent103}, {X=http://www.Department2.University2.edu/UndergraduateStudent304}, {X=http://www.Department2.University2.edu/GraduateStudent36}, {X=http://www.Department2.University2.edu/UndergraduateStudent230}, {X=http://www.Department2.University2.edu/UndergraduateStudent41}, {X=http://www.Department2.University2.edu/UndergraduateStudent131}, {X=http://www.Department2.University2.edu/UndergraduateStudent255}, {X=http://www.Department2.University2.edu/UndergraduateStudent290}, {X=http://www.Department2.University2.edu/GraduateStudent74}, {X=http://www.Department2.University2.edu/GraduateStudent114}, {X=http://www.Department2.University2.edu/UndergraduateStudent86}, {X=http://www.Department2.University2.edu/GraduateStudent14}, {X=http://www.Department2.University2.edu/UndergraduateStudent235}, {X=http://www.Department2.University2.edu/UndergraduateStudent188}, {X=http://www.Department2.University2.edu/UndergraduateStudent203}, {X=http://www.Department2.University2.edu/UndergraduateStudent15}, {X=http://www.Department2.University2.edu/UndergraduateStudent62}, {X=http://www.Department2.University2.edu/UndergraduateStudent82}, {X=http://www.Department2.University2.edu/UndergraduateStudent276}, {X=http://www.Department2.University2.edu/UndergraduateStudent217}, {X=http://www.Department2.University2.edu/UndergraduateStudent215}, {X=http://www.Department2.University2.edu/UndergraduateStudent112}, {X=http://www.Department2.University2.edu/GraduateStudent113}, {X=http://www.Department2.University2.edu/UndergraduateStudent106}, {X=http://www.Department2.University2.edu/GraduateStudent47}, {X=http://www.Department2.University2.edu/UndergraduateStudent259}, {X=http://www.Department2.University2.edu/UndergraduateStudent12}, {X=http://www.Department2.University2.edu/GraduateStudent104}, {X=http://www.Department2.University2.edu/UndergraduateStudent23}, {X=http://www.Department2.University2.edu/GraduateStudent124}, {X=http://www.Department2.University2.edu/UndergraduateStudent6}, {X=http://www.Department2.University2.edu/UndergraduateStudent206}, {X=http://www.Department2.University2.edu/GraduateStudent117}, {X=http://www.Department2.University2.edu/UndergraduateStudent315}, {X=http://www.Department2.University2.edu/UndergraduateStudent172}, {X=http://www.Department2.University2.edu/UndergraduateStudent145}, {X=http://www.Department2.University2.edu/UndergraduateStudent252}, {X=http://www.Department2.University2.edu/UndergraduateStudent192}, {X=http://www.Department2.University2.edu/UndergraduateStudent199}, {X=http://www.Department2.University2.edu/GraduateStudent57}, {X=http://www.Department2.University2.edu/GraduateStudent101}, {X=http://www.Department2.University2.edu/UndergraduateStudent26}, {X=http://www.Department2.University2.edu/UndergraduateStudent173}, {X=http://www.Department2.University2.edu/GraduateStudent103}, {X=http://www.Department2.University2.edu/UndergraduateStudent160}, {X=http://www.Department2.University2.edu/UndergraduateStudent184}, {X=http://www.Department2.University2.edu/UndergraduateStudent326}, {X=http://www.Department2.University2.edu/GraduateStudent33}, {X=http://www.Department2.University2.edu/GraduateStudent111}, {X=http://www.Department2.University2.edu/UndergraduateStudent271}, {X=http://www.Department2.University2.edu/UndergraduateStudent287}, {X=http://www.Department2.University2.edu/GraduateStudent88}, {X=http://www.Department2.University2.edu/UndergraduateStudent80}, {X=http://www.Department2.University2.edu/UndergraduateStudent359}, {X=http://www.Department2.University2.edu/GraduateStudent123}, {X=http://www.Department2.University2.edu/GraduateStudent116}, {X=http://www.Department2.University2.edu/UndergraduateStudent239}, {X=http://www.Department2.University2.edu/GraduateStudent68}, {X=http://www.Department2.University2.edu/UndergraduateStudent96}, {X=http://www.Department2.University2.edu/UndergraduateStudent178}, {X=http://www.Department2.University2.edu/UndergraduateStudent157}, {X=http://www.Department2.University2.edu/UndergraduateStudent105}, {X=http://www.Department2.University2.edu/GraduateStudent122}, {X=http://www.Department2.University2.edu/UndergraduateStudent50}, {X=http://www.Department2.University2.edu/UndergraduateStudent316}, {X=http://www.Department2.University2.edu/UndergraduateStudent303}, {X=http://www.Department2.University2.edu/UndergraduateStudent181}, {X=http://www.Department2.University2.edu/UndergraduateStudent243}, {X=http://www.Department2.University2.edu/UndergraduateStudent301}, {X=http://www.Department2.University2.edu/UndergraduateStudent120}, {X=http://www.Department2.University2.edu/UndergraduateStudent14}, {X=http://www.Department2.University2.edu/GraduateStudent126}, {X=http://www.Department2.University2.edu/GraduateStudent9}, {X=http://www.Department2.University2.edu/UndergraduateStudent205}, {X=http://www.Department2.University2.edu/GraduateStudent31}, {X=http://www.Department2.University2.edu/UndergraduateStudent347}, {X=http://www.Department2.University2.edu/UndergraduateStudent133}, {X=http://www.Department2.University2.edu/UndergraduateStudent136}, {X=http://www.Department2.University2.edu/UndergraduateStudent40}, {X=http://www.Department2.University2.edu/GraduateStudent109}, {X=http://www.Department2.University2.edu/UndergraduateStudent325}, {X=http://www.Department2.University2.edu/UndergraduateStudent210}, {X=http://www.Department2.University2.edu/UndergraduateStudent139}, {X=http://www.Department2.University2.edu/UndergraduateStudent114}, {X=http://www.Department2.University2.edu/GraduateStudent99}, {X=http://www.Department2.University2.edu/GraduateStudent50}, {X=http://www.Department2.University2.edu/UndergraduateStudent298}, {X=http://www.Department2.University2.edu/UndergraduateStudent31}, {X=http://www.Department2.University2.edu/UndergraduateStudent249}, {X=http://www.Department2.University2.edu/UndergraduateStudent60}, {X=http://www.Department2.University2.edu/UndergraduateStudent149}, {X=http://www.Department2.University2.edu/UndergraduateStudent352}, {X=http://www.Department2.University2.edu/UndergraduateStudent236}, {X=http://www.Department2.University2.edu/UndergraduateStudent211}, {X=http://www.Department2.University2.edu/GraduateStudent96}, {X=http://www.Department2.University2.edu/UndergraduateStudent107}, {X=http://www.Department2.University2.edu/GraduateStudent52}, {X=http://www.Department2.University2.edu/GraduateStudent85}, {X=http://www.Department2.University2.edu/UndergraduateStudent54}, {X=http://www.Department2.University2.edu/GraduateStudent56}, {X=http://www.Department2.University2.edu/UndergraduateStudent237}, {X=http://www.Department2.University2.edu/UndergraduateStudent306}, {X=http://www.Department2.University2.edu/GraduateStudent62}, {X=http://www.Department2.University2.edu/GraduateStudent40}, {X=http://www.Department2.University2.edu/GraduateStudent84}, {X=http://www.Department2.University2.edu/UndergraduateStudent340}, {X=http://www.Department2.University2.edu/UndergraduateStudent67}, {X=http://www.Department2.University2.edu/UndergraduateStudent70}, {X=http://www.Department2.University2.edu/UndergraduateStudent299}, {X=http://www.Department2.University2.edu/UndergraduateStudent129}, {X=http://www.Department2.University2.edu/UndergraduateStudent161}, {X=http://www.Department2.University2.edu/UndergraduateStudent348}, {X=http://www.Department2.University2.edu/UndergraduateStudent10}, {X=http://www.Department2.University2.edu/UndergraduateStudent357}, {X=http://www.Department2.University2.edu/GraduateStudent17}, {X=http://www.Department2.University2.edu/UndergraduateStudent59}, {X=http://www.Department2.University2.edu/UndergraduateStudent209}, {X=http://www.Department2.University2.edu/UndergraduateStudent1}, {X=http://www.Department2.University2.edu/UndergraduateStudent337}, {X=http://www.Department2.University2.edu/UndergraduateStudent104}, {X=http://www.Department2.University2.edu/GraduateStudent80}, {X=http://www.Department2.University2.edu/GraduateStudent67}, {X=http://www.Department2.University2.edu/UndergraduateStudent43}, {X=http://www.Department2.University2.edu/GraduateStudent41}, {X=http://www.Department2.University2.edu/UndergraduateStudent102}, {X=http://www.Department2.University2.edu/UndergraduateStudent117}, {X=http://www.Department2.University2.edu/UndergraduateStudent182}, {X=http://www.Department2.University2.edu/UndergraduateStudent324}, {X=http://www.Department2.University2.edu/UndergraduateStudent51}, {X=http://www.Department2.University2.edu/UndergraduateStudent119}, {X=http://www.Department2.University2.edu/GraduateStudent107}, {X=http://www.Department2.University2.edu/GraduateStudent58}, {X=http://www.Department2.University2.edu/UndergraduateStudent274}, {X=http://www.Department2.University2.edu/UndergraduateStudent258}, {X=http://www.Department2.University2.edu/UndergraduateStudent177}, {X=http://www.Department2.University2.edu/GraduateStudent75}, {X=http://www.Department2.University2.edu/UndergraduateStudent101}, {X=http://www.Department2.University2.edu/UndergraduateStudent140}, {X=http://www.Department2.University2.edu/UndergraduateStudent90}, {X=http://www.Department2.University2.edu/UndergraduateStudent135}, {X=http://www.Department2.University2.edu/GraduateStudent35}, {X=http://www.Department2.University2.edu/GraduateStudent71}, {X=http://www.Department2.University2.edu/UndergraduateStudent186}, {X=http://www.Department2.University2.edu/UndergraduateStudent312}, {X=http://www.Department2.University2.edu/UndergraduateStudent341}, {X=http://www.Department2.University2.edu/UndergraduateStudent342}, {X=http://www.Department2.University2.edu/UndergraduateStudent158}, {X=http://www.Department2.University2.edu/UndergraduateStudent171}, {X=http://www.Department2.University2.edu/UndergraduateStudent300}, {X=http://www.Department2.University2.edu/UndergraduateStudent165}, {X=http://www.Department2.University2.edu/UndergraduateStudent151}, {X=http://www.Department2.University2.edu/UndergraduateStudent88}, {X=http://www.Department2.University2.edu/UndergraduateStudent194}, {X=http://www.Department2.University2.edu/UndergraduateStudent169}, {X=http://www.Department2.University2.edu/GraduateStudent3}, {X=http://www.Department2.University2.edu/UndergraduateStudent302}, {X=http://www.Department2.University2.edu/UndergraduateStudent231}, {X=http://www.Department2.University2.edu/UndergraduateStudent264}, {X=http://www.Department2.University2.edu/UndergraduateStudent247}, {X=http://www.Department2.University2.edu/GraduateStudent55}, {X=http://www.Department2.University2.edu/GraduateStudent1}, {X=http://www.Department2.University2.edu/UndergraduateStudent283}, {X=http://www.Department2.University2.edu/UndergraduateStudent191}, {X=http://www.Department2.University2.edu/UndergraduateStudent75}, {X=http://www.Department2.University2.edu/GraduateStudent70}, {X=http://www.Department2.University2.edu/UndergraduateStudent98}, {X=http://www.Department2.University2.edu/UndergraduateStudent204}, {X=http://www.Department2.University2.edu/GraduateStudent44}, {X=http://www.Department2.University2.edu/UndergraduateStudent356}, {X=http://www.Department2.University2.edu/UndergraduateStudent277}, {X=http://www.Department2.University2.edu/UndergraduateStudent360}, {X=http://www.Department2.University2.edu/UndergraduateStudent2}, {X=http://www.Department2.University2.edu/UndergraduateStudent282}, {X=http://www.Department2.University2.edu/UndergraduateStudent224}, {X=http://www.Department2.University2.edu/UndergraduateStudent84}, {X=http://www.Department2.University2.edu/GraduateStudent20}, {X=http://www.Department2.University2.edu/UndergraduateStudent281}, {X=http://www.Department2.University2.edu/GraduateStudent39}, {X=http://www.Department2.University2.edu/UndergraduateStudent19}, {X=http://www.Department2.University2.edu/UndergraduateStudent68}, {X=http://www.Department2.University2.edu/UndergraduateStudent323}, {X=http://www.Department2.University2.edu/GraduateStudent102}, {X=http://www.Department2.University2.edu/GraduateStudent81}, {X=http://www.Department2.University2.edu/UndergraduateStudent154}, {X=http://www.Department2.University2.edu/GraduateStudent48}, {X=http://www.Department2.University2.edu/UndergraduateStudent152}, {X=http://www.Department2.University2.edu/UndergraduateStudent329}, {X=http://www.Department2.University2.edu/UndergraduateStudent21}, {X=http://www.Department2.University2.edu/UndergraduateStudent159}, {X=http://www.Department2.University2.edu/GraduateStudent15}, {X=http://www.Department2.University2.edu/UndergraduateStudent99}, {X=http://www.Department2.University2.edu/UndergraduateStudent292}, {X=http://www.Department2.University2.edu/UndergraduateStudent242}, {X=http://www.Department2.University2.edu/UndergraduateStudent343}, {X=http://www.Department2.University2.edu/UndergraduateStudent238}, {X=http://www.Department2.University2.edu/GraduateStudent23}, {X=http://www.Department2.University2.edu/UndergraduateStudent187}, {X=http://www.Department2.University2.edu/GraduateStudent100}, {X=http://www.Department2.University2.edu/UndergraduateStudent143}, {X=http://www.Department2.University2.edu/UndergraduateStudent174}, {X=http://www.Department2.University2.edu/GraduateStudent2}, {X=http://www.Department2.University2.edu/UndergraduateStudent234}, {X=http://www.Department2.University2.edu/UndergraduateStudent150}, {X=http://www.Department2.University2.edu/UndergraduateStudent164}, {X=http://www.Department2.University2.edu/UndergraduateStudent241}, {X=http://www.Department2.University2.edu/UndergraduateStudent126}, {X=http://www.Department2.University2.edu/UndergraduateStudent225}, {X=http://www.Department2.University2.edu/UndergraduateStudent185}, {X=http://www.Department2.University2.edu/UndergraduateStudent196}, {X=http://www.Department2.University2.edu/GraduateStudent118}, {X=http://www.Department2.University2.edu/UndergraduateStudent113}, {X=http://www.Department2.University2.edu/UndergraduateStudent279}, {X=http://www.Department2.University2.edu/UndergraduateStudent305}, {X=http://www.Department2.University2.edu/UndergraduateStudent130}, {X=http://www.Department2.University2.edu/GraduateStudent37}, {X=http://www.Department2.University2.edu/GraduateStudent61}, {X=http://www.Department2.University2.edu/UndergraduateStudent246}, {X=http://www.Department2.University2.edu/GraduateStudent72}, {X=http://www.Department2.University2.edu/UndergraduateStudent294}, {X=http://www.Department2.University2.edu/UndergraduateStudent278}, {X=http://www.Department2.University2.edu/UndergraduateStudent270}, {X=http://www.Department2.University2.edu/UndergraduateStudent89}, {X=http://www.Department2.University2.edu/UndergraduateStudent284}, {X=http://www.Department2.University2.edu/GraduateStudent0}, {X=http://www.Department2.University2.edu/UndergraduateStudent213}, {X=http://www.Department2.University2.edu/UndergraduateStudent349}, {X=http://www.Department2.University2.edu/UndergraduateStudent263}, {X=http://www.Department2.University2.edu/GraduateStudent24}, {X=http://www.Department2.University2.edu/UndergraduateStudent176}, {X=http://www.Department2.University2.edu/UndergraduateStudent39}, {X=http://www.Department2.University2.edu/UndergraduateStudent124}, {X=http://www.Department2.University2.edu/UndergraduateStudent52}, {X=http://www.Department2.University2.edu/UndergraduateStudent354}, {X=http://www.Department2.University2.edu/UndergraduateStudent48}, {X=http://www.Department2.University2.edu/GraduateStudent83}, {X=http://www.Department2.University2.edu/GraduateStudent130}, {X=http://www.Department2.University2.edu/UndergraduateStudent61}, {X=http://www.Department2.University2.edu/UndergraduateStudent16}, {X=http://www.Department2.University2.edu/UndergraduateStudent319}, {X=http://www.Department2.University2.edu/GraduateStudent98}, {X=http://www.Department2.University2.edu/UndergraduateStudent71}, {X=http://www.Department2.University2.edu/UndergraduateStudent35}, {X=http://www.Department2.University2.edu/GraduateStudent120}, {X=http://www.Department2.University2.edu/UndergraduateStudent156}, {X=http://www.Department2.University2.edu/UndergraduateStudent153}, {X=http://www.Department2.University2.edu/UndergraduateStudent118}, {X=http://www.Department2.University2.edu/GraduateStudent90}, {X=http://www.Department2.University2.edu/GraduateStudent59}, {X=http://www.Department2.University2.edu/GraduateStudent43}, {X=http://www.Department2.University2.edu/UndergraduateStudent317}, {X=http://www.Department2.University2.edu/UndergraduateStudent121}, {X=http://www.Department2.University2.edu/UndergraduateStudent144}, {X=http://www.Department2.University2.edu/UndergraduateStudent251}, {X=http://www.Department2.University2.edu/UndergraduateStudent141}, {X=http://www.Department2.University2.edu/UndergraduateStudent265}, {X=http://www.Department2.University2.edu/GraduateStudent115}, {X=http://www.Department2.University2.edu/UndergraduateStudent268}, {X=http://www.Department2.University2.edu/GraduateStudent66}, {X=http://www.Department2.University2.edu/UndergraduateStudent310}, {X=http://www.Department2.University2.edu/GraduateStudent5}, {X=http://www.Department2.University2.edu/UndergraduateStudent248}, {X=http://www.Department2.University2.edu/UndergraduateStudent183}, {X=http://www.Department2.University2.edu/UndergraduateStudent94}, {X=http://www.Department2.University2.edu/GraduateStudent69}, {X=http://www.Department2.University2.edu/GraduateStudent73}, {X=http://www.Department2.University2.edu/UndergraduateStudent138}, {X=http://www.Department2.University2.edu/UndergraduateStudent37}, {X=http://www.Department2.University2.edu/UndergraduateStudent291}, {X=http://www.Department2.University2.edu/UndergraduateStudent233}, {X=http://www.Department2.University2.edu/UndergraduateStudent212}, {X=http://www.Department2.University2.edu/UndergraduateStudent55}, {X=http://www.Department2.University2.edu/UndergraduateStudent91}, {X=http://www.Department2.University2.edu/UndergraduateStudent222}, {X=http://www.Department2.University2.edu/UndergraduateStudent309}, {X=http://www.Department2.University2.edu/UndergraduateStudent332}, {X=http://www.Department2.University2.edu/GraduateStudent131}, {X=http://www.Department2.University2.edu/GraduateStudent53}, {X=http://www.Department2.University2.edu/GraduateStudent112}, {X=http://www.Department2.University2.edu/UndergraduateStudent73}, {X=http://www.Department2.University2.edu/UndergraduateStudent7}, {X=http://www.Department2.University2.edu/UndergraduateStudent92}, {X=http://www.Department2.University2.edu/UndergraduateStudent116}, {X=http://www.Department2.University2.edu/UndergraduateStudent201}, {X=http://www.Department2.University2.edu/UndergraduateStudent85}, {X=http://www.Department2.University2.edu/GraduateStudent29}, {X=http://www.Department2.University2.edu/UndergraduateStudent227}, {X=http://www.Department2.University2.edu/UndergraduateStudent240}, {X=http://www.Department2.University2.edu/UndergraduateStudent3}, {X=http://www.Department2.University2.edu/UndergraduateStudent197}, {X=http://www.Department2.University2.edu/UndergraduateStudent123}, {X=http://www.Department2.University2.edu/UndergraduateStudent311}, {X=http://www.Department2.University2.edu/GraduateStudent51}, {X=http://www.Department2.University2.edu/UndergraduateStudent285}, {X=http://www.Department2.University2.edu/UndergraduateStudent333}, {X=http://www.Department2.University2.edu/GraduateStudent8}, {X=http://www.Department2.University2.edu/GraduateStudent132}, {X=http://www.Department2.University2.edu/UndergraduateStudent218}, {X=http://www.Department2.University2.edu/GraduateStudent121}, {X=http://www.Department2.University2.edu/GraduateStudent127}, {X=http://www.Department2.University2.edu/UndergraduateStudent25}, {X=http://www.Department2.University2.edu/UndergraduateStudent254}, {X=http://www.Department2.University2.edu/GraduateStudent108}, {X=http://www.Department2.University2.edu/UndergraduateStudent47}, {X=http://www.Department2.University2.edu/GraduateStudent16}, {X=http://www.Department2.University2.edu/GraduateStudent21}, {X=http://www.Department2.University2.edu/UndergraduateStudent221}, {X=http://www.Department2.University2.edu/GraduateStudent10}, {X=http://www.Department2.University2.edu/UndergraduateStudent219}, {X=http://www.Department2.University2.edu/UndergraduateStudent24}, {X=http://www.Department2.University2.edu/UndergraduateStudent297}, {X=http://www.Department2.University2.edu/UndergraduateStudent330}, {X=http://www.Department2.University2.edu/UndergraduateStudent308}, {X=http://www.Department2.University2.edu/UndergraduateStudent128}, {X=http://www.Department2.University2.edu/UndergraduateStudent358}, {X=http://www.Department2.University2.edu/UndergraduateStudent13}, {X=http://www.Department2.University2.edu/GraduateStudent129}, {X=http://www.Department2.University2.edu/UndergraduateStudent253}, {X=http://www.Department2.University2.edu/UndergraduateStudent29}, {X=http://www.Department2.University2.edu/UndergraduateStudent193}, {X=http://www.Department2.University2.edu/GraduateStudent46}, {X=http://www.Department2.University2.edu/UndergraduateStudent122}, {X=http://www.Department2.University2.edu/UndergraduateStudent56}, {X=http://www.Department2.University2.edu/GraduateStudent125}, {X=http://www.Department2.University2.edu/UndergraduateStudent202}, {X=http://www.Department2.University2.edu/GraduateStudent86}, {X=http://www.Department2.University2.edu/UndergraduateStudent262}, {X=http://www.Department2.University2.edu/UndergraduateStudent148}, {X=http://www.Department2.University2.edu/UndergraduateStudent163}, {X=http://www.Department2.University2.edu/UndergraduateStudent76}, {X=http://www.Department2.University2.edu/GraduateStudent64}, {X=http://www.Department2.University2.edu/GraduateStudent27}, {X=http://www.Department2.University2.edu/UndergraduateStudent351}, {X=http://www.Department2.University2.edu/UndergraduateStudent78}, {X=http://www.Department2.University2.edu/GraduateStudent49}, {X=http://www.Department2.University2.edu/UndergraduateStudent36}, {X=http://www.Department2.University2.edu/UndergraduateStudent338}, {X=http://www.Department2.University2.edu/UndergraduateStudent339}, {X=http://www.Department2.University2.edu/GraduateStudent87}, {X=http://www.Department2.University2.edu/UndergraduateStudent167}, {X=http://www.Department2.University2.edu/GraduateStudent119}, {X=http://www.Department2.University2.edu/UndergraduateStudent72}, {X=http://www.Department2.University2.edu/GraduateStudent97}, {X=http://www.Department2.University2.edu/UndergraduateStudent77}, {X=http://www.Department2.University2.edu/GraduateStudent54}, {X=http://www.Department2.University2.edu/UndergraduateStudent9}, {X=http://www.Department2.University2.edu/UndergraduateStudent65}, {X=http://www.Department2.University2.edu/UndergraduateStudent208}, {X=http://www.Department2.University2.edu/UndergraduateStudent11}, {X=http://www.Department2.University2.edu/GraduateStudent128}, {X=http://www.Department2.University2.edu/UndergraduateStudent322}, {X=http://www.Department2.University2.edu/GraduateStudent89}, {X=http://www.Department2.University2.edu/UndergraduateStudent134}, {X=http://www.Department2.University2.edu/UndergraduateStudent28}, {X=http://www.Department2.University2.edu/GraduateStudent25}, {X=http://www.Department2.University2.edu/UndergraduateStudent335}, {X=http://www.Department2.University2.edu/UndergraduateStudent288}, {X=http://www.Department2.University2.edu/GraduateStudent76}, {X=http://www.Department2.University2.edu/UndergraduateStudent125}, {X=http://www.Department2.University2.edu/UndergraduateStudent97}, {X=http://www.Department2.University2.edu/UndergraduateStudent137}, {X=http://www.Department2.University2.edu/GraduateStudent28}, {X=http://www.Department2.University2.edu/UndergraduateStudent162}, {X=http://www.Department2.University2.edu/UndergraduateStudent293}, {X=http://www.Department2.University2.edu/UndergraduateStudent328}, {X=http://www.Department2.University2.edu/UndergraduateStudent350}, {X=http://www.Department2.University2.edu/UndergraduateStudent269}, {X=http://www.Department2.University2.edu/UndergraduateStudent64}, {X=http://www.Department2.University2.edu/UndergraduateStudent245}, {X=http://www.Department2.University2.edu/UndergraduateStudent272}, {X=http://www.Department2.University2.edu/UndergraduateStudent95}, {X=http://www.Department2.University2.edu/UndergraduateStudent109}, {X=http://www.Department2.University2.edu/UndergraduateStudent179}, {X=http://www.Department2.University2.edu/GraduateStudent63}, {X=http://www.Department2.University2.edu/GraduateStudent19}, {X=http://www.Department2.University2.edu/GraduateStudent22}, {X=http://www.Department2.University2.edu/UndergraduateStudent4}, {X=http://www.Department2.University2.edu/GraduateStudent12}, {X=http://www.Department2.University2.edu/UndergraduateStudent280}, {X=http://www.Department2.University2.edu/UndergraduateStudent38}, {X=http://www.Department2.University2.edu/UndergraduateStudent93}, {X=http://www.Department2.University2.edu/UndergraduateStudent58}, {X=http://www.Department2.University2.edu/UndergraduateStudent223}, {X=http://www.Department2.University2.edu/UndergraduateStudent146}, {X=http://www.Department2.University2.edu/UndergraduateStudent32}, {X=http://www.Department2.University2.edu/UndergraduateStudent220}, {X=http://www.Department2.University2.edu/GraduateStudent82}, {X=http://www.Department2.University2.edu/UndergraduateStudent286}, {X=http://www.Department2.University2.edu/UndergraduateStudent295}, {X=http://www.Department2.University2.edu/UndergraduateStudent267}, {X=http://www.Department2.University2.edu/GraduateStudent4}, {X=http://www.Department2.University2.edu/UndergraduateStudent355}, {X=http://www.Department2.University2.edu/UndergraduateStudent34}, {X=http://www.Department2.University2.edu/UndergraduateStudent320}, {X=http://www.Department2.University2.edu/UndergraduateStudent321}, {X=http://www.Department2.University2.edu/GraduateStudent60}, {X=http://www.Department2.University2.edu/UndergraduateStudent275}, {X=http://www.Department2.University2.edu/GraduateStudent26}, {X=http://www.Department2.University2.edu/UndergraduateStudent318}, {X=http://www.Department2.University2.edu/UndergraduateStudent57}, {X=http://www.Department2.University2.edu/GraduateStudent106}, {X=http://www.Department2.University2.edu/UndergraduateStudent115}, {X=http://www.Department2.University2.edu/GraduateStudent38}, {X=http://www.Department2.University2.edu/GraduateStudent34}, {X=http://www.Department2.University2.edu/UndergraduateStudent147}, {X=http://www.Department2.University2.edu/UndergraduateStudent46}, {X=http://www.Department2.University2.edu/UndergraduateStudent79}, {X=http://www.Department2.University2.edu/UndergraduateStudent63}, {X=http://www.Department2.University2.edu/UndergraduateStudent256}, {X=http://www.Department2.University2.edu/UndergraduateStudent336}, {X=http://www.Department2.University2.edu/GraduateStudent42}, {X=http://www.Department2.University2.edu/UndergraduateStudent214}, {X=http://www.Department2.University2.edu/GraduateStudent92}, {X=http://www.Department2.University2.edu/UndergraduateStudent313}, {X=http://www.Department2.University2.edu/UndergraduateStudent42}, {X=http://www.Department2.University2.edu/UndergraduateStudent100}, {X=http://www.Department2.University2.edu/UndergraduateStudent83}, {X=http://www.Department2.University2.edu/UndergraduateStudent69}, {X=http://www.Department2.University2.edu/GraduateStudent91}, {X=http://www.Department2.University2.edu/UndergraduateStudent20}, {X=http://www.Department2.University2.edu/UndergraduateStudent111}, {X=http://www.Department2.University2.edu/UndergraduateStudent190}, {X=http://www.Department2.University2.edu/UndergraduateStudent87}, {X=http://www.Department2.University2.edu/UndergraduateStudent5}, {X=http://www.Department2.University2.edu/UndergraduateStudent189}, {X=http://www.Department2.University2.edu/GraduateStudent30}, {X=http://www.Department2.University2.edu/GraduateStudent32}, {X=http://www.Department2.University2.edu/UndergraduateStudent331}, {X=http://www.Department2.University2.edu/GraduateStudent65}, {X=http://www.Department2.University2.edu/UndergraduateStudent226}, {X=http://www.Department2.University2.edu/UndergraduateStudent132}, {X=http://www.Department2.University2.edu/UndergraduateStudent44}, {X=http://www.Department2.University2.edu/UndergraduateStudent33}, {X=http://www.Department2.University2.edu/GraduateStudent7}, {X=http://www.Department2.University2.edu/UndergraduateStudent166}, {X=http://www.Department2.University2.edu/UndergraduateStudent74}, {X=http://www.Department2.University2.edu/UndergraduateStudent207}, {X=http://www.Department2.University2.edu/UndergraduateStudent244}, {X=http://www.Department2.University2.edu/UndergraduateStudent175}, {X=http://www.Department2.University2.edu/UndergraduateStudent45}, {X=http://www.Department2.University2.edu/GraduateStudent93}, {X=http://www.Department2.University2.edu/UndergraduateStudent127}, {X=http://www.Department2.University2.edu/UndergraduateStudent8}, {X=http://www.Department2.University2.edu/UndergraduateStudent53}, {X=http://www.Department2.University2.edu/UndergraduateStudent200}, {X=http://www.Department2.University2.edu/UndergraduateStudent232}, {X=http://www.Department2.University2.edu/UndergraduateStudent273}, {X=http://www.Department2.University2.edu/GraduateStudent79}, {X=http://www.Department2.University2.edu/GraduateStudent94}, {X=http://www.Department2.University2.edu/UndergraduateStudent353}, {X=http://www.Department2.University2.edu/GraduateStudent95}, {X=http://www.Department2.University2.edu/UndergraduateStudent18}, {X=http://www.Department2.University2.edu/GraduateStudent110}, {X=http://www.Department2.University2.edu/UndergraduateStudent334}, {X=http://www.Department2.University2.edu/UndergraduateStudent27}, {X=http://www.Department2.University2.edu/UndergraduateStudent250}, {X=http://www.Department2.University2.edu/UndergraduateStudent30}, {X=http://www.Department2.University2.edu/UndergraduateStudent289}, {X=http://www.Department2.University2.edu/UndergraduateStudent257}, {X=http://www.Department2.University2.edu/UndergraduateStudent155}, {X=http://www.Department2.University2.edu/UndergraduateStudent327}, {X=http://www.Department2.University2.edu/UndergraduateStudent66}, {X=http://www.Department2.University2.edu/UndergraduateStudent229}, {X=http://www.Department2.University2.edu/UndergraduateStudent346}, {X=http://www.Department2.University2.edu/UndergraduateStudent180}, {X=http://www.Department2.University2.edu/GraduateStudent105}, {X=http://www.Department2.University2.edu/GraduateStudent77}, {X=http://www.Department2.University2.edu/UndergraduateStudent17}, {X=http://www.Department2.University2.edu/GraduateStudent78}, {X=http://www.Department2.University2.edu/UndergraduateStudent81}, {X=http://www.Department2.University2.edu/UndergraduateStudent228}, {X=http://www.Department2.University2.edu/UndergraduateStudent49}, {X=http://www.Department2.University2.edu/GraduateStudent45}, {X=http://www.Department2.University2.edu/UndergraduateStudent216}, {X=http://www.Department2.University2.edu/UndergraduateStudent142}, {X=http://www.Department2.University2.edu/UndergraduateStudent261}, {X=http://www.Department2.University2.edu/GraduateStudent11}, {X=http://www.Department2.University2.edu/UndergraduateStudent168}, {X=http://www.Department2.University2.edu/UndergraduateStudent0}, {X=http://www.Department2.University2.edu/UndergraduateStudent266}, {X=http://www.Department2.University2.edu/UndergraduateStudent345}, {X=http://www.Department2.University2.edu/GraduateStudent18}, {X=http://www.Department2.University2.edu/GraduateStudent6}, {X=http://www.Department2.University2.edu/UndergraduateStudent198}, {X=http://www.Department2.University2.edu/UndergraduateStudent110}, {X=http://www.Department2.University2.edu/UndergraduateStudent195}, {X=http://www.Department2.University2.edu/UndergraduateStudent260}, {X=http://www.Department2.University2.edu/UndergraduateStudent307}, {X=http://www.Department2.University2.edu/UndergraduateStudent314}, {X=http://www.Department2.University2.edu/UndergraduateStudent296}, {X=http://www.Department2.University2.edu/GraduateStudent13}, {X=http://www.Department2.University2.edu/UndergraduateStudent344}, {X=http://www.Department2.University2.edu/UndergraduateStudent22}, {X=http://www.Department2.University2.edu/UndergraduateStudent170}, {X=http://www.Department2.University2.edu/UndergraduateStudent108}, {X=http://www.Department2.University2.edu/UndergraduateStudent103}, {X=http://www.Department2.University2.edu/UndergraduateStudent304}, {X=http://www.Department2.University2.edu/GraduateStudent36}, {X=http://www.Department2.University2.edu/UndergraduateStudent230}, {X=http://www.Department2.University2.edu/UndergraduateStudent41}, {X=http://www.Department2.University2.edu/UndergraduateStudent131}, {X=http://www.Department2.University2.edu/UndergraduateStudent255}, {X=http://www.Department2.University2.edu/UndergraduateStudent290}, {X=http://www.Department2.University2.edu/GraduateStudent74}, {X=http://www.Department2.University2.edu/GraduateStudent114}, {X=http://www.Department2.University2.edu/UndergraduateStudent86}, {X=http://www.Department2.University2.edu/GraduateStudent14}, {X=http://www.Department2.University2.edu/UndergraduateStudent235}, {X=http://www.Department2.University2.edu/UndergraduateStudent188}, {X=http://www.Department2.University2.edu/UndergraduateStudent203}, {X=http://www.Department2.University2.edu/UndergraduateStudent15}, {X=http://www.Department2.University2.edu/UndergraduateStudent62}, {X=http://www.Department2.University2.edu/UndergraduateStudent82}, {X=http://www.Department2.University2.edu/UndergraduateStudent276}, {X=http://www.Department2.University2.edu/UndergraduateStudent217}, {X=http://www.Department2.University2.edu/UndergraduateStudent215}, {X=http://www.Department2.University2.edu/UndergraduateStudent112}, {X=http://www.Department2.University2.edu/GraduateStudent113}, {X=http://www.Department2.University2.edu/UndergraduateStudent106}, {X=http://www.Department2.University2.edu/GraduateStudent47}, {X=http://www.Department2.University2.edu/UndergraduateStudent259}, {X=http://www.Department2.University2.edu/UndergraduateStudent12}, {X=http://www.Department2.University2.edu/GraduateStudent104}, {X=http://www.Department2.University2.edu/UndergraduateStudent23}, {X=http://www.Department2.University2.edu/GraduateStudent124}, {X=http://www.Department2.University2.edu/UndergraduateStudent6}, {X=http://www.Department2.University2.edu/UndergraduateStudent206}, {X=http://www.Department2.University2.edu/GraduateStudent117}, {X=http://www.Department2.University2.edu/UndergraduateStudent315}, {X=http://www.Department2.University2.edu/UndergraduateStudent172}, {X=http://www.Department2.University2.edu/UndergraduateStudent145}, {X=http://www.Department2.University2.edu/UndergraduateStudent252}, {X=http://www.Department2.University2.edu/UndergraduateStudent192}, {X=http://www.Department2.University2.edu/UndergraduateStudent199}, {X=http://www.Department2.University2.edu/GraduateStudent57}, {X=http://www.Department2.University2.edu/GraduateStudent101}, {X=http://www.Department2.University2.edu/UndergraduateStudent26}, {X=http://www.Department2.University2.edu/UndergraduateStudent173}, {X=http://www.Department2.University2.edu/GraduateStudent103}, {X=http://www.Department2.University2.edu/UndergraduateStudent160}, {X=http://www.Department2.University2.edu/UndergraduateStudent184}, {X=http://www.Department2.University2.edu/UndergraduateStudent326}, {X=http://www.Department2.University2.edu/GraduateStudent33}, {X=http://www.Department2.University2.edu/GraduateStudent111}, {X=http://www.Department2.University2.edu/UndergraduateStudent271}, {X=http://www.Department2.University2.edu/UndergraduateStudent287}, {X=http://www.Department2.University2.edu/GraduateStudent88}, {X=http://www.Department2.University2.edu/UndergraduateStudent80}, {X=http://www.Department2.University2.edu/UndergraduateStudent359}, {X=http://www.Department2.University2.edu/GraduateStudent123}, {X=http://www.Department2.University2.edu/GraduateStudent116}, {X=http://www.Department2.University2.edu/UndergraduateStudent239}, {X=http://www.Department2.University2.edu/GraduateStudent68}, {X=http://www.Department2.University2.edu/UndergraduateStudent96}, {X=http://www.Department2.University2.edu/UndergraduateStudent178}, {X=http://www.Department2.University2.edu/UndergraduateStudent157}, {X=http://www.Department2.University2.edu/UndergraduateStudent105}, {X=http://www.Department2.University2.edu/GraduateStudent122}, {X=http://www.Department2.University2.edu/UndergraduateStudent50}, {X=http://www.Department2.University2.edu/UndergraduateStudent316}, {X=http://www.Department2.University2.edu/UndergraduateStudent303}, {X=http://www.Department2.University2.edu/UndergraduateStudent181}, {X=http://www.Department2.University2.edu/UndergraduateStudent243}, {X=http://www.Department2.University2.edu/UndergraduateStudent301}, {X=http://www.Department2.University2.edu/UndergraduateStudent120}, {X=http://www.Department2.University2.edu/UndergraduateStudent14}, {X=http://www.Department2.University2.edu/GraduateStudent126}, {X=http://www.Department2.University2.edu/GraduateStudent9}, {X=http://www.Department2.University2.edu/UndergraduateStudent205}, {X=http://www.Department2.University2.edu/GraduateStudent31}, {X=http://www.Department2.University2.edu/UndergraduateStudent347}, {X=http://www.Department2.University2.edu/UndergraduateStudent133}, {X=http://www.Department2.University2.edu/UndergraduateStudent136}, {X=http://www.Department2.University2.edu/UndergraduateStudent40}, {X=http://www.Department2.University2.edu/GraduateStudent109}, {X=http://www.Department2.University2.edu/UndergraduateStudent325}, {X=http://www.Department2.University2.edu/UndergraduateStudent210}, {X=http://www.Department2.University2.edu/UndergraduateStudent139}, {X=http://www.Department2.University2.edu/UndergraduateStudent114}, {X=http://www.Department2.University2.edu/GraduateStudent99}, {X=http://www.Department2.University2.edu/GraduateStudent50}, {X=http://www.Department2.University2.edu/UndergraduateStudent298}, {X=http://www.Department2.University2.edu/UndergraduateStudent31}, {X=http://www.Department2.University2.edu/UndergraduateStudent249}, {X=http://www.Department2.University2.edu/UndergraduateStudent60}, {X=http://www.Department2.University2.edu/UndergraduateStudent149}, {X=http://www.Department2.University2.edu/UndergraduateStudent352}, {X=http://www.Department2.University2.edu/UndergraduateStudent236}, {X=http://www.Department2.University2.edu/UndergraduateStudent211}, {X=http://www.Department2.University2.edu/GraduateStudent96}, {X=http://www.Department2.University2.edu/UndergraduateStudent107}, {X=http://www.Department2.University2.edu/GraduateStudent52}, {X=http://www.Department2.University2.edu/GraduateStudent85}, {X=http://www.Department2.University2.edu/UndergraduateStudent54}, {X=http://www.Department2.University2.edu/GraduateStudent56}, {X=http://www.Department2.University2.edu/UndergraduateStudent237}, {X=http://www.Department2.University2.edu/UndergraduateStudent306}, {X=http://www.Department2.University2.edu/GraduateStudent62}, {X=http://www.Department2.University2.edu/GraduateStudent40}, {X=http://www.Department2.University2.edu/GraduateStudent84}, {X=http://www.Department2.University2.edu/UndergraduateStudent340}, {X=http://www.Department2.University2.edu/UndergraduateStudent67}, {X=http://www.Department2.University2.edu/UndergraduateStudent70}, {X=http://www.Department2.University2.edu/UndergraduateStudent299}, {X=http://www.Department2.University2.edu/UndergraduateStudent129}, {X=http://www.Department2.University2.edu/UndergraduateStudent161}, {X=http://www.Department2.University2.edu/UndergraduateStudent348}, {X=http://www.Department2.University2.edu/UndergraduateStudent10}, {X=http://www.Department2.University2.edu/UndergraduateStudent357}, {X=http://www.Department2.University2.edu/GraduateStudent17}, {X=http://www.Department2.University2.edu/UndergraduateStudent59}, {X=http://www.Department2.University2.edu/UndergraduateStudent209}, {X=http://www.Department2.University2.edu/UndergraduateStudent1}, {X=http://www.Department2.University2.edu/UndergraduateStudent337}, {X=http://www.Department2.University2.edu/UndergraduateStudent104}, {X=http://www.Department2.University2.edu/GraduateStudent80}, {X=http://www.Department2.University2.edu/GraduateStudent67}, {X=http://www.Department2.University2.edu/UndergraduateStudent43}, {X=http://www.Department2.University2.edu/GraduateStudent41}, {X=http://www.Department2.University2.edu/UndergraduateStudent102}, {X=http://www.Department2.University2.edu/UndergraduateStudent117}, {X=http://www.Department2.University2.edu/UndergraduateStudent182}, {X=http://www.Department2.University2.edu/UndergraduateStudent324}, {X=http://www.Department2.University2.edu/UndergraduateStudent51}, {X=http://www.Department2.University2.edu/UndergraduateStudent119}, {X=http://www.Department2.University2.edu/GraduateStudent107}, {X=http://www.Department2.University2.edu/GraduateStudent58}, {X=http://www.Department2.University2.edu/UndergraduateStudent274}, {X=http://www.Department2.University2.edu/UndergraduateStudent258}, {X=http://www.Department2.University2.edu/UndergraduateStudent177}, {X=http://www.Department2.University2.edu/GraduateStudent75}, {X=http://www.Department2.University2.edu/UndergraduateStudent101}, {X=http://www.Department2.University2.edu/UndergraduateStudent140}, {X=http://www.Department2.University2.edu/UndergraduateStudent90}, {X=http://www.Department2.University2.edu/UndergraduateStudent135}, {X=http://www.Department2.University2.edu/GraduateStudent35}, {X=http://www.Department2.University2.edu/GraduateStudent71}, {X=http://www.Department2.University2.edu/UndergraduateStudent186}, {X=http://www.Department2.University2.edu/UndergraduateStudent312}, {X=http://www.Department2.University2.edu/UndergraduateStudent341}, {X=http://www.Department2.University2.edu/UndergraduateStudent342}, {X=http://www.Department2.University2.edu/UndergraduateStudent158}, {X=http://www.Department2.University2.edu/UndergraduateStudent171}, {X=http://www.Department2.University2.edu/UndergraduateStudent300}, {X=http://www.Department2.University2.edu/UndergraduateStudent165}, {X=http://www.Department2.University2.edu/UndergraduateStudent151}, {X=http://www.Department2.University2.edu/UndergraduateStudent88}, {X=http://www.Department2.University2.edu/UndergraduateStudent194}, {X=http://www.Department2.University2.edu/UndergraduateStudent169}, {X=http://www.Department2.University2.edu/GraduateStudent3}, {X=http://www.Department2.University2.edu/UndergraduateStudent302}, {X=http://www.Department2.University2.edu/UndergraduateStudent231}, {X=http://www.Department2.University2.edu/UndergraduateStudent264}, {X=http://www.Department2.University2.edu/UndergraduateStudent247}, {X=http://www.Department2.University2.edu/GraduateStudent55}, {X=http://www.Department2.University2.edu/GraduateStudent1}, {X=http://www.Department2.University2.edu/UndergraduateStudent283}, {X=http://www.Department2.University2.edu/UndergraduateStudent191}, {X=http://www.Department2.University2.edu/UndergraduateStudent75}, {X=http://www.Department2.University2.edu/GraduateStudent70}, {X=http://www.Department2.University2.edu/UndergraduateStudent98}, {X=http://www.Department2.University2.edu/UndergraduateStudent204}, {X=http://www.Department2.University2.edu/GraduateStudent44}, {X=http://www.Department2.University2.edu/UndergraduateStudent356}, {X=http://www.Department2.University2.edu/UndergraduateStudent277}, {X=http://www.Department2.University2.edu/UndergraduateStudent360}, {X=http://www.Department2.University2.edu/UndergraduateStudent2}, {X=http://www.Department2.University2.edu/UndergraduateStudent282}, {X=http://www.Department2.University2.edu/UndergraduateStudent224}, {X=http://www.Department2.University2.edu/UndergraduateStudent84}, {X=http://www.Department2.University2.edu/GraduateStudent20}, {X=http://www.Department2.University2.edu/UndergraduateStudent281}, {X=http://www.Department2.University2.edu/GraduateStudent39}, {X=http://www.Department2.University2.edu/UndergraduateStudent19}, {X=http://www.Department2.University2.edu/UndergraduateStudent68}, {X=http://www.Department2.University2.edu/UndergraduateStudent323}, {X=http://www.Department2.University2.edu/GraduateStudent102}, {X=http://www.Department2.University2.edu/GraduateStudent81}, {X=http://www.Department2.University2.edu/UndergraduateStudent154}, {X=http://www.Department2.University2.edu/GraduateStudent48}, {X=http://www.Department2.University2.edu/UndergraduateStudent152}, {X=http://www.Department2.University2.edu/UndergraduateStudent329}, {X=http://www.Department2.University2.edu/UndergraduateStudent21}, {X=http://www.Department2.University2.edu/UndergraduateStudent159}, {X=http://www.Department2.University2.edu/GraduateStudent15}, {X=http://www.Department2.University2.edu/UndergraduateStudent99}, {X=http://www.Department2.University2.edu/UndergraduateStudent292}, {X=http://www.Department2.University2.edu/UndergraduateStudent242}, {X=http://www.Department2.University2.edu/UndergraduateStudent343}, {X=http://www.Department2.University2.edu/UndergraduateStudent238}, {X=http://www.Department2.University2.edu/GraduateStudent23}, {X=http://www.Department2.University2.edu/UndergraduateStudent187}, {X=http://www.Department2.University2.edu/GraduateStudent100}, {X=http://www.Department2.University2.edu/UndergraduateStudent143}, {X=http://www.Department2.University2.edu/UndergraduateStudent174}, {X=http://www.Department2.University2.edu/GraduateStudent2}, {X=http://www.Department2.University2.edu/UndergraduateStudent234}, {X=http://www.Department2.University2.edu/UndergraduateStudent150}, {X=http://www.Department2.University2.edu/UndergraduateStudent164}, {X=http://www.Department2.University2.edu/UndergraduateStudent241}, {X=http://www.Department2.University2.edu/UndergraduateStudent126}, {X=http://www.Department2.University2.edu/UndergraduateStudent225}, {X=http://www.Department2.University2.edu/UndergraduateStudent185}, {X=http://www.Department2.University2.edu/UndergraduateStudent196}, {X=http://www.Department2.University2.edu/GraduateStudent118}, {X=http://www.Department2.University2.edu/UndergraduateStudent113}, {X=http://www.Department2.University2.edu/UndergraduateStudent279}, {X=http://www.Department2.University2.edu/UndergraduateStudent305}, {X=http://www.Department2.University2.edu/UndergraduateStudent130}, {X=http://www.Department2.University2.edu/GraduateStudent37}, {X=http://www.Department2.University2.edu/GraduateStudent61}, {X=http://www.Department2.University2.edu/UndergraduateStudent246}, {X=http://www.Department2.University2.edu/GraduateStudent72}, {X=http://www.Department2.University2.edu/UndergraduateStudent294}, {X=http://www.Department2.University2.edu/UndergraduateStudent278}, {X=http://www.Department2.University2.edu/UndergraduateStudent270}, {X=http://www.Department2.University2.edu/UndergraduateStudent89}, {X=http://www.Department2.University2.edu/UndergraduateStudent284}, {X=http://www.Department2.University2.edu/GraduateStudent0}, {X=http://www.Department2.University2.edu/UndergraduateStudent213}, {X=http://www.Department2.University2.edu/UndergraduateStudent349}, {X=http://www.Department2.University2.edu/UndergraduateStudent263}, {X=http://www.Department2.University2.edu/GraduateStudent24}, {X=http://www.Department2.University2.edu/UndergraduateStudent176}, {X=http://www.Department2.University2.edu/UndergraduateStudent39}, {X=http://www.Department2.University2.edu/UndergraduateStudent124}, {X=http://www.Department2.University2.edu/UndergraduateStudent52}, {X=http://www.Department2.University2.edu/UndergraduateStudent354}, {X=http://www.Department2.University2.edu/UndergraduateStudent48}, {X=http://www.Department2.University2.edu/GraduateStudent83}, {X=http://www.Department2.University2.edu/GraduateStudent130}, {X=http://www.Department2.University2.edu/UndergraduateStudent61}, {X=http://www.Department2.University2.edu/UndergraduateStudent16}, {X=http://www.Department2.University2.edu/UndergraduateStudent319}, {X=http://www.Department2.University2.edu/GraduateStudent98}, {X=http://www.Department2.University2.edu/UndergraduateStudent71}, {X=http://www.Department2.University2.edu/UndergraduateStudent35}, {X=http://www.Department2.University2.edu/GraduateStudent120}, {X=http://www.Department2.University2.edu/UndergraduateStudent156}, {X=http://www.Department2.University2.edu/UndergraduateStudent153}, {X=http://www.Department2.University2.edu/UndergraduateStudent118}, {X=http://www.Department2.University2.edu/GraduateStudent90}, {X=http://www.Department2.University2.edu/GraduateStudent59}, {X=http://www.Department2.University2.edu/GraduateStudent43}, {X=http://www.Department2.University2.edu/UndergraduateStudent317}, {X=http://www.Department2.University2.edu/UndergraduateStudent121}, {X=http://www.Department2.University2.edu/UndergraduateStudent144}, {X=http://www.Department2.University2.edu/UndergraduateStudent251}, {X=http://www.Department2.University2.edu/UndergraduateStudent141}, {X=http://www.Department2.University2.edu/UndergraduateStudent265}, {X=http://www.Department2.University2.edu/GraduateStudent115}, {X=http://www.Department2.University2.edu/UndergraduateStudent268}, {X=http://www.Department2.University2.edu/GraduateStudent66}, {X=http://www.Department2.University2.edu/UndergraduateStudent310}, {X=http://www.Department2.University2.edu/GraduateStudent5}, {X=http://www.Department2.University2.edu/UndergraduateStudent248}, {X=http://www.Department2.University2.edu/UndergraduateStudent183}, {X=http://www.Department2.University2.edu/UndergraduateStudent94}, {X=http://www.Department2.University2.edu/GraduateStudent69}, {X=http://www.Department2.University2.edu/GraduateStudent73}, {X=http://www.Department2.University2.edu/UndergraduateStudent138}, {X=http://www.Department2.University2.edu/UndergraduateStudent37}, {X=http://www.Department2.University2.edu/UndergraduateStudent291}, {X=http://www.Department2.University2.edu/UndergraduateStudent233}, {X=http://www.Department2.University2.edu/UndergraduateStudent212}, {X=http://www.Department2.University2.edu/UndergraduateStudent55}, {X=http://www.Department2.University2.edu/UndergraduateStudent91}, {X=http://www.Department2.University2.edu/UndergraduateStudent222}, {X=http://www.Department2.University2.edu/UndergraduateStudent309}, {X=http://www.Department2.University2.edu/UndergraduateStudent332}, {X=http://www.Department2.University2.edu/GraduateStudent131}, {X=http://www.Department2.University2.edu/GraduateStudent53}, {X=http://www.Department2.University2.edu/GraduateStudent112}, {X=http://www.Department2.University2.edu/UndergraduateStudent73}, {X=http://www.Department2.University2.edu/UndergraduateStudent7}, {X=http://www.Department2.University2.edu/UndergraduateStudent92}, {X=http://www.Department2.University2.edu/UndergraduateStudent116}, {X=http://www.Department2.University2.edu/UndergraduateStudent201}, {X=http://www.Department2.University2.edu/UndergraduateStudent85}, {X=http://www.Department2.University2.edu/GraduateStudent29}, {X=http://www.Department2.University2.edu/UndergraduateStudent227}, {X=http://www.Department2.University2.edu/UndergraduateStudent240}, {X=http://www.Department2.University2.edu/UndergraduateStudent3}, {X=http://www.Department2.University2.edu/UndergraduateStudent197}, {X=http://www.Department2.University2.edu/UndergraduateStudent123}, {X=http://www.Department2.University2.edu/UndergraduateStudent311}, {X=http://www.Department2.University2.edu/GraduateStudent51}, {X=http://www.Department2.University2.edu/UndergraduateStudent285}, {X=http://www.Department2.University2.edu/UndergraduateStudent333}, {X=http://www.Department2.University2.edu/GraduateStudent8}, {X=http://www.Department2.University2.edu/GraduateStudent132}, {X=http://www.Department2.University2.edu/UndergraduateStudent218}, {X=http://www.Department2.University2.edu/GraduateStudent121}, {X=http://www.Department2.University2.edu/GraduateStudent127}, {X=http://www.Department2.University2.edu/UndergraduateStudent25}, {X=http://www.Department2.University2.edu/UndergraduateStudent254}, {X=http://www.Department2.University2.edu/GraduateStudent108}, {X=http://www.Department2.University2.edu/UndergraduateStudent47}, {X=http://www.Department2.University2.edu/GraduateStudent16}, {X=http://www.Department2.University2.edu/GraduateStudent21}, {X=http://www.Department2.University2.edu/UndergraduateStudent221}, {X=http://www.Department2.University2.edu/GraduateStudent10}, {X=http://www.Department2.University2.edu/UndergraduateStudent219}, {X=http://www.Department2.University2.edu/UndergraduateStudent24}, {X=http://www.Department2.University2.edu/UndergraduateStudent297}, {X=http://www.Department2.University2.edu/UndergraduateStudent330}, {X=http://www.Department2.University2.edu/UndergraduateStudent308}, {X=http://www.Department2.University2.edu/UndergraduateStudent128}, {X=http://www.Department2.University2.edu/UndergraduateStudent358}, {X=http://www.Department2.University2.edu/UndergraduateStudent13}, {X=http://www.Department2.University2.edu/GraduateStudent129}, {X=http://www.Department2.University2.edu/UndergraduateStudent253}, {X=http://www.Department2.University2.edu/UndergraduateStudent29}, {X=http://www.Department2.University2.edu/UndergraduateStudent193}, {X=http://www.Department2.University2.edu/GraduateStudent46}, {X=http://www.Department2.University2.edu/UndergraduateStudent122}, {X=http://www.Department2.University2.edu/UndergraduateStudent56}, {X=http://www.Department2.University2.edu/GraduateStudent125}, {X=http://www.Department2.University2.edu/UndergraduateStudent202}, {X=http://www.Department2.University2.edu/GraduateStudent86}, {X=http://www.Department2.University2.edu/UndergraduateStudent262}, {X=http://www.Department2.University2.edu/UndergraduateStudent148}, {X=http://www.Department2.University2.edu/UndergraduateStudent163}, {X=http://www.Department2.University2.edu/UndergraduateStudent76}, {X=http://www.Department2.University2.edu/GraduateStudent64}, {X=http://www.Department2.University2.edu/GraduateStudent27}, {X=http://www.Department2.University2.edu/UndergraduateStudent351}, {X=http://www.Department2.University2.edu/UndergraduateStudent78}, {X=http://www.Department2.University2.edu/GraduateStudent49}, {X=http://www.Department2.University2.edu/UndergraduateStudent36}, {X=http://www.Department2.University2.edu/UndergraduateStudent338}, {X=http://www.Department2.University2.edu/UndergraduateStudent339}, {X=http://www.Department2.University2.edu/GraduateStudent87}, {X=http://www.Department2.University2.edu/UndergraduateStudent167}, {X=http://www.Department2.University2.edu/GraduateStudent119}, {X=http://www.Department2.University2.edu/UndergraduateStudent72}, {X=http://www.Department2.University2.edu/GraduateStudent97}, {X=http://www.Department2.University2.edu/UndergraduateStudent77}, {X=http://www.Department2.University2.edu/GraduateStudent54}, {X=http://www.Department2.University2.edu/UndergraduateStudent9}, {X=http://www.Department2.University2.edu/UndergraduateStudent65}, {X=http://www.Department2.University2.edu/UndergraduateStudent208}, {X=http://www.Department2.University2.edu/UndergraduateStudent11}, {X=http://www.Department2.University2.edu/GraduateStudent128}, {X=http://www.Department2.University2.edu/UndergraduateStudent322}, {X=http://www.Department2.University2.edu/GraduateStudent89}, {X=http://www.Department2.University2.edu/UndergraduateStudent134}, {X=http://www.Department2.University2.edu/UndergraduateStudent28}, {X=http://www.Department2.University2.edu/GraduateStudent25}, {X=http://www.Department2.University2.edu/UndergraduateStudent335}, {X=http://www.Department2.University2.edu/UndergraduateStudent288}, {X=http://www.Department2.University2.edu/GraduateStudent76}, {X=http://www.Department2.University2.edu/UndergraduateStudent125}, {X=http://www.Department2.University2.edu/UndergraduateStudent97}, {X=http://www.Department2.University2.edu/UndergraduateStudent137}, {X=http://www.Department2.University2.edu/GraduateStudent28}, {X=http://www.Department2.University2.edu/UndergraduateStudent162}, {X=http://www.Department2.University2.edu/UndergraduateStudent293}, {X=http://www.Department2.University2.edu/UndergraduateStudent328}, {X=http://www.Department2.University2.edu/UndergraduateStudent350}, {X=http://www.Department2.University2.edu/UndergraduateStudent269}, {X=http://www.Department2.University2.edu/UndergraduateStudent64}, {X=http://www.Department2.University2.edu/UndergraduateStudent245}, {X=http://www.Department2.University2.edu/UndergraduateStudent272}, {X=http://www.Department2.University2.edu/UndergraduateStudent95}, {X=http://www.Department2.University2.edu/UndergraduateStudent109}, {X=http://www.Department2.University2.edu/UndergraduateStudent179}, {X=http://www.Department2.University2.edu/GraduateStudent63}, {X=http://www.Department2.University2.edu/GraduateStudent19}, {X=http://www.Department2.University2.edu/GraduateStudent22}, {X=http://www.Department2.University2.edu/UndergraduateStudent4}, {X=http://www.Department2.University2.edu/GraduateStudent12}, {X=http://www.Department2.University2.edu/UndergraduateStudent280}, {X=http://www.Department2.University2.edu/UndergraduateStudent38}, {X=http://www.Department2.University2.edu/UndergraduateStudent93}, {X=http://www.Department2.University2.edu/UndergraduateStudent58}, {X=http://www.Department2.University2.edu/UndergraduateStudent223}, {X=http://www.Department2.University2.edu/UndergraduateStudent146}, {X=http://www.Department2.University2.edu/UndergraduateStudent32}, {X=http://www.Department2.University2.edu/UndergraduateStudent220}, {X=http://www.Department2.University2.edu/GraduateStudent82}, {X=http://www.Department2.University2.edu/UndergraduateStudent286}, {X=http://www.Department2.University2.edu/UndergraduateStudent295}, {X=http://www.Department2.University2.edu/UndergraduateStudent267}, {X=http://www.Department2.University2.edu/GraduateStudent4}, {X=http://www.Department2.University2.edu/UndergraduateStudent355}, {X=http://www.Department2.University2.edu/UndergraduateStudent34}, {X=http://www.Department2.University2.edu/UndergraduateStudent320}, {X=http://www.Department2.University2.edu/UndergraduateStudent321}, {X=http://www.Department2.University2.edu/GraduateStudent60}, {X=http://www.Department2.University2.edu/UndergraduateStudent275}, {X=http://www.Department2.University2.edu/GraduateStudent26}, {X=http://www.Department2.University2.edu/UndergraduateStudent318}, {X=http://www.Department2.University2.edu/UndergraduateStudent57}, {X=http://www.Department2.University2.edu/GraduateStudent106}, {X=http://www.Department2.University2.edu/UndergraduateStudent115}, {X=http://www.Department2.University2.edu/GraduateStudent38}, {X=http://www.Department2.University2.edu/GraduateStudent34}, {X=http://www.Department2.University2.edu/UndergraduateStudent147}, {X=http://www.Department2.University2.edu/UndergraduateStudent46}, {X=http://www.Department2.University2.edu/UndergraduateStudent79}, {X=http://www.Department2.University2.edu/UndergraduateStudent63}, {X=http://www.Department2.University2.edu/UndergraduateStudent256}, {X=http://www.Department2.University2.edu/UndergraduateStudent336}, {X=http://www.Department2.University2.edu/GraduateStudent42}, {X=http://www.Department2.University2.edu/UndergraduateStudent214}, {X=http://www.Department2.University2.edu/GraduateStudent92}, {X=http://www.Department2.University2.edu/UndergraduateStudent313}, {X=http://www.Department2.University2.edu/UndergraduateStudent42}, {X=http://www.Department2.University2.edu/UndergraduateStudent100}, {X=http://www.Department2.University2.edu/UndergraduateStudent83}, {X=http://www.Department2.University2.edu/UndergraduateStudent69}, {X=http://www.Department2.University2.edu/GraduateStudent91}, {X=http://www.Department2.University2.edu/UndergraduateStudent20}, {X=http://www.Department2.University2.edu/UndergraduateStudent111}, {X=http://www.Department2.University2.edu/UndergraduateStudent190}, {X=http://www.Department2.University2.edu/UndergraduateStudent87}, {X=http://www.Department2.University2.edu/UndergraduateStudent5}, {X=http://www.Department2.University2.edu/UndergraduateStudent189}, {X=http://www.Department2.University2.edu/GraduateStudent30}, {X=http://www.Department2.University2.edu/GraduateStudent32}, {X=http://www.Department2.University2.edu/UndergraduateStudent331}, {X=http://www.Department2.University2.edu/GraduateStudent65}, {X=http://www.Department2.University2.edu/UndergraduateStudent226}, {X=http://www.Department2.University2.edu/UndergraduateStudent132}, {X=http://www.Department2.University2.edu/UndergraduateStudent44}, {X=http://www.Department2.University2.edu/UndergraduateStudent33}, {X=http://www.Department2.University2.edu/GraduateStudent7}, {X=http://www.Department2.University2.edu/UndergraduateStudent166}, {X=http://www.Department2.University2.edu/UndergraduateStudent74}, {X=http://www.Department2.University2.edu/UndergraduateStudent207}, {X=http://www.Department2.University2.edu/UndergraduateStudent244}, {X=http://www.Department2.University2.edu/UndergraduateStudent175}, {X=http://www.Department2.University2.edu/UndergraduateStudent45}, {X=http://www.Department2.University2.edu/GraduateStudent93}, {X=http://www.Department2.University2.edu/UndergraduateStudent127}, {X=http://www.Department2.University2.edu/UndergraduateStudent8}, {X=http://www.Department2.University2.edu/UndergraduateStudent53}, {X=http://www.Department2.University2.edu/UndergraduateStudent200}, {X=http://www.Department2.University2.edu/UndergraduateStudent232}, {X=http://www.Department2.University2.edu/UndergraduateStudent273}, {X=http://www.Department2.University2.edu/GraduateStudent79}, {X=http://www.Department2.University2.edu/GraduateStudent94}, {X=http://www.Department2.University2.edu/UndergraduateStudent353}, {X=http://www.Department2.University2.edu/GraduateStudent95}, {X=http://www.Department2.University2.edu/UndergraduateStudent18}, {X=http://www.Department2.University2.edu/GraduateStudent110}, {X=http://www.Department2.University2.edu/UndergraduateStudent334}, {X=http://www.Department2.University2.edu/UndergraduateStudent27}, {X=http://www.Department2.University2.edu/UndergraduateStudent250}, {X=http://www.Department2.University2.edu/UndergraduateStudent30}, {X=http://www.Department2.University2.edu/UndergraduateStudent289}, {X=http://www.Department2.University2.edu/UndergraduateStudent257}, {X=http://www.Department2.University2.edu/UndergraduateStudent155}, {X=http://www.Department2.University2.edu/UndergraduateStudent327}, {X=http://www.Department2.University2.edu/UndergraduateStudent66}, {X=http://www.Department2.University2.edu/UndergraduateStudent229}, {X=http://www.Department2.University2.edu/UndergraduateStudent346}, {X=http://www.Department2.University2.edu/UndergraduateStudent180}, {X=http://www.Department2.University2.edu/GraduateStudent105}, {X=http://www.Department2.University2.edu/GraduateStudent77}, {X=http://www.Department2.University2.edu/UndergraduateStudent17}, {X=http://www.Department2.University2.edu/GraduateStudent78}, {X=http://www.Department2.University2.edu/UndergraduateStudent81}, {X=http://www.Department2.University2.edu/UndergraduateStudent228}, {X=http://www.Department2.University2.edu/UndergraduateStudent49}, {X=http://www.Department2.University2.edu/GraduateStudent45}, {X=http://www.Department2.University2.edu/UndergraduateStudent216}, {X=http://www.Department2.University2.edu/UndergraduateStudent142}, {X=http://www.Department2.University2.edu/UndergraduateStudent261}, {X=http://www.Department2.University2.edu/GraduateStudent11}, {X=http://www.Department2.University2.edu/UndergraduateStudent168}, {X=http://www.Department2.University2.edu/UndergraduateStudent0}, {X=http://www.Department2.University2.edu/UndergraduateStudent266}, {X=http://www.Department2.University2.edu/UndergraduateStudent345}, {X=http://www.Department2.University2.edu/GraduateStudent18}, {X=http://www.Department2.University2.edu/GraduateStudent6}, {X=http://www.Department2.University2.edu/UndergraduateStudent198}, {X=http://www.Department2.University2.edu/UndergraduateStudent110}, {X=http://www.Department2.University2.edu/UndergraduateStudent195}, {X=http://www.Department2.University2.edu/UndergraduateStudent260}, {X=http://www.Department2.University2.edu/UndergraduateStudent307}, {X=http://www.Department2.University2.edu/UndergraduateStudent314}, {X=http://www.Department2.University2.edu/UndergraduateStudent296}, {X=http://www.Department2.University2.edu/GraduateStudent13}, {X=http://www.Department2.University2.edu/UndergraduateStudent344}, {X=http://www.Department2.University2.edu/UndergraduateStudent22}, {X=http://www.Department2.University2.edu/UndergraduateStudent170}, {X=http://www.Department2.University2.edu/UndergraduateStudent108}, {X=http://www.Department2.University2.edu/UndergraduateStudent103}, {X=http://www.Department2.University2.edu/UndergraduateStudent304}, {X=http://www.Department2.University2.edu/GraduateStudent36}, {X=http://www.Department2.University2.edu/UndergraduateStudent230}, {X=http://www.Department2.University2.edu/UndergraduateStudent41}, {X=http://www.Department2.University2.edu/UndergraduateStudent131}, {X=http://www.Department2.University2.edu/UndergraduateStudent255}, {X=http://www.Department2.University2.edu/UndergraduateStudent290}, {X=http://www.Department2.University2.edu/GraduateStudent74}, {X=http://www.Department2.University2.edu/GraduateStudent114}, {X=http://www.Department2.University2.edu/UndergraduateStudent86}, {X=http://www.Department2.University2.edu/GraduateStudent14}, {X=http://www.Department2.University2.edu/UndergraduateStudent235}, {X=http://www.Department2.University2.edu/UndergraduateStudent188}, {X=http://www.Department2.University2.edu/UndergraduateStudent203}, {X=http://www.Department2.University2.edu/UndergraduateStudent15}, {X=http://www.Department2.University2.edu/UndergraduateStudent62}, {X=http://www.Department2.University2.edu/UndergraduateStudent82}, {X=http://www.Department2.University2.edu/UndergraduateStudent276}, {X=http://www.Department2.University2.edu/UndergraduateStudent217}, {X=http://www.Department2.University2.edu/UndergraduateStudent215}, {X=http://www.Department2.University2.edu/UndergraduateStudent112}, {X=http://www.Department2.University2.edu/GraduateStudent113}, {X=http://www.Department2.University2.edu/UndergraduateStudent106}, {X=http://www.Department2.University2.edu/GraduateStudent47}, {X=http://www.Department2.University2.edu/UndergraduateStudent259}, {X=http://www.Department2.University2.edu/UndergraduateStudent12}, {X=http://www.Department2.University2.edu/GraduateStudent104}, {X=http://www.Department2.University2.edu/UndergraduateStudent23}, {X=http://www.Department2.University2.edu/GraduateStudent124}, {X=http://www.Department2.University2.edu/UndergraduateStudent6}, {X=http://www.Department2.University2.edu/UndergraduateStudent206}, {X=http://www.Department2.University2.edu/GraduateStudent117}, {X=http://www.Department2.University2.edu/UndergraduateStudent315}, {X=http://www.Department2.University2.edu/UndergraduateStudent172}, {X=http://www.Department2.University2.edu/UndergraduateStudent145}, {X=http://www.Department2.University2.edu/UndergraduateStudent252}, {X=http://www.Department2.University2.edu/UndergraduateStudent192}, {X=http://www.Department2.University2.edu/UndergraduateStudent199}, {X=http://www.Department2.University2.edu/GraduateStudent57}, {X=http://www.Department2.University2.edu/GraduateStudent101}, {X=http://www.Department2.University2.edu/UndergraduateStudent26}, {X=http://www.Department2.University2.edu/UndergraduateStudent173}, {X=http://www.Department2.University2.edu/GraduateStudent103}, {X=http://www.Department2.University2.edu/UndergraduateStudent160}, {X=http://www.Department2.University2.edu/UndergraduateStudent184}, {X=http://www.Department2.University2.edu/UndergraduateStudent326}, {X=http://www.Department2.University2.edu/GraduateStudent33}, {X=http://www.Department2.University2.edu/GraduateStudent111}, {X=http://www.Department2.University2.edu/UndergraduateStudent271}, {X=http://www.Department2.University2.edu/UndergraduateStudent287}, {X=http://www.Department2.University2.edu/GraduateStudent88}, {X=http://www.Department2.University2.edu/UndergraduateStudent80}, {X=http://www.Department2.University2.edu/UndergraduateStudent359}, {X=http://www.Department2.University2.edu/GraduateStudent123}, {X=http://www.Department2.University2.edu/GraduateStudent116}, {X=http://www.Department2.University2.edu/UndergraduateStudent239}, {X=http://www.Department2.University2.edu/GraduateStudent68}, {X=http://www.Department2.University2.edu/UndergraduateStudent96}, {X=http://www.Department2.University2.edu/UndergraduateStudent178}, {X=http://www.Department2.University2.edu/UndergraduateStudent157}, {X=http://www.Department2.University2.edu/UndergraduateStudent105}, {X=http://www.Department2.University2.edu/GraduateStudent122}, {X=http://www.Department2.University2.edu/UndergraduateStudent50}, {X=http://www.Department2.University2.edu/UndergraduateStudent316}, {X=http://www.Department2.University2.edu/UndergraduateStudent303}, {X=http://www.Department2.University2.edu/UndergraduateStudent181}, {X=http://www.Department2.University2.edu/UndergraduateStudent243}, {X=http://www.Department2.University2.edu/UndergraduateStudent301}, {X=http://www.Department2.University2.edu/UndergraduateStudent120}, {X=http://www.Department2.University2.edu/UndergraduateStudent14}, {X=http://www.Department2.University2.edu/GraduateStudent126}, {X=http://www.Department2.University2.edu/GraduateStudent9}, {X=http://www.Department2.University2.edu/UndergraduateStudent205}, {X=http://www.Department2.University2.edu/GraduateStudent31}, {X=http://www.Department2.University2.edu/UndergraduateStudent347}, {X=http://www.Department2.University2.edu/UndergraduateStudent133}, {X=http://www.Department2.University2.edu/UndergraduateStudent136}, {X=http://www.Department2.University2.edu/UndergraduateStudent40}, {X=http://www.Department2.University2.edu/GraduateStudent109}, {X=http://www.Department2.University2.edu/UndergraduateStudent325}, {X=http://www.Department2.University2.edu/UndergraduateStudent210}, {X=http://www.Department2.University2.edu/UndergraduateStudent139}, {X=http://www.Department2.University2.edu/UndergraduateStudent114}, {X=http://www.Department2.University2.edu/GraduateStudent99}, {X=http://www.Department2.University2.edu/GraduateStudent50}, {X=http://www.Department2.University2.edu/UndergraduateStudent298}, {X=http://www.Department2.University2.edu/UndergraduateStudent31}, {X=http://www.Department2.University2.edu/UndergraduateStudent249}, {X=http://www.Department2.University2.edu/UndergraduateStudent60}, {X=http://www.Department2.University2.edu/UndergraduateStudent149}, {X=http://www.Department2.University2.edu/UndergraduateStudent352}, {X=http://www.Department2.University2.edu/UndergraduateStudent236}, {X=http://www.Department2.University2.edu/UndergraduateStudent211}, {X=http://www.Department2.University2.edu/GraduateStudent96}, {X=http://www.Department2.University2.edu/UndergraduateStudent107}, {X=http://www.Department2.University2.edu/GraduateStudent52}, {X=http://www.Department2.University2.edu/GraduateStudent85}, {X=http://www.Department2.University2.edu/UndergraduateStudent54}, {X=http://www.Department2.University2.edu/GraduateStudent56}, {X=http://www.Department2.University2.edu/UndergraduateStudent237}, {X=http://www.Department2.University2.edu/UndergraduateStudent306}, {X=http://www.Department2.University2.edu/GraduateStudent62}, {X=http://www.Department2.University2.edu/GraduateStudent40}, {X=http://www.Department2.University2.edu/GraduateStudent84}, {X=http://www.Department2.University2.edu/UndergraduateStudent340}, {X=http://www.Department2.University2.edu/UndergraduateStudent67}, {X=http://www.Department2.University2.edu/UndergraduateStudent70}, {X=http://www.Department2.University2.edu/UndergraduateStudent299}, {X=http://www.Department2.University2.edu/UndergraduateStudent129}, {X=http://www.Department2.University2.edu/UndergraduateStudent161}, {X=http://www.Department2.University2.edu/UndergraduateStudent348}, {X=http://www.Department2.University2.edu/UndergraduateStudent10}, {X=http://www.Department2.University2.edu/UndergraduateStudent357}, {X=http://www.Department2.University2.edu/GraduateStudent17}, {X=http://www.Department2.University2.edu/UndergraduateStudent59}, {X=http://www.Department2.University2.edu/UndergraduateStudent209}, {X=http://www.Department2.University2.edu/UndergraduateStudent1}, {X=http://www.Department2.University2.edu/UndergraduateStudent337}, {X=http://www.Department2.University2.edu/UndergraduateStudent104}, {X=http://www.Department2.University2.edu/GraduateStudent80}, {X=http://www.Department2.University2.edu/GraduateStudent67}, {X=http://www.Department2.University2.edu/UndergraduateStudent43}, {X=http://www.Department2.University2.edu/GraduateStudent41}, {X=http://www.Department2.University2.edu/UndergraduateStudent102}, {X=http://www.Department2.University2.edu/UndergraduateStudent117}, {X=http://www.Department2.University2.edu/UndergraduateStudent182}, {X=http://www.Department2.University2.edu/UndergraduateStudent324}, {X=http://www.Department2.University2.edu/UndergraduateStudent51}, {X=http://www.Department2.University2.edu/UndergraduateStudent119}, {X=http://www.Department2.University2.edu/GraduateStudent107}, {X=http://www.Department2.University2.edu/GraduateStudent58}, {X=http://www.Department2.University2.edu/UndergraduateStudent274}, {X=http://www.Department2.University2.edu/UndergraduateStudent258}, {X=http://www.Department2.University2.edu/UndergraduateStudent177}, {X=http://www.Department2.University2.edu/GraduateStudent75}, {X=http://www.Department2.University2.edu/UndergraduateStudent101}, {X=http://www.Department2.University2.edu/UndergraduateStudent140}, {X=http://www.Department2.University2.edu/UndergraduateStudent90}, {X=http://www.Department2.University2.edu/UndergraduateStudent135}, {X=http://www.Department2.University2.edu/GraduateStudent35}, {X=http://www.Department2.University2.edu/GraduateStudent71}, {X=http://www.Department2.University2.edu/UndergraduateStudent186}, {X=http://www.Department2.University2.edu/UndergraduateStudent312}, {X=http://www.Department2.University2.edu/UndergraduateStudent341}, {X=http://www.Department2.University2.edu/UndergraduateStudent342}, {X=http://www.Department2.University2.edu/UndergraduateStudent158}, {X=http://www.Department2.University2.edu/UndergraduateStudent171}, {X=http://www.Department2.University2.edu/UndergraduateStudent300}, {X=http://www.Department2.University2.edu/UndergraduateStudent165}, {X=http://www.Department2.University2.edu/UndergraduateStudent151}, {X=http://www.Department2.University2.edu/UndergraduateStudent88}, {X=http://www.Department2.University2.edu/UndergraduateStudent194}, {X=http://www.Department2.University2.edu/UndergraduateStudent169}, {X=http://www.Department2.University2.edu/GraduateStudent3}, {X=http://www.Department2.University2.edu/UndergraduateStudent302}, {X=http://www.Department2.University2.edu/UndergraduateStudent231}, {X=http://www.Department2.University2.edu/UndergraduateStudent264}, {X=http://www.Department2.University2.edu/UndergraduateStudent247}, {X=http://www.Department2.University2.edu/GraduateStudent55}, {X=http://www.Department2.University2.edu/GraduateStudent1}, {X=http://www.Department2.University2.edu/UndergraduateStudent283}, {X=http://www.Department2.University2.edu/UndergraduateStudent191}, {X=http://www.Department2.University2.edu/UndergraduateStudent75}, {X=http://www.Department2.University2.edu/GraduateStudent70}, {X=http://www.Department2.University2.edu/UndergraduateStudent98}, {X=http://www.Department2.University2.edu/UndergraduateStudent204}, {X=http://www.Department2.University2.edu/GraduateStudent44}, {X=http://www.Department2.University2.edu/UndergraduateStudent356}, {X=http://www.Department2.University2.edu/UndergraduateStudent277}, {X=http://www.Department2.University2.edu/UndergraduateStudent360}, {X=http://www.Department2.University2.edu/UndergraduateStudent2}, {X=http://www.Department2.University2.edu/UndergraduateStudent282}, {X=http://www.Department2.University2.edu/UndergraduateStudent224}, {X=http://www.Department2.University2.edu/UndergraduateStudent84}, {X=http://www.Department2.University2.edu/GraduateStudent20}, {X=http://www.Department2.University2.edu/UndergraduateStudent281}, {X=http://www.Department2.University2.edu/GraduateStudent39}, {X=http://www.Department2.University2.edu/UndergraduateStudent19}, {X=http://www.Department2.University2.edu/UndergraduateStudent68}, {X=http://www.Department2.University2.edu/UndergraduateStudent323}, {X=http://www.Department2.University2.edu/GraduateStudent102}, {X=http://www.Department2.University2.edu/GraduateStudent81}, {X=http://www.Department2.University2.edu/UndergraduateStudent154}, {X=http://www.Department2.University2.edu/GraduateStudent48}, {X=http://www.Department2.University2.edu/UndergraduateStudent152}, {X=http://www.Department2.University2.edu/UndergraduateStudent329}, {X=http://www.Department2.University2.edu/UndergraduateStudent21}, {X=http://www.Department2.University2.edu/UndergraduateStudent159}, {X=http://www.Department2.University2.edu/GraduateStudent15}, {X=http://www.Department2.University2.edu/UndergraduateStudent99}, {X=http://www.Department2.University2.edu/UndergraduateStudent292}, {X=http://www.Department2.University2.edu/UndergraduateStudent242}, {X=http://www.Department2.University2.edu/UndergraduateStudent343}, {X=http://www.Department2.University2.edu/UndergraduateStudent238}, {X=http://www.Department2.University2.edu/GraduateStudent23}, {X=http://www.Department2.University2.edu/UndergraduateStudent187}, {X=http://www.Department2.University2.edu/GraduateStudent100}, {X=http://www.Department2.University2.edu/UndergraduateStudent143}, {X=http://www.Department2.University2.edu/UndergraduateStudent174}, {X=http://www.Department2.University2.edu/GraduateStudent2}, {X=http://www.Department2.University2.edu/UndergraduateStudent234}, {X=http://www.Department2.University2.edu/UndergraduateStudent150}, {X=http://www.Department2.University2.edu/UndergraduateStudent164}, {X=http://www.Department2.University2.edu/UndergraduateStudent241}, {X=http://www.Department2.University2.edu/UndergraduateStudent126}, {X=http://www.Department2.University2.edu/UndergraduateStudent225}, {X=http://www.Department2.University2.edu/UndergraduateStudent185}, {X=http://www.Department2.University2.edu/UndergraduateStudent196}, {X=http://www.Department2.University2.edu/GraduateStudent118}, {X=http://www.Department2.University2.edu/UndergraduateStudent113}, {X=http://www.Department2.University2.edu/UndergraduateStudent279}, {X=http://www.Department2.University2.edu/UndergraduateStudent305}, {X=http://www.Department2.University2.edu/UndergraduateStudent130}, {X=http://www.Department2.University2.edu/GraduateStudent37}, {X=http://www.Department2.University2.edu/GraduateStudent61}, {X=http://www.Department2.University2.edu/UndergraduateStudent246}, {X=http://www.Department2.University2.edu/GraduateStudent72}, {X=http://www.Department2.University2.edu/UndergraduateStudent294}, {X=http://www.Department2.University2.edu/UndergraduateStudent278}, {X=http://www.Department2.University2.edu/UndergraduateStudent270}, {X=http://www.Department2.University2.edu/UndergraduateStudent89}, {X=http://www.Department2.University2.edu/UndergraduateStudent284}, {X=http://www.Department2.University2.edu/GraduateStudent0}, {X=http://www.Department2.University2.edu/UndergraduateStudent213}, {X=http://www.Department2.University2.edu/UndergraduateStudent349}, {X=http://www.Department2.University2.edu/UndergraduateStudent263}, {X=http://www.Department2.University2.edu/GraduateStudent24}, {X=http://www.Department2.University2.edu/UndergraduateStudent176}, {X=http://www.Department2.University2.edu/UndergraduateStudent39}, {X=http://www.Department2.University2.edu/UndergraduateStudent124}, {X=http://www.Department2.University2.edu/UndergraduateStudent52}, {X=http://www.Department2.University2.edu/UndergraduateStudent354}, {X=http://www.Department2.University2.edu/UndergraduateStudent48}, {X=http://www.Department2.University2.edu/GraduateStudent83}, {X=http://www.Department2.University2.edu/GraduateStudent130}, {X=http://www.Department2.University2.edu/UndergraduateStudent61}, {X=http://www.Department2.University2.edu/UndergraduateStudent16}, {X=http://www.Department2.University2.edu/UndergraduateStudent319}, {X=http://www.Department2.University2.edu/GraduateStudent98}, {X=http://www.Department2.University2.edu/UndergraduateStudent71}, {X=http://www.Department2.University2.edu/UndergraduateStudent35}, {X=http://www.Department2.University2.edu/GraduateStudent120}, {X=http://www.Department2.University2.edu/UndergraduateStudent156}, {X=http://www.Department2.University2.edu/UndergraduateStudent153}, {X=http://www.Department2.University2.edu/UndergraduateStudent118}, {X=http://www.Department2.University2.edu/GraduateStudent90}, {X=http://www.Department2.University2.edu/GraduateStudent59}, {X=http://www.Department2.University2.edu/GraduateStudent43}, {X=http://www.Department2.University2.edu/UndergraduateStudent317}, {X=http://www.Department2.University2.edu/UndergraduateStudent121}, {X=http://www.Department2.University2.edu/UndergraduateStudent144}, {X=http://www.Department2.University2.edu/UndergraduateStudent251}, {X=http://www.Department2.University2.edu/UndergraduateStudent141}, {X=http://www.Department2.University2.edu/UndergraduateStudent265}, {X=http://www.Department2.University2.edu/GraduateStudent115}, {X=http://www.Department2.University2.edu/UndergraduateStudent268}, {X=http://www.Department2.University2.edu/GraduateStudent66}, {X=http://www.Department2.University2.edu/UndergraduateStudent310}, {X=http://www.Department2.University2.edu/GraduateStudent5}, {X=http://www.Department2.University2.edu/UndergraduateStudent248}, {X=http://www.Department2.University2.edu/UndergraduateStudent183}, {X=http://www.Department2.University2.edu/UndergraduateStudent94}, {X=http://www.Department2.University2.edu/GraduateStudent69}, {X=http://www.Department2.University2.edu/GraduateStudent73}, {X=http://www.Department2.University2.edu/UndergraduateStudent138}, {X=http://www.Department2.University2.edu/UndergraduateStudent37}, {X=http://www.Department2.University2.edu/UndergraduateStudent291}, {X=http://www.Department2.University2.edu/UndergraduateStudent233}, {X=http://www.Department2.University2.edu/UndergraduateStudent212}, {X=http://www.Department2.University2.edu/UndergraduateStudent55}, {X=http://www.Department2.University2.edu/UndergraduateStudent91}, {X=http://www.Department2.University2.edu/UndergraduateStudent222}, {X=http://www.Department2.University2.edu/UndergraduateStudent309}, {X=http://www.Department2.University2.edu/UndergraduateStudent332}, {X=http://www.Department2.University2.edu/GraduateStudent131}, {X=http://www.Department2.University2.edu/GraduateStudent53}, {X=http://www.Department2.University2.edu/GraduateStudent112}, {X=http://www.Department2.University2.edu/UndergraduateStudent73}, {X=http://www.Department2.University2.edu/UndergraduateStudent7}, {X=http://www.Department2.University2.edu/UndergraduateStudent92}, {X=http://www.Department2.University2.edu/UndergraduateStudent116}, {X=http://www.Department2.University2.edu/UndergraduateStudent201}, {X=http://www.Department2.University2.edu/UndergraduateStudent85}, {X=http://www.Department2.University2.edu/GraduateStudent29}, {X=http://www.Department2.University2.edu/UndergraduateStudent227}, {X=http://www.Department2.University2.edu/UndergraduateStudent240}, {X=http://www.Department2.University2.edu/UndergraduateStudent3}, {X=http://www.Department2.University2.edu/UndergraduateStudent197}, {X=http://www.Department2.University2.edu/UndergraduateStudent123}, {X=http://www.Department2.University2.edu/UndergraduateStudent311}, {X=http://www.Department2.University2.edu/GraduateStudent51}, {X=http://www.Department2.University2.edu/UndergraduateStudent285}, {X=http://www.Department2.University2.edu/UndergraduateStudent333}, {X=http://www.Department2.University2.edu/GraduateStudent8}, {X=http://www.Department2.University2.edu/GraduateStudent132}, {X=http://www.Department2.University2.edu/UndergraduateStudent218}, {X=http://www.Department2.University2.edu/GraduateStudent121}, {X=http://www.Department2.University2.edu/GraduateStudent127}, {X=http://www.Department2.University2.edu/UndergraduateStudent25}, {X=http://www.Department2.University2.edu/UndergraduateStudent254}, {X=http://www.Department2.University2.edu/GraduateStudent108}, {X=http://www.Department2.University2.edu/UndergraduateStudent47}, {X=http://www.Department2.University2.edu/GraduateStudent16}, {X=http://www.Department2.University2.edu/GraduateStudent21}, {X=http://www.Department2.University2.edu/UndergraduateStudent221}, {X=http://www.Department2.University2.edu/GraduateStudent10}, {X=http://www.Department2.University2.edu/UndergraduateStudent219}, {X=http://www.Department2.University2.edu/UndergraduateStudent24}, {X=http://www.Department2.University2.edu/UndergraduateStudent297}, {X=http://www.Department2.University2.edu/UndergraduateStudent330}, {X=http://www.Department2.University2.edu/UndergraduateStudent308}, {X=http://www.Department2.University2.edu/UndergraduateStudent128}, {X=http://www.Department2.University2.edu/UndergraduateStudent358}, {X=http://www.Department2.University2.edu/UndergraduateStudent13}, {X=http://www.Department2.University2.edu/GraduateStudent129}, {X=http://www.Department2.University2.edu/UndergraduateStudent253}, {X=http://www.Department2.University2.edu/UndergraduateStudent29}, {X=http://www.Department2.University2.edu/UndergraduateStudent193}, {X=http://www.Department2.University2.edu/GraduateStudent46}, {X=http://www.Department2.University2.edu/UndergraduateStudent122}, {X=http://www.Department2.University2.edu/UndergraduateStudent56}, {X=http://www.Department2.University2.edu/GraduateStudent125}, {X=http://www.Department2.University2.edu/UndergraduateStudent202}, {X=http://www.Department2.University2.edu/GraduateStudent86}, {X=http://www.Department2.University2.edu/UndergraduateStudent262}, {X=http://www.Department2.University2.edu/UndergraduateStudent148}, {X=http://www.Department2.University2.edu/UndergraduateStudent163}, {X=http://www.Department2.University2.edu/UndergraduateStudent76}, {X=http://www.Department2.University2.edu/GraduateStudent64}, {X=http://www.Department2.University2.edu/GraduateStudent27}, {X=http://www.Department2.University2.edu/UndergraduateStudent351}, {X=http://www.Department2.University2.edu/UndergraduateStudent78}, {X=http://www.Department2.University2.edu/GraduateStudent49}, {X=http://www.Department2.University2.edu/UndergraduateStudent36}, {X=http://www.Department2.University2.edu/UndergraduateStudent338}, {X=http://www.Department2.University2.edu/UndergraduateStudent339}, {X=http://www.Department2.University2.edu/GraduateStudent87}, {X=http://www.Department2.University2.edu/UndergraduateStudent167}, {X=http://www.Department2.University2.edu/GraduateStudent119}, {X=http://www.Department2.University2.edu/UndergraduateStudent72}, {X=http://www.Department2.University2.edu/GraduateStudent97}, {X=http://www.Department2.University2.edu/UndergraduateStudent77}, {X=http://www.Department2.University2.edu/GraduateStudent54}, {X=http://www.Department2.University2.edu/UndergraduateStudent9}, {X=http://www.Department2.University2.edu/UndergraduateStudent65}, {X=http://www.Department2.University2.edu/UndergraduateStudent208}, {X=http://www.Department2.University2.edu/UndergraduateStudent11}, {X=http://www.Department2.University2.edu/GraduateStudent128}, {X=http://www.Department2.University2.edu/UndergraduateStudent322}, {X=http://www.Department2.University2.edu/GraduateStudent89}, {X=http://www.Department2.University2.edu/UndergraduateStudent134}, {X=http://www.Department2.University2.edu/UndergraduateStudent28}, {X=http://www.Department2.University2.edu/GraduateStudent25}, {X=http://www.Department2.University2.edu/UndergraduateStudent335}, {X=http://www.Department2.University2.edu/UndergraduateStudent288}, {X=http://www.Department2.University2.edu/GraduateStudent76}, {X=http://www.Department2.University2.edu/UndergraduateStudent125}, {X=http://www.Department2.University2.edu/UndergraduateStudent97}, {X=http://www.Department2.University2.edu/UndergraduateStudent137}, {X=http://www.Department2.University2.edu/GraduateStudent28}, {X=http://www.Department2.University2.edu/UndergraduateStudent162}, {X=http://www.Department2.University2.edu/UndergraduateStudent293}, {X=http://www.Department2.University2.edu/UndergraduateStudent328}, {X=http://www.Department2.University2.edu/UndergraduateStudent350}, {X=http://www.Department2.University2.edu/UndergraduateStudent269}, {X=http://www.Department2.University2.edu/UndergraduateStudent64}, {X=http://www.Department2.University2.edu/UndergraduateStudent245}, {X=http://www.Department2.University2.edu/UndergraduateStudent272}, {X=http://www.Department2.University2.edu/UndergraduateStudent95}, {X=http://www.Department2.University2.edu/UndergraduateStudent109}, {X=http://www.Department2.University2.edu/UndergraduateStudent179}, {X=http://www.Department2.University2.edu/GraduateStudent63}, {X=http://www.Department2.University2.edu/GraduateStudent19}, {X=http://www.Department2.University2.edu/GraduateStudent22}, {X=http://www.Department2.University2.edu/UndergraduateStudent4}, {X=http://www.Department2.University2.edu/GraduateStudent12}, {X=http://www.Department2.University2.edu/UndergraduateStudent280}, {X=http://www.Department2.University2.edu/UndergraduateStudent38}, {X=http://www.Department2.University2.edu/UndergraduateStudent93}, {X=http://www.Department2.University2.edu/UndergraduateStudent58}, {X=http://www.Department2.University2.edu/UndergraduateStudent223}, {X=http://www.Department2.University2.edu/UndergraduateStudent146}, {X=http://www.Department2.University2.edu/UndergraduateStudent32}, {X=http://www.Department2.University2.edu/UndergraduateStudent220}, {X=http://www.Department2.University2.edu/GraduateStudent82}, {X=http://www.Department2.University2.edu/UndergraduateStudent286}, {X=http://www.Department2.University2.edu/UndergraduateStudent295}, {X=http://www.Department2.University2.edu/UndergraduateStudent267}, {X=http://www.Department2.University2.edu/GraduateStudent4}, {X=http://www.Department2.University2.edu/UndergraduateStudent355}, {X=http://www.Department2.University2.edu/UndergraduateStudent34}, {X=http://www.Department2.University2.edu/UndergraduateStudent320}, {X=http://www.Department2.University2.edu/UndergraduateStudent321}, {X=http://www.Department2.University2.edu/GraduateStudent60}, {X=http://www.Department2.University2.edu/UndergraduateStudent275}, {X=http://www.Department2.University2.edu/GraduateStudent26}, {X=http://www.Department2.University2.edu/UndergraduateStudent318}, {X=http://www.Department2.University2.edu/UndergraduateStudent57}, {X=http://www.Department2.University2.edu/GraduateStudent106}, {X=http://www.Department2.University2.edu/UndergraduateStudent115}, {X=http://www.Department2.University2.edu/GraduateStudent38}, {X=http://www.Department2.University2.edu/GraduateStudent34}, {X=http://www.Department2.University2.edu/UndergraduateStudent147}, {X=http://www.Department2.University2.edu/UndergraduateStudent46}, {X=http://www.Department2.University2.edu/UndergraduateStudent79}, {X=http://www.Department2.University2.edu/UndergraduateStudent63}, {X=http://www.Department2.University2.edu/UndergraduateStudent256}, {X=http://www.Department2.University2.edu/UndergraduateStudent336}, {X=http://www.Department2.University2.edu/GraduateStudent42}, {X=http://www.Department2.University2.edu/UndergraduateStudent214}, {X=http://www.Department2.University2.edu/GraduateStudent92}, {X=http://www.Department2.University2.edu/UndergraduateStudent313}, {X=http://www.Department2.University2.edu/UndergraduateStudent42}, {X=http://www.Department2.University2.edu/UndergraduateStudent100}, {X=http://www.Department2.University2.edu/UndergraduateStudent83}, {X=http://www.Department2.University2.edu/UndergraduateStudent69}, {X=http://www.Department2.University2.edu/GraduateStudent91}, {X=http://www.Department2.University2.edu/UndergraduateStudent20}, {X=http://www.Department2.University2.edu/UndergraduateStudent111}, {X=http://www.Department2.University2.edu/UndergraduateStudent190}, {X=http://www.Department2.University2.edu/UndergraduateStudent87}, {X=http://www.Department2.University2.edu/UndergraduateStudent5}, {X=http://www.Department2.University2.edu/UndergraduateStudent189}, {X=http://www.Department2.University2.edu/GraduateStudent30}, {X=http://www.Department2.University2.edu/GraduateStudent32}, {X=http://www.Department2.University2.edu/UndergraduateStudent331}, {X=http://www.Department2.University2.edu/GraduateStudent65}, {X=http://www.Department2.University2.edu/UndergraduateStudent226}, {X=http://www.Department2.University2.edu/UndergraduateStudent132}, {X=http://www.Department2.University2.edu/UndergraduateStudent44}, {X=http://www.Department2.University2.edu/UndergraduateStudent33}, {X=http://www.Department2.University2.edu/GraduateStudent7}, {X=http://www.Department2.University2.edu/UndergraduateStudent166}, {X=http://www.Department2.University2.edu/UndergraduateStudent74}, {X=http://www.Department2.University2.edu/UndergraduateStudent207}, {X=http://www.Department2.University2.edu/UndergraduateStudent244}, {X=http://www.Department2.University2.edu/UndergraduateStudent175}, {X=http://www.Department2.University2.edu/UndergraduateStudent45}, {X=http://www.Department2.University2.edu/GraduateStudent93}, {X=http://www.Department2.University2.edu/UndergraduateStudent127}, {X=http://www.Department2.University2.edu/UndergraduateStudent8}, {X=http://www.Department2.University2.edu/UndergraduateStudent53}, {X=http://www.Department2.University2.edu/UndergraduateStudent200}, {X=http://www.Department2.University2.edu/UndergraduateStudent232}, {X=http://www.Department2.University2.edu/UndergraduateStudent273}, {X=http://www.Department2.University2.edu/GraduateStudent79}, {X=http://www.Department2.University2.edu/GraduateStudent94}, {X=http://www.Department2.University2.edu/UndergraduateStudent353}, {X=http://www.Department2.University2.edu/GraduateStudent95}, {X=http://www.Department2.University2.edu/UndergraduateStudent18}, {X=http://www.Department2.University2.edu/GraduateStudent110}, {X=http://www.Department2.University2.edu/UndergraduateStudent334}, {X=http://www.Department2.University2.edu/UndergraduateStudent27}, {X=http://www.Department2.University2.edu/UndergraduateStudent250}, {X=http://www.Department2.University2.edu/UndergraduateStudent30}, {X=http://www.Department2.University2.edu/UndergraduateStudent289}, {X=http://www.Department2.University2.edu/UndergraduateStudent257}, {X=http://www.Department2.University2.edu/UndergraduateStudent155}, {X=http://www.Department2.University2.edu/UndergraduateStudent327}, {X=http://www.Department2.University2.edu/UndergraduateStudent66}, {X=http://www.Department2.University2.edu/UndergraduateStudent229}, {X=http://www.Department2.University2.edu/UndergraduateStudent346}, {X=http://www.Department2.University2.edu/UndergraduateStudent180}, {X=http://www.Department2.University2.edu/GraduateStudent105}, {X=http://www.Department2.University2.edu/GraduateStudent77}, {X=http://www.Department2.University2.edu/UndergraduateStudent17}, {X=http://www.Department2.University2.edu/GraduateStudent78}, {X=http://www.Department2.University2.edu/UndergraduateStudent81}, {X=http://www.Department2.University2.edu/UndergraduateStudent228}, {X=http://www.Department2.University2.edu/UndergraduateStudent49}, {X=http://www.Department2.University2.edu/GraduateStudent45}, {X=http://www.Department2.University2.edu/UndergraduateStudent216}, {X=http://www.Department2.University2.edu/UndergraduateStudent142}, {X=http://www.Department2.University2.edu/UndergraduateStudent261}, {X=http://www.Department2.University2.edu/GraduateStudent11}, {X=http://www.Department2.University2.edu/UndergraduateStudent168}, {X=http://www.Department2.University2.edu/UndergraduateStudent0}, {X=http://www.Department2.University2.edu/UndergraduateStudent266}, {X=http://www.Department2.University2.edu/UndergraduateStudent345}, {X=http://www.Department2.University2.edu/GraduateStudent18}, {X=http://www.Department2.University2.edu/GraduateStudent6}, {X=http://www.Department2.University2.edu/UndergraduateStudent198}, {X=http://www.Department2.University2.edu/UndergraduateStudent110}, {X=http://www.Department2.University2.edu/UndergraduateStudent195}, {X=http://www.Department2.University2.edu/UndergraduateStudent260}, {X=http://www.Department2.University2.edu/UndergraduateStudent307}, {X=http://www.Department2.University2.edu/UndergraduateStudent314}, {X=http://www.Department2.University2.edu/UndergraduateStudent296}, {X=http://www.Department2.University2.edu/GraduateStudent13}, {X=http://www.Department2.University2.edu/UndergraduateStudent344}, {X=http://www.Department2.University2.edu/UndergraduateStudent22}, {X=http://www.Department2.University2.edu/UndergraduateStudent170}, {X=http://www.Department2.University2.edu/UndergraduateStudent108}, {X=http://www.Department2.University2.edu/UndergraduateStudent103}, {X=http://www.Department2.University2.edu/UndergraduateStudent304}, {X=http://www.Department2.University2.edu/GraduateStudent36}, {X=http://www.Department2.University2.edu/UndergraduateStudent230}, {X=http://www.Department2.University2.edu/UndergraduateStudent41}, {X=http://www.Department2.University2.edu/UndergraduateStudent131}, {X=http://www.Department2.University2.edu/UndergraduateStudent255}, {X=http://www.Department2.University2.edu/UndergraduateStudent290}, {X=http://www.Department2.University2.edu/GraduateStudent74}, {X=http://www.Department2.University2.edu/GraduateStudent114}, {X=http://www.Department2.University2.edu/UndergraduateStudent86}, {X=http://www.Department2.University2.edu/GraduateStudent14}, {X=http://www.Department2.University2.edu/UndergraduateStudent235}, {X=http://www.Department2.University2.edu/UndergraduateStudent188}, {X=http://www.Department2.University2.edu/UndergraduateStudent203}, {X=http://www.Department2.University2.edu/UndergraduateStudent15}, {X=http://www.Department2.University2.edu/UndergraduateStudent62}, {X=http://www.Department2.University2.edu/UndergraduateStudent82}, {X=http://www.Department2.University2.edu/UndergraduateStudent276}, {X=http://www.Department2.University2.edu/UndergraduateStudent217}, {X=http://www.Department2.University2.edu/UndergraduateStudent215}, {X=http://www.Department2.University2.edu/UndergraduateStudent112}, {X=http://www.Department2.University2.edu/GraduateStudent113}, {X=http://www.Department2.University2.edu/UndergraduateStudent106}, {X=http://www.Department2.University2.edu/GraduateStudent47}, {X=http://www.Department2.University2.edu/UndergraduateStudent259}, {X=http://www.Department2.University2.edu/UndergraduateStudent12}, {X=http://www.Department2.University2.edu/GraduateStudent104}, {X=http://www.Department2.University2.edu/UndergraduateStudent23}, {X=http://www.Department2.University2.edu/GraduateStudent124}, {X=http://www.Department2.University2.edu/UndergraduateStudent6}, {X=http://www.Department2.University2.edu/UndergraduateStudent206}, {X=http://www.Department2.University2.edu/GraduateStudent117}, {X=http://www.Department2.University2.edu/UndergraduateStudent315}, {X=http://www.Department2.University2.edu/UndergraduateStudent172}, {X=http://www.Department2.University2.edu/UndergraduateStudent145}, {X=http://www.Department2.University2.edu/UndergraduateStudent252}, {X=http://www.Department2.University2.edu/UndergraduateStudent192}, {X=http://www.Department2.University2.edu/UndergraduateStudent199}, {X=http://www.Department2.University2.edu/GraduateStudent57}, {X=http://www.Department2.University2.edu/GraduateStudent101}, {X=http://www.Department2.University2.edu/UndergraduateStudent26}, {X=http://www.Department2.University2.edu/UndergraduateStudent173}, {X=http://www.Department2.University2.edu/GraduateStudent103}, {X=http://www.Department2.University2.edu/UndergraduateStudent160}, {X=http://www.Department2.University2.edu/UndergraduateStudent184}, {X=http://www.Department2.University2.edu/UndergraduateStudent326}, {X=http://www.Department2.University2.edu/GraduateStudent33}, {X=http://www.Department2.University2.edu/GraduateStudent111}, {X=http://www.Department2.University2.edu/UndergraduateStudent271}, {X=http://www.Department2.University2.edu/UndergraduateStudent287}, {X=http://www.Department2.University2.edu/GraduateStudent88}, {X=http://www.Department2.University2.edu/UndergraduateStudent80}, {X=http://www.Department2.University2.edu/UndergraduateStudent359}, {X=http://www.Department2.University2.edu/GraduateStudent123}, {X=http://www.Department2.University2.edu/GraduateStudent116}, {X=http://www.Department2.University2.edu/UndergraduateStudent239}, {X=http://www.Department2.University2.edu/GraduateStudent68}, {X=http://www.Department2.University2.edu/UndergraduateStudent96}, {X=http://www.Department2.University2.edu/UndergraduateStudent178}, {X=http://www.Department2.University2.edu/UndergraduateStudent157}, {X=http://www.Department2.University2.edu/UndergraduateStudent105}, {X=http://www.Department2.University2.edu/GraduateStudent122}, {X=http://www.Department2.University2.edu/UndergraduateStudent50}, {X=http://www.Department2.University2.edu/UndergraduateStudent316}, {X=http://www.Department2.University2.edu/UndergraduateStudent303}, {X=http://www.Department2.University2.edu/UndergraduateStudent181}, {X=http://www.Department2.University2.edu/UndergraduateStudent243}, {X=http://www.Department2.University2.edu/UndergraduateStudent301}, {X=http://www.Department2.University2.edu/UndergraduateStudent120}, {X=http://www.Department2.University2.edu/UndergraduateStudent14}, {X=http://www.Department2.University2.edu/GraduateStudent126}, {X=http://www.Department2.University2.edu/GraduateStudent9}, {X=http://www.Department2.University2.edu/UndergraduateStudent205}, {X=http://www.Department2.University2.edu/GraduateStudent31}, {X=http://www.Department2.University2.edu/UndergraduateStudent347}, {X=http://www.Department2.University2.edu/UndergraduateStudent133}, {X=http://www.Department2.University2.edu/UndergraduateStudent136}, {X=http://www.Department2.University2.edu/UndergraduateStudent40}, {X=http://www.Department2.University2.edu/GraduateStudent109}, {X=http://www.Department2.University2.edu/UndergraduateStudent325}, {X=http://www.Department2.University2.edu/UndergraduateStudent210}, {X=http://www.Department2.University2.edu/UndergraduateStudent139}, {X=http://www.Department2.University2.edu/UndergraduateStudent114}, {X=http://www.Department2.University2.edu/GraduateStudent99}, {X=http://www.Department2.University2.edu/GraduateStudent50}, {X=http://www.Department2.University2.edu/UndergraduateStudent298}, {X=http://www.Department2.University2.edu/UndergraduateStudent31}, {X=http://www.Department2.University2.edu/UndergraduateStudent249}, {X=http://www.Department2.University2.edu/UndergraduateStudent60}, {X=http://www.Department2.University2.edu/UndergraduateStudent149}, {X=http://www.Department2.University2.edu/UndergraduateStudent352}, {X=http://www.Department2.University2.edu/UndergraduateStudent236}, {X=http://www.Department2.University2.edu/UndergraduateStudent211}, {X=http://www.Department2.University2.edu/GraduateStudent96}, {X=http://www.Department2.University2.edu/UndergraduateStudent107}, {X=http://www.Department2.University2.edu/GraduateStudent52}, {X=http://www.Department2.University2.edu/GraduateStudent85}, {X=http://www.Department2.University2.edu/UndergraduateStudent54}, {X=http://www.Department2.University2.edu/GraduateStudent56}, {X=http://www.Department2.University2.edu/UndergraduateStudent237}, {X=http://www.Department2.University2.edu/UndergraduateStudent306}, {X=http://www.Department2.University2.edu/GraduateStudent62}, {X=http://www.Department2.University2.edu/GraduateStudent40}, {X=http://www.Department2.University2.edu/GraduateStudent84}, {X=http://www.Department2.University2.edu/UndergraduateStudent340}, {X=http://www.Department2.University2.edu/UndergraduateStudent67}, {X=http://www.Department2.University2.edu/UndergraduateStudent70}, {X=http://www.Department2.University2.edu/UndergraduateStudent299}, {X=http://www.Department2.University2.edu/UndergraduateStudent129}, {X=http://www.Department2.University2.edu/UndergraduateStudent161}, {X=http://www.Department2.University2.edu/UndergraduateStudent348}, {X=http://www.Department2.University2.edu/UndergraduateStudent10}, {X=http://www.Department2.University2.edu/UndergraduateStudent357}, {X=http://www.Department2.University2.edu/GraduateStudent17}, {X=http://www.Department2.University2.edu/UndergraduateStudent59}, {X=http://www.Department2.University2.edu/UndergraduateStudent209}, {X=http://www.Department2.University2.edu/UndergraduateStudent1}, {X=http://www.Department2.University2.edu/UndergraduateStudent337}, {X=http://www.Department2.University2.edu/UndergraduateStudent104}, {X=http://www.Department2.University2.edu/GraduateStudent80}, {X=http://www.Department2.University2.edu/GraduateStudent67}, {X=http://www.Department2.University2.edu/UndergraduateStudent43}, {X=http://www.Department2.University2.edu/GraduateStudent41}, {X=http://www.Department2.University2.edu/UndergraduateStudent102}, {X=http://www.Department2.University2.edu/UndergraduateStudent117}, {X=http://www.Department2.University2.edu/UndergraduateStudent182}, {X=http://www.Department2.University2.edu/UndergraduateStudent324}, {X=http://www.Department2.University2.edu/UndergraduateStudent51}, {X=http://www.Department2.University2.edu/UndergraduateStudent119}, {X=http://www.Department2.University2.edu/GraduateStudent107}, {X=http://www.Department2.University2.edu/GraduateStudent58}, {X=http://www.Department2.University2.edu/UndergraduateStudent274}, {X=http://www.Department2.University2.edu/UndergraduateStudent258}, {X=http://www.Department2.University2.edu/UndergraduateStudent177}, {X=http://www.Department2.University2.edu/GraduateStudent75}, {X=http://www.Department2.University2.edu/UndergraduateStudent101}, {X=http://www.Department2.University2.edu/UndergraduateStudent140}, {X=http://www.Department2.University2.edu/UndergraduateStudent90}, {X=http://www.Department2.University2.edu/UndergraduateStudent135}, {X=http://www.Department2.University2.edu/GraduateStudent35}, {X=http://www.Department2.University2.edu/GraduateStudent71}, {X=http://www.Department2.University2.edu/UndergraduateStudent186}, {X=http://www.Department2.University2.edu/UndergraduateStudent312}, {X=http://www.Department2.University2.edu/UndergraduateStudent341}, {X=http://www.Department2.University2.edu/UndergraduateStudent342}, {X=http://www.Department2.University2.edu/UndergraduateStudent158}, {X=http://www.Department2.University2.edu/UndergraduateStudent171}, {X=http://www.Department2.University2.edu/UndergraduateStudent300}, {X=http://www.Department2.University2.edu/UndergraduateStudent165}, {X=http://www.Department2.University2.edu/UndergraduateStudent151}, {X=http://www.Department2.University2.edu/UndergraduateStudent88}, {X=http://www.Department2.University2.edu/UndergraduateStudent194}, {X=http://www.Department2.University2.edu/UndergraduateStudent169}, {X=http://www.Department2.University2.edu/GraduateStudent3}, {X=http://www.Department2.University2.edu/UndergraduateStudent302}, {X=http://www.Department2.University2.edu/UndergraduateStudent231}, {X=http://www.Department2.University2.edu/UndergraduateStudent264}, {X=http://www.Department2.University2.edu/UndergraduateStudent247}, {X=http://www.Department2.University2.edu/GraduateStudent55}, {X=http://www.Department2.University2.edu/GraduateStudent1}, {X=http://www.Department2.University2.edu/UndergraduateStudent283}, {X=http://www.Department2.University2.edu/UndergraduateStudent191}, {X=http://www.Department2.University2.edu/UndergraduateStudent75}, {X=http://www.Department2.University2.edu/GraduateStudent70}, {X=http://www.Department2.University2.edu/UndergraduateStudent98}, {X=http://www.Department2.University2.edu/UndergraduateStudent204}, {X=http://www.Department2.University2.edu/GraduateStudent44}, {X=http://www.Department2.University2.edu/UndergraduateStudent356}, {X=http://www.Department2.University2.edu/UndergraduateStudent277}, {X=http://www.Department2.University2.edu/UndergraduateStudent360}, {X=http://www.Department2.University2.edu/UndergraduateStudent2}, {X=http://www.Department2.University2.edu/UndergraduateStudent282}, {X=http://www.Department2.University2.edu/UndergraduateStudent224}, {X=http://www.Department2.University2.edu/UndergraduateStudent84}, {X=http://www.Department2.University2.edu/GraduateStudent20}, {X=http://www.Department2.University2.edu/UndergraduateStudent281}, {X=http://www.Department2.University2.edu/GraduateStudent39}, {X=http://www.Department2.University2.edu/UndergraduateStudent19}, {X=http://www.Department2.University2.edu/UndergraduateStudent68}, {X=http://www.Department2.University2.edu/UndergraduateStudent323}, {X=http://www.Department2.University2.edu/GraduateStudent102}, {X=http://www.Department2.University2.edu/GraduateStudent81}, {X=http://www.Department2.University2.edu/UndergraduateStudent154}, {X=http://www.Department2.University2.edu/GraduateStudent48}, {X=http://www.Department2.University2.edu/UndergraduateStudent152}, {X=http://www.Department2.University2.edu/UndergraduateStudent329}, {X=http://www.Department2.University2.edu/UndergraduateStudent21}, {X=http://www.Department2.University2.edu/UndergraduateStudent159}, {X=http://www.Department2.University2.edu/GraduateStudent15}, {X=http://www.Department2.University2.edu/UndergraduateStudent99}, {X=http://www.Department2.University2.edu/UndergraduateStudent292}, {X=http://www.Department2.University2.edu/UndergraduateStudent242}, {X=http://www.Department2.University2.edu/UndergraduateStudent343}, {X=http://www.Department2.University2.edu/UndergraduateStudent238}, {X=http://www.Department2.University2.edu/GraduateStudent23}, {X=http://www.Department2.University2.edu/UndergraduateStudent187}, {X=http://www.Department2.University2.edu/GraduateStudent100}, {X=http://www.Department2.University2.edu/UndergraduateStudent143}, {X=http://www.Department2.University2.edu/UndergraduateStudent174}, {X=http://www.Department2.University2.edu/GraduateStudent2}, {X=http://www.Department2.University2.edu/UndergraduateStudent234}, {X=http://www.Department2.University2.edu/UndergraduateStudent150}, {X=http://www.Department2.University2.edu/UndergraduateStudent164}, {X=http://www.Department2.University2.edu/UndergraduateStudent241}, {X=http://www.Department2.University2.edu/UndergraduateStudent126}, {X=http://www.Department2.University2.edu/UndergraduateStudent225}, {X=http://www.Department2.University2.edu/UndergraduateStudent185}, {X=http://www.Department2.University2.edu/UndergraduateStudent196}, {X=http://www.Department2.University2.edu/GraduateStudent118}, {X=http://www.Department2.University2.edu/UndergraduateStudent113}, {X=http://www.Department2.University2.edu/UndergraduateStudent279}, {X=http://www.Department2.University2.edu/UndergraduateStudent305}, {X=http://www.Department2.University2.edu/UndergraduateStudent130}, {X=http://www.Department2.University2.edu/GraduateStudent37}, {X=http://www.Department2.University2.edu/GraduateStudent61}, {X=http://www.Department2.University2.edu/UndergraduateStudent246}, {X=http://www.Department2.University2.edu/GraduateStudent72}, {X=http://www.Department2.University2.edu/UndergraduateStudent294}, {X=http://www.Department2.University2.edu/UndergraduateStudent278}, {X=http://www.Department2.University2.edu/UndergraduateStudent270}, {X=http://www.Department2.University2.edu/UndergraduateStudent89}, {X=http://www.Department2.University2.edu/UndergraduateStudent284}, {X=http://www.Department2.University2.edu/GraduateStudent0}, {X=http://www.Department2.University2.edu/UndergraduateStudent213}, {X=http://www.Department2.University2.edu/UndergraduateStudent349}, {X=http://www.Department2.University2.edu/UndergraduateStudent263}, {X=http://www.Department2.University2.edu/GraduateStudent24}, {X=http://www.Department2.University2.edu/UndergraduateStudent176}, {X=http://www.Department2.University2.edu/UndergraduateStudent39}, {X=http://www.Department2.University2.edu/UndergraduateStudent124}, {X=http://www.Department2.University2.edu/UndergraduateStudent52}, {X=http://www.Department2.University2.edu/UndergraduateStudent354}, {X=http://www.Department2.University2.edu/UndergraduateStudent48}, {X=http://www.Department2.University2.edu/GraduateStudent83}, {X=http://www.Department2.University2.edu/GraduateStudent130}, {X=http://www.Department2.University2.edu/UndergraduateStudent61}, {X=http://www.Department2.University2.edu/UndergraduateStudent16}, {X=http://www.Department2.University2.edu/UndergraduateStudent319}, {X=http://www.Department2.University2.edu/GraduateStudent98}, {X=http://www.Department2.University2.edu/UndergraduateStudent71}, {X=http://www.Department2.University2.edu/UndergraduateStudent35}, {X=http://www.Department2.University2.edu/GraduateStudent120}, {X=http://www.Department2.University2.edu/UndergraduateStudent156}, {X=http://www.Department2.University2.edu/UndergraduateStudent153}, {X=http://www.Department2.University2.edu/UndergraduateStudent118}, {X=http://www.Department2.University2.edu/GraduateStudent90}, {X=http://www.Department2.University2.edu/GraduateStudent59}, {X=http://www.Department2.University2.edu/GraduateStudent43}, {X=http://www.Department2.University2.edu/UndergraduateStudent317}, {X=http://www.Department2.University2.edu/UndergraduateStudent121}, {X=http://www.Department2.University2.edu/UndergraduateStudent144}, {X=http://www.Department2.University2.edu/UndergraduateStudent251}, {X=http://www.Department2.University2.edu/UndergraduateStudent141}, {X=http://www.Department2.University2.edu/UndergraduateStudent265}, {X=http://www.Department2.University2.edu/GraduateStudent115}, {X=http://www.Department2.University2.edu/UndergraduateStudent268}, {X=http://www.Department2.University2.edu/GraduateStudent66}, {X=http://www.Department2.University2.edu/UndergraduateStudent310}, {X=http://www.Department2.University2.edu/GraduateStudent5}, {X=http://www.Department2.University2.edu/UndergraduateStudent248}, {X=http://www.Department2.University2.edu/UndergraduateStudent183}, {X=http://www.Department2.University2.edu/UndergraduateStudent94}, {X=http://www.Department2.University2.edu/GraduateStudent69}, {X=http://www.Department2.University2.edu/GraduateStudent73}, {X=http://www.Department2.University2.edu/UndergraduateStudent138}, {X=http://www.Department2.University2.edu/UndergraduateStudent37}, {X=http://www.Department2.University2.edu/UndergraduateStudent291}, {X=http://www.Department2.University2.edu/UndergraduateStudent233}, {X=http://www.Department2.University2.edu/UndergraduateStudent212}, {X=http://www.Department2.University2.edu/UndergraduateStudent55}, {X=http://www.Department2.University2.edu/UndergraduateStudent91}, {X=http://www.Department2.University2.edu/UndergraduateStudent222}, {X=http://www.Department2.University2.edu/UndergraduateStudent309}, {X=http://www.Department2.University2.edu/UndergraduateStudent332}, {X=http://www.Department2.University2.edu/GraduateStudent131}, {X=http://www.Department2.University2.edu/GraduateStudent53}, {X=http://www.Department2.University2.edu/GraduateStudent112}, {X=http://www.Department2.University2.edu/UndergraduateStudent73}, {X=http://www.Department2.University2.edu/UndergraduateStudent7}, {X=http://www.Department2.University2.edu/UndergraduateStudent92}, {X=http://www.Department2.University2.edu/UndergraduateStudent116}, {X=http://www.Department2.University2.edu/UndergraduateStudent201}, {X=http://www.Department2.University2.edu/UndergraduateStudent85}, {X=http://www.Department2.University2.edu/GraduateStudent29}, {X=http://www.Department2.University2.edu/UndergraduateStudent227}, {X=http://www.Department2.University2.edu/UndergraduateStudent240}, {X=http://www.Department2.University2.edu/UndergraduateStudent3}, {X=http://www.Department2.University2.edu/UndergraduateStudent197}, {X=http://www.Department2.University2.edu/UndergraduateStudent123}, {X=http://www.Department2.University2.edu/UndergraduateStudent311}, {X=http://www.Department2.University2.edu/GraduateStudent51}, {X=http://www.Department2.University2.edu/UndergraduateStudent285}, {X=http://www.Department2.University2.edu/UndergraduateStudent333}, {X=http://www.Department2.University2.edu/GraduateStudent8}, {X=http://www.Department2.University2.edu/GraduateStudent132}, {X=http://www.Department2.University2.edu/UndergraduateStudent218}, {X=http://www.Department2.University2.edu/GraduateStudent121}, {X=http://www.Department2.University2.edu/GraduateStudent127}, {X=http://www.Department2.University2.edu/UndergraduateStudent25}, {X=http://www.Department2.University2.edu/UndergraduateStudent254}, {X=http://www.Department2.University2.edu/GraduateStudent108}, {X=http://www.Department2.University2.edu/UndergraduateStudent47}, {X=http://www.Department2.University2.edu/GraduateStudent16}, {X=http://www.Department2.University2.edu/GraduateStudent21}, {X=http://www.Department2.University2.edu/UndergraduateStudent221}, {X=http://www.Department2.University2.edu/GraduateStudent10}, {X=http://www.Department2.University2.edu/UndergraduateStudent219}, {X=http://www.Department2.University2.edu/UndergraduateStudent24}, {X=http://www.Department2.University2.edu/UndergraduateStudent297}, {X=http://www.Department2.University2.edu/UndergraduateStudent330}, {X=http://www.Department2.University2.edu/UndergraduateStudent308}, {X=http://www.Department2.University2.edu/UndergraduateStudent128}, {X=http://www.Department2.University2.edu/UndergraduateStudent358}, {X=http://www.Department2.University2.edu/UndergraduateStudent13}, {X=http://www.Department2.University2.edu/GraduateStudent129}, {X=http://www.Department2.University2.edu/UndergraduateStudent253}, {X=http://www.Department2.University2.edu/UndergraduateStudent29}, {X=http://www.Department2.University2.edu/UndergraduateStudent193}, {X=http://www.Department2.University2.edu/GraduateStudent46}, {X=http://www.Department2.University2.edu/UndergraduateStudent122}, {X=http://www.Department2.University2.edu/UndergraduateStudent56}, {X=http://www.Department2.University2.edu/GraduateStudent125}, {X=http://www.Department2.University2.edu/UndergraduateStudent202}, {X=http://www.Department2.University2.edu/GraduateStudent86}, {X=http://www.Department2.University2.edu/UndergraduateStudent262}, {X=http://www.Department2.University2.edu/UndergraduateStudent148}, {X=http://www.Department2.University2.edu/UndergraduateStudent163}, {X=http://www.Department2.University2.edu/UndergraduateStudent76}, {X=http://www.Department2.University2.edu/GraduateStudent64}, {X=http://www.Department2.University2.edu/GraduateStudent27}, {X=http://www.Department2.University2.edu/UndergraduateStudent351}, {X=http://www.Department2.University2.edu/UndergraduateStudent78}, {X=http://www.Department2.University2.edu/GraduateStudent49}, {X=http://www.Department2.University2.edu/UndergraduateStudent36}, {X=http://www.Department2.University2.edu/UndergraduateStudent338}, {X=http://www.Department2.University2.edu/UndergraduateStudent339}, {X=http://www.Department2.University2.edu/GraduateStudent87}, {X=http://www.Department2.University2.edu/UndergraduateStudent167}, {X=http://www.Department2.University2.edu/GraduateStudent119}, {X=http://www.Department2.University2.edu/UndergraduateStudent72}, {X=http://www.Department2.University2.edu/GraduateStudent97}, {X=http://www.Department2.University2.edu/UndergraduateStudent77}, {X=http://www.Department2.University2.edu/GraduateStudent54}, {X=http://www.Department2.University2.edu/UndergraduateStudent9}, {X=http://www.Department2.University2.edu/UndergraduateStudent65}, {X=http://www.Department2.University2.edu/UndergraduateStudent208}, {X=http://www.Department2.University2.edu/UndergraduateStudent11}, {X=http://www.Department2.University2.edu/GraduateStudent128}, {X=http://www.Department2.University2.edu/UndergraduateStudent322}, {X=http://www.Department2.University2.edu/GraduateStudent89}, {X=http://www.Department2.University2.edu/UndergraduateStudent134}, {X=http://www.Department2.University2.edu/UndergraduateStudent28}, {X=http://www.Department2.University2.edu/GraduateStudent25}, {X=http://www.Department2.University2.edu/UndergraduateStudent335}, {X=http://www.Department2.University2.edu/UndergraduateStudent288}, {X=http://www.Department2.University2.edu/GraduateStudent76}, {X=http://www.Department2.University2.edu/UndergraduateStudent125}, {X=http://www.Department2.University2.edu/UndergraduateStudent97}, {X=http://www.Department2.University2.edu/UndergraduateStudent137}, {X=http://www.Department2.University2.edu/GraduateStudent28}, {X=http://www.Department2.University2.edu/UndergraduateStudent162}, {X=http://www.Department2.University2.edu/UndergraduateStudent293}, {X=http://www.Department2.University2.edu/UndergraduateStudent328}, {X=http://www.Department2.University2.edu/UndergraduateStudent350}, {X=http://www.Department2.University2.edu/UndergraduateStudent269}, {X=http://www.Department2.University2.edu/UndergraduateStudent64}, {X=http://www.Department2.University2.edu/UndergraduateStudent245}, {X=http://www.Department2.University2.edu/UndergraduateStudent272}, {X=http://www.Department2.University2.edu/UndergraduateStudent95}, {X=http://www.Department2.University2.edu/UndergraduateStudent109}, {X=http://www.Department2.University2.edu/UndergraduateStudent179}, {X=http://www.Department2.University2.edu/GraduateStudent63}, {X=http://www.Department2.University2.edu/GraduateStudent19}, {X=http://www.Department2.University2.edu/GraduateStudent22}, {X=http://www.Department2.University2.edu/UndergraduateStudent4}, {X=http://www.Department2.University2.edu/GraduateStudent12}, {X=http://www.Department2.University2.edu/UndergraduateStudent280}, {X=http://www.Department2.University2.edu/UndergraduateStudent38}, {X=http://www.Department2.University2.edu/UndergraduateStudent93}, {X=http://www.Department2.University2.edu/UndergraduateStudent58}, {X=http://www.Department2.University2.edu/UndergraduateStudent223}, {X=http://www.Department2.University2.edu/UndergraduateStudent146}, {X=http://www.Department2.University2.edu/UndergraduateStudent32}, {X=http://www.Department2.University2.edu/UndergraduateStudent220}, {X=http://www.Department2.University2.edu/GraduateStudent82}, {X=http://www.Department2.University2.edu/UndergraduateStudent286}, {X=http://www.Department2.University2.edu/UndergraduateStudent295}, {X=http://www.Department2.University2.edu/UndergraduateStudent267}, {X=http://www.Department2.University2.edu/GraduateStudent4}, {X=http://www.Department2.University2.edu/UndergraduateStudent355}, {X=http://www.Department2.University2.edu/UndergraduateStudent34}, {X=http://www.Department2.University2.edu/UndergraduateStudent320}, {X=http://www.Department2.University2.edu/UndergraduateStudent321}, {X=http://www.Department2.University2.edu/GraduateStudent60}, {X=http://www.Department2.University2.edu/UndergraduateStudent275}, {X=http://www.Department2.University2.edu/GraduateStudent26}, {X=http://www.Department2.University2.edu/UndergraduateStudent318}, {X=http://www.Department2.University2.edu/UndergraduateStudent57}, {X=http://www.Department2.University2.edu/GraduateStudent106}, {X=http://www.Department2.University2.edu/UndergraduateStudent115}, {X=http://www.Department2.University2.edu/GraduateStudent38}, {X=http://www.Department2.University2.edu/GraduateStudent34}, {X=http://www.Department2.University2.edu/UndergraduateStudent147}, {X=http://www.Department2.University2.edu/UndergraduateStudent46}, {X=http://www.Department2.University2.edu/UndergraduateStudent79}, {X=http://www.Department2.University2.edu/UndergraduateStudent63}, {X=http://www.Department2.University2.edu/UndergraduateStudent256}, {X=http://www.Department2.University2.edu/UndergraduateStudent336}, {X=http://www.Department2.University2.edu/GraduateStudent42}, {X=http://www.Department2.University2.edu/UndergraduateStudent214}, {X=http://www.Department2.University2.edu/GraduateStudent92}, {X=http://www.Department2.University2.edu/UndergraduateStudent313}, {X=http://www.Department2.University2.edu/UndergraduateStudent42}, {X=http://www.Department2.University2.edu/UndergraduateStudent100}, {X=http://www.Department2.University2.edu/UndergraduateStudent83}, {X=http://www.Department2.University2.edu/UndergraduateStudent69}, {X=http://www.Department2.University2.edu/GraduateStudent91}, {X=http://www.Department2.University2.edu/UndergraduateStudent20}, {X=http://www.Department2.University2.edu/UndergraduateStudent111}, {X=http://www.Department2.University2.edu/UndergraduateStudent190}, {X=http://www.Department2.University2.edu/UndergraduateStudent87}, {X=http://www.Department2.University2.edu/UndergraduateStudent5}, {X=http://www.Department2.University2.edu/UndergraduateStudent189}, {X=http://www.Department2.University2.edu/GraduateStudent30}, {X=http://www.Department2.University2.edu/GraduateStudent32}, {X=http://www.Department2.University2.edu/UndergraduateStudent331}, {X=http://www.Department2.University2.edu/GraduateStudent65}, {X=http://www.Department2.University2.edu/UndergraduateStudent226}, {X=http://www.Department2.University2.edu/UndergraduateStudent132}, {X=http://www.Department2.University2.edu/UndergraduateStudent44}, {X=http://www.Department2.University2.edu/UndergraduateStudent33}, {X=http://www.Department2.University2.edu/GraduateStudent7}, {X=http://www.Department2.University2.edu/UndergraduateStudent166}, {X=http://www.Department2.University2.edu/UndergraduateStudent74}, {X=http://www.Department2.University2.edu/UndergraduateStudent207}, {X=http://www.Department2.University2.edu/UndergraduateStudent244}, {X=http://www.Department2.University2.edu/UndergraduateStudent175}, {X=http://www.Department2.University2.edu/UndergraduateStudent45}, {X=http://www.Department2.University2.edu/GraduateStudent93}, {X=http://www.Department2.University2.edu/UndergraduateStudent127}, {X=http://www.Department2.University2.edu/UndergraduateStudent8}, {X=http://www.Department2.University2.edu/UndergraduateStudent53}, {X=http://www.Department2.University2.edu/UndergraduateStudent200}, {X=http://www.Department2.University2.edu/UndergraduateStudent232}, {X=http://www.Department2.University2.edu/UndergraduateStudent273}, {X=http://www.Department2.University2.edu/GraduateStudent79}, {X=http://www.Department2.University2.edu/GraduateStudent94}, {X=http://www.Department2.University2.edu/UndergraduateStudent353}, {X=http://www.Department2.University2.edu/GraduateStudent95}, {X=http://www.Department2.University2.edu/UndergraduateStudent18}, {X=http://www.Department2.University2.edu/GraduateStudent110}, {X=http://www.Department2.University2.edu/UndergraduateStudent334}, {X=http://www.Department2.University2.edu/UndergraduateStudent27}, {X=http://www.Department2.University2.edu/UndergraduateStudent250}, {X=http://www.Department2.University2.edu/UndergraduateStudent30}, {X=http://www.Department2.University2.edu/UndergraduateStudent289}, {X=http://www.Department2.University2.edu/UndergraduateStudent257}, {X=http://www.Department2.University2.edu/UndergraduateStudent155}, {X=http://www.Department2.University2.edu/UndergraduateStudent327}, {X=http://www.Department2.University2.edu/UndergraduateStudent66}, {X=http://www.Department2.University2.edu/UndergraduateStudent229}, {X=http://www.Department2.University2.edu/UndergraduateStudent346}, {X=http://www.Department2.University2.edu/UndergraduateStudent180}, {X=http://www.Department2.University2.edu/GraduateStudent105}, {X=http://www.Department2.University2.edu/GraduateStudent77}, {X=http://www.Department2.University2.edu/UndergraduateStudent17}, {X=http://www.Department2.University2.edu/GraduateStudent78}, {X=http://www.Department2.University2.edu/UndergraduateStudent81}, {X=http://www.Department2.University2.edu/UndergraduateStudent228}, {X=http://www.Department2.University2.edu/UndergraduateStudent49}, {X=http://www.Department2.University2.edu/GraduateStudent45}, {X=http://www.Department2.University2.edu/UndergraduateStudent216}, {X=http://www.Department2.University2.edu/UndergraduateStudent142}, {X=http://www.Department2.University2.edu/UndergraduateStudent261}, {X=http://www.Department2.University2.edu/GraduateStudent11}, {X=http://www.Department2.University2.edu/UndergraduateStudent168}, {X=http://www.Department2.University2.edu/UndergraduateStudent0}, {X=http://www.Department2.University2.edu/UndergraduateStudent266}, {X=http://www.Department2.University2.edu/UndergraduateStudent345}, {X=http://www.Department2.University2.edu/GraduateStudent18}, {X=http://www.Department2.University2.edu/GraduateStudent6}, {X=http://www.Department2.University2.edu/UndergraduateStudent198}, {X=http://www.Department2.University2.edu/UndergraduateStudent110}, {X=http://www.Department2.University2.edu/UndergraduateStudent195}, {X=http://www.Department2.University2.edu/UndergraduateStudent260}, {X=http://www.Department2.University2.edu/UndergraduateStudent307}, {X=http://www.Department2.University2.edu/UndergraduateStudent314}, {X=http://www.Department2.University2.edu/UndergraduateStudent296}, {X=http://www.Department2.University2.edu/GraduateStudent13}, {X=http://www.Department2.University2.edu/UndergraduateStudent344}, {X=http://www.Department2.University2.edu/UndergraduateStudent22}, {X=http://www.Department2.University2.edu/UndergraduateStudent170}, {X=http://www.Department2.University2.edu/UndergraduateStudent108}, {X=http://www.Department2.University2.edu/UndergraduateStudent103}, {X=http://www.Department2.University2.edu/UndergraduateStudent304}, {X=http://www.Department2.University2.edu/GraduateStudent36}, {X=http://www.Department2.University2.edu/UndergraduateStudent230}, {X=http://www.Department2.University2.edu/UndergraduateStudent41}, {X=http://www.Department2.University2.edu/UndergraduateStudent131}, {X=http://www.Department2.University2.edu/UndergraduateStudent255}, {X=http://www.Department2.University2.edu/UndergraduateStudent290}, {X=http://www.Department2.University2.edu/GraduateStudent74}, {X=http://www.Department2.University2.edu/GraduateStudent114}, {X=http://www.Department2.University2.edu/UndergraduateStudent86}, {X=http://www.Department2.University2.edu/GraduateStudent14}, {X=http://www.Department2.University2.edu/UndergraduateStudent235}, {X=http://www.Department2.University2.edu/UndergraduateStudent188}, {X=http://www.Department2.University2.edu/UndergraduateStudent203}, {X=http://www.Department2.University2.edu/UndergraduateStudent15}, {X=http://www.Department2.University2.edu/UndergraduateStudent62}, {X=http://www.Department2.University2.edu/UndergraduateStudent82}, {X=http://www.Department2.University2.edu/UndergraduateStudent276}, {X=http://www.Department2.University2.edu/UndergraduateStudent217}, {X=http://www.Department2.University2.edu/UndergraduateStudent215}, {X=http://www.Department2.University2.edu/UndergraduateStudent112}, {X=http://www.Department2.University2.edu/GraduateStudent113}, {X=http://www.Department2.University2.edu/UndergraduateStudent106}, {X=http://www.Department2.University2.edu/GraduateStudent47}, {X=http://www.Department2.University2.edu/UndergraduateStudent259}, {X=http://www.Department2.University2.edu/UndergraduateStudent12}, {X=http://www.Department2.University2.edu/GraduateStudent104}, {X=http://www.Department2.University2.edu/UndergraduateStudent23}, {X=http://www.Department2.University2.edu/GraduateStudent124}, {X=http://www.Department2.University2.edu/UndergraduateStudent6}, {X=http://www.Department2.University2.edu/UndergraduateStudent206}, {X=http://www.Department2.University2.edu/GraduateStudent117}, {X=http://www.Department2.University2.edu/UndergraduateStudent315}, {X=http://www.Department2.University2.edu/UndergraduateStudent172}, {X=http://www.Department2.University2.edu/UndergraduateStudent145}, {X=http://www.Department2.University2.edu/UndergraduateStudent252}, {X=http://www.Department2.University2.edu/UndergraduateStudent192}, {X=http://www.Department2.University2.edu/UndergraduateStudent199}, {X=http://www.Department2.University2.edu/GraduateStudent57}, {X=http://www.Department2.University2.edu/GraduateStudent101}, {X=http://www.Department2.University2.edu/UndergraduateStudent26}, {X=http://www.Department2.University2.edu/UndergraduateStudent173}, {X=http://www.Department2.University2.edu/GraduateStudent103}, {X=http://www.Department2.University2.edu/UndergraduateStudent160}, {X=http://www.Department2.University2.edu/UndergraduateStudent184}, {X=http://www.Department2.University2.edu/UndergraduateStudent326}, {X=http://www.Department2.University2.edu/GraduateStudent33}, {X=http://www.Department2.University2.edu/GraduateStudent111}, {X=http://www.Department2.University2.edu/UndergraduateStudent271}, {X=http://www.Department2.University2.edu/UndergraduateStudent287}, {X=http://www.Department2.University2.edu/GraduateStudent88}, {X=http://www.Department2.University2.edu/UndergraduateStudent80}, {X=http://www.Department2.University2.edu/UndergraduateStudent359}, {X=http://www.Department2.University2.edu/GraduateStudent123}, {X=http://www.Department2.University2.edu/GraduateStudent116}, {X=http://www.Department2.University2.edu/UndergraduateStudent239}, {X=http://www.Department2.University2.edu/GraduateStudent68}, {X=http://www.Department2.University2.edu/UndergraduateStudent96}, {X=http://www.Department2.University2.edu/UndergraduateStudent178}, {X=http://www.Department2.University2.edu/UndergraduateStudent157}, {X=http://www.Department2.University2.edu/UndergraduateStudent105}, {X=http://www.Department2.University2.edu/GraduateStudent122}, {X=http://www.Department2.University2.edu/UndergraduateStudent50}, {X=http://www.Department2.University2.edu/UndergraduateStudent316}, {X=http://www.Department2.University2.edu/UndergraduateStudent303}, {X=http://www.Department2.University2.edu/UndergraduateStudent181}, {X=http://www.Department2.University2.edu/UndergraduateStudent243}, {X=http://www.Department2.University2.edu/UndergraduateStudent301}, {X=http://www.Department2.University2.edu/UndergraduateStudent120}, {X=http://www.Department2.University2.edu/UndergraduateStudent14}, {X=http://www.Department2.University2.edu/GraduateStudent126}, {X=http://www.Department2.University2.edu/GraduateStudent9}, {X=http://www.Department2.University2.edu/UndergraduateStudent205}, {X=http://www.Department2.University2.edu/GraduateStudent31}, {X=http://www.Department2.University2.edu/UndergraduateStudent347}, {X=http://www.Department2.University2.edu/UndergraduateStudent133}, {X=http://www.Department2.University2.edu/UndergraduateStudent136}, {X=http://www.Department2.University2.edu/UndergraduateStudent40}, {X=http://www.Department2.University2.edu/GraduateStudent109}, {X=http://www.Department2.University2.edu/UndergraduateStudent325}, {X=http://www.Department2.University2.edu/UndergraduateStudent210}, {X=http://www.Department2.University2.edu/UndergraduateStudent139}, {X=http://www.Department2.University2.edu/UndergraduateStudent114}, {X=http://www.Department2.University2.edu/GraduateStudent99}, {X=http://www.Department2.University2.edu/GraduateStudent50}, {X=http://www.Department2.University2.edu/UndergraduateStudent298}, {X=http://www.Department2.University2.edu/UndergraduateStudent31}, {X=http://www.Department2.University2.edu/UndergraduateStudent249}, {X=http://www.Department2.University2.edu/UndergraduateStudent60}, {X=http://www.Department2.University2.edu/UndergraduateStudent149}, {X=http://www.Department2.University2.edu/UndergraduateStudent352}, {X=http://www.Department2.University2.edu/UndergraduateStudent236}, {X=http://www.Department2.University2.edu/UndergraduateStudent211}, {X=http://www.Department2.University2.edu/GraduateStudent96}, {X=http://www.Department2.University2.edu/UndergraduateStudent107}, {X=http://www.Department2.University2.edu/GraduateStudent52}, {X=http://www.Department2.University2.edu/GraduateStudent85}, {X=http://www.Department2.University2.edu/UndergraduateStudent54}, {X=http://www.Department2.University2.edu/GraduateStudent56}, {X=http://www.Department2.University2.edu/UndergraduateStudent237}, {X=http://www.Department2.University2.edu/UndergraduateStudent306}, {X=http://www.Department2.University2.edu/GraduateStudent62}, {X=http://www.Department2.University2.edu/GraduateStudent40}, {X=http://www.Department2.University2.edu/GraduateStudent84}, {X=http://www.Department2.University2.edu/UndergraduateStudent340}, {X=http://www.Department2.University2.edu/UndergraduateStudent67}, {X=http://www.Department2.University2.edu/UndergraduateStudent70}, {X=http://www.Department2.University2.edu/UndergraduateStudent299}, {X=http://www.Department2.University2.edu/UndergraduateStudent129}, {X=http://www.Department2.University2.edu/UndergraduateStudent161}, {X=http://www.Department2.University2.edu/UndergraduateStudent348}, {X=http://www.Department2.University2.edu/UndergraduateStudent10}, {X=http://www.Department2.University2.edu/UndergraduateStudent357}, {X=http://www.Department2.University2.edu/GraduateStudent17}, {X=http://www.Department2.University2.edu/UndergraduateStudent59}, {X=http://www.Department2.University2.edu/UndergraduateStudent209}, {X=http://www.Department2.University2.edu/UndergraduateStudent1}, {X=http://www.Department2.University2.edu/UndergraduateStudent337}, {X=http://www.Department2.University2.edu/UndergraduateStudent104}, {X=http://www.Department2.University2.edu/GraduateStudent80}, {X=http://www.Department2.University2.edu/GraduateStudent67}, {X=http://www.Department2.University2.edu/UndergraduateStudent43}, {X=http://www.Department2.University2.edu/GraduateStudent41}, {X=http://www.Department2.University2.edu/UndergraduateStudent102}, {X=http://www.Department2.University2.edu/UndergraduateStudent117}, {X=http://www.Department2.University2.edu/UndergraduateStudent182}, {X=http://www.Department2.University2.edu/UndergraduateStudent324}, {X=http://www.Department2.University2.edu/UndergraduateStudent51}, {X=http://www.Department2.University2.edu/UndergraduateStudent119}, {X=http://www.Department2.University2.edu/GraduateStudent107}, {X=http://www.Department2.University2.edu/GraduateStudent58}, {X=http://www.Department2.University2.edu/UndergraduateStudent274}, {X=http://www.Department2.University2.edu/UndergraduateStudent258}, {X=http://www.Department2.University2.edu/UndergraduateStudent177}, {X=http://www.Department2.University2.edu/GraduateStudent75}, {X=http://www.Department2.University2.edu/UndergraduateStudent101}, {X=http://www.Department2.University2.edu/UndergraduateStudent140}, {X=http://www.Department2.University2.edu/UndergraduateStudent90}, {X=http://www.Department2.University2.edu/UndergraduateStudent135}, {X=http://www.Department2.University2.edu/GraduateStudent35}, {X=http://www.Department2.University2.edu/GraduateStudent71}, {X=http://www.Department2.University2.edu/UndergraduateStudent186}, {X=http://www.Department2.University2.edu/UndergraduateStudent312}, {X=http://www.Department2.University2.edu/UndergraduateStudent341}, {X=http://www.Department2.University2.edu/UndergraduateStudent342}, {X=http://www.Department2.University2.edu/UndergraduateStudent158}, {X=http://www.Department2.University2.edu/UndergraduateStudent171}, {X=http://www.Department2.University2.edu/UndergraduateStudent300}, {X=http://www.Department2.University2.edu/UndergraduateStudent165}, {X=http://www.Department2.University2.edu/UndergraduateStudent151}, {X=http://www.Department2.University2.edu/UndergraduateStudent88}, {X=http://www.Department2.University2.edu/UndergraduateStudent194}, {X=http://www.Department2.University2.edu/UndergraduateStudent169}, {X=http://www.Department2.University2.edu/GraduateStudent3}, {X=http://www.Department2.University2.edu/UndergraduateStudent302}, {X=http://www.Department2.University2.edu/UndergraduateStudent231}, {X=http://www.Department2.University2.edu/UndergraduateStudent264}, {X=http://www.Department2.University2.edu/UndergraduateStudent247}, {X=http://www.Department2.University2.edu/GraduateStudent55}, {X=http://www.Department2.University2.edu/GraduateStudent1}, {X=http://www.Department2.University2.edu/UndergraduateStudent283}, {X=http://www.Department2.University2.edu/UndergraduateStudent191}, {X=http://www.Department2.University2.edu/UndergraduateStudent75}, {X=http://www.Department2.University2.edu/GraduateStudent70}, {X=http://www.Department2.University2.edu/UndergraduateStudent98}, {X=http://www.Department2.University2.edu/UndergraduateStudent204}, {X=http://www.Department2.University2.edu/GraduateStudent44}, {X=http://www.Department2.University2.edu/UndergraduateStudent356}, {X=http://www.Department2.University2.edu/UndergraduateStudent277}, {X=http://www.Department2.University2.edu/UndergraduateStudent360}, {X=http://www.Department2.University2.edu/UndergraduateStudent2}, {X=http://www.Department2.University2.edu/UndergraduateStudent282}, {X=http://www.Department2.University2.edu/UndergraduateStudent224}, {X=http://www.Department2.University2.edu/UndergraduateStudent84}, {X=http://www.Department2.University2.edu/GraduateStudent20}, {X=http://www.Department2.University2.edu/UndergraduateStudent281}, {X=http://www.Department2.University2.edu/GraduateStudent39}, {X=http://www.Department2.University2.edu/UndergraduateStudent19}, {X=http://www.Department2.University2.edu/UndergraduateStudent68}, {X=http://www.Department2.University2.edu/UndergraduateStudent323}, {X=http://www.Department2.University2.edu/GraduateStudent102}, {X=http://www.Department2.University2.edu/GraduateStudent81}, {X=http://www.Department2.University2.edu/UndergraduateStudent154}, {X=http://www.Department2.University2.edu/GraduateStudent48}, {X=http://www.Department2.University2.edu/UndergraduateStudent152}, {X=http://www.Department2.University2.edu/UndergraduateStudent329}, {X=http://www.Department2.University2.edu/UndergraduateStudent21}, {X=http://www.Department2.University2.edu/UndergraduateStudent159}, {X=http://www.Department2.University2.edu/GraduateStudent15}, {X=http://www.Department2.University2.edu/UndergraduateStudent99}, {X=http://www.Department2.University2.edu/UndergraduateStudent292}, {X=http://www.Department2.University2.edu/UndergraduateStudent242}, {X=http://www.Department2.University2.edu/UndergraduateStudent343}, {X=http://www.Department2.University2.edu/UndergraduateStudent238}, {X=http://www.Department2.University2.edu/GraduateStudent23}, {X=http://www.Department2.University2.edu/UndergraduateStudent187}, {X=http://www.Department2.University2.edu/GraduateStudent100}, {X=http://www.Department2.University2.edu/UndergraduateStudent143}, {X=http://www.Department2.University2.edu/UndergraduateStudent174}, {X=http://www.Department2.University2.edu/GraduateStudent2}, {X=http://www.Department2.University2.edu/UndergraduateStudent234}, {X=http://www.Department2.University2.edu/UndergraduateStudent150}, {X=http://www.Department2.University2.edu/UndergraduateStudent164}, {X=http://www.Department2.University2.edu/UndergraduateStudent241}, {X=http://www.Department2.University2.edu/UndergraduateStudent126}, {X=http://www.Department2.University2.edu/UndergraduateStudent225}, {X=http://www.Department2.University2.edu/UndergraduateStudent185}, {X=http://www.Department2.University2.edu/UndergraduateStudent196}, {X=http://www.Department2.University2.edu/GraduateStudent118}, {X=http://www.Department2.University2.edu/UndergraduateStudent113}, {X=http://www.Department2.University2.edu/UndergraduateStudent279}, {X=http://www.Department2.University2.edu/UndergraduateStudent305}, {X=http://www.Department2.University2.edu/UndergraduateStudent130}, {X=http://www.Department2.University2.edu/GraduateStudent37}, {X=http://www.Department2.University2.edu/GraduateStudent61}, {X=http://www.Department2.University2.edu/UndergraduateStudent246}, {X=http://www.Department2.University2.edu/GraduateStudent72}, {X=http://www.Department2.University2.edu/UndergraduateStudent294}, {X=http://www.Department2.University2.edu/UndergraduateStudent278}, {X=http://www.Department2.University2.edu/UndergraduateStudent270}, {X=http://www.Department2.University2.edu/UndergraduateStudent89}, {X=http://www.Department2.University2.edu/UndergraduateStudent284}, {X=http://www.Department2.University2.edu/GraduateStudent0}, {X=http://www.Department2.University2.edu/UndergraduateStudent213}, {X=http://www.Department2.University2.edu/UndergraduateStudent349}, {X=http://www.Department2.University2.edu/UndergraduateStudent263}, {X=http://www.Department2.University2.edu/GraduateStudent24}, {X=http://www.Department2.University2.edu/UndergraduateStudent176}, {X=http://www.Department2.University2.edu/UndergraduateStudent39}, {X=http://www.Department2.University2.edu/UndergraduateStudent124}, {X=http://www.Department2.University2.edu/UndergraduateStudent52}, {X=http://www.Department2.University2.edu/UndergraduateStudent354}, {X=http://www.Department2.University2.edu/UndergraduateStudent48}, {X=http://www.Department2.University2.edu/GraduateStudent83}, {X=http://www.Department2.University2.edu/GraduateStudent130}, {X=http://www.Department2.University2.edu/UndergraduateStudent61}, {X=http://www.Department2.University2.edu/UndergraduateStudent16}, {X=http://www.Department2.University2.edu/UndergraduateStudent319}, {X=http://www.Department2.University2.edu/GraduateStudent98}, {X=http://www.Department2.University2.edu/UndergraduateStudent71}, {X=http://www.Department2.University2.edu/UndergraduateStudent35}, {X=http://www.Department2.University2.edu/GraduateStudent120}, {X=http://www.Department2.University2.edu/UndergraduateStudent156}, {X=http://www.Department2.University2.edu/UndergraduateStudent153}, {X=http://www.Department2.University2.edu/UndergraduateStudent118}, {X=http://www.Department2.University2.edu/GraduateStudent90}, {X=http://www.Department2.University2.edu/GraduateStudent59}, {X=http://www.Department2.University2.edu/GraduateStudent43}, {X=http://www.Department2.University2.edu/UndergraduateStudent317}, {X=http://www.Department2.University2.edu/UndergraduateStudent121}, {X=http://www.Department2.University2.edu/UndergraduateStudent144}, {X=http://www.Department2.University2.edu/UndergraduateStudent251}, {X=http://www.Department2.University2.edu/UndergraduateStudent141}, {X=http://www.Department2.University2.edu/UndergraduateStudent265}, {X=http://www.Department2.University2.edu/GraduateStudent115}, {X=http://www.Department2.University2.edu/UndergraduateStudent268}, {X=http://www.Department2.University2.edu/GraduateStudent66}, {X=http://www.Department2.University2.edu/UndergraduateStudent310}, {X=http://www.Department2.University2.edu/GraduateStudent5}, {X=http://www.Department2.University2.edu/UndergraduateStudent248}, {X=http://www.Department2.University2.edu/UndergraduateStudent183}, {X=http://www.Department2.University2.edu/UndergraduateStudent94}, {X=http://www.Department2.University2.edu/GraduateStudent69}, {X=http://www.Department2.University2.edu/GraduateStudent73}, {X=http://www.Department2.University2.edu/UndergraduateStudent138}, {X=http://www.Department2.University2.edu/UndergraduateStudent37}, {X=http://www.Department2.University2.edu/UndergraduateStudent291}, {X=http://www.Department2.University2.edu/UndergraduateStudent233}, {X=http://www.Department2.University2.edu/UndergraduateStudent212}, {X=http://www.Department2.University2.edu/UndergraduateStudent55}, {X=http://www.Department2.University2.edu/UndergraduateStudent91}, {X=http://www.Department2.University2.edu/UndergraduateStudent222}, {X=http://www.Department2.University2.edu/UndergraduateStudent309}, {X=http://www.Department2.University2.edu/UndergraduateStudent332}, {X=http://www.Department2.University2.edu/GraduateStudent131}, {X=http://www.Department2.University2.edu/GraduateStudent53}, {X=http://www.Department2.University2.edu/GraduateStudent112}, {X=http://www.Department2.University2.edu/UndergraduateStudent73}, {X=http://www.Department2.University2.edu/UndergraduateStudent7}, {X=http://www.Department2.University2.edu/UndergraduateStudent92}, {X=http://www.Department2.University2.edu/UndergraduateStudent116}, {X=http://www.Department2.University2.edu/UndergraduateStudent201}, {X=http://www.Department2.University2.edu/UndergraduateStudent85}, {X=http://www.Department2.University2.edu/GraduateStudent29}, {X=http://www.Department2.University2.edu/UndergraduateStudent227}, {X=http://www.Department2.University2.edu/UndergraduateStudent240}, {X=http://www.Department2.University2.edu/UndergraduateStudent3}, {X=http://www.Department2.University2.edu/UndergraduateStudent197}, {X=http://www.Department2.University2.edu/UndergraduateStudent123}, {X=http://www.Department2.University2.edu/UndergraduateStudent311}, {X=http://www.Department2.University2.edu/GraduateStudent51}, {X=http://www.Department2.University2.edu/UndergraduateStudent285}, {X=http://www.Department2.University2.edu/UndergraduateStudent333}, {X=http://www.Department2.University2.edu/GraduateStudent8}, {X=http://www.Department2.University2.edu/GraduateStudent132}, {X=http://www.Department2.University2.edu/UndergraduateStudent218}, {X=http://www.Department2.University2.edu/GraduateStudent121}, {X=http://www.Department2.University2.edu/GraduateStudent127}, {X=http://www.Department2.University2.edu/UndergraduateStudent25}, {X=http://www.Department2.University2.edu/UndergraduateStudent254}, {X=http://www.Department2.University2.edu/GraduateStudent108}, {X=http://www.Department2.University2.edu/UndergraduateStudent47}, {X=http://www.Department2.University2.edu/GraduateStudent16}, {X=http://www.Department2.University2.edu/GraduateStudent21}, {X=http://www.Department2.University2.edu/UndergraduateStudent221}, {X=http://www.Department2.University2.edu/GraduateStudent10}, {X=http://www.Department2.University2.edu/UndergraduateStudent219}, {X=http://www.Department2.University2.edu/UndergraduateStudent24}, {X=http://www.Department2.University2.edu/UndergraduateStudent297}, {X=http://www.Department2.University2.edu/UndergraduateStudent330}, {X=http://www.Department2.University2.edu/UndergraduateStudent308}, {X=http://www.Department2.University2.edu/UndergraduateStudent128}, {X=http://www.Department2.University2.edu/UndergraduateStudent358}, {X=http://www.Department2.University2.edu/UndergraduateStudent13}, {X=http://www.Department2.University2.edu/GraduateStudent129}, {X=http://www.Department2.University2.edu/UndergraduateStudent253}, {X=http://www.Department2.University2.edu/UndergraduateStudent29}, {X=http://www.Department2.University2.edu/UndergraduateStudent193}, {X=http://www.Department2.University2.edu/GraduateStudent46}, {X=http://www.Department2.University2.edu/UndergraduateStudent122}, {X=http://www.Department2.University2.edu/UndergraduateStudent56}, {X=http://www.Department2.University2.edu/GraduateStudent125}, {X=http://www.Department2.University2.edu/UndergraduateStudent202}, {X=http://www.Department2.University2.edu/GraduateStudent86}, {X=http://www.Department2.University2.edu/UndergraduateStudent262}, {X=http://www.Department2.University2.edu/UndergraduateStudent148}, {X=http://www.Department2.University2.edu/UndergraduateStudent163}, {X=http://www.Department2.University2.edu/UndergraduateStudent76}, {X=http://www.Department2.University2.edu/GraduateStudent64}, {X=http://www.Department2.University2.edu/GraduateStudent27}, {X=http://www.Department2.University2.edu/UndergraduateStudent351}, {X=http://www.Department2.University2.edu/UndergraduateStudent78}, {X=http://www.Department2.University2.edu/GraduateStudent49}, {X=http://www.Department2.University2.edu/UndergraduateStudent36}, {X=http://www.Department2.University2.edu/UndergraduateStudent338}, {X=http://www.Department2.University2.edu/UndergraduateStudent339}, {X=http://www.Department2.University2.edu/GraduateStudent87}, {X=http://www.Department2.University2.edu/UndergraduateStudent167}, {X=http://www.Department2.University2.edu/GraduateStudent119}, {X=http://www.Department2.University2.edu/UndergraduateStudent72}, {X=http://www.Department2.University2.edu/GraduateStudent97}, {X=http://www.Department2.University2.edu/UndergraduateStudent77}, {X=http://www.Department2.University2.edu/GraduateStudent54}, {X=http://www.Department2.University2.edu/UndergraduateStudent9}, {X=http://www.Department2.University2.edu/UndergraduateStudent65}, {X=http://www.Department2.University2.edu/UndergraduateStudent208}, {X=http://www.Department2.University2.edu/UndergraduateStudent11}, {X=http://www.Department2.University2.edu/GraduateStudent128}, {X=http://www.Department2.University2.edu/UndergraduateStudent322}, {X=http://www.Department2.University2.edu/GraduateStudent89}, {X=http://www.Department2.University2.edu/UndergraduateStudent134}, {X=http://www.Department2.University2.edu/UndergraduateStudent28}, {X=http://www.Department2.University2.edu/GraduateStudent25}, {X=http://www.Department2.University2.edu/UndergraduateStudent335}, {X=http://www.Department2.University2.edu/UndergraduateStudent288}, {X=http://www.Department2.University2.edu/GraduateStudent76}, {X=http://www.Department2.University2.edu/UndergraduateStudent125}, {X=http://www.Department2.University2.edu/UndergraduateStudent97}, {X=http://www.Department2.University2.edu/UndergraduateStudent137}, {X=http://www.Department2.University2.edu/GraduateStudent28}, {X=http://www.Department2.University2.edu/UndergraduateStudent162}, {X=http://www.Department2.University2.edu/UndergraduateStudent293}, {X=http://www.Department2.University2.edu/UndergraduateStudent328}, {X=http://www.Department2.University2.edu/UndergraduateStudent350}, {X=http://www.Department2.University2.edu/UndergraduateStudent269}, {X=http://www.Department2.University2.edu/UndergraduateStudent64}, {X=http://www.Department2.University2.edu/UndergraduateStudent245}, {X=http://www.Department2.University2.edu/UndergraduateStudent272}, {X=http://www.Department2.University2.edu/UndergraduateStudent95}, {X=http://www.Department2.University2.edu/UndergraduateStudent109}, {X=http://www.Department2.University2.edu/UndergraduateStudent179}, {X=http://www.Department2.University2.edu/GraduateStudent63}, {X=http://www.Department2.University2.edu/GraduateStudent19}, {X=http://www.Department2.University2.edu/GraduateStudent22}, {X=http://www.Department2.University2.edu/UndergraduateStudent4}, {X=http://www.Department2.University2.edu/GraduateStudent12}, {X=http://www.Department2.University2.edu/UndergraduateStudent280}, {X=http://www.Department2.University2.edu/UndergraduateStudent38}, {X=http://www.Department2.University2.edu/UndergraduateStudent93}, {X=http://www.Department2.University2.edu/UndergraduateStudent58}, {X=http://www.Department2.University2.edu/UndergraduateStudent223}, {X=http://www.Department2.University2.edu/UndergraduateStudent146}, {X=http://www.Department2.University2.edu/UndergraduateStudent32}, {X=http://www.Department2.University2.edu/UndergraduateStudent220}, {X=http://www.Department2.University2.edu/GraduateStudent82}, {X=http://www.Department2.University2.edu/UndergraduateStudent286}, {X=http://www.Department2.University2.edu/UndergraduateStudent295}, {X=http://www.Department2.University2.edu/UndergraduateStudent267}, {X=http://www.Department2.University2.edu/GraduateStudent4}, {X=http://www.Department2.University2.edu/UndergraduateStudent355}, {X=http://www.Department2.University2.edu/UndergraduateStudent34}, {X=http://www.Department2.University2.edu/UndergraduateStudent320}, {X=http://www.Department2.University2.edu/UndergraduateStudent321}, {X=http://www.Department2.University2.edu/GraduateStudent60}, {X=http://www.Department2.University2.edu/UndergraduateStudent275}, {X=http://www.Department2.University2.edu/GraduateStudent26}, {X=http://www.Department2.University2.edu/UndergraduateStudent318}, {X=http://www.Department2.University2.edu/UndergraduateStudent57}, {X=http://www.Department2.University2.edu/GraduateStudent106}, {X=http://www.Department2.University2.edu/UndergraduateStudent115}, {X=http://www.Department2.University2.edu/GraduateStudent38}, {X=http://www.Department2.University2.edu/GraduateStudent34}, {X=http://www.Department2.University2.edu/UndergraduateStudent147}, {X=http://www.Department2.University2.edu/UndergraduateStudent46}, {X=http://www.Department2.University2.edu/UndergraduateStudent79}, {X=http://www.Department2.University2.edu/UndergraduateStudent63}, {X=http://www.Department2.University2.edu/UndergraduateStudent256}, {X=http://www.Department2.University2.edu/UndergraduateStudent336}, {X=http://www.Department2.University2.edu/GraduateStudent42}, {X=http://www.Department2.University2.edu/UndergraduateStudent214}, {X=http://www.Department2.University2.edu/GraduateStudent92}, {X=http://www.Department2.University2.edu/UndergraduateStudent313}, {X=http://www.Department2.University2.edu/UndergraduateStudent42}, {X=http://www.Department2.University2.edu/UndergraduateStudent100}, {X=http://www.Department2.University2.edu/UndergraduateStudent83}, {X=http://www.Department2.University2.edu/UndergraduateStudent69}, {X=http://www.Department2.University2.edu/GraduateStudent91}, {X=http://www.Department2.University2.edu/UndergraduateStudent20}, {X=http://www.Department2.University2.edu/UndergraduateStudent111}, {X=http://www.Department2.University2.edu/UndergraduateStudent190}, {X=http://www.Department2.University2.edu/UndergraduateStudent87}, {X=http://www.Department2.University2.edu/UndergraduateStudent5}, {X=http://www.Department2.University2.edu/UndergraduateStudent189}, {X=http://www.Department2.University2.edu/GraduateStudent30}, {X=http://www.Department2.University2.edu/GraduateStudent32}, {X=http://www.Department2.University2.edu/UndergraduateStudent331}, {X=http://www.Department2.University2.edu/GraduateStudent65}, {X=http://www.Department2.University2.edu/UndergraduateStudent226}, {X=http://www.Department2.University2.edu/UndergraduateStudent132}, {X=http://www.Department2.University2.edu/UndergraduateStudent44}, {X=http://www.Department2.University2.edu/UndergraduateStudent33}, {X=http://www.Department2.University2.edu/GraduateStudent7}, {X=http://www.Department2.University2.edu/UndergraduateStudent166}, {X=http://www.Department2.University2.edu/UndergraduateStudent74}, {X=http://www.Department2.University2.edu/UndergraduateStudent207}, {X=http://www.Department2.University2.edu/UndergraduateStudent244}, {X=http://www.Department2.University2.edu/UndergraduateStudent175}, {X=http://www.Department2.University2.edu/UndergraduateStudent45}, {X=http://www.Department2.University2.edu/GraduateStudent93}, {X=http://www.Department2.University2.edu/UndergraduateStudent127}, {X=http://www.Department2.University2.edu/UndergraduateStudent8}, {X=http://www.Department2.University2.edu/UndergraduateStudent53}, {X=http://www.Department2.University2.edu/UndergraduateStudent200}, {X=http://www.Department2.University2.edu/UndergraduateStudent232}, {X=http://www.Department2.University2.edu/UndergraduateStudent273}, {X=http://www.Department2.University2.edu/GraduateStudent79}, {X=http://www.Department2.University2.edu/GraduateStudent94}, {X=http://www.Department2.University2.edu/UndergraduateStudent353}, {X=http://www.Department2.University2.edu/GraduateStudent95}, {X=http://www.Department2.University2.edu/UndergraduateStudent18}, {X=http://www.Department2.University2.edu/GraduateStudent110}, {X=http://www.Department2.University2.edu/UndergraduateStudent334}, {X=http://www.Department2.University2.edu/UndergraduateStudent27}, {X=http://www.Department2.University2.edu/UndergraduateStudent250}, {X=http://www.Department2.University2.edu/UndergraduateStudent30}, {X=http://www.Department2.University2.edu/UndergraduateStudent289}, {X=http://www.Department2.University2.edu/UndergraduateStudent257}, {X=http://www.Department2.University2.edu/UndergraduateStudent155}, {X=http://www.Department2.University2.edu/UndergraduateStudent327}, {X=http://www.Department2.University2.edu/UndergraduateStudent66}, {X=http://www.Department2.University2.edu/UndergraduateStudent229}, {X=http://www.Department2.University2.edu/UndergraduateStudent346}, {X=http://www.Department2.University2.edu/UndergraduateStudent180}, {X=http://www.Department2.University2.edu/GraduateStudent105}, {X=http://www.Department2.University2.edu/GraduateStudent77}, {X=http://www.Department2.University2.edu/UndergraduateStudent17}, {X=http://www.Department2.University2.edu/GraduateStudent78}, {X=http://www.Department2.University2.edu/UndergraduateStudent81}, {X=http://www.Department2.University2.edu/UndergraduateStudent228}, {X=http://www.Department2.University2.edu/UndergraduateStudent49}, {X=http://www.Department2.University2.edu/GraduateStudent45}, {X=http://www.Department2.University2.edu/UndergraduateStudent216}, {X=http://www.Department2.University2.edu/UndergraduateStudent142}, {X=http://www.Department2.University2.edu/UndergraduateStudent261}, {X=http://www.Department2.University2.edu/GraduateStudent11}, {X=http://www.Department2.University2.edu/UndergraduateStudent168}, {X=http://www.Department2.University2.edu/UndergraduateStudent0}, {X=http://www.Department2.University2.edu/UndergraduateStudent266}, {X=http://www.Department2.University2.edu/UndergraduateStudent345}, {X=http://www.Department2.University2.edu/GraduateStudent18}, {X=http://www.Department2.University2.edu/GraduateStudent6}, {X=http://www.Department2.University2.edu/UndergraduateStudent198}, {X=http://www.Department2.University2.edu/UndergraduateStudent110}, {X=http://www.Department2.University2.edu/UndergraduateStudent195}, {X=http://www.Department2.University2.edu/UndergraduateStudent260}, {X=http://www.Department2.University2.edu/UndergraduateStudent307}, {X=http://www.Department2.University2.edu/UndergraduateStudent314}, {X=http://www.Department2.University2.edu/UndergraduateStudent296}, {X=http://www.Department2.University2.edu/GraduateStudent13}, {X=http://www.Department2.University2.edu/UndergraduateStudent344}, {X=http://www.Department2.University2.edu/UndergraduateStudent22}, {X=http://www.Department2.University2.edu/UndergraduateStudent170}, {X=http://www.Department2.University2.edu/UndergraduateStudent108}, {X=http://www.Department2.University2.edu/UndergraduateStudent103}, {X=http://www.Department2.University2.edu/UndergraduateStudent304}, {X=http://www.Department2.University2.edu/GraduateStudent36}, {X=http://www.Department2.University2.edu/UndergraduateStudent230}, {X=http://www.Department2.University2.edu/UndergraduateStudent41}, {X=http://www.Department2.University2.edu/UndergraduateStudent131}, {X=http://www.Department2.University2.edu/UndergraduateStudent255}, {X=http://www.Department2.University2.edu/UndergraduateStudent290}, {X=http://www.Department2.University2.edu/GraduateStudent74}, {X=http://www.Department2.University2.edu/GraduateStudent114}, {X=http://www.Department2.University2.edu/UndergraduateStudent86}, {X=http://www.Department2.University2.edu/GraduateStudent14}, {X=http://www.Department2.University2.edu/UndergraduateStudent235}, {X=http://www.Department2.University2.edu/UndergraduateStudent188}, {X=http://www.Department2.University2.edu/UndergraduateStudent203}, {X=http://www.Department2.University2.edu/UndergraduateStudent15}, {X=http://www.Department2.University2.edu/UndergraduateStudent62}, {X=http://www.Department2.University2.edu/UndergraduateStudent82}, {X=http://www.Department2.University2.edu/UndergraduateStudent276}, {X=http://www.Department2.University2.edu/UndergraduateStudent217}, {X=http://www.Department2.University2.edu/UndergraduateStudent215}, {X=http://www.Department2.University2.edu/UndergraduateStudent112}, {X=http://www.Department2.University2.edu/GraduateStudent113}, {X=http://www.Department2.University2.edu/UndergraduateStudent106}, {X=http://www.Department2.University2.edu/GraduateStudent47}, {X=http://www.Department2.University2.edu/UndergraduateStudent259}, {X=http://www.Department2.University2.edu/UndergraduateStudent12}, {X=http://www.Department2.University2.edu/GraduateStudent104}, {X=http://www.Department2.University2.edu/UndergraduateStudent23}, {X=http://www.Department2.University2.edu/GraduateStudent124}, {X=http://www.Department2.University2.edu/UndergraduateStudent6}, {X=http://www.Department2.University2.edu/UndergraduateStudent206}, {X=http://www.Department2.University2.edu/GraduateStudent117}, {X=http://www.Department2.University2.edu/UndergraduateStudent315}, {X=http://www.Department2.University2.edu/UndergraduateStudent172}, {X=http://www.Department2.University2.edu/UndergraduateStudent145}, {X=http://www.Department2.University2.edu/UndergraduateStudent252}, {X=http://www.Department2.University2.edu/UndergraduateStudent192}, {X=http://www.Department2.University2.edu/UndergraduateStudent199}, {X=http://www.Department2.University2.edu/GraduateStudent57}, {X=http://www.Department2.University2.edu/GraduateStudent101}, {X=http://www.Department2.University2.edu/UndergraduateStudent26}, {X=http://www.Department2.University2.edu/UndergraduateStudent173}, {X=http://www.Department2.University2.edu/GraduateStudent103}, {X=http://www.Department2.University2.edu/UndergraduateStudent160}, {X=http://www.Department2.University2.edu/UndergraduateStudent184}, {X=http://www.Department2.University2.edu/UndergraduateStudent326}, {X=http://www.Department2.University2.edu/GraduateStudent33}, {X=http://www.Department2.University2.edu/GraduateStudent111}, {X=http://www.Department2.University2.edu/UndergraduateStudent271}, {X=http://www.Department2.University2.edu/UndergraduateStudent287}, {X=http://www.Department2.University2.edu/GraduateStudent88}, {X=http://www.Department2.University2.edu/UndergraduateStudent80}, {X=http://www.Department2.University2.edu/UndergraduateStudent359}, {X=http://www.Department2.University2.edu/GraduateStudent123}, {X=http://www.Department2.University2.edu/GraduateStudent116}, {X=http://www.Department2.University2.edu/UndergraduateStudent239}, {X=http://www.Department2.University2.edu/GraduateStudent68}, {X=http://www.Department2.University2.edu/UndergraduateStudent96}, {X=http://www.Department2.University2.edu/UndergraduateStudent178}, {X=http://www.Department2.University2.edu/UndergraduateStudent157}, {X=http://www.Department2.University2.edu/UndergraduateStudent105}, {X=http://www.Department2.University2.edu/GraduateStudent122}, {X=http://www.Department2.University2.edu/UndergraduateStudent50}, {X=http://www.Department2.University2.edu/UndergraduateStudent316}, {X=http://www.Department2.University2.edu/UndergraduateStudent303}, {X=http://www.Department2.University2.edu/UndergraduateStudent181}, {X=http://www.Department2.University2.edu/UndergraduateStudent243}, {X=http://www.Department2.University2.edu/UndergraduateStudent301}, {X=http://www.Department2.University2.edu/UndergraduateStudent120}, {X=http://www.Department2.University2.edu/UndergraduateStudent14}, {X=http://www.Department2.University2.edu/GraduateStudent126}, {X=http://www.Department2.University2.edu/GraduateStudent9}, {X=http://www.Department2.University2.edu/UndergraduateStudent205}, {X=http://www.Department2.University2.edu/GraduateStudent31}, {X=http://www.Department2.University2.edu/UndergraduateStudent347}, {X=http://www.Department2.University2.edu/UndergraduateStudent133}, {X=http://www.Department2.University2.edu/UndergraduateStudent136}, {X=http://www.Department2.University2.edu/UndergraduateStudent40}, {X=http://www.Department2.University2.edu/GraduateStudent109}, {X=http://www.Department2.University2.edu/UndergraduateStudent325}, {X=http://www.Department2.University2.edu/UndergraduateStudent210}, {X=http://www.Department2.University2.edu/UndergraduateStudent139}, {X=http://www.Department2.University2.edu/UndergraduateStudent114}, {X=http://www.Department2.University2.edu/GraduateStudent99}, {X=http://www.Department2.University2.edu/GraduateStudent50}, {X=http://www.Department2.University2.edu/UndergraduateStudent298}, {X=http://www.Department2.University2.edu/UndergraduateStudent31}, {X=http://www.Department2.University2.edu/UndergraduateStudent249}, {X=http://www.Department2.University2.edu/UndergraduateStudent60}, {X=http://www.Department2.University2.edu/UndergraduateStudent149}, {X=http://www.Department2.University2.edu/UndergraduateStudent352}, {X=http://www.Department2.University2.edu/UndergraduateStudent236}, {X=http://www.Department2.University2.edu/UndergraduateStudent211}, {X=http://www.Department2.University2.edu/GraduateStudent96}, {X=http://www.Department2.University2.edu/UndergraduateStudent107}, {X=http://www.Department2.University2.edu/GraduateStudent52}, {X=http://www.Department2.University2.edu/GraduateStudent85}, {X=http://www.Department2.University2.edu/UndergraduateStudent54}, {X=http://www.Department2.University2.edu/GraduateStudent56}, {X=http://www.Department2.University2.edu/UndergraduateStudent237}, {X=http://www.Department2.University2.edu/UndergraduateStudent306}, {X=http://www.Department2.University2.edu/GraduateStudent62}, {X=http://www.Department2.University2.edu/GraduateStudent40}, {X=http://www.Department2.University2.edu/GraduateStudent84}, {X=http://www.Department2.University2.edu/UndergraduateStudent340}, {X=http://www.Department2.University2.edu/UndergraduateStudent67}, {X=http://www.Department2.University2.edu/UndergraduateStudent70}, {X=http://www.Department2.University2.edu/UndergraduateStudent299}, {X=http://www.Department2.University2.edu/UndergraduateStudent129}, {X=http://www.Department2.University2.edu/UndergraduateStudent161}, {X=http://www.Department2.University2.edu/UndergraduateStudent348}, {X=http://www.Department2.University2.edu/UndergraduateStudent10}, {X=http://www.Department2.University2.edu/UndergraduateStudent357}, {X=http://www.Department2.University2.edu/GraduateStudent17}, {X=http://www.Department2.University2.edu/UndergraduateStudent59}, {X=http://www.Department2.University2.edu/UndergraduateStudent209}, {X=http://www.Department2.University2.edu/UndergraduateStudent1}, {X=http://www.Department2.University2.edu/UndergraduateStudent337}, {X=http://www.Department2.University2.edu/UndergraduateStudent104}, {X=http://www.Department2.University2.edu/GraduateStudent80}, {X=http://www.Department2.University2.edu/GraduateStudent67}, {X=http://www.Department2.University2.edu/UndergraduateStudent43}, {X=http://www.Department2.University2.edu/GraduateStudent41}, {X=http://www.Department2.University2.edu/UndergraduateStudent102}, {X=http://www.Department2.University2.edu/UndergraduateStudent117}, {X=http://www.Department2.University2.edu/UndergraduateStudent182}, {X=http://www.Department2.University2.edu/UndergraduateStudent324}, {X=http://www.Department2.University2.edu/UndergraduateStudent51}, {X=http://www.Department2.University2.edu/UndergraduateStudent119}, {X=http://www.Department2.University2.edu/GraduateStudent107}, {X=http://www.Department2.University2.edu/GraduateStudent58}, {X=http://www.Department2.University2.edu/UndergraduateStudent274}, {X=http://www.Department2.University2.edu/UndergraduateStudent258}, {X=http://www.Department2.University2.edu/UndergraduateStudent177}, {X=http://www.Department2.University2.edu/GraduateStudent75}, {X=http://www.Department2.University2.edu/UndergraduateStudent101}, {X=http://www.Department2.University2.edu/UndergraduateStudent140}, {X=http://www.Department2.University2.edu/UndergraduateStudent90}, {X=http://www.Department2.University2.edu/UndergraduateStudent135}, {X=http://www.Department2.University2.edu/GraduateStudent35}, {X=http://www.Department2.University2.edu/GraduateStudent71}, {X=http://www.Department2.University2.edu/UndergraduateStudent186}, {X=http://www.Department2.University2.edu/UndergraduateStudent312}, {X=http://www.Department2.University2.edu/UndergraduateStudent341}, {X=http://www.Department2.University2.edu/UndergraduateStudent342}, {X=http://www.Department2.University2.edu/UndergraduateStudent158}, {X=http://www.Department2.University2.edu/UndergraduateStudent171}, {X=http://www.Department2.University2.edu/UndergraduateStudent300}, {X=http://www.Department2.University2.edu/UndergraduateStudent165}, {X=http://www.Department2.University2.edu/UndergraduateStudent151}, {X=http://www.Department2.University2.edu/UndergraduateStudent88}, {X=http://www.Department2.University2.edu/UndergraduateStudent194}, {X=http://www.Department2.University2.edu/UndergraduateStudent169}, {X=http://www.Department2.University2.edu/GraduateStudent3}, {X=http://www.Department2.University2.edu/UndergraduateStudent302}, {X=http://www.Department2.University2.edu/UndergraduateStudent231}, {X=http://www.Department2.University2.edu/UndergraduateStudent264}, {X=http://www.Department2.University2.edu/UndergraduateStudent247}, {X=http://www.Department2.University2.edu/GraduateStudent55}, {X=http://www.Department2.University2.edu/GraduateStudent1}, {X=http://www.Department2.University2.edu/UndergraduateStudent283}, {X=http://www.Department2.University2.edu/UndergraduateStudent191}, {X=http://www.Department2.University2.edu/UndergraduateStudent75}, {X=http://www.Department2.University2.edu/GraduateStudent70}, {X=http://www.Department2.University2.edu/UndergraduateStudent98}, {X=http://www.Department2.University2.edu/UndergraduateStudent204}, {X=http://www.Department2.University2.edu/GraduateStudent44}, {X=http://www.Department2.University2.edu/UndergraduateStudent356}, {X=http://www.Department2.University2.edu/UndergraduateStudent277}, {X=http://www.Department2.University2.edu/UndergraduateStudent360}, {X=http://www.Department2.University2.edu/UndergraduateStudent2}, {X=http://www.Department2.University2.edu/UndergraduateStudent282}, {X=http://www.Department2.University2.edu/UndergraduateStudent224}, {X=http://www.Department2.University2.edu/UndergraduateStudent84}, {X=http://www.Department2.University2.edu/GraduateStudent20}, {X=http://www.Department2.University2.edu/UndergraduateStudent281}, {X=http://www.Department2.University2.edu/GraduateStudent39}, {X=http://www.Department2.University2.edu/UndergraduateStudent19}, {X=http://www.Department2.University2.edu/UndergraduateStudent68}, {X=http://www.Department2.University2.edu/UndergraduateStudent323}, {X=http://www.Department2.University2.edu/GraduateStudent102}, {X=http://www.Department2.University2.edu/GraduateStudent81}, {X=http://www.Department2.University2.edu/UndergraduateStudent154}, {X=http://www.Department2.University2.edu/GraduateStudent48}, {X=http://www.Department2.University2.edu/UndergraduateStudent152}, {X=http://www.Department2.University2.edu/UndergraduateStudent329}, {X=http://www.Department2.University2.edu/UndergraduateStudent21}, {X=http://www.Department2.University2.edu/UndergraduateStudent159}, {X=http://www.Department2.University2.edu/GraduateStudent15}, {X=http://www.Department2.University2.edu/UndergraduateStudent99}, {X=http://www.Department2.University2.edu/UndergraduateStudent292}, {X=http://www.Department2.University2.edu/UndergraduateStudent242}, {X=http://www.Department2.University2.edu/UndergraduateStudent343}, {X=http://www.Department2.University2.edu/UndergraduateStudent238}, {X=http://www.Department2.University2.edu/GraduateStudent23}, {X=http://www.Department2.University2.edu/UndergraduateStudent187}, {X=http://www.Department2.University2.edu/GraduateStudent100}, {X=http://www.Department2.University2.edu/UndergraduateStudent143}, {X=http://www.Department2.University2.edu/UndergraduateStudent174}, {X=http://www.Department2.University2.edu/GraduateStudent2}, {X=http://www.Department2.University2.edu/UndergraduateStudent234}, {X=http://www.Department2.University2.edu/UndergraduateStudent150}, {X=http://www.Department2.University2.edu/UndergraduateStudent164}, {X=http://www.Department2.University2.edu/UndergraduateStudent241}, {X=http://www.Department2.University2.edu/UndergraduateStudent126}, {X=http://www.Department2.University2.edu/UndergraduateStudent225}, {X=http://www.Department2.University2.edu/UndergraduateStudent185}, {X=http://www.Department2.University2.edu/UndergraduateStudent196}, {X=http://www.Department2.University2.edu/GraduateStudent118}, {X=http://www.Department2.University2.edu/UndergraduateStudent113}, {X=http://www.Department2.University2.edu/UndergraduateStudent279}, {X=http://www.Department2.University2.edu/UndergraduateStudent305}, {X=http://www.Department2.University2.edu/UndergraduateStudent130}, {X=http://www.Department2.University2.edu/GraduateStudent37}, {X=http://www.Department2.University2.edu/GraduateStudent61}, {X=http://www.Department2.University2.edu/UndergraduateStudent246}, {X=http://www.Department2.University2.edu/GraduateStudent72}, {X=http://www.Department2.University2.edu/UndergraduateStudent294}, {X=http://www.Department2.University2.edu/UndergraduateStudent278}, {X=http://www.Department2.University2.edu/UndergraduateStudent270}, {X=http://www.Department2.University2.edu/UndergraduateStudent89}, {X=http://www.Department2.University2.edu/UndergraduateStudent284}, {X=http://www.Department2.University2.edu/GraduateStudent0}, {X=http://www.Department2.University2.edu/UndergraduateStudent213}, {X=http://www.Department2.University2.edu/UndergraduateStudent349}, {X=http://www.Department2.University2.edu/UndergraduateStudent263}, {X=http://www.Department2.University2.edu/GraduateStudent24}, {X=http://www.Department2.University2.edu/UndergraduateStudent176}, {X=http://www.Department2.University2.edu/UndergraduateStudent39}, {X=http://www.Department2.University2.edu/UndergraduateStudent124}, {X=http://www.Department2.University2.edu/UndergraduateStudent52}, {X=http://www.Department2.University2.edu/UndergraduateStudent354}, {X=http://www.Department2.University2.edu/UndergraduateStudent48}, {X=http://www.Department2.University2.edu/GraduateStudent83}, {X=http://www.Department2.University2.edu/GraduateStudent130}, {X=http://www.Department2.University2.edu/UndergraduateStudent61}, {X=http://www.Department2.University2.edu/UndergraduateStudent16}, {X=http://www.Department2.University2.edu/UndergraduateStudent319}, {X=http://www.Department2.University2.edu/GraduateStudent98}, {X=http://www.Department2.University2.edu/UndergraduateStudent71}, {X=http://www.Department2.University2.edu/UndergraduateStudent35}, {X=http://www.Department2.University2.edu/GraduateStudent120}, {X=http://www.Department2.University2.edu/UndergraduateStudent156}, {X=http://www.Department2.University2.edu/UndergraduateStudent153}, {X=http://www.Department2.University2.edu/UndergraduateStudent118}, {X=http://www.Department2.University2.edu/GraduateStudent90}, {X=http://www.Department2.University2.edu/GraduateStudent59}, {X=http://www.Department2.University2.edu/GraduateStudent43}, {X=http://www.Department2.University2.edu/UndergraduateStudent317}, {X=http://www.Department2.University2.edu/UndergraduateStudent121}, {X=http://www.Department2.University2.edu/UndergraduateStudent144}, {X=http://www.Department2.University2.edu/UndergraduateStudent251}, {X=http://www.Department2.University2.edu/UndergraduateStudent141}, {X=http://www.Department2.University2.edu/UndergraduateStudent265}, {X=http://www.Department2.University2.edu/GraduateStudent115}, {X=http://www.Department2.University2.edu/UndergraduateStudent268}, {X=http://www.Department2.University2.edu/GraduateStudent66}, {X=http://www.Department2.University2.edu/UndergraduateStudent310}, {X=http://www.Department2.University2.edu/GraduateStudent5}, {X=http://www.Department2.University2.edu/UndergraduateStudent248}, {X=http://www.Department2.University2.edu/UndergraduateStudent183}, {X=http://www.Department2.University2.edu/UndergraduateStudent94}, {X=http://www.Department2.University2.edu/GraduateStudent69}, {X=http://www.Department2.University2.edu/GraduateStudent73}, {X=http://www.Department2.University2.edu/UndergraduateStudent138}, {X=http://www.Department2.University2.edu/UndergraduateStudent37}, {X=http://www.Department2.University2.edu/UndergraduateStudent291}, {X=http://www.Department2.University2.edu/UndergraduateStudent233}, {X=http://www.Department2.University2.edu/UndergraduateStudent212}, {X=http://www.Department2.University2.edu/UndergraduateStudent55}, {X=http://www.Department2.University2.edu/UndergraduateStudent91}, {X=http://www.Department2.University2.edu/UndergraduateStudent222}, {X=http://www.Department2.University2.edu/UndergraduateStudent309}, {X=http://www.Department2.University2.edu/UndergraduateStudent332}, {X=http://www.Department2.University2.edu/GraduateStudent131}, {X=http://www.Department2.University2.edu/GraduateStudent53}, {X=http://www.Department2.University2.edu/GraduateStudent112}, {X=http://www.Department2.University2.edu/UndergraduateStudent73}, {X=http://www.Department2.University2.edu/UndergraduateStudent7}, {X=http://www.Department2.University2.edu/UndergraduateStudent92}, {X=http://www.Department2.University2.edu/UndergraduateStudent116}, {X=http://www.Department2.University2.edu/UndergraduateStudent201}, {X=http://www.Department2.University2.edu/UndergraduateStudent85}, {X=http://www.Department2.University2.edu/GraduateStudent29}, {X=http://www.Department2.University2.edu/UndergraduateStudent227}, {X=http://www.Department2.University2.edu/UndergraduateStudent240}, {X=http://www.Department2.University2.edu/UndergraduateStudent3}, {X=http://www.Department2.University2.edu/UndergraduateStudent197}, {X=http://www.Department2.University2.edu/UndergraduateStudent123}, {X=http://www.Department2.University2.edu/UndergraduateStudent311}, {X=http://www.Department2.University2.edu/GraduateStudent51}, {X=http://www.Department2.University2.edu/UndergraduateStudent285}, {X=http://www.Department2.University2.edu/UndergraduateStudent333}, {X=http://www.Department2.University2.edu/GraduateStudent8}, {X=http://www.Department2.University2.edu/GraduateStudent132}, {X=http://www.Department2.University2.edu/UndergraduateStudent218}, {X=http://www.Department2.University2.edu/GraduateStudent121}, {X=http://www.Department2.University2.edu/GraduateStudent127}, {X=http://www.Department2.University2.edu/UndergraduateStudent25}, {X=http://www.Department2.University2.edu/UndergraduateStudent254}, {X=http://www.Department2.University2.edu/GraduateStudent108}, {X=http://www.Department2.University2.edu/UndergraduateStudent47}, {X=http://www.Department2.University2.edu/GraduateStudent16}, {X=http://www.Department2.University2.edu/GraduateStudent21}, {X=http://www.Department2.University2.edu/UndergraduateStudent221}, {X=http://www.Department2.University2.edu/GraduateStudent10}, {X=http://www.Department2.University2.edu/UndergraduateStudent219}, {X=http://www.Department2.University2.edu/UndergraduateStudent24}, {X=http://www.Department2.University2.edu/UndergraduateStudent297}, {X=http://www.Department2.University2.edu/UndergraduateStudent330}, {X=http://www.Department2.University2.edu/UndergraduateStudent308}, {X=http://www.Department2.University2.edu/UndergraduateStudent128}, {X=http://www.Department2.University2.edu/UndergraduateStudent358}, {X=http://www.Department2.University2.edu/UndergraduateStudent13}, {X=http://www.Department2.University2.edu/GraduateStudent129}, {X=http://www.Department2.University2.edu/UndergraduateStudent253}, {X=http://www.Department2.University2.edu/UndergraduateStudent29}, {X=http://www.Department2.University2.edu/UndergraduateStudent193}, {X=http://www.Department2.University2.edu/GraduateStudent46}, {X=http://www.Department2.University2.edu/UndergraduateStudent122}, {X=http://www.Department2.University2.edu/UndergraduateStudent56}, {X=http://www.Department2.University2.edu/GraduateStudent125}, {X=http://www.Department2.University2.edu/UndergraduateStudent202}, {X=http://www.Department2.University2.edu/GraduateStudent86}, {X=http://www.Department2.University2.edu/UndergraduateStudent262}, {X=http://www.Department2.University2.edu/UndergraduateStudent148}, {X=http://www.Department2.University2.edu/UndergraduateStudent163}, {X=http://www.Department2.University2.edu/UndergraduateStudent76}, {X=http://www.Department2.University2.edu/GraduateStudent64}, {X=http://www.Department2.University2.edu/GraduateStudent27}, {X=http://www.Department2.University2.edu/UndergraduateStudent351}, {X=http://www.Department2.University2.edu/UndergraduateStudent78}, {X=http://www.Department2.University2.edu/GraduateStudent49}, {X=http://www.Department2.University2.edu/UndergraduateStudent36}, {X=http://www.Department2.University2.edu/UndergraduateStudent338}, {X=http://www.Department2.University2.edu/UndergraduateStudent339}, {X=http://www.Department2.University2.edu/GraduateStudent87}, {X=http://www.Department2.University2.edu/UndergraduateStudent167}, {X=http://www.Department2.University2.edu/GraduateStudent119}, {X=http://www.Department2.University2.edu/UndergraduateStudent72}, {X=http://www.Department2.University2.edu/GraduateStudent97}, {X=http://www.Department2.University2.edu/UndergraduateStudent77}, {X=http://www.Department2.University2.edu/GraduateStudent54}, {X=http://www.Department2.University2.edu/UndergraduateStudent9}, {X=http://www.Department2.University2.edu/UndergraduateStudent65}, {X=http://www.Department2.University2.edu/UndergraduateStudent208}, {X=http://www.Department2.University2.edu/UndergraduateStudent11}, {X=http://www.Department2.University2.edu/GraduateStudent128}, {X=http://www.Department2.University2.edu/UndergraduateStudent322}, {X=http://www.Department2.University2.edu/GraduateStudent89}, {X=http://www.Department2.University2.edu/UndergraduateStudent134}, {X=http://www.Department2.University2.edu/UndergraduateStudent28}, {X=http://www.Department2.University2.edu/GraduateStudent25}, {X=http://www.Department2.University2.edu/UndergraduateStudent335}, {X=http://www.Department2.University2.edu/UndergraduateStudent288}, {X=http://www.Department2.University2.edu/GraduateStudent76}, {X=http://www.Department2.University2.edu/UndergraduateStudent125}, {X=http://www.Department2.University2.edu/UndergraduateStudent97}, {X=http://www.Department2.University2.edu/UndergraduateStudent137}, {X=http://www.Department2.University2.edu/GraduateStudent28}, {X=http://www.Department2.University2.edu/UndergraduateStudent162}, {X=http://www.Department2.University2.edu/UndergraduateStudent293}, {X=http://www.Department2.University2.edu/UndergraduateStudent328}, {X=http://www.Department2.University2.edu/UndergraduateStudent350}, {X=http://www.Department2.University2.edu/UndergraduateStudent269}, {X=http://www.Department2.University2.edu/UndergraduateStudent64}, {X=http://www.Department2.University2.edu/UndergraduateStudent245}, {X=http://www.Department2.University2.edu/UndergraduateStudent272}, {X=http://www.Department2.University2.edu/UndergraduateStudent95}, {X=http://www.Department2.University2.edu/UndergraduateStudent109}, {X=http://www.Department2.University2.edu/UndergraduateStudent179}, {X=http://www.Department2.University2.edu/GraduateStudent63}, {X=http://www.Department2.University2.edu/GraduateStudent19}, {X=http://www.Department2.University2.edu/GraduateStudent22}, {X=http://www.Department2.University2.edu/UndergraduateStudent4}, {X=http://www.Department2.University2.edu/GraduateStudent12}, {X=http://www.Department2.University2.edu/UndergraduateStudent280}, {X=http://www.Department2.University2.edu/UndergraduateStudent38}, {X=http://www.Department2.University2.edu/UndergraduateStudent93}, {X=http://www.Department2.University2.edu/UndergraduateStudent58}, {X=http://www.Department2.University2.edu/UndergraduateStudent223}, {X=http://www.Department2.University2.edu/UndergraduateStudent146}, {X=http://www.Department2.University2.edu/UndergraduateStudent32}, {X=http://www.Department2.University2.edu/UndergraduateStudent220}, {X=http://www.Department2.University2.edu/GraduateStudent82}, {X=http://www.Department2.University2.edu/UndergraduateStudent286}, {X=http://www.Department2.University2.edu/UndergraduateStudent295}, {X=http://www.Department2.University2.edu/UndergraduateStudent267}, {X=http://www.Department2.University2.edu/GraduateStudent4}, {X=http://www.Department2.University2.edu/UndergraduateStudent355}, {X=http://www.Department2.University2.edu/UndergraduateStudent34}, {X=http://www.Department2.University2.edu/UndergraduateStudent320}, {X=http://www.Department2.University2.edu/UndergraduateStudent321}, {X=http://www.Department2.University2.edu/GraduateStudent60}, {X=http://www.Department2.University2.edu/UndergraduateStudent275}, {X=http://www.Department2.University2.edu/GraduateStudent26}, {X=http://www.Department2.University2.edu/UndergraduateStudent318}, {X=http://www.Department2.University2.edu/UndergraduateStudent57}, {X=http://www.Department2.University2.edu/GraduateStudent106}, {X=http://www.Department2.University2.edu/UndergraduateStudent115}, {X=http://www.Department2.University2.edu/GraduateStudent38}, {X=http://www.Department2.University2.edu/GraduateStudent34}, {X=http://www.Department2.University2.edu/UndergraduateStudent147}, {X=http://www.Department2.University2.edu/UndergraduateStudent46}, {X=http://www.Department2.University2.edu/UndergraduateStudent79}, {X=http://www.Department2.University2.edu/UndergraduateStudent63}, {X=http://www.Department2.University2.edu/UndergraduateStudent256}, {X=http://www.Department2.University2.edu/UndergraduateStudent336}, {X=http://www.Department2.University2.edu/GraduateStudent42}, {X=http://www.Department2.University2.edu/UndergraduateStudent214}, {X=http://www.Department2.University2.edu/GraduateStudent92}, {X=http://www.Department2.University2.edu/UndergraduateStudent313}, {X=http://www.Department2.University2.edu/UndergraduateStudent42}, {X=http://www.Department2.University2.edu/UndergraduateStudent100}, {X=http://www.Department2.University2.edu/UndergraduateStudent83}, {X=http://www.Department2.University2.edu/UndergraduateStudent69}, {X=http://www.Department2.University2.edu/GraduateStudent91}, {X=http://www.Department2.University2.edu/UndergraduateStudent20}, {X=http://www.Department2.University2.edu/UndergraduateStudent111}, {X=http://www.Department2.University2.edu/UndergraduateStudent190}, {X=http://www.Department2.University2.edu/UndergraduateStudent87}, {X=http://www.Department2.University2.edu/UndergraduateStudent5}, {X=http://www.Department2.University2.edu/UndergraduateStudent189}, {X=http://www.Department2.University2.edu/GraduateStudent30}, {X=http://www.Department2.University2.edu/GraduateStudent32}, {X=http://www.Department2.University2.edu/UndergraduateStudent331}, {X=http://www.Department2.University2.edu/GraduateStudent65}, {X=http://www.Department2.University2.edu/UndergraduateStudent226}, {X=http://www.Department2.University2.edu/UndergraduateStudent132}, {X=http://www.Department2.University2.edu/UndergraduateStudent44}, {X=http://www.Department2.University2.edu/UndergraduateStudent33}, {X=http://www.Department2.University2.edu/GraduateStudent7}, {X=http://www.Department2.University2.edu/UndergraduateStudent166}, {X=http://www.Department2.University2.edu/UndergraduateStudent74}, {X=http://www.Department2.University2.edu/UndergraduateStudent207}, {X=http://www.Department2.University2.edu/UndergraduateStudent244}, {X=http://www.Department2.University2.edu/UndergraduateStudent175}, {X=http://www.Department2.University2.edu/UndergraduateStudent45}, {X=http://www.Department2.University2.edu/GraduateStudent93}, {X=http://www.Department2.University2.edu/UndergraduateStudent127}, {X=http://www.Department2.University2.edu/UndergraduateStudent8}, {X=http://www.Department2.University2.edu/UndergraduateStudent53}, {X=http://www.Department2.University2.edu/UndergraduateStudent200}, {X=http://www.Department2.University2.edu/UndergraduateStudent232}, {X=http://www.Department2.University2.edu/UndergraduateStudent273}, {X=http://www.Department2.University2.edu/GraduateStudent79}, {X=http://www.Department2.University2.edu/GraduateStudent94}, {X=http://www.Department2.University2.edu/UndergraduateStudent353}, {X=http://www.Department2.University2.edu/GraduateStudent95}, {X=http://www.Department2.University2.edu/UndergraduateStudent18}, {X=http://www.Department2.University2.edu/GraduateStudent110}, {X=http://www.Department2.University2.edu/UndergraduateStudent334}, {X=http://www.Department2.University2.edu/UndergraduateStudent27}, {X=http://www.Department2.University2.edu/UndergraduateStudent250}, {X=http://www.Department2.University2.edu/UndergraduateStudent30}, {X=http://www.Department2.University2.edu/UndergraduateStudent289}, {X=http://www.Department2.University2.edu/UndergraduateStudent257}, {X=http://www.Department2.University2.edu/UndergraduateStudent155}, {X=http://www.Department2.University2.edu/UndergraduateStudent327}, {X=http://www.Department2.University2.edu/UndergraduateStudent66}, {X=http://www.Department2.University2.edu/UndergraduateStudent229}, {X=http://www.Department2.University2.edu/UndergraduateStudent346}, {X=http://www.Department2.University2.edu/UndergraduateStudent180}, {X=http://www.Department2.University2.edu/GraduateStudent105}, {X=http://www.Department2.University2.edu/GraduateStudent77}, {X=http://www.Department2.University2.edu/UndergraduateStudent17}, {X=http://www.Department2.University2.edu/GraduateStudent78}, {X=http://www.Department2.University2.edu/UndergraduateStudent81}, {X=http://www.Department2.University2.edu/UndergraduateStudent228}, {X=http://www.Department2.University2.edu/UndergraduateStudent49}, {X=http://www.Department2.University2.edu/GraduateStudent45}, {X=http://www.Department2.University2.edu/UndergraduateStudent216}, {X=http://www.Department2.University2.edu/UndergraduateStudent142}, {X=http://www.Department2.University2.edu/UndergraduateStudent261}, {X=http://www.Department2.University2.edu/GraduateStudent11}, {X=http://www.Department2.University2.edu/UndergraduateStudent168}, {X=http://www.Department2.University2.edu/UndergraduateStudent0}, {X=http://www.Department2.University2.edu/UndergraduateStudent266}, {X=http://www.Department2.University2.edu/UndergraduateStudent345}, {X=http://www.Department2.University2.edu/GraduateStudent18}, {X=http://www.Department2.University2.edu/GraduateStudent6}, {X=http://www.Department2.University2.edu/UndergraduateStudent198}, {X=http://www.Department2.University2.edu/UndergraduateStudent110}, {X=http://www.Department2.University2.edu/UndergraduateStudent195}, {X=http://www.Department2.University2.edu/UndergraduateStudent260}, {X=http://www.Department2.University2.edu/UndergraduateStudent307}, {X=http://www.Department2.University2.edu/UndergraduateStudent314}, {X=http://www.Department2.University2.edu/UndergraduateStudent296}, {X=http://www.Department2.University2.edu/GraduateStudent13}, {X=http://www.Department2.University2.edu/UndergraduateStudent344}, {X=http://www.Department2.University2.edu/UndergraduateStudent22}, {X=http://www.Department2.University2.edu/UndergraduateStudent170}, {X=http://www.Department2.University2.edu/UndergraduateStudent108}, {X=http://www.Department2.University2.edu/UndergraduateStudent103}, {X=http://www.Department2.University2.edu/UndergraduateStudent304}, {X=http://www.Department2.University2.edu/GraduateStudent36}, {X=http://www.Department2.University2.edu/UndergraduateStudent230}, {X=http://www.Department2.University2.edu/UndergraduateStudent41}, {X=http://www.Department2.University2.edu/UndergraduateStudent131}, {X=http://www.Department2.University2.edu/UndergraduateStudent255}, {X=http://www.Department2.University2.edu/UndergraduateStudent290}, {X=http://www.Department2.University2.edu/GraduateStudent74}, {X=http://www.Department2.University2.edu/GraduateStudent114}, {X=http://www.Department2.University2.edu/UndergraduateStudent86}, {X=http://www.Department2.University2.edu/GraduateStudent14}, {X=http://www.Department2.University2.edu/UndergraduateStudent235}, {X=http://www.Department2.University2.edu/UndergraduateStudent188}, {X=http://www.Department2.University2.edu/UndergraduateStudent203}, {X=http://www.Department2.University2.edu/UndergraduateStudent15}, {X=http://www.Department2.University2.edu/UndergraduateStudent62}, {X=http://www.Department2.University2.edu/UndergraduateStudent82}, {X=http://www.Department2.University2.edu/UndergraduateStudent276}, {X=http://www.Department2.University2.edu/UndergraduateStudent217}, {X=http://www.Department2.University2.edu/UndergraduateStudent215}, {X=http://www.Department2.University2.edu/UndergraduateStudent112}, {X=http://www.Department2.University2.edu/GraduateStudent113}, {X=http://www.Department2.University2.edu/UndergraduateStudent106}, {X=http://www.Department2.University2.edu/GraduateStudent47}, {X=http://www.Department2.University2.edu/UndergraduateStudent259}, {X=http://www.Department2.University2.edu/UndergraduateStudent12}, {X=http://www.Department2.University2.edu/GraduateStudent104}, {X=http://www.Department2.University2.edu/UndergraduateStudent23}, {X=http://www.Department2.University2.edu/GraduateStudent124}, {X=http://www.Department2.University2.edu/UndergraduateStudent6}, {X=http://www.Department2.University2.edu/UndergraduateStudent206}, {X=http://www.Department2.University2.edu/GraduateStudent117}, {X=http://www.Department2.University2.edu/UndergraduateStudent315}, {X=http://www.Department2.University2.edu/UndergraduateStudent172}, {X=http://www.Department2.University2.edu/UndergraduateStudent145}, {X=http://www.Department2.University2.edu/UndergraduateStudent252}, {X=http://www.Department2.University2.edu/UndergraduateStudent192}, {X=http://www.Department2.University2.edu/UndergraduateStudent199}, {X=http://www.Department2.University2.edu/GraduateStudent57}, {X=http://www.Department2.University2.edu/GraduateStudent101}, {X=http://www.Department2.University2.edu/UndergraduateStudent26}, {X=http://www.Department2.University2.edu/UndergraduateStudent173}, {X=http://www.Department2.University2.edu/GraduateStudent103}, {X=http://www.Department2.University2.edu/UndergraduateStudent160}, {X=http://www.Department2.University2.edu/UndergraduateStudent184}, {X=http://www.Department2.University2.edu/UndergraduateStudent326}, {X=http://www.Department2.University2.edu/GraduateStudent33}, {X=http://www.Department2.University2.edu/GraduateStudent111}, {X=http://www.Department2.University2.edu/UndergraduateStudent271}, {X=http://www.Department2.University2.edu/UndergraduateStudent287}, {X=http://www.Department2.University2.edu/GraduateStudent88}, {X=http://www.Department2.University2.edu/UndergraduateStudent80}, {X=http://www.Department2.University2.edu/UndergraduateStudent359}, {X=http://www.Department2.University2.edu/GraduateStudent123}, {X=http://www.Department2.University2.edu/GraduateStudent116}, {X=http://www.Department2.University2.edu/UndergraduateStudent239}, {X=http://www.Department2.University2.edu/GraduateStudent68}, {X=http://www.Department2.University2.edu/UndergraduateStudent96}, {X=http://www.Department2.University2.edu/UndergraduateStudent178}, {X=http://www.Department2.University2.edu/UndergraduateStudent157}, {X=http://www.Department2.University2.edu/UndergraduateStudent105}, {X=http://www.Department2.University2.edu/GraduateStudent122}, {X=http://www.Department2.University2.edu/UndergraduateStudent50}, {X=http://www.Department2.University2.edu/UndergraduateStudent316}, {X=http://www.Department2.University2.edu/UndergraduateStudent303}, {X=http://www.Department2.University2.edu/UndergraduateStudent181}, {X=http://www.Department2.University2.edu/UndergraduateStudent243}, {X=http://www.Department2.University2.edu/UndergraduateStudent301}, {X=http://www.Department2.University2.edu/UndergraduateStudent120}, {X=http://www.Department2.University2.edu/UndergraduateStudent14}, {X=http://www.Department2.University2.edu/GraduateStudent126}, {X=http://www.Department2.University2.edu/GraduateStudent9}, {X=http://www.Department2.University2.edu/UndergraduateStudent205}, {X=http://www.Department2.University2.edu/GraduateStudent31}, {X=http://www.Department2.University2.edu/UndergraduateStudent347}, {X=http://www.Department2.University2.edu/UndergraduateStudent133}, {X=http://www.Department2.University2.edu/UndergraduateStudent136}, {X=http://www.Department2.University2.edu/UndergraduateStudent40}, {X=http://www.Department2.University2.edu/GraduateStudent109}, {X=http://www.Department2.University2.edu/UndergraduateStudent325}, {X=http://www.Department2.University2.edu/UndergraduateStudent210}, {X=http://www.Department2.University2.edu/UndergraduateStudent139}, {X=http://www.Department2.University2.edu/UndergraduateStudent114}, {X=http://www.Department2.University2.edu/GraduateStudent99}, {X=http://www.Department2.University2.edu/GraduateStudent50}, {X=http://www.Department2.University2.edu/UndergraduateStudent298}, {X=http://www.Department2.University2.edu/UndergraduateStudent31}, {X=http://www.Department2.University2.edu/UndergraduateStudent249}, {X=http://www.Department2.University2.edu/UndergraduateStudent60}, {X=http://www.Department2.University2.edu/UndergraduateStudent149}, {X=http://www.Department2.University2.edu/UndergraduateStudent352}, {X=http://www.Department2.University2.edu/UndergraduateStudent236}, {X=http://www.Department2.University2.edu/UndergraduateStudent211}, {X=http://www.Department2.University2.edu/GraduateStudent96}, {X=http://www.Department2.University2.edu/UndergraduateStudent107}, {X=http://www.Department2.University2.edu/GraduateStudent52}, {X=http://www.Department2.University2.edu/GraduateStudent85}, {X=http://www.Department2.University2.edu/UndergraduateStudent54}, {X=http://www.Department2.University2.edu/GraduateStudent56}, {X=http://www.Department2.University2.edu/UndergraduateStudent237}, {X=http://www.Department2.University2.edu/UndergraduateStudent306}, {X=http://www.Department2.University2.edu/GraduateStudent62}, {X=http://www.Department2.University2.edu/GraduateStudent40}, {X=http://www.Department2.University2.edu/GraduateStudent84}, {X=http://www.Department2.University2.edu/UndergraduateStudent340}, {X=http://www.Department2.University2.edu/UndergraduateStudent67}, {X=http://www.Department2.University2.edu/UndergraduateStudent70}, {X=http://www.Department2.University2.edu/UndergraduateStudent299}, {X=http://www.Department2.University2.edu/UndergraduateStudent129}, {X=http://www.Department2.University2.edu/UndergraduateStudent161}, {X=http://www.Department2.University2.edu/UndergraduateStudent348}, {X=http://www.Department2.University2.edu/UndergraduateStudent10}, {X=http://www.Department2.University2.edu/UndergraduateStudent357}, {X=http://www.Department2.University2.edu/GraduateStudent17}, {X=http://www.Department2.University2.edu/UndergraduateStudent59}, {X=http://www.Department2.University2.edu/UndergraduateStudent209}, {X=http://www.Department2.University2.edu/UndergraduateStudent1}, {X=http://www.Department2.University2.edu/UndergraduateStudent337}, {X=http://www.Department2.University2.edu/UndergraduateStudent104}, {X=http://www.Department2.University2.edu/GraduateStudent80}, {X=http://www.Department2.University2.edu/GraduateStudent67}, {X=http://www.Department2.University2.edu/UndergraduateStudent43}, {X=http://www.Department2.University2.edu/GraduateStudent41}, {X=http://www.Department2.University2.edu/UndergraduateStudent102}, {X=http://www.Department2.University2.edu/UndergraduateStudent117}, {X=http://www.Department2.University2.edu/UndergraduateStudent182}, {X=http://www.Department2.University2.edu/UndergraduateStudent324}, {X=http://www.Department2.University2.edu/UndergraduateStudent51}, {X=http://www.Department2.University2.edu/UndergraduateStudent119}, {X=http://www.Department2.University2.edu/GraduateStudent107}, {X=http://www.Department2.University2.edu/GraduateStudent58}, {X=http://www.Department2.University2.edu/UndergraduateStudent274}, {X=http://www.Department2.University2.edu/UndergraduateStudent258}, {X=http://www.Department2.University2.edu/UndergraduateStudent177}, {X=http://www.Department2.University2.edu/GraduateStudent75}, {X=http://www.Department2.University2.edu/UndergraduateStudent101}, {X=http://www.Department2.University2.edu/UndergraduateStudent140}, {X=http://www.Department2.University2.edu/UndergraduateStudent90}, {X=http://www.Department2.University2.edu/UndergraduateStudent135}, {X=http://www.Department2.University2.edu/GraduateStudent35}, {X=http://www.Department2.University2.edu/GraduateStudent71}, {X=http://www.Department2.University2.edu/UndergraduateStudent186}, {X=http://www.Department2.University2.edu/UndergraduateStudent312}, {X=http://www.Department2.University2.edu/UndergraduateStudent341}, {X=http://www.Department2.University2.edu/UndergraduateStudent342}, {X=http://www.Department2.University2.edu/UndergraduateStudent158}, {X=http://www.Department2.University2.edu/UndergraduateStudent171}, {X=http://www.Department2.University2.edu/UndergraduateStudent300}, {X=http://www.Department2.University2.edu/UndergraduateStudent165}, {X=http://www.Department2.University2.edu/UndergraduateStudent151}, {X=http://www.Department2.University2.edu/UndergraduateStudent88}, {X=http://www.Department2.University2.edu/UndergraduateStudent194}, {X=http://www.Department2.University2.edu/UndergraduateStudent169}, {X=http://www.Department2.University2.edu/GraduateStudent3}, {X=http://www.Department2.University2.edu/UndergraduateStudent302}, {X=http://www.Department2.University2.edu/UndergraduateStudent231}, {X=http://www.Department2.University2.edu/UndergraduateStudent264}, {X=http://www.Department2.University2.edu/UndergraduateStudent247}, {X=http://www.Department2.University2.edu/GraduateStudent55}, {X=http://www.Department2.University2.edu/GraduateStudent1}, {X=http://www.Department2.University2.edu/UndergraduateStudent283}, {X=http://www.Department2.University2.edu/UndergraduateStudent191}, {X=http://www.Department2.University2.edu/UndergraduateStudent75}, {X=http://www.Department2.University2.edu/GraduateStudent70}, {X=http://www.Department2.University2.edu/UndergraduateStudent98}, {X=http://www.Department2.University2.edu/UndergraduateStudent204}, {X=http://www.Department2.University2.edu/GraduateStudent44}, {X=http://www.Department2.University2.edu/UndergraduateStudent356}, {X=http://www.Department2.University2.edu/UndergraduateStudent277}, {X=http://www.Department2.University2.edu/UndergraduateStudent360}, {X=http://www.Department2.University2.edu/UndergraduateStudent2}, {X=http://www.Department2.University2.edu/UndergraduateStudent282}, {X=http://www.Department2.University2.edu/UndergraduateStudent224}, {X=http://www.Department2.University2.edu/UndergraduateStudent84}, {X=http://www.Department2.University2.edu/GraduateStudent20}, {X=http://www.Department2.University2.edu/UndergraduateStudent281}, {X=http://www.Department2.University2.edu/GraduateStudent39}, {X=http://www.Department2.University2.edu/UndergraduateStudent19}, {X=http://www.Department2.University2.edu/UndergraduateStudent68}, {X=http://www.Department2.University2.edu/UndergraduateStudent323}, {X=http://www.Department2.University2.edu/GraduateStudent102}, {X=http://www.Department2.University2.edu/GraduateStudent81}, {X=http://www.Department2.University2.edu/UndergraduateStudent154}, {X=http://www.Department2.University2.edu/GraduateStudent48}, {X=http://www.Department2.University2.edu/UndergraduateStudent152}, {X=http://www.Department2.University2.edu/UndergraduateStudent329}, {X=http://www.Department2.University2.edu/UndergraduateStudent21}, {X=http://www.Department2.University2.edu/UndergraduateStudent159}, {X=http://www.Department2.University2.edu/GraduateStudent15}, {X=http://www.Department2.University2.edu/UndergraduateStudent99}, {X=http://www.Department2.University2.edu/UndergraduateStudent292}, {X=http://www.Department2.University2.edu/UndergraduateStudent242}, {X=http://www.Department2.University2.edu/UndergraduateStudent343}, {X=http://www.Department2.University2.edu/UndergraduateStudent238}, {X=http://www.Department2.University2.edu/GraduateStudent23}, {X=http://www.Department2.University2.edu/UndergraduateStudent187}, {X=http://www.Department2.University2.edu/GraduateStudent100}, {X=http://www.Department2.University2.edu/UndergraduateStudent143}, {X=http://www.Department2.University2.edu/UndergraduateStudent174}, {X=http://www.Department2.University2.edu/GraduateStudent2}, {X=http://www.Department2.University2.edu/UndergraduateStudent234}, {X=http://www.Department2.University2.edu/UndergraduateStudent150}, {X=http://www.Department2.University2.edu/UndergraduateStudent164}, {X=http://www.Department2.University2.edu/UndergraduateStudent241}, {X=http://www.Department2.University2.edu/UndergraduateStudent126}, {X=http://www.Department2.University2.edu/UndergraduateStudent225}, {X=http://www.Department2.University2.edu/UndergraduateStudent185}, {X=http://www.Department2.University2.edu/UndergraduateStudent196}, {X=http://www.Department2.University2.edu/GraduateStudent118}, {X=http://www.Department2.University2.edu/UndergraduateStudent113}, {X=http://www.Department2.University2.edu/UndergraduateStudent279}, {X=http://www.Department2.University2.edu/UndergraduateStudent305}, {X=http://www.Department2.University2.edu/UndergraduateStudent130}, {X=http://www.Department2.University2.edu/GraduateStudent37}, {X=http://www.Department2.University2.edu/GraduateStudent61}, {X=http://www.Department2.University2.edu/UndergraduateStudent246}, {X=http://www.Department2.University2.edu/GraduateStudent72}, {X=http://www.Department2.University2.edu/UndergraduateStudent294}, {X=http://www.Department2.University2.edu/UndergraduateStudent278}, {X=http://www.Department2.University2.edu/UndergraduateStudent270}, {X=http://www.Department2.University2.edu/UndergraduateStudent89}, {X=http://www.Department2.University2.edu/UndergraduateStudent284}, {X=http://www.Department2.University2.edu/GraduateStudent0}, {X=http://www.Department2.University2.edu/UndergraduateStudent213}, {X=http://www.Department2.University2.edu/UndergraduateStudent349}, {X=http://www.Department2.University2.edu/UndergraduateStudent263}, {X=http://www.Department2.University2.edu/GraduateStudent24}, {X=http://www.Department2.University2.edu/UndergraduateStudent176}, {X=http://www.Department2.University2.edu/UndergraduateStudent39}, {X=http://www.Department2.University2.edu/UndergraduateStudent124}, {X=http://www.Department2.University2.edu/UndergraduateStudent52}, {X=http://www.Department2.University2.edu/UndergraduateStudent354}, {X=http://www.Department2.University2.edu/UndergraduateStudent48}, {X=http://www.Department2.University2.edu/GraduateStudent83}, {X=http://www.Department2.University2.edu/GraduateStudent130}, {X=http://www.Department2.University2.edu/UndergraduateStudent61}, {X=http://www.Department2.University2.edu/UndergraduateStudent16}, {X=http://www.Department2.University2.edu/UndergraduateStudent319}, {X=http://www.Department2.University2.edu/GraduateStudent98}, {X=http://www.Department2.University2.edu/UndergraduateStudent71}, {X=http://www.Department2.University2.edu/UndergraduateStudent35}, {X=http://www.Department2.University2.edu/GraduateStudent120}, {X=http://www.Department2.University2.edu/UndergraduateStudent156}, {X=http://www.Department2.University2.edu/UndergraduateStudent153}, {X=http://www.Department2.University2.edu/UndergraduateStudent118}, {X=http://www.Department2.University2.edu/GraduateStudent90}, {X=http://www.Department2.University2.edu/GraduateStudent59}, {X=http://www.Department2.University2.edu/GraduateStudent43}, {X=http://www.Department2.University2.edu/UndergraduateStudent317}, {X=http://www.Department2.University2.edu/UndergraduateStudent121}, {X=http://www.Department2.University2.edu/UndergraduateStudent144}, {X=http://www.Department2.University2.edu/UndergraduateStudent251}, {X=http://www.Department2.University2.edu/UndergraduateStudent141}, {X=http://www.Department2.University2.edu/UndergraduateStudent265}, {X=http://www.Department2.University2.edu/GraduateStudent115}, {X=http://www.Department2.University2.edu/UndergraduateStudent268}, {X=http://www.Department2.University2.edu/GraduateStudent66}, {X=http://www.Department2.University2.edu/UndergraduateStudent310}, {X=http://www.Department2.University2.edu/GraduateStudent5}, {X=http://www.Department2.University2.edu/UndergraduateStudent248}, {X=http://www.Department2.University2.edu/UndergraduateStudent183}, {X=http://www.Department2.University2.edu/UndergraduateStudent94}, {X=http://www.Department2.University2.edu/GraduateStudent69}, {X=http://www.Department2.University2.edu/GraduateStudent73}, {X=http://www.Department2.University2.edu/UndergraduateStudent138}, {X=http://www.Department2.University2.edu/UndergraduateStudent37}, {X=http://www.Department2.University2.edu/UndergraduateStudent291}, {X=http://www.Department2.University2.edu/UndergraduateStudent233}, {X=http://www.Department2.University2.edu/UndergraduateStudent212}, {X=http://www.Department2.University2.edu/UndergraduateStudent55}, {X=http://www.Department2.University2.edu/UndergraduateStudent91}, {X=http://www.Department2.University2.edu/UndergraduateStudent222}, {X=http://www.Department2.University2.edu/UndergraduateStudent309}, {X=http://www.Department2.University2.edu/UndergraduateStudent332}, {X=http://www.Department2.University2.edu/GraduateStudent131}, {X=http://www.Department2.University2.edu/GraduateStudent53}, {X=http://www.Department2.University2.edu/GraduateStudent112}, {X=http://www.Department2.University2.edu/UndergraduateStudent73}, {X=http://www.Department2.University2.edu/UndergraduateStudent7}, {X=http://www.Department2.University2.edu/UndergraduateStudent92}, {X=http://www.Department2.University2.edu/UndergraduateStudent116}, {X=http://www.Department2.University2.edu/UndergraduateStudent201}, {X=http://www.Department2.University2.edu/UndergraduateStudent85}, {X=http://www.Department2.University2.edu/GraduateStudent29}, {X=http://www.Department2.University2.edu/UndergraduateStudent227}, {X=http://www.Department2.University2.edu/UndergraduateStudent240}, {X=http://www.Department2.University2.edu/UndergraduateStudent3}, {X=http://www.Department2.University2.edu/UndergraduateStudent197}, {X=http://www.Department2.University2.edu/UndergraduateStudent123}, {X=http://www.Department2.University2.edu/UndergraduateStudent311}, {X=http://www.Department2.University2.edu/GraduateStudent51}, {X=http://www.Department2.University2.edu/UndergraduateStudent285}, {X=http://www.Department2.University2.edu/UndergraduateStudent333}, {X=http://www.Department2.University2.edu/GraduateStudent8}, {X=http://www.Department2.University2.edu/GraduateStudent132}, {X=http://www.Department2.University2.edu/UndergraduateStudent218}, {X=http://www.Department2.University2.edu/GraduateStudent121}, {X=http://www.Department2.University2.edu/GraduateStudent127}, {X=http://www.Department2.University2.edu/UndergraduateStudent25}, {X=http://www.Department2.University2.edu/UndergraduateStudent254}, {X=http://www.Department2.University2.edu/GraduateStudent108}, {X=http://www.Department2.University2.edu/UndergraduateStudent47}, {X=http://www.Department2.University2.edu/GraduateStudent16}, {X=http://www.Department2.University2.edu/GraduateStudent21}, {X=http://www.Department2.University2.edu/UndergraduateStudent221}, {X=http://www.Department2.University2.edu/GraduateStudent10}, {X=http://www.Department2.University2.edu/UndergraduateStudent219}, {X=http://www.Department2.University2.edu/UndergraduateStudent24}, {X=http://www.Department2.University2.edu/UndergraduateStudent297}, {X=http://www.Department2.University2.edu/UndergraduateStudent330}, {X=http://www.Department2.University2.edu/UndergraduateStudent308}, {X=http://www.Department2.University2.edu/UndergraduateStudent128}, {X=http://www.Department2.University2.edu/UndergraduateStudent358}, {X=http://www.Department2.University2.edu/UndergraduateStudent13}, {X=http://www.Department2.University2.edu/GraduateStudent129}, {X=http://www.Department2.University2.edu/UndergraduateStudent253}, {X=http://www.Department2.University2.edu/UndergraduateStudent29}, {X=http://www.Department2.University2.edu/UndergraduateStudent193}, {X=http://www.Department2.University2.edu/GraduateStudent46}, {X=http://www.Department2.University2.edu/UndergraduateStudent122}, {X=http://www.Department2.University2.edu/UndergraduateStudent56}, {X=http://www.Department2.University2.edu/GraduateStudent125}, {X=http://www.Department2.University2.edu/UndergraduateStudent202}, {X=http://www.Department2.University2.edu/GraduateStudent86}, {X=http://www.Department2.University2.edu/UndergraduateStudent262}, {X=http://www.Department2.University2.edu/UndergraduateStudent148}, {X=http://www.Department2.University2.edu/UndergraduateStudent163}, {X=http://www.Department2.University2.edu/UndergraduateStudent76}, {X=http://www.Department2.University2.edu/GraduateStudent64}, {X=http://www.Department2.University2.edu/GraduateStudent27}, {X=http://www.Department2.University2.edu/UndergraduateStudent351}, {X=http://www.Department2.University2.edu/UndergraduateStudent78}, {X=http://www.Department2.University2.edu/GraduateStudent49}, {X=http://www.Department2.University2.edu/UndergraduateStudent36}, {X=http://www.Department2.University2.edu/UndergraduateStudent338}, {X=http://www.Department2.University2.edu/UndergraduateStudent339}, {X=http://www.Department2.University2.edu/GraduateStudent87}, {X=http://www.Department2.University2.edu/UndergraduateStudent167}, {X=http://www.Department2.University2.edu/GraduateStudent119}, {X=http://www.Department2.University2.edu/UndergraduateStudent72}, {X=http://www.Department2.University2.edu/GraduateStudent97}, {X=http://www.Department2.University2.edu/UndergraduateStudent77}, {X=http://www.Department2.University2.edu/GraduateStudent54}, {X=http://www.Department2.University2.edu/UndergraduateStudent9}, {X=http://www.Department2.University2.edu/UndergraduateStudent65}, {X=http://www.Department2.University2.edu/UndergraduateStudent208}, {X=http://www.Department2.University2.edu/UndergraduateStudent11}, {X=http://www.Department2.University2.edu/GraduateStudent128}, {X=http://www.Department2.University2.edu/UndergraduateStudent322}, {X=http://www.Department2.University2.edu/GraduateStudent89}, {X=http://www.Department2.University2.edu/UndergraduateStudent134}, {X=http://www.Department2.University2.edu/UndergraduateStudent28}, {X=http://www.Department2.University2.edu/GraduateStudent25}, {X=http://www.Department2.University2.edu/UndergraduateStudent335}, {X=http://www.Department2.University2.edu/UndergraduateStudent288}, {X=http://www.Department2.University2.edu/GraduateStudent76}, {X=http://www.Department2.University2.edu/UndergraduateStudent125}, {X=http://www.Department2.University2.edu/UndergraduateStudent97}, {X=http://www.Department2.University2.edu/UndergraduateStudent137}, {X=http://www.Department2.University2.edu/GraduateStudent28}, {X=http://www.Department2.University2.edu/UndergraduateStudent162}, {X=http://www.Department2.University2.edu/UndergraduateStudent293}, {X=http://www.Department2.University2.edu/UndergraduateStudent328}, {X=http://www.Department2.University2.edu/UndergraduateStudent350}, {X=http://www.Department2.University2.edu/UndergraduateStudent269}, {X=http://www.Department2.University2.edu/UndergraduateStudent64}, {X=http://www.Department2.University2.edu/UndergraduateStudent245}, {X=http://www.Department2.University2.edu/UndergraduateStudent272}, {X=http://www.Department2.University2.edu/UndergraduateStudent95}, {X=http://www.Department2.University2.edu/UndergraduateStudent109}, {X=http://www.Department2.University2.edu/UndergraduateStudent179}, {X=http://www.Department2.University2.edu/GraduateStudent63}, {X=http://www.Department2.University2.edu/GraduateStudent19}, {X=http://www.Department2.University2.edu/GraduateStudent22}, {X=http://www.Department2.University2.edu/UndergraduateStudent4}, {X=http://www.Department2.University2.edu/GraduateStudent12}, {X=http://www.Department2.University2.edu/UndergraduateStudent280}, {X=http://www.Department2.University2.edu/UndergraduateStudent38}, {X=http://www.Department2.University2.edu/UndergraduateStudent93}, {X=http://www.Department2.University2.edu/UndergraduateStudent58}, {X=http://www.Department2.University2.edu/UndergraduateStudent223}, {X=http://www.Department2.University2.edu/UndergraduateStudent146}, {X=http://www.Department2.University2.edu/UndergraduateStudent32}, {X=http://www.Department2.University2.edu/UndergraduateStudent220}, {X=http://www.Department2.University2.edu/GraduateStudent82}, {X=http://www.Department2.University2.edu/UndergraduateStudent286}, {X=http://www.Department2.University2.edu/UndergraduateStudent295}, {X=http://www.Department2.University2.edu/UndergraduateStudent267}, {X=http://www.Department2.University2.edu/GraduateStudent4}, {X=http://www.Department2.University2.edu/UndergraduateStudent355}, {X=http://www.Department2.University2.edu/UndergraduateStudent34}, {X=http://www.Department2.University2.edu/UndergraduateStudent320}, {X=http://www.Department2.University2.edu/UndergraduateStudent321}, {X=http://www.Department2.University2.edu/GraduateStudent60}, {X=http://www.Department2.University2.edu/UndergraduateStudent275}, {X=http://www.Department2.University2.edu/GraduateStudent26}, {X=http://www.Department2.University2.edu/UndergraduateStudent318}, {X=http://www.Department2.University2.edu/UndergraduateStudent57}, {X=http://www.Department2.University2.edu/GraduateStudent106}, {X=http://www.Department2.University2.edu/UndergraduateStudent115}, {X=http://www.Department2.University2.edu/GraduateStudent38}, {X=http://www.Department2.University2.edu/GraduateStudent34}, {X=http://www.Department2.University2.edu/UndergraduateStudent147}, {X=http://www.Department2.University2.edu/UndergraduateStudent46}, {X=http://www.Department2.University2.edu/UndergraduateStudent79}, {X=http://www.Department2.University2.edu/UndergraduateStudent63}, {X=http://www.Department2.University2.edu/UndergraduateStudent256}, {X=http://www.Department2.University2.edu/UndergraduateStudent336}, {X=http://www.Department2.University2.edu/GraduateStudent42}, {X=http://www.Department2.University2.edu/UndergraduateStudent214}, {X=http://www.Department2.University2.edu/GraduateStudent92}, {X=http://www.Department2.University2.edu/UndergraduateStudent313}, {X=http://www.Department2.University2.edu/UndergraduateStudent42}, {X=http://www.Department2.University2.edu/UndergraduateStudent100}, {X=http://www.Department2.University2.edu/UndergraduateStudent83}, {X=http://www.Department2.University2.edu/UndergraduateStudent69}, {X=http://www.Department2.University2.edu/GraduateStudent91}, {X=http://www.Department2.University2.edu/UndergraduateStudent20}, {X=http://www.Department2.University2.edu/UndergraduateStudent111}, {X=http://www.Department2.University2.edu/UndergraduateStudent190}, {X=http://www.Department2.University2.edu/UndergraduateStudent87}, {X=http://www.Department2.University2.edu/UndergraduateStudent5}, {X=http://www.Department2.University2.edu/UndergraduateStudent189}, {X=http://www.Department2.University2.edu/GraduateStudent30}, {X=http://www.Department2.University2.edu/GraduateStudent32}, {X=http://www.Department2.University2.edu/UndergraduateStudent331}, {X=http://www.Department2.University2.edu/GraduateStudent65}, {X=http://www.Department2.University2.edu/UndergraduateStudent226}, {X=http://www.Department2.University2.edu/UndergraduateStudent132}, {X=http://www.Department2.University2.edu/UndergraduateStudent44}, {X=http://www.Department2.University2.edu/UndergraduateStudent33}, {X=http://www.Department2.University2.edu/GraduateStudent7}, {X=http://www.Department2.University2.edu/UndergraduateStudent166}, {X=http://www.Department2.University2.edu/UndergraduateStudent74}, {X=http://www.Department2.University2.edu/UndergraduateStudent207}, {X=http://www.Department2.University2.edu/UndergraduateStudent244}, {X=http://www.Department2.University2.edu/UndergraduateStudent175}, {X=http://www.Department2.University2.edu/UndergraduateStudent45}, {X=http://www.Department2.University2.edu/GraduateStudent93}, {X=http://www.Department2.University2.edu/UndergraduateStudent127}, {X=http://www.Department2.University2.edu/UndergraduateStudent8}, {X=http://www.Department2.University2.edu/UndergraduateStudent53}, {X=http://www.Department2.University2.edu/UndergraduateStudent200}, {X=http://www.Department2.University2.edu/UndergraduateStudent232}, {X=http://www.Department2.University2.edu/UndergraduateStudent273}, {X=http://www.Department2.University2.edu/GraduateStudent79}, {X=http://www.Department2.University2.edu/GraduateStudent94}, {X=http://www.Department2.University2.edu/UndergraduateStudent353}, {X=http://www.Department2.University2.edu/GraduateStudent95}, {X=http://www.Department2.University2.edu/UndergraduateStudent18}, {X=http://www.Department2.University2.edu/GraduateStudent110}, {X=http://www.Department2.University2.edu/UndergraduateStudent334}, {X=http://www.Department2.University2.edu/UndergraduateStudent27}, {X=http://www.Department2.University2.edu/UndergraduateStudent250}, {X=http://www.Department2.University2.edu/UndergraduateStudent30}, {X=http://www.Department2.University2.edu/UndergraduateStudent289}, {X=http://www.Department2.University2.edu/UndergraduateStudent257}, {X=http://www.Department2.University2.edu/UndergraduateStudent155}, {X=http://www.Department2.University2.edu/UndergraduateStudent327}, {X=http://www.Department2.University2.edu/UndergraduateStudent66}, {X=http://www.Department2.University2.edu/UndergraduateStudent229}, {X=http://www.Department2.University2.edu/UndergraduateStudent346}, {X=http://www.Department2.University2.edu/UndergraduateStudent180}, {X=http://www.Department2.University2.edu/GraduateStudent105}, {X=http://www.Department2.University2.edu/GraduateStudent77}, {X=http://www.Department2.University2.edu/UndergraduateStudent17}, {X=http://www.Department2.University2.edu/GraduateStudent78}, {X=http://www.Department2.University2.edu/UndergraduateStudent81}, {X=http://www.Department2.University2.edu/UndergraduateStudent228}, {X=http://www.Department2.University2.edu/UndergraduateStudent49}, {X=http://www.Department2.University2.edu/GraduateStudent45}, {X=http://www.Department2.University2.edu/UndergraduateStudent216}, {X=http://www.Department2.University2.edu/UndergraduateStudent142}, {X=http://www.Department2.University2.edu/UndergraduateStudent261}, {X=http://www.Department2.University2.edu/GraduateStudent11}, {X=http://www.Department2.University2.edu/UndergraduateStudent168}, {X=http://www.Department2.University2.edu/UndergraduateStudent0}, {X=http://www.Department2.University2.edu/UndergraduateStudent266}, {X=http://www.Department2.University2.edu/UndergraduateStudent345}, {X=http://www.Department2.University2.edu/GraduateStudent18}, {X=http://www.Department2.University2.edu/GraduateStudent6}, {X=http://www.Department2.University2.edu/UndergraduateStudent198}, {X=http://www.Department2.University2.edu/UndergraduateStudent110}, {X=http://www.Department2.University2.edu/UndergraduateStudent195}, {X=http://www.Department2.University2.edu/UndergraduateStudent260}, {X=http://www.Department2.University2.edu/UndergraduateStudent307}, {X=http://www.Department2.University2.edu/UndergraduateStudent314}, {X=http://www.Department2.University2.edu/UndergraduateStudent296}, {X=http://www.Department2.University2.edu/GraduateStudent13}, {X=http://www.Department2.University2.edu/UndergraduateStudent344}, {X=http://www.Department2.University2.edu/UndergraduateStudent22}, {X=http://www.Department2.University2.edu/UndergraduateStudent170}, {X=http://www.Department2.University2.edu/UndergraduateStudent108}, {X=http://www.Department2.University2.edu/UndergraduateStudent103}, {X=http://www.Department2.University2.edu/UndergraduateStudent304}, {X=http://www.Department2.University2.edu/GraduateStudent36}, {X=http://www.Department2.University2.edu/UndergraduateStudent230}, {X=http://www.Department2.University2.edu/UndergraduateStudent41}, {X=http://www.Department2.University2.edu/UndergraduateStudent131}, {X=http://www.Department2.University2.edu/UndergraduateStudent255}, {X=http://www.Department2.University2.edu/UndergraduateStudent290}, {X=http://www.Department2.University2.edu/GraduateStudent74}, {X=http://www.Department2.University2.edu/GraduateStudent114}, {X=http://www.Department2.University2.edu/UndergraduateStudent86}, {X=http://www.Department2.University2.edu/GraduateStudent14}, {X=http://www.Department2.University2.edu/UndergraduateStudent235}, {X=http://www.Department2.University2.edu/UndergraduateStudent188}, {X=http://www.Department2.University2.edu/UndergraduateStudent203}, {X=http://www.Department2.University2.edu/UndergraduateStudent15}, {X=http://www.Department2.University2.edu/UndergraduateStudent62}, {X=http://www.Department2.University2.edu/UndergraduateStudent82}, {X=http://www.Department2.University2.edu/UndergraduateStudent276}, {X=http://www.Department2.University2.edu/UndergraduateStudent217}, {X=http://www.Department2.University2.edu/UndergraduateStudent215}, {X=http://www.Department2.University2.edu/UndergraduateStudent112}, {X=http://www.Department2.University2.edu/GraduateStudent113}, {X=http://www.Department2.University2.edu/UndergraduateStudent106}, {X=http://www.Department2.University2.edu/GraduateStudent47}, {X=http://www.Department2.University2.edu/UndergraduateStudent259}, {X=http://www.Department2.University2.edu/UndergraduateStudent12}, {X=http://www.Department2.University2.edu/GraduateStudent104}, {X=http://www.Department2.University2.edu/UndergraduateStudent23}, {X=http://www.Department2.University2.edu/GraduateStudent124}, {X=http://www.Department2.University2.edu/UndergraduateStudent6}, {X=http://www.Department2.University2.edu/UndergraduateStudent206}, {X=http://www.Department2.University2.edu/GraduateStudent117}, {X=http://www.Department2.University2.edu/UndergraduateStudent315}, {X=http://www.Department2.University2.edu/UndergraduateStudent172}, {X=http://www.Department2.University2.edu/UndergraduateStudent145}, {X=http://www.Department2.University2.edu/UndergraduateStudent252}, {X=http://www.Department2.University2.edu/UndergraduateStudent192}, {X=http://www.Department2.University2.edu/UndergraduateStudent199}, {X=http://www.Department2.University2.edu/GraduateStudent57}, {X=http://www.Department2.University2.edu/GraduateStudent101}, {X=http://www.Department2.University2.edu/UndergraduateStudent26}, {X=http://www.Department2.University2.edu/UndergraduateStudent173}, {X=http://www.Department2.University2.edu/GraduateStudent103}, {X=http://www.Department2.University2.edu/UndergraduateStudent160}, {X=http://www.Department2.University2.edu/UndergraduateStudent184}, {X=http://www.Department2.University2.edu/UndergraduateStudent326}, {X=http://www.Department2.University2.edu/GraduateStudent33}, {X=http://www.Department2.University2.edu/GraduateStudent111}, {X=http://www.Department2.University2.edu/UndergraduateStudent271}, {X=http://www.Department2.University2.edu/UndergraduateStudent287}, {X=http://www.Department2.University2.edu/GraduateStudent88}, {X=http://www.Department2.University2.edu/UndergraduateStudent80}, {X=http://www.Department2.University2.edu/UndergraduateStudent359}, {X=http://www.Department2.University2.edu/GraduateStudent123}, {X=http://www.Department2.University2.edu/GraduateStudent116}, {X=http://www.Department2.University2.edu/UndergraduateStudent239}, {X=http://www.Department2.University2.edu/GraduateStudent68}, {X=http://www.Department2.University2.edu/UndergraduateStudent96}, {X=http://www.Department2.University2.edu/UndergraduateStudent178}, {X=http://www.Department2.University2.edu/UndergraduateStudent157}, {X=http://www.Department2.University2.edu/UndergraduateStudent105}, {X=http://www.Department2.University2.edu/GraduateStudent122}, {X=http://www.Department2.University2.edu/UndergraduateStudent50}, {X=http://www.Department2.University2.edu/UndergraduateStudent316}, {X=http://www.Department2.University2.edu/UndergraduateStudent303}, {X=http://www.Department2.University2.edu/UndergraduateStudent181}, {X=http://www.Department2.University2.edu/UndergraduateStudent243}, {X=http://www.Department2.University2.edu/UndergraduateStudent301}, {X=http://www.Department2.University2.edu/UndergraduateStudent120}, {X=http://www.Department2.University2.edu/UndergraduateStudent14}, {X=http://www.Department2.University2.edu/GraduateStudent126}, {X=http://www.Department2.University2.edu/GraduateStudent9}, {X=http://www.Department2.University2.edu/UndergraduateStudent205}, {X=http://www.Department2.University2.edu/GraduateStudent31}, {X=http://www.Department2.University2.edu/UndergraduateStudent347}, {X=http://www.Department2.University2.edu/UndergraduateStudent133}, {X=http://www.Department2.University2.edu/UndergraduateStudent136}, {X=http://www.Department2.University2.edu/UndergraduateStudent40}, {X=http://www.Department2.University2.edu/GraduateStudent109}, {X=http://www.Department2.University2.edu/UndergraduateStudent325}, {X=http://www.Department2.University2.edu/UndergraduateStudent210}, {X=http://www.Department2.University2.edu/UndergraduateStudent139}, {X=http://www.Department2.University2.edu/UndergraduateStudent114}, {X=http://www.Department2.University2.edu/GraduateStudent99}, {X=http://www.Department2.University2.edu/GraduateStudent50}, {X=http://www.Department2.University2.edu/UndergraduateStudent298}, {X=http://www.Department2.University2.edu/UndergraduateStudent31}, {X=http://www.Department2.University2.edu/UndergraduateStudent249}, {X=http://www.Department2.University2.edu/UndergraduateStudent60}, {X=http://www.Department2.University2.edu/UndergraduateStudent149}, {X=http://www.Department2.University2.edu/UndergraduateStudent352}, {X=http://www.Department2.University2.edu/UndergraduateStudent236}, {X=http://www.Department2.University2.edu/UndergraduateStudent211}, {X=http://www.Department2.University2.edu/GraduateStudent96}, {X=http://www.Department2.University2.edu/UndergraduateStudent107}, {X=http://www.Department2.University2.edu/GraduateStudent52}, {X=http://www.Department2.University2.edu/GraduateStudent85}, {X=http://www.Department2.University2.edu/UndergraduateStudent54}, {X=http://www.Department2.University2.edu/GraduateStudent56}, {X=http://www.Department2.University2.edu/UndergraduateStudent237}, {X=http://www.Department2.University2.edu/UndergraduateStudent306}, {X=http://www.Department2.University2.edu/GraduateStudent62}, {X=http://www.Department2.University2.edu/GraduateStudent40}, {X=http://www.Department2.University2.edu/GraduateStudent84}, {X=http://www.Department2.University2.edu/UndergraduateStudent340}, {X=http://www.Department2.University2.edu/UndergraduateStudent67}, {X=http://www.Department2.University2.edu/UndergraduateStudent70}, {X=http://www.Department2.University2.edu/UndergraduateStudent299}, {X=http://www.Department2.University2.edu/UndergraduateStudent129}, {X=http://www.Department2.University2.edu/UndergraduateStudent161}, {X=http://www.Department2.University2.edu/UndergraduateStudent348}, {X=http://www.Department2.University2.edu/UndergraduateStudent10}, {X=http://www.Department2.University2.edu/UndergraduateStudent357}, {X=http://www.Department2.University2.edu/GraduateStudent17}, {X=http://www.Department2.University2.edu/UndergraduateStudent59}, {X=http://www.Department2.University2.edu/UndergraduateStudent209}, {X=http://www.Department2.University2.edu/UndergraduateStudent1}, {X=http://www.Department2.University2.edu/UndergraduateStudent337}, {X=http://www.Department2.University2.edu/UndergraduateStudent104}, {X=http://www.Department2.University2.edu/GraduateStudent80}, {X=http://www.Department2.University2.edu/GraduateStudent67}, {X=http://www.Department2.University2.edu/UndergraduateStudent43}, {X=http://www.Department2.University2.edu/GraduateStudent41}, {X=http://www.Department2.University2.edu/UndergraduateStudent102}, {X=http://www.Department2.University2.edu/UndergraduateStudent117}, {X=http://www.Department2.University2.edu/UndergraduateStudent182}, {X=http://www.Department2.University2.edu/UndergraduateStudent324}, {X=http://www.Department2.University2.edu/UndergraduateStudent51}, {X=http://www.Department2.University2.edu/UndergraduateStudent119}, {X=http://www.Department2.University2.edu/GraduateStudent107}, {X=http://www.Department2.University2.edu/GraduateStudent58}, {X=http://www.Department2.University2.edu/UndergraduateStudent274}, {X=http://www.Department2.University2.edu/UndergraduateStudent258}, {X=http://www.Department2.University2.edu/UndergraduateStudent177}, {X=http://www.Department2.University2.edu/GraduateStudent75}, {X=http://www.Department2.University2.edu/UndergraduateStudent101}, {X=http://www.Department2.University2.edu/UndergraduateStudent140}, {X=http://www.Department2.University2.edu/UndergraduateStudent90}, {X=http://www.Department2.University2.edu/UndergraduateStudent135}, {X=http://www.Department2.University2.edu/GraduateStudent35}, {X=http://www.Department2.University2.edu/GraduateStudent71}, {X=http://www.Department2.University2.edu/UndergraduateStudent186}, {X=http://www.Department2.University2.edu/UndergraduateStudent312}, {X=http://www.Department2.University2.edu/UndergraduateStudent341}, {X=http://www.Department2.University2.edu/UndergraduateStudent342}, {X=http://www.Department2.University2.edu/UndergraduateStudent158}, {X=http://www.Department2.University2.edu/UndergraduateStudent171}, {X=http://www.Department2.University2.edu/UndergraduateStudent300}, {X=http://www.Department2.University2.edu/UndergraduateStudent165}, {X=http://www.Department2.University2.edu/UndergraduateStudent151}, {X=http://www.Department2.University2.edu/UndergraduateStudent88}, {X=http://www.Department2.University2.edu/UndergraduateStudent194}, {X=http://www.Department2.University2.edu/UndergraduateStudent169}, {X=http://www.Department2.University2.edu/GraduateStudent3}, {X=http://www.Department2.University2.edu/UndergraduateStudent302}, {X=http://www.Department2.University2.edu/UndergraduateStudent231}, {X=http://www.Department2.University2.edu/UndergraduateStudent264}, {X=http://www.Department2.University2.edu/UndergraduateStudent247}, {X=http://www.Department2.University2.edu/GraduateStudent55}, {X=http://www.Department2.University2.edu/GraduateStudent1}, {X=http://www.Department2.University2.edu/UndergraduateStudent283}, {X=http://www.Department2.University2.edu/UndergraduateStudent191}, {X=http://www.Department2.University2.edu/UndergraduateStudent75}, {X=http://www.Department2.University2.edu/GraduateStudent70}, {X=http://www.Department2.University2.edu/UndergraduateStudent98}, {X=http://www.Department2.University2.edu/UndergraduateStudent204}, {X=http://www.Department2.University2.edu/GraduateStudent44}, {X=http://www.Department2.University2.edu/UndergraduateStudent356}, {X=http://www.Department2.University2.edu/UndergraduateStudent277}, {X=http://www.Department2.University2.edu/UndergraduateStudent360}, {X=http://www.Department2.University2.edu/UndergraduateStudent2}, {X=http://www.Department2.University2.edu/UndergraduateStudent282}, {X=http://www.Department2.University2.edu/UndergraduateStudent224}, {X=http://www.Department2.University2.edu/UndergraduateStudent84}, {X=http://www.Department2.University2.edu/GraduateStudent20}, {X=http://www.Department2.University2.edu/UndergraduateStudent281}, {X=http://www.Department2.University2.edu/GraduateStudent39}, {X=http://www.Department2.University2.edu/UndergraduateStudent19}, {X=http://www.Department2.University2.edu/UndergraduateStudent68}, {X=http://www.Department2.University2.edu/UndergraduateStudent323}, {X=http://www.Department2.University2.edu/GraduateStudent102}, {X=http://www.Department2.University2.edu/GraduateStudent81}, {X=http://www.Department2.University2.edu/UndergraduateStudent154}, {X=http://www.Department2.University2.edu/GraduateStudent48}, {X=http://www.Department2.University2.edu/UndergraduateStudent152}, {X=http://www.Department2.University2.edu/UndergraduateStudent329}, {X=http://www.Department2.University2.edu/UndergraduateStudent21}, {X=http://www.Department2.University2.edu/UndergraduateStudent159}, {X=http://www.Department2.University2.edu/GraduateStudent15}, {X=http://www.Department2.University2.edu/UndergraduateStudent99}, {X=http://www.Department2.University2.edu/UndergraduateStudent292}, {X=http://www.Department2.University2.edu/UndergraduateStudent242}, {X=http://www.Department2.University2.edu/UndergraduateStudent343}, {X=http://www.Department2.University2.edu/UndergraduateStudent238}, {X=http://www.Department2.University2.edu/GraduateStudent23}, {X=http://www.Department2.University2.edu/UndergraduateStudent187}, {X=http://www.Department2.University2.edu/GraduateStudent100}, {X=http://www.Department2.University2.edu/UndergraduateStudent143}, {X=http://www.Department2.University2.edu/UndergraduateStudent174}, {X=http://www.Department2.University2.edu/GraduateStudent2}, {X=http://www.Department2.University2.edu/UndergraduateStudent234}, {X=http://www.Department2.University2.edu/UndergraduateStudent150}, {X=http://www.Department2.University2.edu/UndergraduateStudent164}, {X=http://www.Department2.University2.edu/UndergraduateStudent241}, {X=http://www.Department2.University2.edu/UndergraduateStudent126}, {X=http://www.Department2.University2.edu/UndergraduateStudent225}, {X=http://www.Department2.University2.edu/UndergraduateStudent185}, {X=http://www.Department2.University2.edu/UndergraduateStudent196}, {X=http://www.Department2.University2.edu/GraduateStudent118}, {X=http://www.Department2.University2.edu/UndergraduateStudent113}, {X=http://www.Department2.University2.edu/UndergraduateStudent279}, {X=http://www.Department2.University2.edu/UndergraduateStudent305}, {X=http://www.Department2.University2.edu/UndergraduateStudent130}, {X=http://www.Department2.University2.edu/GraduateStudent37}, {X=http://www.Department2.University2.edu/GraduateStudent61}, {X=http://www.Department2.University2.edu/UndergraduateStudent246}, {X=http://www.Department2.University2.edu/GraduateStudent72}, {X=http://www.Department2.University2.edu/UndergraduateStudent294}, {X=http://www.Department2.University2.edu/UndergraduateStudent278}, {X=http://www.Department2.University2.edu/UndergraduateStudent270}, {X=http://www.Department2.University2.edu/UndergraduateStudent89}, {X=http://www.Department2.University2.edu/UndergraduateStudent284}, {X=http://www.Department2.University2.edu/GraduateStudent0}, {X=http://www.Department2.University2.edu/UndergraduateStudent213}, {X=http://www.Department2.University2.edu/UndergraduateStudent349}, {X=http://www.Department2.University2.edu/UndergraduateStudent263}, {X=http://www.Department2.University2.edu/GraduateStudent24}, {X=http://www.Department2.University2.edu/UndergraduateStudent176}, {X=http://www.Department2.University2.edu/UndergraduateStudent39}, {X=http://www.Department2.University2.edu/UndergraduateStudent124}, {X=http://www.Department2.University2.edu/UndergraduateStudent52}, {X=http://www.Department2.University2.edu/UndergraduateStudent354}, {X=http://www.Department2.University2.edu/UndergraduateStudent48}, {X=http://www.Department2.University2.edu/GraduateStudent83}, {X=http://www.Department2.University2.edu/GraduateStudent130}, {X=http://www.Department2.University2.edu/UndergraduateStudent61}, {X=http://www.Department2.University2.edu/UndergraduateStudent16}, {X=http://www.Department2.University2.edu/UndergraduateStudent319}, {X=http://www.Department2.University2.edu/GraduateStudent98}, {X=http://www.Department2.University2.edu/UndergraduateStudent71}, {X=http://www.Department2.University2.edu/UndergraduateStudent35}, {X=http://www.Department2.University2.edu/GraduateStudent120}, {X=http://www.Department2.University2.edu/UndergraduateStudent156}, {X=http://www.Department2.University2.edu/UndergraduateStudent153}, {X=http://www.Department2.University2.edu/UndergraduateStudent118}, {X=http://www.Department2.University2.edu/GraduateStudent90}, {X=http://www.Department2.University2.edu/GraduateStudent59}, {X=http://www.Department2.University2.edu/GraduateStudent43}, {X=http://www.Department2.University2.edu/UndergraduateStudent317}, {X=http://www.Department2.University2.edu/UndergraduateStudent121}, {X=http://www.Department2.University2.edu/UndergraduateStudent144}, {X=http://www.Department2.University2.edu/UndergraduateStudent251}, {X=http://www.Department2.University2.edu/UndergraduateStudent141}, {X=http://www.Department2.University2.edu/UndergraduateStudent265}, {X=http://www.Department2.University2.edu/GraduateStudent115}, {X=http://www.Department2.University2.edu/UndergraduateStudent268}, {X=http://www.Department2.University2.edu/GraduateStudent66}, {X=http://www.Department2.University2.edu/UndergraduateStudent310}, {X=http://www.Department2.University2.edu/GraduateStudent5}, {X=http://www.Department2.University2.edu/UndergraduateStudent248}, {X=http://www.Department2.University2.edu/UndergraduateStudent183}, {X=http://www.Department2.University2.edu/UndergraduateStudent94}, {X=http://www.Department2.University2.edu/GraduateStudent69}, {X=http://www.Department2.University2.edu/GraduateStudent73}, {X=http://www.Department2.University2.edu/UndergraduateStudent138}, {X=http://www.Department2.University2.edu/UndergraduateStudent37}, {X=http://www.Department2.University2.edu/UndergraduateStudent291}, {X=http://www.Department2.University2.edu/UndergraduateStudent233}, {X=http://www.Department2.University2.edu/UndergraduateStudent212}, {X=http://www.Department2.University2.edu/UndergraduateStudent55}, {X=http://www.Department2.University2.edu/UndergraduateStudent91}, {X=http://www.Department2.University2.edu/UndergraduateStudent222}, {X=http://www.Department2.University2.edu/UndergraduateStudent309}, {X=http://www.Department2.University2.edu/UndergraduateStudent332}, {X=http://www.Department2.University2.edu/GraduateStudent131}, {X=http://www.Department2.University2.edu/GraduateStudent53}, {X=http://www.Department2.University2.edu/GraduateStudent112}, {X=http://www.Department2.University2.edu/UndergraduateStudent73}, {X=http://www.Department2.University2.edu/UndergraduateStudent7}, {X=http://www.Department2.University2.edu/UndergraduateStudent92}, {X=http://www.Department2.University2.edu/UndergraduateStudent116}, {X=http://www.Department2.University2.edu/UndergraduateStudent201}, {X=http://www.Department2.University2.edu/UndergraduateStudent85}, {X=http://www.Department2.University2.edu/GraduateStudent29}, {X=http://www.Department2.University2.edu/UndergraduateStudent227}, {X=http://www.Department2.University2.edu/UndergraduateStudent240}, {X=http://www.Department2.University2.edu/UndergraduateStudent3}, {X=http://www.Department2.University2.edu/UndergraduateStudent197}, {X=http://www.Department2.University2.edu/UndergraduateStudent123}, {X=http://www.Department2.University2.edu/UndergraduateStudent311}, {X=http://www.Department2.University2.edu/GraduateStudent51}, {X=http://www.Department2.University2.edu/UndergraduateStudent285}, {X=http://www.Department2.University2.edu/UndergraduateStudent333}, {X=http://www.Department2.University2.edu/GraduateStudent8}, {X=http://www.Department2.University2.edu/GraduateStudent132}, {X=http://www.Department2.University2.edu/UndergraduateStudent218}, {X=http://www.Department2.University2.edu/GraduateStudent121}, {X=http://www.Department2.University2.edu/GraduateStudent127}, {X=http://www.Department2.University2.edu/UndergraduateStudent25}, {X=http://www.Department2.University2.edu/UndergraduateStudent254}, {X=http://www.Department2.University2.edu/GraduateStudent108}, {X=http://www.Department2.University2.edu/UndergraduateStudent47}, {X=http://www.Department2.University2.edu/GraduateStudent16}, {X=http://www.Department2.University2.edu/GraduateStudent21}, {X=http://www.Department2.University2.edu/UndergraduateStudent221}, {X=http://www.Department2.University2.edu/GraduateStudent10}, {X=http://www.Department2.University2.edu/UndergraduateStudent219}, {X=http://www.Department2.University2.edu/UndergraduateStudent24}, {X=http://www.Department2.University2.edu/UndergraduateStudent297}, {X=http://www.Department2.University2.edu/UndergraduateStudent330}, {X=http://www.Department2.University2.edu/UndergraduateStudent308}, {X=http://www.Department2.University2.edu/UndergraduateStudent128}, {X=http://www.Department2.University2.edu/UndergraduateStudent358}, {X=http://www.Department2.University2.edu/UndergraduateStudent13}, {X=http://www.Department2.University2.edu/GraduateStudent129}, {X=http://www.Department2.University2.edu/UndergraduateStudent253}, {X=http://www.Department2.University2.edu/UndergraduateStudent29}, {X=http://www.Department2.University2.edu/UndergraduateStudent193}, {X=http://www.Department2.University2.edu/GraduateStudent46}, {X=http://www.Department2.University2.edu/UndergraduateStudent122}, {X=http://www.Department2.University2.edu/UndergraduateStudent56}, {X=http://www.Department2.University2.edu/GraduateStudent125}, {X=http://www.Department2.University2.edu/UndergraduateStudent202}, {X=http://www.Department2.University2.edu/GraduateStudent86}, {X=http://www.Department2.University2.edu/UndergraduateStudent262}, {X=http://www.Department2.University2.edu/UndergraduateStudent148}, {X=http://www.Department2.University2.edu/UndergraduateStudent163}, {X=http://www.Department2.University2.edu/UndergraduateStudent76}, {X=http://www.Department2.University2.edu/GraduateStudent64}, {X=http://www.Department2.University2.edu/GraduateStudent27}, {X=http://www.Department2.University2.edu/UndergraduateStudent351}, {X=http://www.Department2.University2.edu/UndergraduateStudent78}, {X=http://www.Department2.University2.edu/GraduateStudent49}, {X=http://www.Department2.University2.edu/UndergraduateStudent36}, {X=http://www.Department2.University2.edu/UndergraduateStudent338}, {X=http://www.Department2.University2.edu/UndergraduateStudent339}, {X=http://www.Department2.University2.edu/GraduateStudent87}, {X=http://www.Department2.University2.edu/UndergraduateStudent167}, {X=http://www.Department2.University2.edu/GraduateStudent119}, {X=http://www.Department2.University2.edu/UndergraduateStudent72}, {X=http://www.Department2.University2.edu/GraduateStudent97}, {X=http://www.Department2.University2.edu/UndergraduateStudent77}, {X=http://www.Department2.University2.edu/GraduateStudent54}, {X=http://www.Department2.University2.edu/UndergraduateStudent9}, {X=http://www.Department2.University2.edu/UndergraduateStudent65}, {X=http://www.Department2.University2.edu/UndergraduateStudent208}, {X=http://www.Department2.University2.edu/UndergraduateStudent11}, {X=http://www.Department2.University2.edu/GraduateStudent128}, {X=http://www.Department2.University2.edu/UndergraduateStudent322}, {X=http://www.Department2.University2.edu/GraduateStudent89}, {X=http://www.Department2.University2.edu/UndergraduateStudent134}, {X=http://www.Department2.University2.edu/UndergraduateStudent28}, {X=http://www.Department2.University2.edu/GraduateStudent25}, {X=http://www.Department2.University2.edu/UndergraduateStudent335}, {X=http://www.Department2.University2.edu/UndergraduateStudent288}, {X=http://www.Department2.University2.edu/GraduateStudent76}, {X=http://www.Department2.University2.edu/UndergraduateStudent125}, {X=http://www.Department2.University2.edu/UndergraduateStudent97}, {X=http://www.Department2.University2.edu/UndergraduateStudent137}, {X=http://www.Department2.University2.edu/GraduateStudent28}, {X=http://www.Department2.University2.edu/UndergraduateStudent162}, {X=http://www.Department2.University2.edu/UndergraduateStudent293}, {X=http://www.Department2.University2.edu/UndergraduateStudent328}, {X=http://www.Department2.University2.edu/UndergraduateStudent350}, {X=http://www.Department2.University2.edu/UndergraduateStudent269}, {X=http://www.Department2.University2.edu/UndergraduateStudent64}, {X=http://www.Department2.University2.edu/UndergraduateStudent245}, {X=http://www.Department2.University2.edu/UndergraduateStudent272}, {X=http://www.Department2.University2.edu/UndergraduateStudent95}, {X=http://www.Department2.University2.edu/UndergraduateStudent109}, {X=http://www.Department2.University2.edu/UndergraduateStudent179}, {X=http://www.Department2.University2.edu/GraduateStudent63}, {X=http://www.Department2.University2.edu/GraduateStudent19}, {X=http://www.Department2.University2.edu/GraduateStudent22}, {X=http://www.Department2.University2.edu/UndergraduateStudent4}, {X=http://www.Department2.University2.edu/GraduateStudent12}, {X=http://www.Department2.University2.edu/UndergraduateStudent280}, {X=http://www.Department2.University2.edu/UndergraduateStudent38}, {X=http://www.Department2.University2.edu/UndergraduateStudent93}, {X=http://www.Department2.University2.edu/UndergraduateStudent58}, {X=http://www.Department2.University2.edu/UndergraduateStudent223}, {X=http://www.Department2.University2.edu/UndergraduateStudent146}, {X=http://www.Department2.University2.edu/UndergraduateStudent32}, {X=http://www.Department2.University2.edu/UndergraduateStudent220}, {X=http://www.Department2.University2.edu/GraduateStudent82}, {X=http://www.Department2.University2.edu/UndergraduateStudent286}, {X=http://www.Department2.University2.edu/UndergraduateStudent295}, {X=http://www.Department2.University2.edu/UndergraduateStudent267}, {X=http://www.Department2.University2.edu/GraduateStudent4}, {X=http://www.Department2.University2.edu/UndergraduateStudent355}, {X=http://www.Department2.University2.edu/UndergraduateStudent34}, {X=http://www.Department2.University2.edu/UndergraduateStudent320}, {X=http://www.Department2.University2.edu/UndergraduateStudent321}, {X=http://www.Department2.University2.edu/GraduateStudent60}, {X=http://www.Department2.University2.edu/UndergraduateStudent275}, {X=http://www.Department2.University2.edu/GraduateStudent26}, {X=http://www.Department2.University2.edu/UndergraduateStudent318}, {X=http://www.Department2.University2.edu/UndergraduateStudent57}, {X=http://www.Department2.University2.edu/GraduateStudent106}, {X=http://www.Department2.University2.edu/UndergraduateStudent115}, {X=http://www.Department2.University2.edu/GraduateStudent38}, {X=http://www.Department2.University2.edu/GraduateStudent34}, {X=http://www.Department2.University2.edu/UndergraduateStudent147}, {X=http://www.Department2.University2.edu/UndergraduateStudent46}, {X=http://www.Department2.University2.edu/UndergraduateStudent79}, {X=http://www.Department2.University2.edu/UndergraduateStudent63}, {X=http://www.Department2.University2.edu/UndergraduateStudent256}, {X=http://www.Department2.University2.edu/UndergraduateStudent336}, {X=http://www.Department2.University2.edu/GraduateStudent42}, {X=http://www.Department2.University2.edu/UndergraduateStudent214}, {X=http://www.Department2.University2.edu/GraduateStudent92}, {X=http://www.Department2.University2.edu/UndergraduateStudent313}, {X=http://www.Department2.University2.edu/UndergraduateStudent42}, {X=http://www.Department2.University2.edu/UndergraduateStudent100}, {X=http://www.Department2.University2.edu/UndergraduateStudent83}, {X=http://www.Department2.University2.edu/UndergraduateStudent69}, {X=http://www.Department2.University2.edu/GraduateStudent91}, {X=http://www.Department2.University2.edu/UndergraduateStudent20}, {X=http://www.Department2.University2.edu/UndergraduateStudent111}, {X=http://www.Department2.University2.edu/UndergraduateStudent190}, {X=http://www.Department2.University2.edu/UndergraduateStudent87}, {X=http://www.Department2.University2.edu/UndergraduateStudent5}, {X=http://www.Department2.University2.edu/UndergraduateStudent189}, {X=http://www.Department2.University2.edu/GraduateStudent30}, {X=http://www.Department2.University2.edu/GraduateStudent32}, {X=http://www.Department2.University2.edu/UndergraduateStudent331}, {X=http://www.Department2.University2.edu/GraduateStudent65}, {X=http://www.Department2.University2.edu/UndergraduateStudent226}, {X=http://www.Department2.University2.edu/UndergraduateStudent132}, {X=http://www.Department2.University2.edu/UndergraduateStudent44}, {X=http://www.Department2.University2.edu/UndergraduateStudent33}, {X=http://www.Department2.University2.edu/GraduateStudent7}, {X=http://www.Department2.University2.edu/UndergraduateStudent166}, {X=http://www.Department2.University2.edu/UndergraduateStudent74}, {X=http://www.Department2.University2.edu/UndergraduateStudent207}, {X=http://www.Department2.University2.edu/UndergraduateStudent244}, {X=http://www.Department2.University2.edu/UndergraduateStudent175}, {X=http://www.Department2.University2.edu/UndergraduateStudent45}, {X=http://www.Department2.University2.edu/GraduateStudent93}, {X=http://www.Department2.University2.edu/UndergraduateStudent127}, {X=http://www.Department2.University2.edu/UndergraduateStudent8}, {X=http://www.Department2.University2.edu/UndergraduateStudent53}, {X=http://www.Department2.University2.edu/UndergraduateStudent200}, {X=http://www.Department2.University2.edu/UndergraduateStudent232}, {X=http://www.Department2.University2.edu/UndergraduateStudent273}, {X=http://www.Department2.University2.edu/GraduateStudent79}, {X=http://www.Department2.University2.edu/GraduateStudent94}, {X=http://www.Department2.University2.edu/UndergraduateStudent353}, {X=http://www.Department2.University2.edu/GraduateStudent95}, {X=http://www.Department2.University2.edu/UndergraduateStudent18}, {X=http://www.Department2.University2.edu/GraduateStudent110}, {X=http://www.Department2.University2.edu/UndergraduateStudent334}, {X=http://www.Department2.University2.edu/UndergraduateStudent27}, {X=http://www.Department2.University2.edu/UndergraduateStudent250}, {X=http://www.Department2.University2.edu/UndergraduateStudent30}, {X=http://www.Department2.University2.edu/UndergraduateStudent289}, {X=http://www.Department2.University2.edu/UndergraduateStudent257}, {X=http://www.Department2.University2.edu/UndergraduateStudent155}, {X=http://www.Department2.University2.edu/UndergraduateStudent327}, {X=http://www.Department2.University2.edu/UndergraduateStudent66}, {X=http://www.Department2.University2.edu/UndergraduateStudent229}, {X=http://www.Department2.University2.edu/UndergraduateStudent346}, {X=http://www.Department2.University2.edu/UndergraduateStudent180}, {X=http://www.Department2.University2.edu/GraduateStudent105}, {X=http://www.Department2.University2.edu/GraduateStudent77}, {X=http://www.Department2.University2.edu/UndergraduateStudent17}, {X=http://www.Department2.University2.edu/GraduateStudent78}, {X=http://www.Department2.University2.edu/UndergraduateStudent81}]
1490624501374;2;2;7;1025070;672177;677596;592618;590747;582188;581854;580988;578053;640029;652132;6438;230;[{X=http://www.Department2.University2.edu/UndergraduateStudent94, Y=http://www.Department2.University2.edu/Course9}, {X=http://www.Department2.University2.edu/UndergraduateStudent225, Y=http://www.Department2.University2.edu/Course9}, {X=http://www.Department2.University2.edu/UndergraduateStudent96, Y=http://www.Department2.University2.edu/Course9}, {X=http://www.Department2.University2.edu/UndergraduateStudent169, Y=http://www.Department2.University2.edu/Course9}, {X=http://www.Department2.University2.edu/UndergraduateStudent101, Y=http://www.Department2.University2.edu/Course9}, {X=http://www.Department2.University2.edu/UndergraduateStudent32, Y=http://www.Department2.University2.edu/Course9}, {X=http://www.Department2.University2.edu/UndergraduateStudent261, Y=http://www.Department2.University2.edu/Course9}, {X=http://www.Department2.University2.edu/UndergraduateStudent31, Y=http://www.Department2.University2.edu/Course9}, {X=http://www.Department2.University2.edu/UndergraduateStudent271, Y=http://www.Department2.University2.edu/Course9}, {X=http://www.Department2.University2.edu/UndergraduateStudent182, Y=http://www.Department2.University2.edu/Course9}, {X=http://www.Department2.University2.edu/UndergraduateStudent203, Y=http://www.Department2.University2.edu/Course9}, {X=http://www.Department2.University2.edu/UndergraduateStudent18, Y=http://www.Department2.University2.edu/Course9}, {X=http://www.Department2.University2.edu/UndergraduateStudent199, Y=http://www.Department2.University2.edu/Course9}, {X=http://www.Department2.University2.edu/UndergraduateStudent156, Y=http://www.Department2.University2.edu/Course9}, {X=http://www.Department2.University2.edu/UndergraduateStudent82, Y=http://www.Department2.University2.edu/Course9}, {X=http://www.Department2.University2.edu/UndergraduateStudent171, Y=http://www.Department2.University2.edu/Course9}, {X=http://www.Department2.University2.edu/UndergraduateStudent64, Y=http://www.Department2.University2.edu/Course9}, {X=http://www.Department2.University2.edu/UndergraduateStudent258, Y=http://www.Department2.University2.edu/Course9}, {X=http://www.Department2.University2.edu/UndergraduateStudent359, Y=http://www.Department2.University2.edu/Course9}, {X=http://www.Department2.University2.edu/UndergraduateStudent70, Y=http://www.Department2.University2.edu/Course9}, {X=http://www.Department2.University2.edu/UndergraduateStudent36, Y=http://www.Department2.University2.edu/Course9}, {X=http://www.Department2.University2.edu/GraduateStudent74, Y=http://www.Department2.University2.edu/GraduateCourse11}, {X=http://www.Department2.University2.edu/GraduateStudent126, Y=http://www.Department2.University2.edu/GraduateCourse11}, {X=http://www.Department2.University2.edu/UndergraduateStudent94, Y=http://www.Department2.University2.edu/Course9}, {X=http://www.Department2.University2.edu/UndergraduateStudent225, Y=http://www.Department2.University2.edu/Course9}, {X=http://www.Department2.University2.edu/UndergraduateStudent96, Y=http://www.Department2.University2.edu/Course9}, {X=http://www.Department2.University2.edu/UndergraduateStudent169, Y=http://www.Department2.University2.edu/Course9}, {X=http://www.Department2.University2.edu/UndergraduateStudent101, Y=http://www.Department2.University2.edu/Course9}, {X=http://www.Department2.University2.edu/UndergraduateStudent32, Y=http://www.Department2.University2.edu/Course9}, {X=http://www.Department2.University2.edu/UndergraduateStudent261, Y=http://www.Department2.University2.edu/Course9}, {X=http://www.Department2.University2.edu/UndergraduateStudent31, Y=http://www.Department2.University2.edu/Course9}, {X=http://www.Department2.University2.edu/UndergraduateStudent271, Y=http://www.Department2.University2.edu/Course9}, {X=http://www.Department2.University2.edu/UndergraduateStudent182, Y=http://www.Department2.University2.edu/Course9}, {X=http://www.Department2.University2.edu/UndergraduateStudent203, Y=http://www.Department2.University2.edu/Course9}, {X=http://www.Department2.University2.edu/UndergraduateStudent18, Y=http://www.Department2.University2.edu/Course9}, {X=http://www.Department2.University2.edu/UndergraduateStudent199, Y=http://www.Department2.University2.edu/Course9}, {X=http://www.Department2.University2.edu/UndergraduateStudent156, Y=http://www.Department2.University2.edu/Course9}, {X=http://www.Department2.University2.edu/UndergraduateStudent82, Y=http://www.Department2.University2.edu/Course9}, {X=http://www.Department2.University2.edu/UndergraduateStudent171, Y=http://www.Department2.University2.edu/Course9}, {X=http://www.Department2.University2.edu/UndergraduateStudent64, Y=http://www.Department2.University2.edu/Course9}, {X=http://www.Department2.University2.edu/UndergraduateStudent258, Y=http://www.Department2.University2.edu/Course9}, {X=http://www.Department2.University2.edu/UndergraduateStudent359, Y=http://www.Department2.University2.edu/Course9}, {X=http://www.Department2.University2.edu/UndergraduateStudent70, Y=http://www.Department2.University2.edu/Course9}, {X=http://www.Department2.University2.edu/UndergraduateStudent36, Y=http://www.Department2.University2.edu/Course9}, {X=http://www.Department2.University2.edu/GraduateStudent74, Y=http://www.Department2.University2.edu/GraduateCourse11}, {X=http://www.Department2.University2.edu/GraduateStudent126, Y=http://www.Department2.University2.edu/GraduateCourse11}, {X=http://www.Department2.University2.edu/UndergraduateStudent94, Y=http://www.Department2.University2.edu/Course9}, {X=http://www.Department2.University2.edu/UndergraduateStudent225, Y=http://www.Department2.University2.edu/Course9}, {X=http://www.Department2.University2.edu/UndergraduateStudent96, Y=http://www.Department2.University2.edu/Course9}, {X=http://www.Department2.University2.edu/UndergraduateStudent169, Y=http://www.Department2.University2.edu/Course9}, {X=http://www.Department2.University2.edu/UndergraduateStudent101, Y=http://www.Department2.University2.edu/Course9}, {X=http://www.Department2.University2.edu/UndergraduateStudent32, Y=http://www.Department2.University2.edu/Course9}, {X=http://www.Department2.University2.edu/UndergraduateStudent261, Y=http://www.Department2.University2.edu/Course9}, {X=http://www.Department2.University2.edu/UndergraduateStudent31, Y=http://www.Department2.University2.edu/Course9}, {X=http://www.Department2.University2.edu/UndergraduateStudent271, Y=http://www.Department2.University2.edu/Course9}, {X=http://www.Department2.University2.edu/UndergraduateStudent182, Y=http://www.Department2.University2.edu/Course9}, {X=http://www.Department2.University2.edu/UndergraduateStudent203, Y=http://www.Department2.University2.edu/Course9}, {X=http://www.Department2.University2.edu/UndergraduateStudent18, Y=http://www.Department2.University2.edu/Course9}, {X=http://www.Department2.University2.edu/UndergraduateStudent199, Y=http://www.Department2.University2.edu/Course9}, {X=http://www.Department2.University2.edu/UndergraduateStudent156, Y=http://www.Department2.University2.edu/Course9}, {X=http://www.Department2.University2.edu/UndergraduateStudent82, Y=http://www.Department2.University2.edu/Course9}, {X=http://www.Department2.University2.edu/UndergraduateStudent171, Y=http://www.Department2.University2.edu/Course9}, {X=http://www.Department2.University2.edu/UndergraduateStudent64, Y=http://www.Department2.University2.edu/Course9}, {X=http://www.Department2.University2.edu/UndergraduateStudent258, Y=http://www.Department2.University2.edu/Course9}, {X=http://www.Department2.University2.edu/UndergraduateStudent359, Y=http://www.Department2.University2.edu/Course9}, {X=http://www.Department2.University2.edu/UndergraduateStudent70, Y=http://www.Department2.University2.edu/Course9}, {X=http://www.Department2.University2.edu/UndergraduateStudent36, Y=http://www.Department2.University2.edu/Course9}, {X=http://www.Department2.University2.edu/GraduateStudent74, Y=http://www.Department2.University2.edu/GraduateCourse11}, {X=http://www.Department2.University2.edu/GraduateStudent126, Y=http://www.Department2.University2.edu/GraduateCourse11}, {X=http://www.Department2.University2.edu/UndergraduateStudent94, Y=http://www.Department2.University2.edu/Course9}, {X=http://www.Department2.University2.edu/UndergraduateStudent225, Y=http://www.Department2.University2.edu/Course9}, {X=http://www.Department2.University2.edu/UndergraduateStudent96, Y=http://www.Department2.University2.edu/Course9}, {X=http://www.Department2.University2.edu/UndergraduateStudent169, Y=http://www.Department2.University2.edu/Course9}, {X=http://www.Department2.University2.edu/UndergraduateStudent101, Y=http://www.Department2.University2.edu/Course9}, {X=http://www.Department2.University2.edu/UndergraduateStudent32, Y=http://www.Department2.University2.edu/Course9}, {X=http://www.Department2.University2.edu/UndergraduateStudent261, Y=http://www.Department2.University2.edu/Course9}, {X=http://www.Department2.University2.edu/UndergraduateStudent31, Y=http://www.Department2.University2.edu/Course9}, {X=http://www.Department2.University2.edu/UndergraduateStudent271, Y=http://www.Department2.University2.edu/Course9}, {X=http://www.Department2.University2.edu/UndergraduateStudent182, Y=http://www.Department2.University2.edu/Course9}, {X=http://www.Department2.University2.edu/UndergraduateStudent203, Y=http://www.Department2.University2.edu/Course9}, {X=http://www.Department2.University2.edu/UndergraduateStudent18, Y=http://www.Department2.University2.edu/Course9}, {X=http://www.Department2.University2.edu/UndergraduateStudent199, Y=http://www.Department2.University2.edu/Course9}, {X=http://www.Department2.University2.edu/UndergraduateStudent156, Y=http://www.Department2.University2.edu/Course9}, {X=http://www.Department2.University2.edu/UndergraduateStudent82, Y=http://www.Department2.University2.edu/Course9}, {X=http://www.Department2.University2.edu/UndergraduateStudent171, Y=http://www.Department2.University2.edu/Course9}, {X=http://www.Department2.University2.edu/UndergraduateStudent64, Y=http://www.Department2.University2.edu/Course9}, {X=http://www.Department2.University2.edu/UndergraduateStudent258, Y=http://www.Department2.University2.edu/Course9}, {X=http://www.Department2.University2.edu/UndergraduateStudent359, Y=http://www.Department2.University2.edu/Course9}, {X=http://www.Department2.University2.edu/UndergraduateStudent70, Y=http://www.Department2.University2.edu/Course9}, {X=http://www.Department2.University2.edu/UndergraduateStudent36, Y=http://www.Department2.University2.edu/Course9}, {X=http://www.Department2.University2.edu/GraduateStudent74, Y=http://www.Department2.University2.edu/GraduateCourse11}, {X=http://www.Department2.University2.edu/GraduateStudent126, Y=http://www.Department2.University2.edu/GraduateCourse11}, {X=http://www.Department2.University2.edu/UndergraduateStudent94, Y=http://www.Department2.University2.edu/Course9}, {X=http://www.Department2.University2.edu/UndergraduateStudent225, Y=http://www.Department2.University2.edu/Course9}, {X=http://www.Department2.University2.edu/UndergraduateStudent96, Y=http://www.Department2.University2.edu/Course9}, {X=http://www.Department2.University2.edu/UndergraduateStudent169, Y=http://www.Department2.University2.edu/Course9}, {X=http://www.Department2.University2.edu/UndergraduateStudent101, Y=http://www.Department2.University2.edu/Course9}, {X=http://www.Department2.University2.edu/UndergraduateStudent32, Y=http://www.Department2.University2.edu/Course9}, {X=http://www.Department2.University2.edu/UndergraduateStudent261, Y=http://www.Department2.University2.edu/Course9}, {X=http://www.Department2.University2.edu/UndergraduateStudent31, Y=http://www.Department2.University2.edu/Course9}, {X=http://www.Department2.University2.edu/UndergraduateStudent271, Y=http://www.Department2.University2.edu/Course9}, {X=http://www.Department2.University2.edu/UndergraduateStudent182, Y=http://www.Department2.University2.edu/Course9}, {X=http://www.Department2.University2.edu/UndergraduateStudent203, Y=http://www.Department2.University2.edu/Course9}, {X=http://www.Department2.University2.edu/UndergraduateStudent18, Y=http://www.Department2.University2.edu/Course9}, {X=http://www.Department2.University2.edu/UndergraduateStudent199, Y=http://www.Department2.University2.edu/Course9}, {X=http://www.Department2.University2.edu/UndergraduateStudent156, Y=http://www.Department2.University2.edu/Course9}, {X=http://www.Department2.University2.edu/UndergraduateStudent82, Y=http://www.Department2.University2.edu/Course9}, {X=http://www.Department2.University2.edu/UndergraduateStudent171, Y=http://www.Department2.University2.edu/Course9}, {X=http://www.Department2.University2.edu/UndergraduateStudent64, Y=http://www.Department2.University2.edu/Course9}, {X=http://www.Department2.University2.edu/UndergraduateStudent258, Y=http://www.Department2.University2.edu/Course9}, {X=http://www.Department2.University2.edu/UndergraduateStudent359, Y=http://www.Department2.University2.edu/Course9}, {X=http://www.Department2.University2.edu/UndergraduateStudent70, Y=http://www.Department2.University2.edu/Course9}, {X=http://www.Department2.University2.edu/UndergraduateStudent36, Y=http://www.Department2.University2.edu/Course9}, {X=http://www.Department2.University2.edu/GraduateStudent74, Y=http://www.Department2.University2.edu/GraduateCourse11}, {X=http://www.Department2.University2.edu/GraduateStudent126, Y=http://www.Department2.University2.edu/GraduateCourse11}, {X=http://www.Department2.University2.edu/UndergraduateStudent94, Y=http://www.Department2.University2.edu/Course9}, {X=http://www.Department2.University2.edu/UndergraduateStudent225, Y=http://www.Department2.University2.edu/Course9}, {X=http://www.Department2.University2.edu/UndergraduateStudent96, Y=http://www.Department2.University2.edu/Course9}, {X=http://www.Department2.University2.edu/UndergraduateStudent169, Y=http://www.Department2.University2.edu/Course9}, {X=http://www.Department2.University2.edu/UndergraduateStudent101, Y=http://www.Department2.University2.edu/Course9}, {X=http://www.Department2.University2.edu/UndergraduateStudent32, Y=http://www.Department2.University2.edu/Course9}, {X=http://www.Department2.University2.edu/UndergraduateStudent261, Y=http://www.Department2.University2.edu/Course9}, {X=http://www.Department2.University2.edu/UndergraduateStudent31, Y=http://www.Department2.University2.edu/Course9}, {X=http://www.Department2.University2.edu/UndergraduateStudent271, Y=http://www.Department2.University2.edu/Course9}, {X=http://www.Department2.University2.edu/UndergraduateStudent182, Y=http://www.Department2.University2.edu/Course9}, {X=http://www.Department2.University2.edu/UndergraduateStudent203, Y=http://www.Department2.University2.edu/Course9}, {X=http://www.Department2.University2.edu/UndergraduateStudent18, Y=http://www.Department2.University2.edu/Course9}, {X=http://www.Department2.University2.edu/UndergraduateStudent199, Y=http://www.Department2.University2.edu/Course9}, {X=http://www.Department2.University2.edu/UndergraduateStudent156, Y=http://www.Department2.University2.edu/Course9}, {X=http://www.Department2.University2.edu/UndergraduateStudent82, Y=http://www.Department2.University2.edu/Course9}, {X=http://www.Department2.University2.edu/UndergraduateStudent171, Y=http://www.Department2.University2.edu/Course9}, {X=http://www.Department2.University2.edu/UndergraduateStudent64, Y=http://www.Department2.University2.edu/Course9}, {X=http://www.Department2.University2.edu/UndergraduateStudent258, Y=http://www.Department2.University2.edu/Course9}, {X=http://www.Department2.University2.edu/UndergraduateStudent359, Y=http://www.Department2.University2.edu/Course9}, {X=http://www.Department2.University2.edu/UndergraduateStudent70, Y=http://www.Department2.University2.edu/Course9}, {X=http://www.Department2.University2.edu/UndergraduateStudent36, Y=http://www.Department2.University2.edu/Course9}, {X=http://www.Department2.University2.edu/GraduateStudent74, Y=http://www.Department2.University2.edu/GraduateCourse11}, {X=http://www.Department2.University2.edu/GraduateStudent126, Y=http://www.Department2.University2.edu/GraduateCourse11}, {X=http://www.Department2.University2.edu/UndergraduateStudent94, Y=http://www.Department2.University2.edu/Course9}, {X=http://www.Department2.University2.edu/UndergraduateStudent225, Y=http://www.Department2.University2.edu/Course9}, {X=http://www.Department2.University2.edu/UndergraduateStudent96, Y=http://www.Department2.University2.edu/Course9}, {X=http://www.Department2.University2.edu/UndergraduateStudent169, Y=http://www.Department2.University2.edu/Course9}, {X=http://www.Department2.University2.edu/UndergraduateStudent101, Y=http://www.Department2.University2.edu/Course9}, {X=http://www.Department2.University2.edu/UndergraduateStudent32, Y=http://www.Department2.University2.edu/Course9}, {X=http://www.Department2.University2.edu/UndergraduateStudent261, Y=http://www.Department2.University2.edu/Course9}, {X=http://www.Department2.University2.edu/UndergraduateStudent31, Y=http://www.Department2.University2.edu/Course9}, {X=http://www.Department2.University2.edu/UndergraduateStudent271, Y=http://www.Department2.University2.edu/Course9}, {X=http://www.Department2.University2.edu/UndergraduateStudent182, Y=http://www.Department2.University2.edu/Course9}, {X=http://www.Department2.University2.edu/UndergraduateStudent203, Y=http://www.Department2.University2.edu/Course9}, {X=http://www.Department2.University2.edu/UndergraduateStudent18, Y=http://www.Department2.University2.edu/Course9}, {X=http://www.Department2.University2.edu/UndergraduateStudent199, Y=http://www.Department2.University2.edu/Course9}, {X=http://www.Department2.University2.edu/UndergraduateStudent156, Y=http://www.Department2.University2.edu/Course9}, {X=http://www.Department2.University2.edu/UndergraduateStudent82, Y=http://www.Department2.University2.edu/Course9}, {X=http://www.Department2.University2.edu/UndergraduateStudent171, Y=http://www.Department2.University2.edu/Course9}, {X=http://www.Department2.University2.edu/UndergraduateStudent64, Y=http://www.Department2.University2.edu/Course9}, {X=http://www.Department2.University2.edu/UndergraduateStudent258, Y=http://www.Department2.University2.edu/Course9}, {X=http://www.Department2.University2.edu/UndergraduateStudent359, Y=http://www.Department2.University2.edu/Course9}, {X=http://www.Department2.University2.edu/UndergraduateStudent70, Y=http://www.Department2.University2.edu/Course9}, {X=http://www.Department2.University2.edu/UndergraduateStudent36, Y=http://www.Department2.University2.edu/Course9}, {X=http://www.Department2.University2.edu/GraduateStudent74, Y=http://www.Department2.University2.edu/GraduateCourse11}, {X=http://www.Department2.University2.edu/GraduateStudent126, Y=http://www.Department2.University2.edu/GraduateCourse11}, {X=http://www.Department2.University2.edu/UndergraduateStudent94, Y=http://www.Department2.University2.edu/Course9}, {X=http://www.Department2.University2.edu/UndergraduateStudent225, Y=http://www.Department2.University2.edu/Course9}, {X=http://www.Department2.University2.edu/UndergraduateStudent96, Y=http://www.Department2.University2.edu/Course9}, {X=http://www.Department2.University2.edu/UndergraduateStudent169, Y=http://www.Department2.University2.edu/Course9}, {X=http://www.Department2.University2.edu/UndergraduateStudent101, Y=http://www.Department2.University2.edu/Course9}, {X=http://www.Department2.University2.edu/UndergraduateStudent32, Y=http://www.Department2.University2.edu/Course9}, {X=http://www.Department2.University2.edu/UndergraduateStudent261, Y=http://www.Department2.University2.edu/Course9}, {X=http://www.Department2.University2.edu/UndergraduateStudent31, Y=http://www.Department2.University2.edu/Course9}, {X=http://www.Department2.University2.edu/UndergraduateStudent271, Y=http://www.Department2.University2.edu/Course9}, {X=http://www.Department2.University2.edu/UndergraduateStudent182, Y=http://www.Department2.University2.edu/Course9}, {X=http://www.Department2.University2.edu/UndergraduateStudent203, Y=http://www.Department2.University2.edu/Course9}, {X=http://www.Department2.University2.edu/UndergraduateStudent18, Y=http://www.Department2.University2.edu/Course9}, {X=http://www.Department2.University2.edu/UndergraduateStudent199, Y=http://www.Department2.University2.edu/Course9}, {X=http://www.Department2.University2.edu/UndergraduateStudent156, Y=http://www.Department2.University2.edu/Course9}, {X=http://www.Department2.University2.edu/UndergraduateStudent82, Y=http://www.Department2.University2.edu/Course9}, {X=http://www.Department2.University2.edu/UndergraduateStudent171, Y=http://www.Department2.University2.edu/Course9}, {X=http://www.Department2.University2.edu/UndergraduateStudent64, Y=http://www.Department2.University2.edu/Course9}, {X=http://www.Department2.University2.edu/UndergraduateStudent258, Y=http://www.Department2.University2.edu/Course9}, {X=http://www.Department2.University2.edu/UndergraduateStudent359, Y=http://www.Department2.University2.edu/Course9}, {X=http://www.Department2.University2.edu/UndergraduateStudent70, Y=http://www.Department2.University2.edu/Course9}, {X=http://www.Department2.University2.edu/UndergraduateStudent36, Y=http://www.Department2.University2.edu/Course9}, {X=http://www.Department2.University2.edu/GraduateStudent74, Y=http://www.Department2.University2.edu/GraduateCourse11}, {X=http://www.Department2.University2.edu/GraduateStudent126, Y=http://www.Department2.University2.edu/GraduateCourse11}, {X=http://www.Department2.University2.edu/UndergraduateStudent94, Y=http://www.Department2.University2.edu/Course9}, {X=http://www.Department2.University2.edu/UndergraduateStudent225, Y=http://www.Department2.University2.edu/Course9}, {X=http://www.Department2.University2.edu/UndergraduateStudent96, Y=http://www.Department2.University2.edu/Course9}, {X=http://www.Department2.University2.edu/UndergraduateStudent169, Y=http://www.Department2.University2.edu/Course9}, {X=http://www.Department2.University2.edu/UndergraduateStudent101, Y=http://www.Department2.University2.edu/Course9}, {X=http://www.Department2.University2.edu/UndergraduateStudent32, Y=http://www.Department2.University2.edu/Course9}, {X=http://www.Department2.University2.edu/UndergraduateStudent261, Y=http://www.Department2.University2.edu/Course9}, {X=http://www.Department2.University2.edu/UndergraduateStudent31, Y=http://www.Department2.University2.edu/Course9}, {X=http://www.Department2.University2.edu/UndergraduateStudent271, Y=http://www.Department2.University2.edu/Course9}, {X=http://www.Department2.University2.edu/UndergraduateStudent182, Y=http://www.Department2.University2.edu/Course9}, {X=http://www.Department2.University2.edu/UndergraduateStudent203, Y=http://www.Department2.University2.edu/Course9}, {X=http://www.Department2.University2.edu/UndergraduateStudent18, Y=http://www.Department2.University2.edu/Course9}, {X=http://www.Department2.University2.edu/UndergraduateStudent199, Y=http://www.Department2.University2.edu/Course9}, {X=http://www.Department2.University2.edu/UndergraduateStudent156, Y=http://www.Department2.University2.edu/Course9}, {X=http://www.Department2.University2.edu/UndergraduateStudent82, Y=http://www.Department2.University2.edu/Course9}, {X=http://www.Department2.University2.edu/UndergraduateStudent171, Y=http://www.Department2.University2.edu/Course9}, {X=http://www.Department2.University2.edu/UndergraduateStudent64, Y=http://www.Department2.University2.edu/Course9}, {X=http://www.Department2.University2.edu/UndergraduateStudent258, Y=http://www.Department2.University2.edu/Course9}, {X=http://www.Department2.University2.edu/UndergraduateStudent359, Y=http://www.Department2.University2.edu/Course9}, {X=http://www.Department2.University2.edu/UndergraduateStudent70, Y=http://www.Department2.University2.edu/Course9}, {X=http://www.Department2.University2.edu/UndergraduateStudent36, Y=http://www.Department2.University2.edu/Course9}, {X=http://www.Department2.University2.edu/GraduateStudent74, Y=http://www.Department2.University2.edu/GraduateCourse11}, {X=http://www.Department2.University2.edu/GraduateStudent126, Y=http://www.Department2.University2.edu/GraduateCourse11}, {X=http://www.Department2.University2.edu/UndergraduateStudent94, Y=http://www.Department2.University2.edu/Course9}, {X=http://www.Department2.University2.edu/UndergraduateStudent225, Y=http://www.Department2.University2.edu/Course9}, {X=http://www.Department2.University2.edu/UndergraduateStudent96, Y=http://www.Department2.University2.edu/Course9}, {X=http://www.Department2.University2.edu/UndergraduateStudent169, Y=http://www.Department2.University2.edu/Course9}, {X=http://www.Department2.University2.edu/UndergraduateStudent101, Y=http://www.Department2.University2.edu/Course9}, {X=http://www.Department2.University2.edu/UndergraduateStudent32, Y=http://www.Department2.University2.edu/Course9}, {X=http://www.Department2.University2.edu/UndergraduateStudent261, Y=http://www.Department2.University2.edu/Course9}, {X=http://www.Department2.University2.edu/UndergraduateStudent31, Y=http://www.Department2.University2.edu/Course9}, {X=http://www.Department2.University2.edu/UndergraduateStudent271, Y=http://www.Department2.University2.edu/Course9}, {X=http://www.Department2.University2.edu/UndergraduateStudent182, Y=http://www.Department2.University2.edu/Course9}, {X=http://www.Department2.University2.edu/UndergraduateStudent203, Y=http://www.Department2.University2.edu/Course9}, {X=http://www.Department2.University2.edu/UndergraduateStudent18, Y=http://www.Department2.University2.edu/Course9}, {X=http://www.Department2.University2.edu/UndergraduateStudent199, Y=http://www.Department2.University2.edu/Course9}, {X=http://www.Department2.University2.edu/UndergraduateStudent156, Y=http://www.Department2.University2.edu/Course9}, {X=http://www.Department2.University2.edu/UndergraduateStudent82, Y=http://www.Department2.University2.edu/Course9}, {X=http://www.Department2.University2.edu/UndergraduateStudent171, Y=http://www.Department2.University2.edu/Course9}, {X=http://www.Department2.University2.edu/UndergraduateStudent64, Y=http://www.Department2.University2.edu/Course9}, {X=http://www.Department2.University2.edu/UndergraduateStudent258, Y=http://www.Department2.University2.edu/Course9}, {X=http://www.Department2.University2.edu/UndergraduateStudent359, Y=http://www.Department2.University2.edu/Course9}, {X=http://www.Department2.University2.edu/UndergraduateStudent70, Y=http://www.Department2.University2.edu/Course9}, {X=http://www.Department2.University2.edu/UndergraduateStudent36, Y=http://www.Department2.University2.edu/Course9}, {X=http://www.Department2.University2.edu/GraduateStudent74, Y=http://www.Department2.University2.edu/GraduateCourse11}, {X=http://www.Department2.University2.edu/GraduateStudent126, Y=http://www.Department2.University2.edu/GraduateCourse11}]
1490624501381;2;2;8;2498021;2426487;2341131;2276880;2255311;2618718;2602034;2677460;2507223;4202617;2640588;6438;4940;[{X=http://www.Department2.University2.edu/UndergraduateStudent228, Y=http://www.Department2.University2.edu, Z=UndergraduateStudent228@Department2.University2.edu}, {X=http://www.Department2.University2.edu/UndergraduateStudent49, Y=http://www.Department2.University2.edu, Z=UndergraduateStudent49@Department2.University2.edu}, {X=http://www.Department2.University2.edu/GraduateStudent45, Y=http://www.Department2.University2.edu, Z=GraduateStudent45@Department2.University2.edu}, {X=http://www.Department2.University2.edu/UndergraduateStudent216, Y=http://www.Department2.University2.edu, Z=UndergraduateStudent216@Department2.University2.edu}, {X=http://www.Department2.University2.edu/UndergraduateStudent142, Y=http://www.Department2.University2.edu, Z=UndergraduateStudent142@Department2.University2.edu}, {X=http://www.Department2.University2.edu/UndergraduateStudent261, Y=http://www.Department2.University2.edu, Z=UndergraduateStudent261@Department2.University2.edu}, {X=http://www.Department2.University2.edu/GraduateStudent11, Y=http://www.Department2.University2.edu, Z=GraduateStudent11@Department2.University2.edu}, {X=http://www.Department2.University2.edu/UndergraduateStudent168, Y=http://www.Department2.University2.edu, Z=UndergraduateStudent168@Department2.University2.edu}, {X=http://www.Department2.University2.edu/UndergraduateStudent0, Y=http://www.Department2.University2.edu, Z=UndergraduateStudent0@Department2.University2.edu}, {X=http://www.Department2.University2.edu/UndergraduateStudent345, Y=http://www.Department2.University2.edu, Z=UndergraduateStudent345@Department2.University2.edu}, {X=http://www.Department2.University2.edu/UndergraduateStudent266, Y=http://www.Department2.University2.edu, Z=UndergraduateStudent266@Department2.University2.edu}, {X=http://www.Department2.University2.edu/GraduateStudent18, Y=http://www.Department2.University2.edu, Z=GraduateStudent18@Department2.University2.edu}, {X=http://www.Department2.University2.edu/GraduateStudent6, Y=http://www.Department2.University2.edu, Z=GraduateStudent6@Department2.University2.edu}, {X=http://www.Department2.University2.edu/UndergraduateStudent110, Y=http://www.Department2.University2.edu, Z=UndergraduateStudent110@Department2.University2.edu}, {X=http://www.Department2.University2.edu/UndergraduateStudent198, Y=http://www.Department2.University2.edu, Z=UndergraduateStudent198@Department2.University2.edu}, {X=http://www.Department2.University2.edu/UndergraduateStudent195, Y=http://www.Department2.University2.edu, Z=UndergraduateStudent195@Department2.University2.edu}, {X=http://www.Department2.University2.edu/UndergraduateStudent260, Y=http://www.Department2.University2.edu, Z=UndergraduateStudent260@Department2.University2.edu}, {X=http://www.Department2.University2.edu/UndergraduateStudent307, Y=http://www.Department2.University2.edu, Z=UndergraduateStudent307@Department2.University2.edu}, {X=http://www.Department2.University2.edu/UndergraduateStudent296, Y=http://www.Department2.University2.edu, Z=UndergraduateStudent296@Department2.University2.edu}, {X=http://www.Department2.University2.edu/GraduateStudent13, Y=http://www.Department2.University2.edu, Z=GraduateStudent13@Department2.University2.edu}, {X=http://www.Department2.University2.edu/UndergraduateStudent314, Y=http://www.Department2.University2.edu, Z=UndergraduateStudent314@Department2.University2.edu}, {X=http://www.Department2.University2.edu/UndergraduateStudent344, Y=http://www.Department2.University2.edu, Z=UndergraduateStudent344@Department2.University2.edu}, {X=http://www.Department2.University2.edu/UndergraduateStudent22, Y=http://www.Department2.University2.edu, Z=UndergraduateStudent22@Department2.University2.edu}, {X=http://www.Department2.University2.edu/UndergraduateStudent108, Y=http://www.Department2.University2.edu, Z=UndergraduateStudent108@Department2.University2.edu}, {X=http://www.Department2.University2.edu/UndergraduateStudent170, Y=http://www.Department2.University2.edu, Z=UndergraduateStudent170@Department2.University2.edu}, {X=http://www.Department2.University2.edu/UndergraduateStudent103, Y=http://www.Department2.University2.edu, Z=UndergraduateStudent103@Department2.University2.edu}, {X=http://www.Department2.University2.edu/UndergraduateStudent304, Y=http://www.Department2.University2.edu, Z=UndergraduateStudent304@Department2.University2.edu}, {X=http://www.Department2.University2.edu/GraduateStudent36, Y=http://www.Department2.University2.edu, Z=GraduateStudent36@Department2.University2.edu}, {X=http://www.Department2.University2.edu/UndergraduateStudent230, Y=http://www.Department2.University2.edu, Z=UndergraduateStudent230@Department2.University2.edu}, {X=http://www.Department2.University2.edu/UndergraduateStudent41, Y=http://www.Department2.University2.edu, Z=UndergraduateStudent41@Department2.University2.edu}, {X=http://www.Department2.University2.edu/UndergraduateStudent131, Y=http://www.Department2.University2.edu, Z=UndergraduateStudent131@Department2.University2.edu}, {X=http://www.Department2.University2.edu/UndergraduateStudent255, Y=http://www.Department2.University2.edu, Z=UndergraduateStudent255@Department2.University2.edu}, {X=http://www.Department2.University2.edu/GraduateStudent74, Y=http://www.Department2.University2.edu, Z=GraduateStudent74@Department2.University2.edu}, {X=http://www.Department2.University2.edu/GraduateStudent114, Y=http://www.Department2.University2.edu, Z=GraduateStudent114@Department2.University2.edu}, {X=http://www.Department2.University2.edu/UndergraduateStudent290, Y=http://www.Department2.University2.edu, Z=UndergraduateStudent290@Department2.University2.edu}, {X=http://www.Department2.University2.edu/UndergraduateStudent86, Y=http://www.Department2.University2.edu, Z=UndergraduateStudent86@Department2.University2.edu}, {X=http://www.Department2.University2.edu/UndergraduateStudent235, Y=http://www.Department2.University2.edu, Z=UndergraduateStudent235@Department2.University2.edu}, {X=http://www.Department2.University2.edu/GraduateStudent14, Y=http://www.Department2.University2.edu, Z=GraduateStudent14@Department2.University2.edu}, {X=http://www.Department2.University2.edu/UndergraduateStudent188, Y=http://www.Department2.University2.edu, Z=UndergraduateStudent188@Department2.University2.edu}, {X=http://www.Department2.University2.edu/UndergraduateStudent203, Y=http://www.Department2.University2.edu, Z=UndergraduateStudent203@Department2.University2.edu}, {X=http://www.Department2.University2.edu/UndergraduateStudent15, Y=http://www.Department2.University2.edu, Z=UndergraduateStudent15@Department2.University2.edu}, {X=http://www.Department2.University2.edu/UndergraduateStudent276, Y=http://www.Department2.University2.edu, Z=UndergraduateStudent276@Department2.University2.edu}, {X=http://www.Department2.University2.edu/UndergraduateStudent62, Y=http://www.Department2.University2.edu, Z=UndergraduateStudent62@Department2.University2.edu}, {X=http://www.Department2.University2.edu/UndergraduateStudent82, Y=http://www.Department2.University2.edu, Z=UndergraduateStudent82@Department2.University2.edu}, {X=http://www.Department2.University2.edu/UndergraduateStudent215, Y=http://www.Department2.University2.edu, Z=UndergraduateStudent215@Department2.University2.edu}, {X=http://www.Department2.University2.edu/UndergraduateStudent217, Y=http://www.Department2.University2.edu, Z=UndergraduateStudent217@Department2.University2.edu}, {X=http://www.Department2.University2.edu/UndergraduateStudent112, Y=http://www.Department2.University2.edu, Z=UndergraduateStudent112@Department2.University2.edu}, {X=http://www.Department2.University2.edu/GraduateStudent113, Y=http://www.Department2.University2.edu, Z=GraduateStudent113@Department2.University2.edu}, {X=http://www.Department2.University2.edu/UndergraduateStudent106, Y=http://www.Department2.University2.edu, Z=UndergraduateStudent106@Department2.University2.edu}, {X=http://www.Department2.University2.edu/GraduateStudent47, Y=http://www.Department2.University2.edu, Z=GraduateStudent47@Department2.University2.edu}, {X=http://www.Department2.University2.edu/UndergraduateStudent259, Y=http://www.Department2.University2.edu, Z=UndergraduateStudent259@Department2.University2.edu}, {X=http://www.Department2.University2.edu/UndergraduateStudent12, Y=http://www.Department2.University2.edu, Z=UndergraduateStudent12@Department2.University2.edu}, {X=http://www.Department2.University2.edu/GraduateStudent104, Y=http://www.Department2.University2.edu, Z=GraduateStudent104@Department2.University2.edu}, {X=http://www.Department2.University2.edu/UndergraduateStudent23, Y=http://www.Department2.University2.edu, Z=UndergraduateStudent23@Department2.University2.edu}, {X=http://www.Department2.University2.edu/GraduateStudent124, Y=http://www.Department2.University2.edu, Z=GraduateStudent124@Department2.University2.edu}, {X=http://www.Department2.University2.edu/UndergraduateStudent6, Y=http://www.Department2.University2.edu, Z=UndergraduateStudent6@Department2.University2.edu}, {X=http://www.Department2.University2.edu/UndergraduateStudent206, Y=http://www.Department2.University2.edu, Z=UndergraduateStudent206@Department2.University2.edu}, {X=http://www.Department2.University2.edu/GraduateStudent117, Y=http://www.Department2.University2.edu, Z=GraduateStudent117@Department2.University2.edu}, {X=http://www.Department2.University2.edu/UndergraduateStudent315, Y=http://www.Department2.University2.edu, Z=UndergraduateStudent315@Department2.University2.edu}, {X=http://www.Department2.University2.edu/UndergraduateStudent172, Y=http://www.Department2.University2.edu, Z=UndergraduateStudent172@Department2.University2.edu}, {X=http://www.Department2.University2.edu/UndergraduateStudent145, Y=http://www.Department2.University2.edu, Z=UndergraduateStudent145@Department2.University2.edu}, {X=http://www.Department2.University2.edu/UndergraduateStudent252, Y=http://www.Department2.University2.edu, Z=UndergraduateStudent252@Department2.University2.edu}, {X=http://www.Department2.University2.edu/UndergraduateStudent199, Y=http://www.Department2.University2.edu, Z=UndergraduateStudent199@Department2.University2.edu}, {X=http://www.Department2.University2.edu/UndergraduateStudent192, Y=http://www.Department2.University2.edu, Z=UndergraduateStudent192@Department2.University2.edu}, {X=http://www.Department2.University2.edu/GraduateStudent57, Y=http://www.Department2.University2.edu, Z=GraduateStudent57@Department2.University2.edu}, {X=http://www.Department2.University2.edu/GraduateStudent101, Y=http://www.Department2.University2.edu, Z=GraduateStudent101@Department2.University2.edu}, {X=http://www.Department2.University2.edu/UndergraduateStudent26, Y=http://www.Department2.University2.edu, Z=UndergraduateStudent26@Department2.University2.edu}, {X=http://www.Department2.University2.edu/UndergraduateStudent173, Y=http://www.Department2.University2.edu, Z=UndergraduateStudent173@Department2.University2.edu}, {X=http://www.Department2.University2.edu/GraduateStudent103, Y=http://www.Department2.University2.edu, Z=GraduateStudent103@Department2.University2.edu}, {X=http://www.Department2.University2.edu/UndergraduateStudent160, Y=http://www.Department2.University2.edu, Z=UndergraduateStudent160@Department2.University2.edu}, {X=http://www.Department2.University2.edu/UndergraduateStudent184, Y=http://www.Department2.University2.edu, Z=UndergraduateStudent184@Department2.University2.edu}, {X=http://www.Department2.University2.edu/UndergraduateStudent326, Y=http://www.Department2.University2.edu, Z=UndergraduateStudent326@Department2.University2.edu}, {X=http://www.Department2.University2.edu/GraduateStudent33, Y=http://www.Department2.University2.edu, Z=GraduateStudent33@Department2.University2.edu}, {X=http://www.Department2.University2.edu/GraduateStudent111, Y=http://www.Department2.University2.edu, Z=GraduateStudent111@Department2.University2.edu}, {X=http://www.Department2.University2.edu/UndergraduateStudent271, Y=http://www.Department2.University2.edu, Z=UndergraduateStudent271@Department2.University2.edu}, {X=http://www.Department2.University2.edu/UndergraduateStudent287, Y=http://www.Department2.University2.edu, Z=UndergraduateStudent287@Department2.University2.edu}, {X=http://www.Department2.University2.edu/GraduateStudent88, Y=http://www.Department2.University2.edu, Z=GraduateStudent88@Department2.University2.edu}, {X=http://www.Department2.University2.edu/UndergraduateStudent80, Y=http://www.Department2.University2.edu, Z=UndergraduateStudent80@Department2.University2.edu}, {X=http://www.Department2.University2.edu/UndergraduateStudent359, Y=http://www.Department2.University2.edu, Z=UndergraduateStudent359@Department2.University2.edu}, {X=http://www.Department2.University2.edu/GraduateStudent123, Y=http://www.Department2.University2.edu, Z=GraduateStudent123@Department2.University2.edu}, {X=http://www.Department2.University2.edu/GraduateStudent116, Y=http://www.Department2.University2.edu, Z=GraduateStudent116@Department2.University2.edu}, {X=http://www.Department2.University2.edu/UndergraduateStudent239, Y=http://www.Department2.University2.edu, Z=UndergraduateStudent239@Department2.University2.edu}, {X=http://www.Department2.University2.edu/GraduateStudent68, Y=http://www.Department2.University2.edu, Z=GraduateStudent68@Department2.University2.edu}, {X=http://www.Department2.University2.edu/UndergraduateStudent96, Y=http://www.Department2.University2.edu, Z=UndergraduateStudent96@Department2.University2.edu}, {X=http://www.Department2.University2.edu/UndergraduateStudent178, Y=http://www.Department2.University2.edu, Z=UndergraduateStudent178@Department2.University2.edu}, {X=http://www.Department2.University2.edu/UndergraduateStudent157, Y=http://www.Department2.University2.edu, Z=UndergraduateStudent157@Department2.University2.edu}, {X=http://www.Department2.University2.edu/UndergraduateStudent105, Y=http://www.Department2.University2.edu, Z=UndergraduateStudent105@Department2.University2.edu}, {X=http://www.Department2.University2.edu/GraduateStudent122, Y=http://www.Department2.University2.edu, Z=GraduateStudent122@Department2.University2.edu}, {X=http://www.Department2.University2.edu/UndergraduateStudent50, Y=http://www.Department2.University2.edu, Z=UndergraduateStudent50@Department2.University2.edu}, {X=http://www.Department2.University2.edu/UndergraduateStudent316, Y=http://www.Department2.University2.edu, Z=UndergraduateStudent316@Department2.University2.edu}, {X=http://www.Department2.University2.edu/UndergraduateStudent303, Y=http://www.Department2.University2.edu, Z=UndergraduateStudent303@Department2.University2.edu}, {X=http://www.Department2.University2.edu/UndergraduateStudent181, Y=http://www.Department2.University2.edu, Z=UndergraduateStudent181@Department2.University2.edu}, {X=http://www.Department2.University2.edu/UndergraduateStudent301, Y=http://www.Department2.University2.edu, Z=UndergraduateStudent301@Department2.University2.edu}, {X=http://www.Department2.University2.edu/UndergraduateStudent243, Y=http://www.Department2.University2.edu, Z=UndergraduateStudent243@Department2.University2.edu}, {X=http://www.Department2.University2.edu/UndergraduateStudent120, Y=http://www.Department2.University2.edu, Z=UndergraduateStudent120@Department2.University2.edu}, {X=http://www.Department2.University2.edu/UndergraduateStudent14, Y=http://www.Department2.University2.edu, Z=UndergraduateStudent14@Department2.University2.edu}, {X=http://www.Department2.University2.edu/GraduateStudent126, Y=http://www.Department2.University2.edu, Z=GraduateStudent126@Department2.University2.edu}, {X=http://www.Department2.University2.edu/GraduateStudent9, Y=http://www.Department2.University2.edu, Z=GraduateStudent9@Department2.University2.edu}, {X=http://www.Department2.University2.edu/GraduateStudent31, Y=http://www.Department2.University2.edu, Z=GraduateStudent31@Department2.University2.edu}, {X=http://www.Department2.University2.edu/UndergraduateStudent205, Y=http://www.Department2.University2.edu, Z=UndergraduateStudent205@Department2.University2.edu}, {X=http://www.Department2.University2.edu/UndergraduateStudent347, Y=http://www.Department2.University2.edu, Z=UndergraduateStudent347@Department2.University2.edu}, {X=http://www.Department2.University2.edu/UndergraduateStudent133, Y=http://www.Department2.University2.edu, Z=UndergraduateStudent133@Department2.University2.edu}, {X=http://www.Department2.University2.edu/UndergraduateStudent136, Y=http://www.Department2.University2.edu, Z=UndergraduateStudent136@Department2.University2.edu}, {X=http://www.Department2.University2.edu/UndergraduateStudent40, Y=http://www.Department2.University2.edu, Z=UndergraduateStudent40@Department2.University2.edu}, {X=http://www.Department2.University2.edu/GraduateStudent109, Y=http://www.Department2.University2.edu, Z=GraduateStudent109@Department2.University2.edu}, {X=http://www.Department2.University2.edu/UndergraduateStudent325, Y=http://www.Department2.University2.edu, Z=UndergraduateStudent325@Department2.University2.edu}, {X=http://www.Department2.University2.edu/UndergraduateStudent210, Y=http://www.Department2.University2.edu, Z=UndergraduateStudent210@Department2.University2.edu}, {X=http://www.Department2.University2.edu/UndergraduateStudent139, Y=http://www.Department2.University2.edu, Z=UndergraduateStudent139@Department2.University2.edu}, {X=http://www.Department2.University2.edu/GraduateStudent99, Y=http://www.Department2.University2.edu, Z=GraduateStudent99@Department2.University2.edu}, {X=http://www.Department2.University2.edu/UndergraduateStudent114, Y=http://www.Department2.University2.edu, Z=UndergraduateStudent114@Department2.University2.edu}, {X=http://www.Department2.University2.edu/GraduateStudent50, Y=http://www.Department2.University2.edu, Z=GraduateStudent50@Department2.University2.edu}, {X=http://www.Department2.University2.edu/UndergraduateStudent298, Y=http://www.Department2.University2.edu, Z=UndergraduateStudent298@Department2.University2.edu}, {X=http://www.Department2.University2.edu/UndergraduateStudent31, Y=http://www.Department2.University2.edu, Z=UndergraduateStudent31@Department2.University2.edu}, {X=http://www.Department2.University2.edu/UndergraduateStudent60, Y=http://www.Department2.University2.edu, Z=UndergraduateStudent60@Department2.University2.edu}, {X=http://www.Department2.University2.edu/UndergraduateStudent249, Y=http://www.Department2.University2.edu, Z=UndergraduateStudent249@Department2.University2.edu}, {X=http://www.Department2.University2.edu/UndergraduateStudent149, Y=http://www.Department2.University2.edu, Z=UndergraduateStudent149@Department2.University2.edu}, {X=http://www.Department2.University2.edu/UndergraduateStudent352, Y=http://www.Department2.University2.edu, Z=UndergraduateStudent352@Department2.University2.edu}, {X=http://www.Department2.University2.edu/UndergraduateStudent236, Y=http://www.Department2.University2.edu, Z=UndergraduateStudent236@Department2.University2.edu}, {X=http://www.Department2.University2.edu/UndergraduateStudent211, Y=http://www.Department2.University2.edu, Z=UndergraduateStudent211@Department2.University2.edu}, {X=http://www.Department2.University2.edu/GraduateStudent96, Y=http://www.Department2.University2.edu, Z=GraduateStudent96@Department2.University2.edu}, {X=http://www.Department2.University2.edu/UndergraduateStudent107, Y=http://www.Department2.University2.edu, Z=UndergraduateStudent107@Department2.University2.edu}, {X=http://www.Department2.University2.edu/GraduateStudent52, Y=http://www.Department2.University2.edu, Z=GraduateStudent52@Department2.University2.edu}, {X=http://www.Department2.University2.edu/GraduateStudent85, Y=http://www.Department2.University2.edu, Z=GraduateStudent85@Department2.University2.edu}, {X=http://www.Department2.University2.edu/UndergraduateStudent54, Y=http://www.Department2.University2.edu, Z=UndergraduateStudent54@Department2.University2.edu}, {X=http://www.Department2.University2.edu/GraduateStudent56, Y=http://www.Department2.University2.edu, Z=GraduateStudent56@Department2.University2.edu}, {X=http://www.Department2.University2.edu/UndergraduateStudent237, Y=http://www.Department2.University2.edu, Z=UndergraduateStudent237@Department2.University2.edu}, {X=http://www.Department2.University2.edu/UndergraduateStudent306, Y=http://www.Department2.University2.edu, Z=UndergraduateStudent306@Department2.University2.edu}, {X=http://www.Department2.University2.edu/GraduateStudent62, Y=http://www.Department2.University2.edu, Z=GraduateStudent62@Department2.University2.edu}, {X=http://www.Department2.University2.edu/GraduateStudent40, Y=http://www.Department2.University2.edu, Z=GraduateStudent40@Department2.University2.edu}, {X=http://www.Department2.University2.edu/GraduateStudent84, Y=http://www.Department2.University2.edu, Z=GraduateStudent84@Department2.University2.edu}, {X=http://www.Department2.University2.edu/UndergraduateStudent340, Y=http://www.Department2.University2.edu, Z=UndergraduateStudent340@Department2.University2.edu}, {X=http://www.Department2.University2.edu/UndergraduateStudent67, Y=http://www.Department2.University2.edu, Z=UndergraduateStudent67@Department2.University2.edu}, {X=http://www.Department2.University2.edu/UndergraduateStudent70, Y=http://www.Department2.University2.edu, Z=UndergraduateStudent70@Department2.University2.edu}, {X=http://www.Department2.University2.edu/UndergraduateStudent299, Y=http://www.Department2.University2.edu, Z=UndergraduateStudent299@Department2.University2.edu}, {X=http://www.Department2.University2.edu/UndergraduateStudent129, Y=http://www.Department2.University2.edu, Z=UndergraduateStudent129@Department2.University2.edu}, {X=http://www.Department2.University2.edu/UndergraduateStudent161, Y=http://www.Department2.University2.edu, Z=UndergraduateStudent161@Department2.University2.edu}, {X=http://www.Department2.University2.edu/UndergraduateStudent10, Y=http://www.Department2.University2.edu, Z=UndergraduateStudent10@Department2.University2.edu}, {X=http://www.Department2.University2.edu/UndergraduateStudent348, Y=http://www.Department2.University2.edu, Z=UndergraduateStudent348@Department2.University2.edu}, {X=http://www.Department2.University2.edu/UndergraduateStudent357, Y=http://www.Department2.University2.edu, Z=UndergraduateStudent357@Department2.University2.edu}, {X=http://www.Department2.University2.edu/GraduateStudent17, Y=http://www.Department2.University2.edu, Z=GraduateStudent17@Department2.University2.edu}, {X=http://www.Department2.University2.edu/UndergraduateStudent59, Y=http://www.Department2.University2.edu, Z=UndergraduateStudent59@Department2.University2.edu}, {X=http://www.Department2.University2.edu/UndergraduateStudent209, Y=http://www.Department2.University2.edu, Z=UndergraduateStudent209@Department2.University2.edu}, {X=http://www.Department2.University2.edu/UndergraduateStudent1, Y=http://www.Department2.University2.edu, Z=UndergraduateStudent1@Department2.University2.edu}, {X=http://www.Department2.University2.edu/UndergraduateStudent104, Y=http://www.Department2.University2.edu, Z=UndergraduateStudent104@Department2.University2.edu}, {X=http://www.Department2.University2.edu/GraduateStudent80, Y=http://www.Department2.University2.edu, Z=GraduateStudent80@Department2.University2.edu}, {X=http://www.Department2.University2.edu/UndergraduateStudent337, Y=http://www.Department2.University2.edu, Z=UndergraduateStudent337@Department2.University2.edu}, {X=http://www.Department2.University2.edu/GraduateStudent67, Y=http://www.Department2.University2.edu, Z=GraduateStudent67@Department2.University2.edu}, {X=http://www.Department2.University2.edu/UndergraduateStudent43, Y=http://www.Department2.University2.edu, Z=UndergraduateStudent43@Department2.University2.edu}, {X=http://www.Department2.University2.edu/GraduateStudent41, Y=http://www.Department2.University2.edu, Z=GraduateStudent41@Department2.University2.edu}, {X=http://www.Department2.University2.edu/UndergraduateStudent102, Y=http://www.Department2.University2.edu, Z=UndergraduateStudent102@Department2.University2.edu}, {X=http://www.Department2.University2.edu/UndergraduateStudent117, Y=http://www.Department2.University2.edu, Z=UndergraduateStudent117@Department2.University2.edu}, {X=http://www.Department2.University2.edu/UndergraduateStudent182, Y=http://www.Department2.University2.edu, Z=UndergraduateStudent182@Department2.University2.edu}, {X=http://www.Department2.University2.edu/UndergraduateStudent324, Y=http://www.Department2.University2.edu, Z=UndergraduateStudent324@Department2.University2.edu}, {X=http://www.Department2.University2.edu/UndergraduateStudent51, Y=http://www.Department2.University2.edu, Z=UndergraduateStudent51@Department2.University2.edu}, {X=http://www.Department2.University2.edu/GraduateStudent107, Y=http://www.Department2.University2.edu, Z=GraduateStudent107@Department2.University2.edu}, {X=http://www.Department2.University2.edu/UndergraduateStudent119, Y=http://www.Department2.University2.edu, Z=UndergraduateStudent119@Department2.University2.edu}, {X=http://www.Department2.University2.edu/GraduateStudent58, Y=http://www.Department2.University2.edu, Z=GraduateStudent58@Department2.University2.edu}, {X=http://www.Department2.University2.edu/UndergraduateStudent274, Y=http://www.Department2.University2.edu, Z=UndergraduateStudent274@Department2.University2.edu}, {X=http://www.Department2.University2.edu/UndergraduateStudent258, Y=http://www.Department2.University2.edu, Z=UndergraduateStudent258@Department2.University2.edu}, {X=http://www.Department2.University2.edu/UndergraduateStudent177, Y=http://www.Department2.University2.edu, Z=UndergraduateStudent177@Department2.University2.edu}, {X=http://www.Department2.University2.edu/GraduateStudent75, Y=http://www.Department2.University2.edu, Z=GraduateStudent75@Department2.University2.edu}, {X=http://www.Department2.University2.edu/UndergraduateStudent140, Y=http://www.Department2.University2.edu, Z=UndergraduateStudent140@Department2.University2.edu}, {X=http://www.Department2.University2.edu/UndergraduateStudent101, Y=http://www.Department2.University2.edu, Z=UndergraduateStudent101@Department2.University2.edu}, {X=http://www.Department2.University2.edu/UndergraduateStudent90, Y=http://www.Department2.University2.edu, Z=UndergraduateStudent90@Department2.University2.edu}, {X=http://www.Department2.University2.edu/UndergraduateStudent135, Y=http://www.Department2.University2.edu, Z=UndergraduateStudent135@Department2.University2.edu}, {X=http://www.Department2.University2.edu/GraduateStudent35, Y=http://www.Department2.University2.edu, Z=GraduateStudent35@Department2.University2.edu}, {X=http://www.Department2.University2.edu/GraduateStudent71, Y=http://www.Department2.University2.edu, Z=GraduateStudent71@Department2.University2.edu}, {X=http://www.Department2.University2.edu/UndergraduateStudent312, Y=http://www.Department2.University2.edu, Z=UndergraduateStudent312@Department2.University2.edu}, {X=http://www.Department2.University2.edu/UndergraduateStudent186, Y=http://www.Department2.University2.edu, Z=UndergraduateStudent186@Department2.University2.edu}, {X=http://www.Department2.University2.edu/UndergraduateStudent341, Y=http://www.Department2.University2.edu, Z=UndergraduateStudent341@Department2.University2.edu}, {X=http://www.Department2.University2.edu/UndergraduateStudent342, Y=http://www.Department2.University2.edu, Z=UndergraduateStudent342@Department2.University2.edu}, {X=http://www.Department2.University2.edu/UndergraduateStudent158, Y=http://www.Department2.University2.edu, Z=UndergraduateStudent158@Department2.University2.edu}, {X=http://www.Department2.University2.edu/UndergraduateStudent171, Y=http://www.Department2.University2.edu, Z=UndergraduateStudent171@Department2.University2.edu}, {X=http://www.Department2.University2.edu/UndergraduateStudent300, Y=http://www.Department2.University2.edu, Z=UndergraduateStudent300@Department2.University2.edu}, {X=http://www.Department2.University2.edu/UndergraduateStudent165, Y=http://www.Department2.University2.edu, Z=UndergraduateStudent165@Department2.University2.edu}, {X=http://www.Department2.University2.edu/UndergraduateStudent151, Y=http://www.Department2.University2.edu, Z=UndergraduateStudent151@Department2.University2.edu}, {X=http://www.Department2.University2.edu/UndergraduateStudent88, Y=http://www.Department2.University2.edu, Z=UndergraduateStudent88@Department2.University2.edu}, {X=http://www.Department2.University2.edu/UndergraduateStudent194, Y=http://www.Department2.University2.edu, Z=UndergraduateStudent194@Department2.University2.edu}, {X=http://www.Department2.University2.edu/UndergraduateStudent169, Y=http://www.Department2.University2.edu, Z=UndergraduateStudent169@Department2.University2.edu}, {X=http://www.Department2.University2.edu/GraduateStudent3, Y=http://www.Department2.University2.edu, Z=GraduateStudent3@Department2.University2.edu}, {X=http://www.Department2.University2.edu/UndergraduateStudent302, Y=http://www.Department2.University2.edu, Z=UndergraduateStudent302@Department2.University2.edu}, {X=http://www.Department2.University2.edu/UndergraduateStudent231, Y=http://www.Department2.University2.edu, Z=UndergraduateStudent231@Department2.University2.edu}, {X=http://www.Department2.University2.edu/UndergraduateStudent264, Y=http://www.Department2.University2.edu, Z=UndergraduateStudent264@Department2.University2.edu}, {X=http://www.Department2.University2.edu/UndergraduateStudent247, Y=http://www.Department2.University2.edu, Z=UndergraduateStudent247@Department2.University2.edu}, {X=http://www.Department2.University2.edu/GraduateStudent55, Y=http://www.Department2.University2.edu, Z=GraduateStudent55@Department2.University2.edu}, {X=http://www.Department2.University2.edu/GraduateStudent1, Y=http://www.Department2.University2.edu, Z=GraduateStudent1@Department2.University2.edu}, {X=http://www.Department2.University2.edu/UndergraduateStudent283, Y=http://www.Department2.University2.edu, Z=UndergraduateStudent283@Department2.University2.edu}, {X=http://www.Department2.University2.edu/UndergraduateStudent191, Y=http://www.Department2.University2.edu, Z=UndergraduateStudent191@Department2.University2.edu}, {X=http://www.Department2.University2.edu/UndergraduateStudent98, Y=http://www.Department2.University2.edu, Z=UndergraduateStudent98@Department2.University2.edu}, {X=http://www.Department2.University2.edu/GraduateStudent70, Y=http://www.Department2.University2.edu, Z=GraduateStudent70@Department2.University2.edu}, {X=http://www.Department2.University2.edu/UndergraduateStudent75, Y=http://www.Department2.University2.edu, Z=UndergraduateStudent75@Department2.University2.edu}, {X=http://www.Department2.University2.edu/UndergraduateStudent204, Y=http://www.Department2.University2.edu, Z=UndergraduateStudent204@Department2.University2.edu}, {X=http://www.Department2.University2.edu/GraduateStudent44, Y=http://www.Department2.University2.edu, Z=GraduateStudent44@Department2.University2.edu}, {X=http://www.Department2.University2.edu/UndergraduateStudent356, Y=http://www.Department2.University2.edu, Z=UndergraduateStudent356@Department2.University2.edu}, {X=http://www.Department2.University2.edu/UndergraduateStudent360, Y=http://www.Department2.University2.edu, Z=UndergraduateStudent360@Department2.University2.edu}, {X=http://www.Department2.University2.edu/UndergraduateStudent277, Y=http://www.Department2.University2.edu, Z=UndergraduateStudent277@Department2.University2.edu}, {X=http://www.Department2.University2.edu/UndergraduateStudent2, Y=http://www.Department2.University2.edu, Z=UndergraduateStudent2@Department2.University2.edu}, {X=http://www.Department2.University2.edu/UndergraduateStudent84, Y=http://www.Department2.University2.edu, Z=UndergraduateStudent84@Department2.University2.edu}, {X=http://www.Department2.University2.edu/UndergraduateStudent282, Y=http://www.Department2.University2.edu, Z=UndergraduateStudent282@Department2.University2.edu}, {X=http://www.Department2.University2.edu/UndergraduateStudent224, Y=http://www.Department2.University2.edu, Z=UndergraduateStudent224@Department2.University2.edu}, {X=http://www.Department2.University2.edu/GraduateStudent20, Y=http://www.Department2.University2.edu, Z=GraduateStudent20@Department2.University2.edu}, {X=http://www.Department2.University2.edu/UndergraduateStudent281, Y=http://www.Department2.University2.edu, Z=UndergraduateStudent281@Department2.University2.edu}, {X=http://www.Department2.University2.edu/GraduateStudent39, Y=http://www.Department2.University2.edu, Z=GraduateStudent39@Department2.University2.edu}, {X=http://www.Department2.University2.edu/UndergraduateStudent68, Y=http://www.Department2.University2.edu, Z=UndergraduateStudent68@Department2.University2.edu}, {X=http://www.Department2.University2.edu/UndergraduateStudent19, Y=http://www.Department2.University2.edu, Z=UndergraduateStudent19@Department2.University2.edu}, {X=http://www.Department2.University2.edu/UndergraduateStudent323, Y=http://www.Department2.University2.edu, Z=UndergraduateStudent323@Department2.University2.edu}, {X=http://www.Department2.University2.edu/GraduateStudent102, Y=http://www.Department2.University2.edu, Z=GraduateStudent102@Department2.University2.edu}, {X=http://www.Department2.University2.edu/GraduateStudent81, Y=http://www.Department2.University2.edu, Z=GraduateStudent81@Department2.University2.edu}, {X=http://www.Department2.University2.edu/UndergraduateStudent154, Y=http://www.Department2.University2.edu, Z=UndergraduateStudent154@Department2.University2.edu}, {X=http://www.Department2.University2.edu/GraduateStudent48, Y=http://www.Department2.University2.edu, Z=GraduateStudent48@Department2.University2.edu}, {X=http://www.Department2.University2.edu/UndergraduateStudent152, Y=http://www.Department2.University2.edu, Z=UndergraduateStudent152@Department2.University2.edu}, {X=http://www.Department2.University2.edu/UndergraduateStudent329, Y=http://www.Department2.University2.edu, Z=UndergraduateStudent329@Department2.University2.edu}, {X=http://www.Department2.University2.edu/UndergraduateStudent21, Y=http://www.Department2.University2.edu, Z=UndergraduateStudent21@Department2.University2.edu}, {X=http://www.Department2.University2.edu/UndergraduateStudent159, Y=http://www.Department2.University2.edu, Z=UndergraduateStudent159@Department2.University2.edu}, {X=http://www.Department2.University2.edu/GraduateStudent15, Y=http://www.Department2.University2.edu, Z=GraduateStudent15@Department2.University2.edu}, {X=http://www.Department2.University2.edu/UndergraduateStudent99, Y=http://www.Department2.University2.edu, Z=UndergraduateStudent99@Department2.University2.edu}, {X=http://www.Department2.University2.edu/UndergraduateStudent242, Y=http://www.Department2.University2.edu, Z=UndergraduateStudent242@Department2.University2.edu}, {X=http://www.Department2.University2.edu/UndergraduateStudent292, Y=http://www.Department2.University2.edu, Z=UndergraduateStudent292@Department2.University2.edu}, {X=http://www.Department2.University2.edu/UndergraduateStudent343, Y=http://www.Department2.University2.edu, Z=UndergraduateStudent343@Department2.University2.edu}, {X=http://www.Department2.University2.edu/UndergraduateStudent238, Y=http://www.Department2.University2.edu, Z=UndergraduateStudent238@Department2.University2.edu}, {X=http://www.Department2.University2.edu/GraduateStudent23, Y=http://www.Department2.University2.edu, Z=GraduateStudent23@Department2.University2.edu}, {X=http://www.Department2.University2.edu/UndergraduateStudent187, Y=http://www.Department2.University2.edu, Z=UndergraduateStudent187@Department2.University2.edu}, {X=http://www.Department2.University2.edu/GraduateStudent100, Y=http://www.Department2.University2.edu, Z=GraduateStudent100@Department2.University2.edu}, {X=http://www.Department2.University2.edu/UndergraduateStudent143, Y=http://www.Department2.University2.edu, Z=UndergraduateStudent143@Department2.University2.edu}, {X=http://www.Department2.University2.edu/UndergraduateStudent174, Y=http://www.Department2.University2.edu, Z=UndergraduateStudent174@Department2.University2.edu}, {X=http://www.Department2.University2.edu/GraduateStudent2, Y=http://www.Department2.University2.edu, Z=GraduateStudent2@Department2.University2.edu}, {X=http://www.Department2.University2.edu/UndergraduateStudent234, Y=http://www.Department2.University2.edu, Z=UndergraduateStudent234@Department2.University2.edu}, {X=http://www.Department2.University2.edu/UndergraduateStudent150, Y=http://www.Department2.University2.edu, Z=UndergraduateStudent150@Department2.University2.edu}, {X=http://www.Department2.University2.edu/UndergraduateStudent164, Y=http://www.Department2.University2.edu, Z=UndergraduateStudent164@Department2.University2.edu}, {X=http://www.Department2.University2.edu/UndergraduateStudent241, Y=http://www.Department2.University2.edu, Z=UndergraduateStudent241@Department2.University2.edu}, {X=http://www.Department2.University2.edu/UndergraduateStudent126, Y=http://www.Department2.University2.edu, Z=UndergraduateStudent126@Department2.University2.edu}, {X=http://www.Department2.University2.edu/UndergraduateStudent225, Y=http://www.Department2.University2.edu, Z=UndergraduateStudent225@Department2.University2.edu}, {X=http://www.Department2.University2.edu/UndergraduateStudent185, Y=http://www.Department2.University2.edu, Z=UndergraduateStudent185@Department2.University2.edu}, {X=http://www.Department2.University2.edu/UndergraduateStudent196, Y=http://www.Department2.University2.edu, Z=UndergraduateStudent196@Department2.University2.edu}, {X=http://www.Department2.University2.edu/GraduateStudent118, Y=http://www.Department2.University2.edu, Z=GraduateStudent118@Department2.University2.edu}, {X=http://www.Department2.University2.edu/UndergraduateStudent113, Y=http://www.Department2.University2.edu, Z=UndergraduateStudent113@Department2.University2.edu}, {X=http://www.Department2.University2.edu/UndergraduateStudent130, Y=http://www.Department2.University2.edu, Z=UndergraduateStudent130@Department2.University2.edu}, {X=http://www.Department2.University2.edu/UndergraduateStudent279, Y=http://www.Department2.University2.edu, Z=UndergraduateStudent279@Department2.University2.edu}, {X=http://www.Department2.University2.edu/UndergraduateStudent305, Y=http://www.Department2.University2.edu, Z=UndergraduateStudent305@Department2.University2.edu}, {X=http://www.Department2.University2.edu/GraduateStudent37, Y=http://www.Department2.University2.edu, Z=GraduateStudent37@Department2.University2.edu}, {X=http://www.Department2.University2.edu/GraduateStudent61, Y=http://www.Department2.University2.edu, Z=GraduateStudent61@Department2.University2.edu}, {X=http://www.Department2.University2.edu/UndergraduateStudent246, Y=http://www.Department2.University2.edu, Z=UndergraduateStudent246@Department2.University2.edu}, {X=http://www.Department2.University2.edu/GraduateStudent72, Y=http://www.Department2.University2.edu, Z=GraduateStudent72@Department2.University2.edu}, {X=http://www.Department2.University2.edu/UndergraduateStudent294, Y=http://www.Department2.University2.edu, Z=UndergraduateStudent294@Department2.University2.edu}, {X=http://www.Department2.University2.edu/UndergraduateStudent278, Y=http://www.Department2.University2.edu, Z=UndergraduateStudent278@Department2.University2.edu}, {X=http://www.Department2.University2.edu/UndergraduateStudent270, Y=http://www.Department2.University2.edu, Z=UndergraduateStudent270@Department2.University2.edu}, {X=http://www.Department2.University2.edu/UndergraduateStudent284, Y=http://www.Department2.University2.edu, Z=UndergraduateStudent284@Department2.University2.edu}, {X=http://www.Department2.University2.edu/UndergraduateStudent89, Y=http://www.Department2.University2.edu, Z=UndergraduateStudent89@Department2.University2.edu}, {X=http://www.Department2.University2.edu/GraduateStudent0, Y=http://www.Department2.University2.edu, Z=GraduateStudent0@Department2.University2.edu}, {X=http://www.Department2.University2.edu/UndergraduateStudent213, Y=http://www.Department2.University2.edu, Z=UndergraduateStudent213@Department2.University2.edu}, {X=http://www.Department2.University2.edu/UndergraduateStudent349, Y=http://www.Department2.University2.edu, Z=UndergraduateStudent349@Department2.University2.edu}, {X=http://www.Department2.University2.edu/UndergraduateStudent263, Y=http://www.Department2.University2.edu, Z=UndergraduateStudent263@Department2.University2.edu}, {X=http://www.Department2.University2.edu/GraduateStudent24, Y=http://www.Department2.University2.edu, Z=GraduateStudent24@Department2.University2.edu}, {X=http://www.Department2.University2.edu/UndergraduateStudent176, Y=http://www.Department2.University2.edu, Z=UndergraduateStudent176@Department2.University2.edu}, {X=http://www.Department2.University2.edu/UndergraduateStudent39, Y=http://www.Department2.University2.edu, Z=UndergraduateStudent39@Department2.University2.edu}, {X=http://www.Department2.University2.edu/UndergraduateStudent124, Y=http://www.Department2.University2.edu, Z=UndergraduateStudent124@Department2.University2.edu}, {X=http://www.Department2.University2.edu/UndergraduateStudent52, Y=http://www.Department2.University2.edu, Z=UndergraduateStudent52@Department2.University2.edu}, {X=http://www.Department2.University2.edu/UndergraduateStudent354, Y=http://www.Department2.University2.edu, Z=UndergraduateStudent354@Department2.University2.edu}, {X=http://www.Department2.University2.edu/GraduateStudent83, Y=http://www.Department2.University2.edu, Z=GraduateStudent83@Department2.University2.edu}, {X=http://www.Department2.University2.edu/UndergraduateStudent48, Y=http://www.Department2.University2.edu, Z=UndergraduateStudent48@Department2.University2.edu}, {X=http://www.Department2.University2.edu/GraduateStudent130, Y=http://www.Department2.University2.edu, Z=GraduateStudent130@Department2.University2.edu}, {X=http://www.Department2.University2.edu/UndergraduateStudent61, Y=http://www.Department2.University2.edu, Z=UndergraduateStudent61@Department2.University2.edu}, {X=http://www.Department2.University2.edu/UndergraduateStudent16, Y=http://www.Department2.University2.edu, Z=UndergraduateStudent16@Department2.University2.edu}, {X=http://www.Department2.University2.edu/UndergraduateStudent319, Y=http://www.Department2.University2.edu, Z=UndergraduateStudent319@Department2.University2.edu}, {X=http://www.Department2.University2.edu/GraduateStudent98, Y=http://www.Department2.University2.edu, Z=GraduateStudent98@Department2.University2.edu}, {X=http://www.Department2.University2.edu/UndergraduateStudent71, Y=http://www.Department2.University2.edu, Z=UndergraduateStudent71@Department2.University2.edu}, {X=http://www.Department2.University2.edu/UndergraduateStudent35, Y=http://www.Department2.University2.edu, Z=UndergraduateStudent35@Department2.University2.edu}, {X=http://www.Department2.University2.edu/GraduateStudent120, Y=http://www.Department2.University2.edu, Z=GraduateStudent120@Department2.University2.edu}, {X=http://www.Department2.University2.edu/UndergraduateStudent156, Y=http://www.Department2.University2.edu, Z=UndergraduateStudent156@Department2.University2.edu}, {X=http://www.Department2.University2.edu/UndergraduateStudent153, Y=http://www.Department2.University2.edu, Z=UndergraduateStudent153@Department2.University2.edu}, {X=http://www.Department2.University2.edu/UndergraduateStudent118, Y=http://www.Department2.University2.edu, Z=UndergraduateStudent118@Department2.University2.edu}, {X=http://www.Department2.University2.edu/GraduateStudent90, Y=http://www.Department2.University2.edu, Z=GraduateStudent90@Department2.University2.edu}, {X=http://www.Department2.University2.edu/GraduateStudent59, Y=http://www.Department2.University2.edu, Z=GraduateStudent59@Department2.University2.edu}, {X=http://www.Department2.University2.edu/GraduateStudent43, Y=http://www.Department2.University2.edu, Z=GraduateStudent43@Department2.University2.edu}, {X=http://www.Department2.University2.edu/UndergraduateStudent317, Y=http://www.Department2.University2.edu, Z=UndergraduateStudent317@Department2.University2.edu}, {X=http://www.Department2.University2.edu/UndergraduateStudent121, Y=http://www.Department2.University2.edu, Z=UndergraduateStudent121@Department2.University2.edu}, {X=http://www.Department2.University2.edu/UndergraduateStudent144, Y=http://www.Department2.University2.edu, Z=UndergraduateStudent144@Department2.University2.edu}, {X=http://www.Department2.University2.edu/UndergraduateStudent251, Y=http://www.Department2.University2.edu, Z=UndergraduateStudent251@Department2.University2.edu}, {X=http://www.Department2.University2.edu/UndergraduateStudent141, Y=http://www.Department2.University2.edu, Z=UndergraduateStudent141@Department2.University2.edu}, {X=http://www.Department2.University2.edu/UndergraduateStudent265, Y=http://www.Department2.University2.edu, Z=UndergraduateStudent265@Department2.University2.edu}, {X=http://www.Department2.University2.edu/GraduateStudent115, Y=http://www.Department2.University2.edu, Z=GraduateStudent115@Department2.University2.edu}, {X=http://www.Department2.University2.edu/UndergraduateStudent268, Y=http://www.Department2.University2.edu, Z=UndergraduateStudent268@Department2.University2.edu}, {X=http://www.Department2.University2.edu/GraduateStudent66, Y=http://www.Department2.University2.edu, Z=GraduateStudent66@Department2.University2.edu}, {X=http://www.Department2.University2.edu/GraduateStudent5, Y=http://www.Department2.University2.edu, Z=GraduateStudent5@Department2.University2.edu}, {X=http://www.Department2.University2.edu/UndergraduateStudent310, Y=http://www.Department2.University2.edu, Z=UndergraduateStudent310@Department2.University2.edu}, {X=http://www.Department2.University2.edu/UndergraduateStudent183, Y=http://www.Department2.University2.edu, Z=UndergraduateStudent183@Department2.University2.edu}, {X=http://www.Department2.University2.edu/UndergraduateStudent248, Y=http://www.Department2.University2.edu, Z=UndergraduateStudent248@Department2.University2.edu}, {X=http://www.Department2.University2.edu/GraduateStudent69, Y=http://www.Department2.University2.edu, Z=GraduateStudent69@Department2.University2.edu}, {X=http://www.Department2.University2.edu/UndergraduateStudent94, Y=http://www.Department2.University2.edu, Z=UndergraduateStudent94@Department2.University2.edu}, {X=http://www.Department2.University2.edu/GraduateStudent73, Y=http://www.Department2.University2.edu, Z=GraduateStudent73@Department2.University2.edu}, {X=http://www.Department2.University2.edu/UndergraduateStudent138, Y=http://www.Department2.University2.edu, Z=UndergraduateStudent138@Department2.University2.edu}, {X=http://www.Department2.University2.edu/UndergraduateStudent37, Y=http://www.Department2.University2.edu, Z=UndergraduateStudent37@Department2.University2.edu}, {X=http://www.Department2.University2.edu/UndergraduateStudent233, Y=http://www.Department2.University2.edu, Z=UndergraduateStudent233@Department2.University2.edu}, {X=http://www.Department2.University2.edu/UndergraduateStudent291, Y=http://www.Department2.University2.edu, Z=UndergraduateStudent291@Department2.University2.edu}, {X=http://www.Department2.University2.edu/UndergraduateStudent212, Y=http://www.Department2.University2.edu, Z=UndergraduateStudent212@Department2.University2.edu}, {X=http://www.Department2.University2.edu/UndergraduateStudent55, Y=http://www.Department2.University2.edu, Z=UndergraduateStudent55@Department2.University2.edu}, {X=http://www.Department2.University2.edu/UndergraduateStudent91, Y=http://www.Department2.University2.edu, Z=UndergraduateStudent91@Department2.University2.edu}, {X=http://www.Department2.University2.edu/UndergraduateStudent222, Y=http://www.Department2.University2.edu, Z=UndergraduateStudent222@Department2.University2.edu}, {X=http://www.Department2.University2.edu/UndergraduateStudent309, Y=http://www.Department2.University2.edu, Z=UndergraduateStudent309@Department2.University2.edu}, {X=http://www.Department2.University2.edu/UndergraduateStudent332, Y=http://www.Department2.University2.edu, Z=UndergraduateStudent332@Department2.University2.edu}, {X=http://www.Department2.University2.edu/GraduateStudent131, Y=http://www.Department2.University2.edu, Z=GraduateStudent131@Department2.University2.edu}, {X=http://www.Department2.University2.edu/GraduateStudent53, Y=http://www.Department2.University2.edu, Z=GraduateStudent53@Department2.University2.edu}, {X=http://www.Department2.University2.edu/GraduateStudent112, Y=http://www.Department2.University2.edu, Z=GraduateStudent112@Department2.University2.edu}, {X=http://www.Department2.University2.edu/UndergraduateStudent73, Y=http://www.Department2.University2.edu, Z=UndergraduateStudent73@Department2.University2.edu}, {X=http://www.Department2.University2.edu/UndergraduateStudent7, Y=http://www.Department2.University2.edu, Z=UndergraduateStudent7@Department2.University2.edu}, {X=http://www.Department2.University2.edu/UndergraduateStudent116, Y=http://www.Department2.University2.edu, Z=UndergraduateStudent116@Department2.University2.edu}, {X=http://www.Department2.University2.edu/UndergraduateStudent92, Y=http://www.Department2.University2.edu, Z=UndergraduateStudent92@Department2.University2.edu}, {X=http://www.Department2.University2.edu/UndergraduateStudent201, Y=http://www.Department2.University2.edu, Z=UndergraduateStudent201@Department2.University2.edu}, {X=http://www.Department2.University2.edu/GraduateStudent29, Y=http://www.Department2.University2.edu, Z=GraduateStudent29@Department2.University2.edu}, {X=http://www.Department2.University2.edu/UndergraduateStudent85, Y=http://www.Department2.University2.edu, Z=UndergraduateStudent85@Department2.University2.edu}, {X=http://www.Department2.University2.edu/UndergraduateStudent227, Y=http://www.Department2.University2.edu, Z=UndergraduateStudent227@Department2.University2.edu}, {X=http://www.Department2.University2.edu/UndergraduateStudent3, Y=http://www.Department2.University2.edu, Z=UndergraduateStudent3@Department2.University2.edu}, {X=http://www.Department2.University2.edu/UndergraduateStudent240, Y=http://www.Department2.University2.edu, Z=UndergraduateStudent240@Department2.University2.edu}, {X=http://www.Department2.University2.edu/UndergraduateStudent197, Y=http://www.Department2.University2.edu, Z=UndergraduateStudent197@Department2.University2.edu}, {X=http://www.Department2.University2.edu/UndergraduateStudent123, Y=http://www.Department2.University2.edu, Z=UndergraduateStudent123@Department2.University2.edu}, {X=http://www.Department2.University2.edu/UndergraduateStudent311, Y=http://www.Department2.University2.edu, Z=UndergraduateStudent311@Department2.University2.edu}, {X=http://www.Department2.University2.edu/GraduateStudent51, Y=http://www.Department2.University2.edu, Z=GraduateStudent51@Department2.University2.edu}, {X=http://www.Department2.University2.edu/UndergraduateStudent285, Y=http://www.Department2.University2.edu, Z=UndergraduateStudent285@Department2.University2.edu}, {X=http://www.Department2.University2.edu/UndergraduateStudent333, Y=http://www.Department2.University2.edu, Z=UndergraduateStudent333@Department2.University2.edu}, {X=http://www.Department2.University2.edu/GraduateStudent8, Y=http://www.Department2.University2.edu, Z=GraduateStudent8@Department2.University2.edu}, {X=http://www.Department2.University2.edu/GraduateStudent132, Y=http://www.Department2.University2.edu, Z=GraduateStudent132@Department2.University2.edu}, {X=http://www.Department2.University2.edu/UndergraduateStudent218, Y=http://www.Department2.University2.edu, Z=UndergraduateStudent218@Department2.University2.edu}, {X=http://www.Department2.University2.edu/GraduateStudent121, Y=http://www.Department2.University2.edu, Z=GraduateStudent121@Department2.University2.edu}, {X=http://www.Department2.University2.edu/GraduateStudent127, Y=http://www.Department2.University2.edu, Z=GraduateStudent127@Department2.University2.edu}, {X=http://www.Department2.University2.edu/UndergraduateStudent25, Y=http://www.Department2.University2.edu, Z=UndergraduateStudent25@Department2.University2.edu}, {X=http://www.Department2.University2.edu/UndergraduateStudent254, Y=http://www.Department2.University2.edu, Z=UndergraduateStudent254@Department2.University2.edu}, {X=http://www.Department2.University2.edu/GraduateStudent108, Y=http://www.Department2.University2.edu, Z=GraduateStudent108@Department2.University2.edu}, {X=http://www.Department2.University2.edu/UndergraduateStudent47, Y=http://www.Department2.University2.edu, Z=UndergraduateStudent47@Department2.University2.edu}, {X=http://www.Department2.University2.edu/GraduateStudent16, Y=http://www.Department2.University2.edu, Z=GraduateStudent16@Department2.University2.edu}, {X=http://www.Department2.University2.edu/GraduateStudent21, Y=http://www.Department2.University2.edu, Z=GraduateStudent21@Department2.University2.edu}, {X=http://www.Department2.University2.edu/UndergraduateStudent221, Y=http://www.Department2.University2.edu, Z=UndergraduateStudent221@Department2.University2.edu}, {X=http://www.Department2.University2.edu/GraduateStudent10, Y=http://www.Department2.University2.edu, Z=GraduateStudent10@Department2.University2.edu}, {X=http://www.Department2.University2.edu/UndergraduateStudent219, Y=http://www.Department2.University2.edu, Z=UndergraduateStudent219@Department2.University2.edu}, {X=http://www.Department2.University2.edu/UndergraduateStudent24, Y=http://www.Department2.University2.edu, Z=UndergraduateStudent24@Department2.University2.edu}, {X=http://www.Department2.University2.edu/UndergraduateStudent330, Y=http://www.Department2.University2.edu, Z=UndergraduateStudent330@Department2.University2.edu}, {X=http://www.Department2.University2.edu/UndergraduateStudent297, Y=http://www.Department2.University2.edu, Z=UndergraduateStudent297@Department2.University2.edu}, {X=http://www.Department2.University2.edu/UndergraduateStudent308, Y=http://www.Department2.University2.edu, Z=UndergraduateStudent308@Department2.University2.edu}, {X=http://www.Department2.University2.edu/UndergraduateStudent128, Y=http://www.Department2.University2.edu, Z=UndergraduateStudent128@Department2.University2.edu}, {X=http://www.Department2.University2.edu/UndergraduateStudent358, Y=http://www.Department2.University2.edu, Z=UndergraduateStudent358@Department2.University2.edu}, {X=http://www.Department2.University2.edu/UndergraduateStudent13, Y=http://www.Department2.University2.edu, Z=UndergraduateStudent13@Department2.University2.edu}, {X=http://www.Department2.University2.edu/GraduateStudent129, Y=http://www.Department2.University2.edu, Z=GraduateStudent129@Department2.University2.edu}, {X=http://www.Department2.University2.edu/UndergraduateStudent253, Y=http://www.Department2.University2.edu, Z=UndergraduateStudent253@Department2.University2.edu}, {X=http://www.Department2.University2.edu/UndergraduateStudent29, Y=http://www.Department2.University2.edu, Z=UndergraduateStudent29@Department2.University2.edu}, {X=http://www.Department2.University2.edu/UndergraduateStudent193, Y=http://www.Department2.University2.edu, Z=UndergraduateStudent193@Department2.University2.edu}, {X=http://www.Department2.University2.edu/GraduateStudent46, Y=http://www.Department2.University2.edu, Z=GraduateStudent46@Department2.University2.edu}, {X=http://www.Department2.University2.edu/UndergraduateStudent122, Y=http://www.Department2.University2.edu, Z=UndergraduateStudent122@Department2.University2.edu}, {X=http://www.Department2.University2.edu/UndergraduateStudent56, Y=http://www.Department2.University2.edu, Z=UndergraduateStudent56@Department2.University2.edu}, {X=http://www.Department2.University2.edu/GraduateStudent125, Y=http://www.Department2.University2.edu, Z=GraduateStudent125@Department2.University2.edu}, {X=http://www.Department2.University2.edu/UndergraduateStudent202, Y=http://www.Department2.University2.edu, Z=UndergraduateStudent202@Department2.University2.edu}, {X=http://www.Department2.University2.edu/GraduateStudent86, Y=http://www.Department2.University2.edu, Z=GraduateStudent86@Department2.University2.edu}, {X=http://www.Department2.University2.edu/UndergraduateStudent262, Y=http://www.Department2.University2.edu, Z=UndergraduateStudent262@Department2.University2.edu}, {X=http://www.Department2.University2.edu/UndergraduateStudent163, Y=http://www.Department2.University2.edu, Z=UndergraduateStudent163@Department2.University2.edu}, {X=http://www.Department2.University2.edu/UndergraduateStudent148, Y=http://www.Department2.University2.edu, Z=UndergraduateStudent148@Department2.University2.edu}, {X=http://www.Department2.University2.edu/UndergraduateStudent76, Y=http://www.Department2.University2.edu, Z=UndergraduateStudent76@Department2.University2.edu}, {X=http://www.Department2.University2.edu/GraduateStudent27, Y=http://www.Department2.University2.edu, Z=GraduateStudent27@Department2.University2.edu}, {X=http://www.Department2.University2.edu/GraduateStudent64, Y=http://www.Department2.University2.edu, Z=GraduateStudent64@Department2.University2.edu}, {X=http://www.Department2.University2.edu/UndergraduateStudent351, Y=http://www.Department2.University2.edu, Z=UndergraduateStudent351@Department2.University2.edu}, {X=http://www.Department2.University2.edu/UndergraduateStudent78, Y=http://www.Department2.University2.edu, Z=UndergraduateStudent78@Department2.University2.edu}, {X=http://www.Department2.University2.edu/GraduateStudent49, Y=http://www.Department2.University2.edu, Z=GraduateStudent49@Department2.University2.edu}, {X=http://www.Department2.University2.edu/UndergraduateStudent338, Y=http://www.Department2.University2.edu, Z=UndergraduateStudent338@Department2.University2.edu}, {X=http://www.Department2.University2.edu/UndergraduateStudent36, Y=http://www.Department2.University2.edu, Z=UndergraduateStudent36@Department2.University2.edu}, {X=http://www.Department2.University2.edu/UndergraduateStudent339, Y=http://www.Department2.University2.edu, Z=UndergraduateStudent339@Department2.University2.edu}, {X=http://www.Department2.University2.edu/GraduateStudent87, Y=http://www.Department2.University2.edu, Z=GraduateStudent87@Department2.University2.edu}, {X=http://www.Department2.University2.edu/UndergraduateStudent167, Y=http://www.Department2.University2.edu, Z=UndergraduateStudent167@Department2.University2.edu}, {X=http://www.Department2.University2.edu/GraduateStudent119, Y=http://www.Department2.University2.edu, Z=GraduateStudent119@Department2.University2.edu}, {X=http://www.Department2.University2.edu/UndergraduateStudent72, Y=http://www.Department2.University2.edu, Z=UndergraduateStudent72@Department2.University2.edu}, {X=http://www.Department2.University2.edu/UndergraduateStudent77, Y=http://www.Department2.University2.edu, Z=UndergraduateStudent77@Department2.University2.edu}, {X=http://www.Department2.University2.edu/GraduateStudent97, Y=http://www.Department2.University2.edu, Z=GraduateStudent97@Department2.University2.edu}, {X=http://www.Department2.University2.edu/GraduateStudent54, Y=http://www.Department2.University2.edu, Z=GraduateStudent54@Department2.University2.edu}, {X=http://www.Department2.University2.edu/UndergraduateStudent9, Y=http://www.Department2.University2.edu, Z=UndergraduateStudent9@Department2.University2.edu}, {X=http://www.Department2.University2.edu/UndergraduateStudent65, Y=http://www.Department2.University2.edu, Z=UndergraduateStudent65@Department2.University2.edu}, {X=http://www.Department2.University2.edu/UndergraduateStudent11, Y=http://www.Department2.University2.edu, Z=UndergraduateStudent11@Department2.University2.edu}, {X=http://www.Department2.University2.edu/UndergraduateStudent208, Y=http://www.Department2.University2.edu, Z=UndergraduateStudent208@Department2.University2.edu}, {X=http://www.Department2.University2.edu/GraduateStudent128, Y=http://www.Department2.University2.edu, Z=GraduateStudent128@Department2.University2.edu}, {X=http://www.Department2.University2.edu/UndergraduateStudent322, Y=http://www.Department2.University2.edu, Z=UndergraduateStudent322@Department2.University2.edu}, {X=http://www.Department2.University2.edu/GraduateStudent89, Y=http://www.Department2.University2.edu, Z=GraduateStudent89@Department2.University2.edu}, {X=http://www.Department2.University2.edu/UndergraduateStudent28, Y=http://www.Department2.University2.edu, Z=UndergraduateStudent28@Department2.University2.edu}, {X=http://www.Department2.University2.edu/GraduateStudent25, Y=http://www.Department2.University2.edu, Z=GraduateStudent25@Department2.University2.edu}, {X=http://www.Department2.University2.edu/UndergraduateStudent134, Y=http://www.Department2.University2.edu, Z=UndergraduateStudent134@Department2.University2.edu}, {X=http://www.Department2.University2.edu/UndergraduateStudent335, Y=http://www.Department2.University2.edu, Z=UndergraduateStudent335@Department2.University2.edu}, {X=http://www.Department2.University2.edu/UndergraduateStudent288, Y=http://www.Department2.University2.edu, Z=UndergraduateStudent288@Department2.University2.edu}, {X=http://www.Department2.University2.edu/UndergraduateStudent97, Y=http://www.Department2.University2.edu, Z=UndergraduateStudent97@Department2.University2.edu}, {X=http://www.Department2.University2.edu/UndergraduateStudent125, Y=http://www.Department2.University2.edu, Z=UndergraduateStudent125@Department2.University2.edu}, {X=http://www.Department2.University2.edu/GraduateStudent76, Y=http://www.Department2.University2.edu, Z=GraduateStudent76@Department2.University2.edu}, {X=http://www.Department2.University2.edu/GraduateStudent28, Y=http://www.Department2.University2.edu, Z=GraduateStudent28@Department2.University2.edu}, {X=http://www.Department2.University2.edu/UndergraduateStudent137, Y=http://www.Department2.University2.edu, Z=UndergraduateStudent137@Department2.University2.edu}, {X=http://www.Department2.University2.edu/UndergraduateStudent162, Y=http://www.Department2.University2.edu, Z=UndergraduateStudent162@Department2.University2.edu}, {X=http://www.Department2.University2.edu/UndergraduateStudent293, Y=http://www.Department2.University2.edu, Z=UndergraduateStudent293@Department2.University2.edu}, {X=http://www.Department2.University2.edu/UndergraduateStudent328, Y=http://www.Department2.University2.edu, Z=UndergraduateStudent328@Department2.University2.edu}, {X=http://www.Department2.University2.edu/UndergraduateStudent350, Y=http://www.Department2.University2.edu, Z=UndergraduateStudent350@Department2.University2.edu}, {X=http://www.Department2.University2.edu/UndergraduateStudent269, Y=http://www.Department2.University2.edu, Z=UndergraduateStudent269@Department2.University2.edu}, {X=http://www.Department2.University2.edu/UndergraduateStudent64, Y=http://www.Department2.University2.edu, Z=UndergraduateStudent64@Department2.University2.edu}, {X=http://www.Department2.University2.edu/UndergraduateStudent272, Y=http://www.Department2.University2.edu, Z=UndergraduateStudent272@Department2.University2.edu}, {X=http://www.Department2.University2.edu/UndergraduateStudent245, Y=http://www.Department2.University2.edu, Z=UndergraduateStudent245@Department2.University2.edu}, {X=http://www.Department2.University2.edu/UndergraduateStudent95, Y=http://www.Department2.University2.edu, Z=UndergraduateStudent95@Department2.University2.edu}, {X=http://www.Department2.University2.edu/UndergraduateStudent109, Y=http://www.Department2.University2.edu, Z=UndergraduateStudent109@Department2.University2.edu}, {X=http://www.Department2.University2.edu/UndergraduateStudent179, Y=http://www.Department2.University2.edu, Z=UndergraduateStudent179@Department2.University2.edu}, {X=http://www.Department2.University2.edu/GraduateStudent63, Y=http://www.Department2.University2.edu, Z=GraduateStudent63@Department2.University2.edu}, {X=http://www.Department2.University2.edu/GraduateStudent19, Y=http://www.Department2.University2.edu, Z=GraduateStudent19@Department2.University2.edu}, {X=http://www.Department2.University2.edu/GraduateStudent22, Y=http://www.Department2.University2.edu, Z=GraduateStudent22@Department2.University2.edu}, {X=http://www.Department2.University2.edu/UndergraduateStudent4, Y=http://www.Department2.University2.edu, Z=UndergraduateStudent4@Department2.University2.edu}, {X=http://www.Department2.University2.edu/UndergraduateStudent280, Y=http://www.Department2.University2.edu, Z=UndergraduateStudent280@Department2.University2.edu}, {X=http://www.Department2.University2.edu/GraduateStudent12, Y=http://www.Department2.University2.edu, Z=GraduateStudent12@Department2.University2.edu}, {X=http://www.Department2.University2.edu/UndergraduateStudent38, Y=http://www.Department2.University2.edu, Z=UndergraduateStudent38@Department2.University2.edu}, {X=http://www.Department2.University2.edu/UndergraduateStudent93, Y=http://www.Department2.University2.edu, Z=UndergraduateStudent93@Department2.University2.edu}, {X=http://www.Department2.University2.edu/UndergraduateStudent58, Y=http://www.Department2.University2.edu, Z=UndergraduateStudent58@Department2.University2.edu}, {X=http://www.Department2.University2.edu/UndergraduateStudent223, Y=http://www.Department2.University2.edu, Z=UndergraduateStudent223@Department2.University2.edu}, {X=http://www.Department2.University2.edu/UndergraduateStudent146, Y=http://www.Department2.University2.edu, Z=UndergraduateStudent146@Department2.University2.edu}, {X=http://www.Department2.University2.edu/UndergraduateStudent32, Y=http://www.Department2.University2.edu, Z=UndergraduateStudent32@Department2.University2.edu}, {X=http://www.Department2.University2.edu/UndergraduateStudent220, Y=http://www.Department2.University2.edu, Z=UndergraduateStudent220@Department2.University2.edu}, {X=http://www.Department2.University2.edu/GraduateStudent82, Y=http://www.Department2.University2.edu, Z=GraduateStudent82@Department2.University2.edu}, {X=http://www.Department2.University2.edu/UndergraduateStudent286, Y=http://www.Department2.University2.edu, Z=UndergraduateStudent286@Department2.University2.edu}, {X=http://www.Department2.University2.edu/UndergraduateStudent295, Y=http://www.Department2.University2.edu, Z=UndergraduateStudent295@Department2.University2.edu}, {X=http://www.Department2.University2.edu/UndergraduateStudent267, Y=http://www.Department2.University2.edu, Z=UndergraduateStudent267@Department2.University2.edu}, {X=http://www.Department2.University2.edu/UndergraduateStudent34, Y=http://www.Department2.University2.edu, Z=UndergraduateStudent34@Department2.University2.edu}, {X=http://www.Department2.University2.edu/UndergraduateStudent355, Y=http://www.Department2.University2.edu, Z=UndergraduateStudent355@Department2.University2.edu}, {X=http://www.Department2.University2.edu/GraduateStudent4, Y=http://www.Department2.University2.edu, Z=GraduateStudent4@Department2.University2.edu}, {X=http://www.Department2.University2.edu/UndergraduateStudent320, Y=http://www.Department2.University2.edu, Z=UndergraduateStudent320@Department2.University2.edu}, {X=http://www.Department2.University2.edu/UndergraduateStudent321, Y=http://www.Department2.University2.edu, Z=UndergraduateStudent321@Department2.University2.edu}, {X=http://www.Department2.University2.edu/GraduateStudent60, Y=http://www.Department2.University2.edu, Z=GraduateStudent60@Department2.University2.edu}, {X=http://www.Department2.University2.edu/UndergraduateStudent275, Y=http://www.Department2.University2.edu, Z=UndergraduateStudent275@Department2.University2.edu}, {X=http://www.Department2.University2.edu/GraduateStudent26, Y=http://www.Department2.University2.edu, Z=GraduateStudent26@Department2.University2.edu}, {X=http://www.Department2.University2.edu/UndergraduateStudent318, Y=http://www.Department2.University2.edu, Z=UndergraduateStudent318@Department2.University2.edu}, {X=http://www.Department2.University2.edu/UndergraduateStudent57, Y=http://www.Department2.University2.edu, Z=UndergraduateStudent57@Department2.University2.edu}, {X=http://www.Department2.University2.edu/UndergraduateStudent115, Y=http://www.Department2.University2.edu, Z=UndergraduateStudent115@Department2.University2.edu}, {X=http://www.Department2.University2.edu/GraduateStudent106, Y=http://www.Department2.University2.edu, Z=GraduateStudent106@Department2.University2.edu}, {X=http://www.Department2.University2.edu/GraduateStudent38, Y=http://www.Department2.University2.edu, Z=GraduateStudent38@Department2.University2.edu}, {X=http://www.Department2.University2.edu/GraduateStudent34, Y=http://www.Department2.University2.edu, Z=GraduateStudent34@Department2.University2.edu}, {X=http://www.Department2.University2.edu/UndergraduateStudent147, Y=http://www.Department2.University2.edu, Z=UndergraduateStudent147@Department2.University2.edu}, {X=http://www.Department2.University2.edu/UndergraduateStudent46, Y=http://www.Department2.University2.edu, Z=UndergraduateStudent46@Department2.University2.edu}, {X=http://www.Department2.University2.edu/UndergraduateStudent79, Y=http://www.Department2.University2.edu, Z=UndergraduateStudent79@Department2.University2.edu}, {X=http://www.Department2.University2.edu/UndergraduateStudent63, Y=http://www.Department2.University2.edu, Z=UndergraduateStudent63@Department2.University2.edu}, {X=http://www.Department2.University2.edu/UndergraduateStudent336, Y=http://www.Department2.University2.edu, Z=UndergraduateStudent336@Department2.University2.edu}, {X=http://www.Department2.University2.edu/UndergraduateStudent256, Y=http://www.Department2.University2.edu, Z=UndergraduateStudent256@Department2.University2.edu}, {X=http://www.Department2.University2.edu/GraduateStudent42, Y=http://www.Department2.University2.edu, Z=GraduateStudent42@Department2.University2.edu}, {X=http://www.Department2.University2.edu/UndergraduateStudent214, Y=http://www.Department2.University2.edu, Z=UndergraduateStudent214@Department2.University2.edu}, {X=http://www.Department2.University2.edu/GraduateStudent92, Y=http://www.Department2.University2.edu, Z=GraduateStudent92@Department2.University2.edu}, {X=http://www.Department2.University2.edu/UndergraduateStudent313, Y=http://www.Department2.University2.edu, Z=UndergraduateStudent313@Department2.University2.edu}, {X=http://www.Department2.University2.edu/UndergraduateStudent42, Y=http://www.Department2.University2.edu, Z=UndergraduateStudent42@Department2.University2.edu}, {X=http://www.Department2.University2.edu/UndergraduateStudent100, Y=http://www.Department2.University2.edu, Z=UndergraduateStudent100@Department2.University2.edu}, {X=http://www.Department2.University2.edu/UndergraduateStudent83, Y=http://www.Department2.University2.edu, Z=UndergraduateStudent83@Department2.University2.edu}, {X=http://www.Department2.University2.edu/UndergraduateStudent69, Y=http://www.Department2.University2.edu, Z=UndergraduateStudent69@Department2.University2.edu}, {X=http://www.Department2.University2.edu/GraduateStudent91, Y=http://www.Department2.University2.edu, Z=GraduateStudent91@Department2.University2.edu}, {X=http://www.Department2.University2.edu/UndergraduateStudent111, Y=http://www.Department2.University2.edu, Z=UndergraduateStudent111@Department2.University2.edu}, {X=http://www.Department2.University2.edu/UndergraduateStudent20, Y=http://www.Department2.University2.edu, Z=UndergraduateStudent20@Department2.University2.edu}, {X=http://www.Department2.University2.edu/UndergraduateStudent87, Y=http://www.Department2.University2.edu, Z=UndergraduateStudent87@Department2.University2.edu}, {X=http://www.Department2.University2.edu/UndergraduateStudent190, Y=http://www.Department2.University2.edu, Z=UndergraduateStudent190@Department2.University2.edu}, {X=http://www.Department2.University2.edu/UndergraduateStudent189, Y=http://www.Department2.University2.edu, Z=UndergraduateStudent189@Department2.University2.edu}, {X=http://www.Department2.University2.edu/UndergraduateStudent5, Y=http://www.Department2.University2.edu, Z=UndergraduateStudent5@Department2.University2.edu}, {X=http://www.Department2.University2.edu/GraduateStudent30, Y=http://www.Department2.University2.edu, Z=GraduateStudent30@Department2.University2.edu}, {X=http://www.Department2.University2.edu/GraduateStudent32, Y=http://www.Department2.University2.edu, Z=GraduateStudent32@Department2.University2.edu}, {X=http://www.Department2.University2.edu/UndergraduateStudent331, Y=http://www.Department2.University2.edu, Z=UndergraduateStudent331@Department2.University2.edu}, {X=http://www.Department2.University2.edu/GraduateStudent65, Y=http://www.Department2.University2.edu, Z=GraduateStudent65@Department2.University2.edu}, {X=http://www.Department2.University2.edu/UndergraduateStudent226, Y=http://www.Department2.University2.edu, Z=UndergraduateStudent226@Department2.University2.edu}, {X=http://www.Department2.University2.edu/UndergraduateStudent44, Y=http://www.Department2.University2.edu, Z=UndergraduateStudent44@Department2.University2.edu}, {X=http://www.Department2.University2.edu/UndergraduateStudent132, Y=http://www.Department2.University2.edu, Z=UndergraduateStudent132@Department2.University2.edu}, {X=http://www.Department2.University2.edu/UndergraduateStudent33, Y=http://www.Department2.University2.edu, Z=UndergraduateStudent33@Department2.University2.edu}, {X=http://www.Department2.University2.edu/GraduateStudent7, Y=http://www.Department2.University2.edu, Z=GraduateStudent7@Department2.University2.edu}, {X=http://www.Department2.University2.edu/UndergraduateStudent166, Y=http://www.Department2.University2.edu, Z=UndergraduateStudent166@Department2.University2.edu}, {X=http://www.Department2.University2.edu/UndergraduateStudent74, Y=http://www.Department2.University2.edu, Z=UndergraduateStudent74@Department2.University2.edu}, {X=http://www.Department2.University2.edu/UndergraduateStudent207, Y=http://www.Department2.University2.edu, Z=UndergraduateStudent207@Department2.University2.edu}, {X=http://www.Department2.University2.edu/UndergraduateStudent244, Y=http://www.Department2.University2.edu, Z=UndergraduateStudent244@Department2.University2.edu}, {X=http://www.Department2.University2.edu/UndergraduateStudent175, Y=http://www.Department2.University2.edu, Z=UndergraduateStudent175@Department2.University2.edu}, {X=http://www.Department2.University2.edu/UndergraduateStudent45, Y=http://www.Department2.University2.edu, Z=UndergraduateStudent45@Department2.University2.edu}, {X=http://www.Department2.University2.edu/UndergraduateStudent127, Y=http://www.Department2.University2.edu, Z=UndergraduateStudent127@Department2.University2.edu}, {X=http://www.Department2.University2.edu/GraduateStudent93, Y=http://www.Department2.University2.edu, Z=GraduateStudent93@Department2.University2.edu}, {X=http://www.Department2.University2.edu/UndergraduateStudent8, Y=http://www.Department2.University2.edu, Z=UndergraduateStudent8@Department2.University2.edu}, {X=http://www.Department2.University2.edu/UndergraduateStudent53, Y=http://www.Department2.University2.edu, Z=UndergraduateStudent53@Department2.University2.edu}, {X=http://www.Department2.University2.edu/UndergraduateStudent200, Y=http://www.Department2.University2.edu, Z=UndergraduateStudent200@Department2.University2.edu}, {X=http://www.Department2.University2.edu/UndergraduateStudent232, Y=http://www.Department2.University2.edu, Z=UndergraduateStudent232@Department2.University2.edu}, {X=http://www.Department2.University2.edu/UndergraduateStudent273, Y=http://www.Department2.University2.edu, Z=UndergraduateStudent273@Department2.University2.edu}, {X=http://www.Department2.University2.edu/GraduateStudent79, Y=http://www.Department2.University2.edu, Z=GraduateStudent79@Department2.University2.edu}, {X=http://www.Department2.University2.edu/GraduateStudent94, Y=http://www.Department2.University2.edu, Z=GraduateStudent94@Department2.University2.edu}, {X=http://www.Department2.University2.edu/GraduateStudent95, Y=http://www.Department2.University2.edu, Z=GraduateStudent95@Department2.University2.edu}, {X=http://www.Department2.University2.edu/UndergraduateStudent353, Y=http://www.Department2.University2.edu, Z=UndergraduateStudent353@Department2.University2.edu}, {X=http://www.Department2.University2.edu/UndergraduateStudent18, Y=http://www.Department2.University2.edu, Z=UndergraduateStudent18@Department2.University2.edu}, {X=http://www.Department2.University2.edu/GraduateStudent110, Y=http://www.Department2.University2.edu, Z=GraduateStudent110@Department2.University2.edu}, {X=http://www.Department2.University2.edu/UndergraduateStudent334, Y=http://www.Department2.University2.edu, Z=UndergraduateStudent334@Department2.University2.edu}, {X=http://www.Department2.University2.edu/UndergraduateStudent27, Y=http://www.Department2.University2.edu, Z=UndergraduateStudent27@Department2.University2.edu}, {X=http://www.Department2.University2.edu/UndergraduateStudent250, Y=http://www.Department2.University2.edu, Z=UndergraduateStudent250@Department2.University2.edu}, {X=http://www.Department2.University2.edu/UndergraduateStudent30, Y=http://www.Department2.University2.edu, Z=UndergraduateStudent30@Department2.University2.edu}, {X=http://www.Department2.University2.edu/UndergraduateStudent289, Y=http://www.Department2.University2.edu, Z=UndergraduateStudent289@Department2.University2.edu}, {X=http://www.Department2.University2.edu/UndergraduateStudent257, Y=http://www.Department2.University2.edu, Z=UndergraduateStudent257@Department2.University2.edu}, {X=http://www.Department2.University2.edu/UndergraduateStudent155, Y=http://www.Department2.University2.edu, Z=UndergraduateStudent155@Department2.University2.edu}, {X=http://www.Department2.University2.edu/UndergraduateStudent327, Y=http://www.Department2.University2.edu, Z=UndergraduateStudent327@Department2.University2.edu}, {X=http://www.Department2.University2.edu/UndergraduateStudent66, Y=http://www.Department2.University2.edu, Z=UndergraduateStudent66@Department2.University2.edu}, {X=http://www.Department2.University2.edu/UndergraduateStudent229, Y=http://www.Department2.University2.edu, Z=UndergraduateStudent229@Department2.University2.edu}, {X=http://www.Department2.University2.edu/UndergraduateStudent346, Y=http://www.Department2.University2.edu, Z=UndergraduateStudent346@Department2.University2.edu}, {X=http://www.Department2.University2.edu/UndergraduateStudent180, Y=http://www.Department2.University2.edu, Z=UndergraduateStudent180@Department2.University2.edu}, {X=http://www.Department2.University2.edu/GraduateStudent105, Y=http://www.Department2.University2.edu, Z=GraduateStudent105@Department2.University2.edu}, {X=http://www.Department2.University2.edu/GraduateStudent77, Y=http://www.Department2.University2.edu, Z=GraduateStudent77@Department2.University2.edu}, {X=http://www.Department2.University2.edu/UndergraduateStudent17, Y=http://www.Department2.University2.edu, Z=UndergraduateStudent17@Department2.University2.edu}, {X=http://www.Department2.University2.edu/GraduateStudent78, Y=http://www.Department2.University2.edu, Z=GraduateStudent78@Department2.University2.edu}, {X=http://www.Department2.University2.edu/UndergraduateStudent81, Y=http://www.Department2.University2.edu, Z=UndergraduateStudent81@Department2.University2.edu}, {X=http://www.Department2.University2.edu/UndergraduateStudent228, Y=http://www.Department2.University2.edu, Z=UndergraduateStudent228@Department2.University2.edu}, {X=http://www.Department2.University2.edu/UndergraduateStudent49, Y=http://www.Department2.University2.edu, Z=UndergraduateStudent49@Department2.University2.edu}, {X=http://www.Department2.University2.edu/GraduateStudent45, Y=http://www.Department2.University2.edu, Z=GraduateStudent45@Department2.University2.edu}, {X=http://www.Department2.University2.edu/UndergraduateStudent216, Y=http://www.Department2.University2.edu, Z=UndergraduateStudent216@Department2.University2.edu}, {X=http://www.Department2.University2.edu/UndergraduateStudent142, Y=http://www.Department2.University2.edu, Z=UndergraduateStudent142@Department2.University2.edu}, {X=http://www.Department2.University2.edu/UndergraduateStudent261, Y=http://www.Department2.University2.edu, Z=UndergraduateStudent261@Department2.University2.edu}, {X=http://www.Department2.University2.edu/GraduateStudent11, Y=http://www.Department2.University2.edu, Z=GraduateStudent11@Department2.University2.edu}, {X=http://www.Department2.University2.edu/UndergraduateStudent168, Y=http://www.Department2.University2.edu, Z=UndergraduateStudent168@Department2.University2.edu}, {X=http://www.Department2.University2.edu/UndergraduateStudent0, Y=http://www.Department2.University2.edu, Z=UndergraduateStudent0@Department2.University2.edu}, {X=http://www.Department2.University2.edu/UndergraduateStudent345, Y=http://www.Department2.University2.edu, Z=UndergraduateStudent345@Department2.University2.edu}, {X=http://www.Department2.University2.edu/UndergraduateStudent266, Y=http://www.Department2.University2.edu, Z=UndergraduateStudent266@Department2.University2.edu}, {X=http://www.Department2.University2.edu/GraduateStudent18, Y=http://www.Department2.University2.edu, Z=GraduateStudent18@Department2.University2.edu}, {X=http://www.Department2.University2.edu/GraduateStudent6, Y=http://www.Department2.University2.edu, Z=GraduateStudent6@Department2.University2.edu}, {X=http://www.Department2.University2.edu/UndergraduateStudent110, Y=http://www.Department2.University2.edu, Z=UndergraduateStudent110@Department2.University2.edu}, {X=http://www.Department2.University2.edu/UndergraduateStudent198, Y=http://www.Department2.University2.edu, Z=UndergraduateStudent198@Department2.University2.edu}, {X=http://www.Department2.University2.edu/UndergraduateStudent195, Y=http://www.Department2.University2.edu, Z=UndergraduateStudent195@Department2.University2.edu}, {X=http://www.Department2.University2.edu/UndergraduateStudent260, Y=http://www.Department2.University2.edu, Z=UndergraduateStudent260@Department2.University2.edu}, {X=http://www.Department2.University2.edu/UndergraduateStudent307, Y=http://www.Department2.University2.edu, Z=UndergraduateStudent307@Department2.University2.edu}, {X=http://www.Department2.University2.edu/UndergraduateStudent296, Y=http://www.Department2.University2.edu, Z=UndergraduateStudent296@Department2.University2.edu}, {X=http://www.Department2.University2.edu/GraduateStudent13, Y=http://www.Department2.University2.edu, Z=GraduateStudent13@Department2.University2.edu}, {X=http://www.Department2.University2.edu/UndergraduateStudent314, Y=http://www.Department2.University2.edu, Z=UndergraduateStudent314@Department2.University2.edu}, {X=http://www.Department2.University2.edu/UndergraduateStudent344, Y=http://www.Department2.University2.edu, Z=UndergraduateStudent344@Department2.University2.edu}, {X=http://www.Department2.University2.edu/UndergraduateStudent22, Y=http://www.Department2.University2.edu, Z=UndergraduateStudent22@Department2.University2.edu}, {X=http://www.Department2.University2.edu/UndergraduateStudent108, Y=http://www.Department2.University2.edu, Z=UndergraduateStudent108@Department2.University2.edu}, {X=http://www.Department2.University2.edu/UndergraduateStudent170, Y=http://www.Department2.University2.edu, Z=UndergraduateStudent170@Department2.University2.edu}, {X=http://www.Department2.University2.edu/UndergraduateStudent103, Y=http://www.Department2.University2.edu, Z=UndergraduateStudent103@Department2.University2.edu}, {X=http://www.Department2.University2.edu/UndergraduateStudent304, Y=http://www.Department2.University2.edu, Z=UndergraduateStudent304@Department2.University2.edu}, {X=http://www.Department2.University2.edu/GraduateStudent36, Y=http://www.Department2.University2.edu, Z=GraduateStudent36@Department2.University2.edu}, {X=http://www.Department2.University2.edu/UndergraduateStudent230, Y=http://www.Department2.University2.edu, Z=UndergraduateStudent230@Department2.University2.edu}, {X=http://www.Department2.University2.edu/UndergraduateStudent41, Y=http://www.Department2.University2.edu, Z=UndergraduateStudent41@Department2.University2.edu}, {X=http://www.Department2.University2.edu/UndergraduateStudent131, Y=http://www.Department2.University2.edu, Z=UndergraduateStudent131@Department2.University2.edu}, {X=http://www.Department2.University2.edu/UndergraduateStudent255, Y=http://www.Department2.University2.edu, Z=UndergraduateStudent255@Department2.University2.edu}, {X=http://www.Department2.University2.edu/GraduateStudent74, Y=http://www.Department2.University2.edu, Z=GraduateStudent74@Department2.University2.edu}, {X=http://www.Department2.University2.edu/GraduateStudent114, Y=http://www.Department2.University2.edu, Z=GraduateStudent114@Department2.University2.edu}, {X=http://www.Department2.University2.edu/UndergraduateStudent290, Y=http://www.Department2.University2.edu, Z=UndergraduateStudent290@Department2.University2.edu}, {X=http://www.Department2.University2.edu/UndergraduateStudent86, Y=http://www.Department2.University2.edu, Z=UndergraduateStudent86@Department2.University2.edu}, {X=http://www.Department2.University2.edu/UndergraduateStudent235, Y=http://www.Department2.University2.edu, Z=UndergraduateStudent235@Department2.University2.edu}, {X=http://www.Department2.University2.edu/GraduateStudent14, Y=http://www.Department2.University2.edu, Z=GraduateStudent14@Department2.University2.edu}, {X=http://www.Department2.University2.edu/UndergraduateStudent188, Y=http://www.Department2.University2.edu, Z=UndergraduateStudent188@Department2.University2.edu}, {X=http://www.Department2.University2.edu/UndergraduateStudent203, Y=http://www.Department2.University2.edu, Z=UndergraduateStudent203@Department2.University2.edu}, {X=http://www.Department2.University2.edu/UndergraduateStudent15, Y=http://www.Department2.University2.edu, Z=UndergraduateStudent15@Department2.University2.edu}, {X=http://www.Department2.University2.edu/UndergraduateStudent276, Y=http://www.Department2.University2.edu, Z=UndergraduateStudent276@Department2.University2.edu}, {X=http://www.Department2.University2.edu/UndergraduateStudent62, Y=http://www.Department2.University2.edu, Z=UndergraduateStudent62@Department2.University2.edu}, {X=http://www.Department2.University2.edu/UndergraduateStudent82, Y=http://www.Department2.University2.edu, Z=UndergraduateStudent82@Department2.University2.edu}, {X=http://www.Department2.University2.edu/UndergraduateStudent215, Y=http://www.Department2.University2.edu, Z=UndergraduateStudent215@Department2.University2.edu}, {X=http://www.Department2.University2.edu/UndergraduateStudent217, Y=http://www.Department2.University2.edu, Z=UndergraduateStudent217@Department2.University2.edu}, {X=http://www.Department2.University2.edu/UndergraduateStudent112, Y=http://www.Department2.University2.edu, Z=UndergraduateStudent112@Department2.University2.edu}, {X=http://www.Department2.University2.edu/GraduateStudent113, Y=http://www.Department2.University2.edu, Z=GraduateStudent113@Department2.University2.edu}, {X=http://www.Department2.University2.edu/UndergraduateStudent106, Y=http://www.Department2.University2.edu, Z=UndergraduateStudent106@Department2.University2.edu}, {X=http://www.Department2.University2.edu/GraduateStudent47, Y=http://www.Department2.University2.edu, Z=GraduateStudent47@Department2.University2.edu}, {X=http://www.Department2.University2.edu/UndergraduateStudent259, Y=http://www.Department2.University2.edu, Z=UndergraduateStudent259@Department2.University2.edu}, {X=http://www.Department2.University2.edu/UndergraduateStudent12, Y=http://www.Department2.University2.edu, Z=UndergraduateStudent12@Department2.University2.edu}, {X=http://www.Department2.University2.edu/GraduateStudent104, Y=http://www.Department2.University2.edu, Z=GraduateStudent104@Department2.University2.edu}, {X=http://www.Department2.University2.edu/UndergraduateStudent23, Y=http://www.Department2.University2.edu, Z=UndergraduateStudent23@Department2.University2.edu}, {X=http://www.Department2.University2.edu/GraduateStudent124, Y=http://www.Department2.University2.edu, Z=GraduateStudent124@Department2.University2.edu}, {X=http://www.Department2.University2.edu/UndergraduateStudent6, Y=http://www.Department2.University2.edu, Z=UndergraduateStudent6@Department2.University2.edu}, {X=http://www.Department2.University2.edu/UndergraduateStudent206, Y=http://www.Department2.University2.edu, Z=UndergraduateStudent206@Department2.University2.edu}, {X=http://www.Department2.University2.edu/GraduateStudent117, Y=http://www.Department2.University2.edu, Z=GraduateStudent117@Department2.University2.edu}, {X=http://www.Department2.University2.edu/UndergraduateStudent315, Y=http://www.Department2.University2.edu, Z=UndergraduateStudent315@Department2.University2.edu}, {X=http://www.Department2.University2.edu/UndergraduateStudent172, Y=http://www.Department2.University2.edu, Z=UndergraduateStudent172@Department2.University2.edu}, {X=http://www.Department2.University2.edu/UndergraduateStudent145, Y=http://www.Department2.University2.edu, Z=UndergraduateStudent145@Department2.University2.edu}, {X=http://www.Department2.University2.edu/UndergraduateStudent252, Y=http://www.Department2.University2.edu, Z=UndergraduateStudent252@Department2.University2.edu}, {X=http://www.Department2.University2.edu/UndergraduateStudent199, Y=http://www.Department2.University2.edu, Z=UndergraduateStudent199@Department2.University2.edu}, {X=http://www.Department2.University2.edu/UndergraduateStudent192, Y=http://www.Department2.University2.edu, Z=UndergraduateStudent192@Department2.University2.edu}, {X=http://www.Department2.University2.edu/GraduateStudent57, Y=http://www.Department2.University2.edu, Z=GraduateStudent57@Department2.University2.edu}, {X=http://www.Department2.University2.edu/GraduateStudent101, Y=http://www.Department2.University2.edu, Z=GraduateStudent101@Department2.University2.edu}, {X=http://www.Department2.University2.edu/UndergraduateStudent26, Y=http://www.Department2.University2.edu, Z=UndergraduateStudent26@Department2.University2.edu}, {X=http://www.Department2.University2.edu/UndergraduateStudent173, Y=http://www.Department2.University2.edu, Z=UndergraduateStudent173@Department2.University2.edu}, {X=http://www.Department2.University2.edu/GraduateStudent103, Y=http://www.Department2.University2.edu, Z=GraduateStudent103@Department2.University2.edu}, {X=http://www.Department2.University2.edu/UndergraduateStudent160, Y=http://www.Department2.University2.edu, Z=UndergraduateStudent160@Department2.University2.edu}, {X=http://www.Department2.University2.edu/UndergraduateStudent184, Y=http://www.Department2.University2.edu, Z=UndergraduateStudent184@Department2.University2.edu}, {X=http://www.Department2.University2.edu/UndergraduateStudent326, Y=http://www.Department2.University2.edu, Z=UndergraduateStudent326@Department2.University2.edu}, {X=http://www.Department2.University2.edu/GraduateStudent33, Y=http://www.Department2.University2.edu, Z=GraduateStudent33@Department2.University2.edu}, {X=http://www.Department2.University2.edu/GraduateStudent111, Y=http://www.Department2.University2.edu, Z=GraduateStudent111@Department2.University2.edu}, {X=http://www.Department2.University2.edu/UndergraduateStudent271, Y=http://www.Department2.University2.edu, Z=UndergraduateStudent271@Department2.University2.edu}, {X=http://www.Department2.University2.edu/UndergraduateStudent287, Y=http://www.Department2.University2.edu, Z=UndergraduateStudent287@Department2.University2.edu}, {X=http://www.Department2.University2.edu/GraduateStudent88, Y=http://www.Department2.University2.edu, Z=GraduateStudent88@Department2.University2.edu}, {X=http://www.Department2.University2.edu/UndergraduateStudent80, Y=http://www.Department2.University2.edu, Z=UndergraduateStudent80@Department2.University2.edu}, {X=http://www.Department2.University2.edu/UndergraduateStudent359, Y=http://www.Department2.University2.edu, Z=UndergraduateStudent359@Department2.University2.edu}, {X=http://www.Department2.University2.edu/GraduateStudent123, Y=http://www.Department2.University2.edu, Z=GraduateStudent123@Department2.University2.edu}, {X=http://www.Department2.University2.edu/GraduateStudent116, Y=http://www.Department2.University2.edu, Z=GraduateStudent116@Department2.University2.edu}, {X=http://www.Department2.University2.edu/UndergraduateStudent239, Y=http://www.Department2.University2.edu, Z=UndergraduateStudent239@Department2.University2.edu}, {X=http://www.Department2.University2.edu/GraduateStudent68, Y=http://www.Department2.University2.edu, Z=GraduateStudent68@Department2.University2.edu}, {X=http://www.Department2.University2.edu/UndergraduateStudent96, Y=http://www.Department2.University2.edu, Z=UndergraduateStudent96@Department2.University2.edu}, {X=http://www.Department2.University2.edu/UndergraduateStudent178, Y=http://www.Department2.University2.edu, Z=UndergraduateStudent178@Department2.University2.edu}, {X=http://www.Department2.University2.edu/UndergraduateStudent157, Y=http://www.Department2.University2.edu, Z=UndergraduateStudent157@Department2.University2.edu}, {X=http://www.Department2.University2.edu/UndergraduateStudent105, Y=http://www.Department2.University2.edu, Z=UndergraduateStudent105@Department2.University2.edu}, {X=http://www.Department2.University2.edu/GraduateStudent122, Y=http://www.Department2.University2.edu, Z=GraduateStudent122@Department2.University2.edu}, {X=http://www.Department2.University2.edu/UndergraduateStudent50, Y=http://www.Department2.University2.edu, Z=UndergraduateStudent50@Department2.University2.edu}, {X=http://www.Department2.University2.edu/UndergraduateStudent316, Y=http://www.Department2.University2.edu, Z=UndergraduateStudent316@Department2.University2.edu}, {X=http://www.Department2.University2.edu/UndergraduateStudent303, Y=http://www.Department2.University2.edu, Z=UndergraduateStudent303@Department2.University2.edu}, {X=http://www.Department2.University2.edu/UndergraduateStudent181, Y=http://www.Department2.University2.edu, Z=UndergraduateStudent181@Department2.University2.edu}, {X=http://www.Department2.University2.edu/UndergraduateStudent301, Y=http://www.Department2.University2.edu, Z=UndergraduateStudent301@Department2.University2.edu}, {X=http://www.Department2.University2.edu/UndergraduateStudent243, Y=http://www.Department2.University2.edu, Z=UndergraduateStudent243@Department2.University2.edu}, {X=http://www.Department2.University2.edu/UndergraduateStudent120, Y=http://www.Department2.University2.edu, Z=UndergraduateStudent120@Department2.University2.edu}, {X=http://www.Department2.University2.edu/UndergraduateStudent14, Y=http://www.Department2.University2.edu, Z=UndergraduateStudent14@Department2.University2.edu}, {X=http://www.Department2.University2.edu/GraduateStudent126, Y=http://www.Department2.University2.edu, Z=GraduateStudent126@Department2.University2.edu}, {X=http://www.Department2.University2.edu/GraduateStudent9, Y=http://www.Department2.University2.edu, Z=GraduateStudent9@Department2.University2.edu}, {X=http://www.Department2.University2.edu/GraduateStudent31, Y=http://www.Department2.University2.edu, Z=GraduateStudent31@Department2.University2.edu}, {X=http://www.Department2.University2.edu/UndergraduateStudent205, Y=http://www.Department2.University2.edu, Z=UndergraduateStudent205@Department2.University2.edu}, {X=http://www.Department2.University2.edu/UndergraduateStudent347, Y=http://www.Department2.University2.edu, Z=UndergraduateStudent347@Department2.University2.edu}, {X=http://www.Department2.University2.edu/UndergraduateStudent133, Y=http://www.Department2.University2.edu, Z=UndergraduateStudent133@Department2.University2.edu}, {X=http://www.Department2.University2.edu/UndergraduateStudent136, Y=http://www.Department2.University2.edu, Z=UndergraduateStudent136@Department2.University2.edu}, {X=http://www.Department2.University2.edu/UndergraduateStudent40, Y=http://www.Department2.University2.edu, Z=UndergraduateStudent40@Department2.University2.edu}, {X=http://www.Department2.University2.edu/GraduateStudent109, Y=http://www.Department2.University2.edu, Z=GraduateStudent109@Department2.University2.edu}, {X=http://www.Department2.University2.edu/UndergraduateStudent325, Y=http://www.Department2.University2.edu, Z=UndergraduateStudent325@Department2.University2.edu}, {X=http://www.Department2.University2.edu/UndergraduateStudent210, Y=http://www.Department2.University2.edu, Z=UndergraduateStudent210@Department2.University2.edu}, {X=http://www.Department2.University2.edu/UndergraduateStudent139, Y=http://www.Department2.University2.edu, Z=UndergraduateStudent139@Department2.University2.edu}, {X=http://www.Department2.University2.edu/GraduateStudent99, Y=http://www.Department2.University2.edu, Z=GraduateStudent99@Department2.University2.edu}, {X=http://www.Department2.University2.edu/UndergraduateStudent114, Y=http://www.Department2.University2.edu, Z=UndergraduateStudent114@Department2.University2.edu}, {X=http://www.Department2.University2.edu/GraduateStudent50, Y=http://www.Department2.University2.edu, Z=GraduateStudent50@Department2.University2.edu}, {X=http://www.Department2.University2.edu/UndergraduateStudent298, Y=http://www.Department2.University2.edu, Z=UndergraduateStudent298@Department2.University2.edu}, {X=http://www.Department2.University2.edu/UndergraduateStudent31, Y=http://www.Department2.University2.edu, Z=UndergraduateStudent31@Department2.University2.edu}, {X=http://www.Department2.University2.edu/UndergraduateStudent60, Y=http://www.Department2.University2.edu, Z=UndergraduateStudent60@Department2.University2.edu}, {X=http://www.Department2.University2.edu/UndergraduateStudent249, Y=http://www.Department2.University2.edu, Z=UndergraduateStudent249@Department2.University2.edu}, {X=http://www.Department2.University2.edu/UndergraduateStudent149, Y=http://www.Department2.University2.edu, Z=UndergraduateStudent149@Department2.University2.edu}, {X=http://www.Department2.University2.edu/UndergraduateStudent352, Y=http://www.Department2.University2.edu, Z=UndergraduateStudent352@Department2.University2.edu}, {X=http://www.Department2.University2.edu/UndergraduateStudent236, Y=http://www.Department2.University2.edu, Z=UndergraduateStudent236@Department2.University2.edu}, {X=http://www.Department2.University2.edu/UndergraduateStudent211, Y=http://www.Department2.University2.edu, Z=UndergraduateStudent211@Department2.University2.edu}, {X=http://www.Department2.University2.edu/GraduateStudent96, Y=http://www.Department2.University2.edu, Z=GraduateStudent96@Department2.University2.edu}, {X=http://www.Department2.University2.edu/UndergraduateStudent107, Y=http://www.Department2.University2.edu, Z=UndergraduateStudent107@Department2.University2.edu}, {X=http://www.Department2.University2.edu/GraduateStudent52, Y=http://www.Department2.University2.edu, Z=GraduateStudent52@Department2.University2.edu}, {X=http://www.Department2.University2.edu/GraduateStudent85, Y=http://www.Department2.University2.edu, Z=GraduateStudent85@Department2.University2.edu}, {X=http://www.Department2.University2.edu/UndergraduateStudent54, Y=http://www.Department2.University2.edu, Z=UndergraduateStudent54@Department2.University2.edu}, {X=http://www.Department2.University2.edu/GraduateStudent56, Y=http://www.Department2.University2.edu, Z=GraduateStudent56@Department2.University2.edu}, {X=http://www.Department2.University2.edu/UndergraduateStudent237, Y=http://www.Department2.University2.edu, Z=UndergraduateStudent237@Department2.University2.edu}, {X=http://www.Department2.University2.edu/UndergraduateStudent306, Y=http://www.Department2.University2.edu, Z=UndergraduateStudent306@Department2.University2.edu}, {X=http://www.Department2.University2.edu/GraduateStudent62, Y=http://www.Department2.University2.edu, Z=GraduateStudent62@Department2.University2.edu}, {X=http://www.Department2.University2.edu/GraduateStudent40, Y=http://www.Department2.University2.edu, Z=GraduateStudent40@Department2.University2.edu}, {X=http://www.Department2.University2.edu/GraduateStudent84, Y=http://www.Department2.University2.edu, Z=GraduateStudent84@Department2.University2.edu}, {X=http://www.Department2.University2.edu/UndergraduateStudent340, Y=http://www.Department2.University2.edu, Z=UndergraduateStudent340@Department2.University2.edu}, {X=http://www.Department2.University2.edu/UndergraduateStudent67, Y=http://www.Department2.University2.edu, Z=UndergraduateStudent67@Department2.University2.edu}, {X=http://www.Department2.University2.edu/UndergraduateStudent70, Y=http://www.Department2.University2.edu, Z=UndergraduateStudent70@Department2.University2.edu}, {X=http://www.Department2.University2.edu/UndergraduateStudent299, Y=http://www.Department2.University2.edu, Z=UndergraduateStudent299@Department2.University2.edu}, {X=http://www.Department2.University2.edu/UndergraduateStudent129, Y=http://www.Department2.University2.edu, Z=UndergraduateStudent129@Department2.University2.edu}, {X=http://www.Department2.University2.edu/UndergraduateStudent161, Y=http://www.Department2.University2.edu, Z=UndergraduateStudent161@Department2.University2.edu}, {X=http://www.Department2.University2.edu/UndergraduateStudent10, Y=http://www.Department2.University2.edu, Z=UndergraduateStudent10@Department2.University2.edu}, {X=http://www.Department2.University2.edu/UndergraduateStudent348, Y=http://www.Department2.University2.edu, Z=UndergraduateStudent348@Department2.University2.edu}, {X=http://www.Department2.University2.edu/UndergraduateStudent357, Y=http://www.Department2.University2.edu, Z=UndergraduateStudent357@Department2.University2.edu}, {X=http://www.Department2.University2.edu/GraduateStudent17, Y=http://www.Department2.University2.edu, Z=GraduateStudent17@Department2.University2.edu}, {X=http://www.Department2.University2.edu/UndergraduateStudent59, Y=http://www.Department2.University2.edu, Z=UndergraduateStudent59@Department2.University2.edu}, {X=http://www.Department2.University2.edu/UndergraduateStudent209, Y=http://www.Department2.University2.edu, Z=UndergraduateStudent209@Department2.University2.edu}, {X=http://www.Department2.University2.edu/UndergraduateStudent1, Y=http://www.Department2.University2.edu, Z=UndergraduateStudent1@Department2.University2.edu}, {X=http://www.Department2.University2.edu/UndergraduateStudent104, Y=http://www.Department2.University2.edu, Z=UndergraduateStudent104@Department2.University2.edu}, {X=http://www.Department2.University2.edu/GraduateStudent80, Y=http://www.Department2.University2.edu, Z=GraduateStudent80@Department2.University2.edu}, {X=http://www.Department2.University2.edu/UndergraduateStudent337, Y=http://www.Department2.University2.edu, Z=UndergraduateStudent337@Department2.University2.edu}, {X=http://www.Department2.University2.edu/GraduateStudent67, Y=http://www.Department2.University2.edu, Z=GraduateStudent67@Department2.University2.edu}, {X=http://www.Department2.University2.edu/UndergraduateStudent43, Y=http://www.Department2.University2.edu, Z=UndergraduateStudent43@Department2.University2.edu}, {X=http://www.Department2.University2.edu/GraduateStudent41, Y=http://www.Department2.University2.edu, Z=GraduateStudent41@Department2.University2.edu}, {X=http://www.Department2.University2.edu/UndergraduateStudent102, Y=http://www.Department2.University2.edu, Z=UndergraduateStudent102@Department2.University2.edu}, {X=http://www.Department2.University2.edu/UndergraduateStudent117, Y=http://www.Department2.University2.edu, Z=UndergraduateStudent117@Department2.University2.edu}, {X=http://www.Department2.University2.edu/UndergraduateStudent182, Y=http://www.Department2.University2.edu, Z=UndergraduateStudent182@Department2.University2.edu}, {X=http://www.Department2.University2.edu/UndergraduateStudent324, Y=http://www.Department2.University2.edu, Z=UndergraduateStudent324@Department2.University2.edu}, {X=http://www.Department2.University2.edu/UndergraduateStudent51, Y=http://www.Department2.University2.edu, Z=UndergraduateStudent51@Department2.University2.edu}, {X=http://www.Department2.University2.edu/GraduateStudent107, Y=http://www.Department2.University2.edu, Z=GraduateStudent107@Department2.University2.edu}, {X=http://www.Department2.University2.edu/UndergraduateStudent119, Y=http://www.Department2.University2.edu, Z=UndergraduateStudent119@Department2.University2.edu}, {X=http://www.Department2.University2.edu/GraduateStudent58, Y=http://www.Department2.University2.edu, Z=GraduateStudent58@Department2.University2.edu}, {X=http://www.Department2.University2.edu/UndergraduateStudent274, Y=http://www.Department2.University2.edu, Z=UndergraduateStudent274@Department2.University2.edu}, {X=http://www.Department2.University2.edu/UndergraduateStudent258, Y=http://www.Department2.University2.edu, Z=UndergraduateStudent258@Department2.University2.edu}, {X=http://www.Department2.University2.edu/UndergraduateStudent177, Y=http://www.Department2.University2.edu, Z=UndergraduateStudent177@Department2.University2.edu}, {X=http://www.Department2.University2.edu/GraduateStudent75, Y=http://www.Department2.University2.edu, Z=GraduateStudent75@Department2.University2.edu}, {X=http://www.Department2.University2.edu/UndergraduateStudent140, Y=http://www.Department2.University2.edu, Z=UndergraduateStudent140@Department2.University2.edu}, {X=http://www.Department2.University2.edu/UndergraduateStudent101, Y=http://www.Department2.University2.edu, Z=UndergraduateStudent101@Department2.University2.edu}, {X=http://www.Department2.University2.edu/UndergraduateStudent90, Y=http://www.Department2.University2.edu, Z=UndergraduateStudent90@Department2.University2.edu}, {X=http://www.Department2.University2.edu/UndergraduateStudent135, Y=http://www.Department2.University2.edu, Z=UndergraduateStudent135@Department2.University2.edu}, {X=http://www.Department2.University2.edu/GraduateStudent35, Y=http://www.Department2.University2.edu, Z=GraduateStudent35@Department2.University2.edu}, {X=http://www.Department2.University2.edu/GraduateStudent71, Y=http://www.Department2.University2.edu, Z=GraduateStudent71@Department2.University2.edu}, {X=http://www.Department2.University2.edu/UndergraduateStudent312, Y=http://www.Department2.University2.edu, Z=UndergraduateStudent312@Department2.University2.edu}, {X=http://www.Department2.University2.edu/UndergraduateStudent186, Y=http://www.Department2.University2.edu, Z=UndergraduateStudent186@Department2.University2.edu}, {X=http://www.Department2.University2.edu/UndergraduateStudent341, Y=http://www.Department2.University2.edu, Z=UndergraduateStudent341@Department2.University2.edu}, {X=http://www.Department2.University2.edu/UndergraduateStudent342, Y=http://www.Department2.University2.edu, Z=UndergraduateStudent342@Department2.University2.edu}, {X=http://www.Department2.University2.edu/UndergraduateStudent158, Y=http://www.Department2.University2.edu, Z=UndergraduateStudent158@Department2.University2.edu}, {X=http://www.Department2.University2.edu/UndergraduateStudent171, Y=http://www.Department2.University2.edu, Z=UndergraduateStudent171@Department2.University2.edu}, {X=http://www.Department2.University2.edu/UndergraduateStudent300, Y=http://www.Department2.University2.edu, Z=UndergraduateStudent300@Department2.University2.edu}, {X=http://www.Department2.University2.edu/UndergraduateStudent165, Y=http://www.Department2.University2.edu, Z=UndergraduateStudent165@Department2.University2.edu}, {X=http://www.Department2.University2.edu/UndergraduateStudent151, Y=http://www.Department2.University2.edu, Z=UndergraduateStudent151@Department2.University2.edu}, {X=http://www.Department2.University2.edu/UndergraduateStudent88, Y=http://www.Department2.University2.edu, Z=UndergraduateStudent88@Department2.University2.edu}, {X=http://www.Department2.University2.edu/UndergraduateStudent194, Y=http://www.Department2.University2.edu, Z=UndergraduateStudent194@Department2.University2.edu}, {X=http://www.Department2.University2.edu/UndergraduateStudent169, Y=http://www.Department2.University2.edu, Z=UndergraduateStudent169@Department2.University2.edu}, {X=http://www.Department2.University2.edu/GraduateStudent3, Y=http://www.Department2.University2.edu, Z=GraduateStudent3@Department2.University2.edu}, {X=http://www.Department2.University2.edu/UndergraduateStudent302, Y=http://www.Department2.University2.edu, Z=UndergraduateStudent302@Department2.University2.edu}, {X=http://www.Department2.University2.edu/UndergraduateStudent231, Y=http://www.Department2.University2.edu, Z=UndergraduateStudent231@Department2.University2.edu}, {X=http://www.Department2.University2.edu/UndergraduateStudent264, Y=http://www.Department2.University2.edu, Z=UndergraduateStudent264@Department2.University2.edu}, {X=http://www.Department2.University2.edu/UndergraduateStudent247, Y=http://www.Department2.University2.edu, Z=UndergraduateStudent247@Department2.University2.edu}, {X=http://www.Department2.University2.edu/GraduateStudent55, Y=http://www.Department2.University2.edu, Z=GraduateStudent55@Department2.University2.edu}, {X=http://www.Department2.University2.edu/GraduateStudent1, Y=http://www.Department2.University2.edu, Z=GraduateStudent1@Department2.University2.edu}, {X=http://www.Department2.University2.edu/UndergraduateStudent283, Y=http://www.Department2.University2.edu, Z=UndergraduateStudent283@Department2.University2.edu}, {X=http://www.Department2.University2.edu/UndergraduateStudent191, Y=http://www.Department2.University2.edu, Z=UndergraduateStudent191@Department2.University2.edu}, {X=http://www.Department2.University2.edu/UndergraduateStudent98, Y=http://www.Department2.University2.edu, Z=UndergraduateStudent98@Department2.University2.edu}, {X=http://www.Department2.University2.edu/GraduateStudent70, Y=http://www.Department2.University2.edu, Z=GraduateStudent70@Department2.University2.edu}, {X=http://www.Department2.University2.edu/UndergraduateStudent75, Y=http://www.Department2.University2.edu, Z=UndergraduateStudent75@Department2.University2.edu}, {X=http://www.Department2.University2.edu/UndergraduateStudent204, Y=http://www.Department2.University2.edu, Z=UndergraduateStudent204@Department2.University2.edu}, {X=http://www.Department2.University2.edu/GraduateStudent44, Y=http://www.Department2.University2.edu, Z=GraduateStudent44@Department2.University2.edu}, {X=http://www.Department2.University2.edu/UndergraduateStudent356, Y=http://www.Department2.University2.edu, Z=UndergraduateStudent356@Department2.University2.edu}, {X=http://www.Department2.University2.edu/UndergraduateStudent360, Y=http://www.Department2.University2.edu, Z=UndergraduateStudent360@Department2.University2.edu}, {X=http://www.Department2.University2.edu/UndergraduateStudent277, Y=http://www.Department2.University2.edu, Z=UndergraduateStudent277@Department2.University2.edu}, {X=http://www.Department2.University2.edu/UndergraduateStudent2, Y=http://www.Department2.University2.edu, Z=UndergraduateStudent2@Department2.University2.edu}, {X=http://www.Department2.University2.edu/UndergraduateStudent84, Y=http://www.Department2.University2.edu, Z=UndergraduateStudent84@Department2.University2.edu}, {X=http://www.Department2.University2.edu/UndergraduateStudent282, Y=http://www.Department2.University2.edu, Z=UndergraduateStudent282@Department2.University2.edu}, {X=http://www.Department2.University2.edu/UndergraduateStudent224, Y=http://www.Department2.University2.edu, Z=UndergraduateStudent224@Department2.University2.edu}, {X=http://www.Department2.University2.edu/GraduateStudent20, Y=http://www.Department2.University2.edu, Z=GraduateStudent20@Department2.University2.edu}, {X=http://www.Department2.University2.edu/UndergraduateStudent281, Y=http://www.Department2.University2.edu, Z=UndergraduateStudent281@Department2.University2.edu}, {X=http://www.Department2.University2.edu/GraduateStudent39, Y=http://www.Department2.University2.edu, Z=GraduateStudent39@Department2.University2.edu}, {X=http://www.Department2.University2.edu/UndergraduateStudent68, Y=http://www.Department2.University2.edu, Z=UndergraduateStudent68@Department2.University2.edu}, {X=http://www.Department2.University2.edu/UndergraduateStudent19, Y=http://www.Department2.University2.edu, Z=UndergraduateStudent19@Department2.University2.edu}, {X=http://www.Department2.University2.edu/UndergraduateStudent323, Y=http://www.Department2.University2.edu, Z=UndergraduateStudent323@Department2.University2.edu}, {X=http://www.Department2.University2.edu/GraduateStudent102, Y=http://www.Department2.University2.edu, Z=GraduateStudent102@Department2.University2.edu}, {X=http://www.Department2.University2.edu/GraduateStudent81, Y=http://www.Department2.University2.edu, Z=GraduateStudent81@Department2.University2.edu}, {X=http://www.Department2.University2.edu/UndergraduateStudent154, Y=http://www.Department2.University2.edu, Z=UndergraduateStudent154@Department2.University2.edu}, {X=http://www.Department2.University2.edu/GraduateStudent48, Y=http://www.Department2.University2.edu, Z=GraduateStudent48@Department2.University2.edu}, {X=http://www.Department2.University2.edu/UndergraduateStudent152, Y=http://www.Department2.University2.edu, Z=UndergraduateStudent152@Department2.University2.edu}, {X=http://www.Department2.University2.edu/UndergraduateStudent329, Y=http://www.Department2.University2.edu, Z=UndergraduateStudent329@Department2.University2.edu}, {X=http://www.Department2.University2.edu/UndergraduateStudent21, Y=http://www.Department2.University2.edu, Z=UndergraduateStudent21@Department2.University2.edu}, {X=http://www.Department2.University2.edu/UndergraduateStudent159, Y=http://www.Department2.University2.edu, Z=UndergraduateStudent159@Department2.University2.edu}, {X=http://www.Department2.University2.edu/GraduateStudent15, Y=http://www.Department2.University2.edu, Z=GraduateStudent15@Department2.University2.edu}, {X=http://www.Department2.University2.edu/UndergraduateStudent99, Y=http://www.Department2.University2.edu, Z=UndergraduateStudent99@Department2.University2.edu}, {X=http://www.Department2.University2.edu/UndergraduateStudent242, Y=http://www.Department2.University2.edu, Z=UndergraduateStudent242@Department2.University2.edu}, {X=http://www.Department2.University2.edu/UndergraduateStudent292, Y=http://www.Department2.University2.edu, Z=UndergraduateStudent292@Department2.University2.edu}, {X=http://www.Department2.University2.edu/UndergraduateStudent343, Y=http://www.Department2.University2.edu, Z=UndergraduateStudent343@Department2.University2.edu}, {X=http://www.Department2.University2.edu/UndergraduateStudent238, Y=http://www.Department2.University2.edu, Z=UndergraduateStudent238@Department2.University2.edu}, {X=http://www.Department2.University2.edu/GraduateStudent23, Y=http://www.Department2.University2.edu, Z=GraduateStudent23@Department2.University2.edu}, {X=http://www.Department2.University2.edu/UndergraduateStudent187, Y=http://www.Department2.University2.edu, Z=UndergraduateStudent187@Department2.University2.edu}, {X=http://www.Department2.University2.edu/GraduateStudent100, Y=http://www.Department2.University2.edu, Z=GraduateStudent100@Department2.University2.edu}, {X=http://www.Department2.University2.edu/UndergraduateStudent143, Y=http://www.Department2.University2.edu, Z=UndergraduateStudent143@Department2.University2.edu}, {X=http://www.Department2.University2.edu/UndergraduateStudent174, Y=http://www.Department2.University2.edu, Z=UndergraduateStudent174@Department2.University2.edu}, {X=http://www.Department2.University2.edu/GraduateStudent2, Y=http://www.Department2.University2.edu, Z=GraduateStudent2@Department2.University2.edu}, {X=http://www.Department2.University2.edu/UndergraduateStudent234, Y=http://www.Department2.University2.edu, Z=UndergraduateStudent234@Department2.University2.edu}, {X=http://www.Department2.University2.edu/UndergraduateStudent150, Y=http://www.Department2.University2.edu, Z=UndergraduateStudent150@Department2.University2.edu}, {X=http://www.Department2.University2.edu/UndergraduateStudent164, Y=http://www.Department2.University2.edu, Z=UndergraduateStudent164@Department2.University2.edu}, {X=http://www.Department2.University2.edu/UndergraduateStudent241, Y=http://www.Department2.University2.edu, Z=UndergraduateStudent241@Department2.University2.edu}, {X=http://www.Department2.University2.edu/UndergraduateStudent126, Y=http://www.Department2.University2.edu, Z=UndergraduateStudent126@Department2.University2.edu}, {X=http://www.Department2.University2.edu/UndergraduateStudent225, Y=http://www.Department2.University2.edu, Z=UndergraduateStudent225@Department2.University2.edu}, {X=http://www.Department2.University2.edu/UndergraduateStudent185, Y=http://www.Department2.University2.edu, Z=UndergraduateStudent185@Department2.University2.edu}, {X=http://www.Department2.University2.edu/UndergraduateStudent196, Y=http://www.Department2.University2.edu, Z=UndergraduateStudent196@Department2.University2.edu}, {X=http://www.Department2.University2.edu/GraduateStudent118, Y=http://www.Department2.University2.edu, Z=GraduateStudent118@Department2.University2.edu}, {X=http://www.Department2.University2.edu/UndergraduateStudent113, Y=http://www.Department2.University2.edu, Z=UndergraduateStudent113@Department2.University2.edu}, {X=http://www.Department2.University2.edu/UndergraduateStudent130, Y=http://www.Department2.University2.edu, Z=UndergraduateStudent130@Department2.University2.edu}, {X=http://www.Department2.University2.edu/UndergraduateStudent279, Y=http://www.Department2.University2.edu, Z=UndergraduateStudent279@Department2.University2.edu}, {X=http://www.Department2.University2.edu/UndergraduateStudent305, Y=http://www.Department2.University2.edu, Z=UndergraduateStudent305@Department2.University2.edu}, {X=http://www.Department2.University2.edu/GraduateStudent37, Y=http://www.Department2.University2.edu, Z=GraduateStudent37@Department2.University2.edu}, {X=http://www.Department2.University2.edu/GraduateStudent61, Y=http://www.Department2.University2.edu, Z=GraduateStudent61@Department2.University2.edu}, {X=http://www.Department2.University2.edu/UndergraduateStudent246, Y=http://www.Department2.University2.edu, Z=UndergraduateStudent246@Department2.University2.edu}, {X=http://www.Department2.University2.edu/GraduateStudent72, Y=http://www.Department2.University2.edu, Z=GraduateStudent72@Department2.University2.edu}, {X=http://www.Department2.University2.edu/UndergraduateStudent294, Y=http://www.Department2.University2.edu, Z=UndergraduateStudent294@Department2.University2.edu}, {X=http://www.Department2.University2.edu/UndergraduateStudent278, Y=http://www.Department2.University2.edu, Z=UndergraduateStudent278@Department2.University2.edu}, {X=http://www.Department2.University2.edu/UndergraduateStudent270, Y=http://www.Department2.University2.edu, Z=UndergraduateStudent270@Department2.University2.edu}, {X=http://www.Department2.University2.edu/UndergraduateStudent284, Y=http://www.Department2.University2.edu, Z=UndergraduateStudent284@Department2.University2.edu}, {X=http://www.Department2.University2.edu/UndergraduateStudent89, Y=http://www.Department2.University2.edu, Z=UndergraduateStudent89@Department2.University2.edu}, {X=http://www.Department2.University2.edu/GraduateStudent0, Y=http://www.Department2.University2.edu, Z=GraduateStudent0@Department2.University2.edu}, {X=http://www.Department2.University2.edu/UndergraduateStudent213, Y=http://www.Department2.University2.edu, Z=UndergraduateStudent213@Department2.University2.edu}, {X=http://www.Department2.University2.edu/UndergraduateStudent349, Y=http://www.Department2.University2.edu, Z=UndergraduateStudent349@Department2.University2.edu}, {X=http://www.Department2.University2.edu/UndergraduateStudent263, Y=http://www.Department2.University2.edu, Z=UndergraduateStudent263@Department2.University2.edu}, {X=http://www.Department2.University2.edu/GraduateStudent24, Y=http://www.Department2.University2.edu, Z=GraduateStudent24@Department2.University2.edu}, {X=http://www.Department2.University2.edu/UndergraduateStudent176, Y=http://www.Department2.University2.edu, Z=UndergraduateStudent176@Department2.University2.edu}, {X=http://www.Department2.University2.edu/UndergraduateStudent39, Y=http://www.Department2.University2.edu, Z=UndergraduateStudent39@Department2.University2.edu}, {X=http://www.Department2.University2.edu/UndergraduateStudent124, Y=http://www.Department2.University2.edu, Z=UndergraduateStudent124@Department2.University2.edu}, {X=http://www.Department2.University2.edu/UndergraduateStudent52, Y=http://www.Department2.University2.edu, Z=UndergraduateStudent52@Department2.University2.edu}, {X=http://www.Department2.University2.edu/UndergraduateStudent354, Y=http://www.Department2.University2.edu, Z=UndergraduateStudent354@Department2.University2.edu}, {X=http://www.Department2.University2.edu/GraduateStudent83, Y=http://www.Department2.University2.edu, Z=GraduateStudent83@Department2.University2.edu}, {X=http://www.Department2.University2.edu/UndergraduateStudent48, Y=http://www.Department2.University2.edu, Z=UndergraduateStudent48@Department2.University2.edu}, {X=http://www.Department2.University2.edu/GraduateStudent130, Y=http://www.Department2.University2.edu, Z=GraduateStudent130@Department2.University2.edu}, {X=http://www.Department2.University2.edu/UndergraduateStudent61, Y=http://www.Department2.University2.edu, Z=UndergraduateStudent61@Department2.University2.edu}, {X=http://www.Department2.University2.edu/UndergraduateStudent16, Y=http://www.Department2.University2.edu, Z=UndergraduateStudent16@Department2.University2.edu}, {X=http://www.Department2.University2.edu/UndergraduateStudent319, Y=http://www.Department2.University2.edu, Z=UndergraduateStudent319@Department2.University2.edu}, {X=http://www.Department2.University2.edu/GraduateStudent98, Y=http://www.Department2.University2.edu, Z=GraduateStudent98@Department2.University2.edu}, {X=http://www.Department2.University2.edu/UndergraduateStudent71, Y=http://www.Department2.University2.edu, Z=UndergraduateStudent71@Department2.University2.edu}, {X=http://www.Department2.University2.edu/UndergraduateStudent35, Y=http://www.Department2.University2.edu, Z=UndergraduateStudent35@Department2.University2.edu}, {X=http://www.Department2.University2.edu/GraduateStudent120, Y=http://www.Department2.University2.edu, Z=GraduateStudent120@Department2.University2.edu}, {X=http://www.Department2.University2.edu/UndergraduateStudent156, Y=http://www.Department2.University2.edu, Z=UndergraduateStudent156@Department2.University2.edu}, {X=http://www.Department2.University2.edu/UndergraduateStudent153, Y=http://www.Department2.University2.edu, Z=UndergraduateStudent153@Department2.University2.edu}, {X=http://www.Department2.University2.edu/UndergraduateStudent118, Y=http://www.Department2.University2.edu, Z=UndergraduateStudent118@Department2.University2.edu}, {X=http://www.Department2.University2.edu/GraduateStudent90, Y=http://www.Department2.University2.edu, Z=GraduateStudent90@Department2.University2.edu}, {X=http://www.Department2.University2.edu/GraduateStudent59, Y=http://www.Department2.University2.edu, Z=GraduateStudent59@Department2.University2.edu}, {X=http://www.Department2.University2.edu/GraduateStudent43, Y=http://www.Department2.University2.edu, Z=GraduateStudent43@Department2.University2.edu}, {X=http://www.Department2.University2.edu/UndergraduateStudent317, Y=http://www.Department2.University2.edu, Z=UndergraduateStudent317@Department2.University2.edu}, {X=http://www.Department2.University2.edu/UndergraduateStudent121, Y=http://www.Department2.University2.edu, Z=UndergraduateStudent121@Department2.University2.edu}, {X=http://www.Department2.University2.edu/UndergraduateStudent144, Y=http://www.Department2.University2.edu, Z=UndergraduateStudent144@Department2.University2.edu}, {X=http://www.Department2.University2.edu/UndergraduateStudent251, Y=http://www.Department2.University2.edu, Z=UndergraduateStudent251@Department2.University2.edu}, {X=http://www.Department2.University2.edu/UndergraduateStudent141, Y=http://www.Department2.University2.edu, Z=UndergraduateStudent141@Department2.University2.edu}, {X=http://www.Department2.University2.edu/UndergraduateStudent265, Y=http://www.Department2.University2.edu, Z=UndergraduateStudent265@Department2.University2.edu}, {X=http://www.Department2.University2.edu/GraduateStudent115, Y=http://www.Department2.University2.edu, Z=GraduateStudent115@Department2.University2.edu}, {X=http://www.Department2.University2.edu/UndergraduateStudent268, Y=http://www.Department2.University2.edu, Z=UndergraduateStudent268@Department2.University2.edu}, {X=http://www.Department2.University2.edu/GraduateStudent66, Y=http://www.Department2.University2.edu, Z=GraduateStudent66@Department2.University2.edu}, {X=http://www.Department2.University2.edu/GraduateStudent5, Y=http://www.Department2.University2.edu, Z=GraduateStudent5@Department2.University2.edu}, {X=http://www.Department2.University2.edu/UndergraduateStudent310, Y=http://www.Department2.University2.edu, Z=UndergraduateStudent310@Department2.University2.edu}, {X=http://www.Department2.University2.edu/UndergraduateStudent183, Y=http://www.Department2.University2.edu, Z=UndergraduateStudent183@Department2.University2.edu}, {X=http://www.Department2.University2.edu/UndergraduateStudent248, Y=http://www.Department2.University2.edu, Z=UndergraduateStudent248@Department2.University2.edu}, {X=http://www.Department2.University2.edu/GraduateStudent69, Y=http://www.Department2.University2.edu, Z=GraduateStudent69@Department2.University2.edu}, {X=http://www.Department2.University2.edu/UndergraduateStudent94, Y=http://www.Department2.University2.edu, Z=UndergraduateStudent94@Department2.University2.edu}, {X=http://www.Department2.University2.edu/GraduateStudent73, Y=http://www.Department2.University2.edu, Z=GraduateStudent73@Department2.University2.edu}, {X=http://www.Department2.University2.edu/UndergraduateStudent138, Y=http://www.Department2.University2.edu, Z=UndergraduateStudent138@Department2.University2.edu}, {X=http://www.Department2.University2.edu/UndergraduateStudent37, Y=http://www.Department2.University2.edu, Z=UndergraduateStudent37@Department2.University2.edu}, {X=http://www.Department2.University2.edu/UndergraduateStudent233, Y=http://www.Department2.University2.edu, Z=UndergraduateStudent233@Department2.University2.edu}, {X=http://www.Department2.University2.edu/UndergraduateStudent291, Y=http://www.Department2.University2.edu, Z=UndergraduateStudent291@Department2.University2.edu}, {X=http://www.Department2.University2.edu/UndergraduateStudent212, Y=http://www.Department2.University2.edu, Z=UndergraduateStudent212@Department2.University2.edu}, {X=http://www.Department2.University2.edu/UndergraduateStudent55, Y=http://www.Department2.University2.edu, Z=UndergraduateStudent55@Department2.University2.edu}, {X=http://www.Department2.University2.edu/UndergraduateStudent91, Y=http://www.Department2.University2.edu, Z=UndergraduateStudent91@Department2.University2.edu}, {X=http://www.Department2.University2.edu/UndergraduateStudent222, Y=http://www.Department2.University2.edu, Z=UndergraduateStudent222@Department2.University2.edu}, {X=http://www.Department2.University2.edu/UndergraduateStudent309, Y=http://www.Department2.University2.edu, Z=UndergraduateStudent309@Department2.University2.edu}, {X=http://www.Department2.University2.edu/UndergraduateStudent332, Y=http://www.Department2.University2.edu, Z=UndergraduateStudent332@Department2.University2.edu}, {X=http://www.Department2.University2.edu/GraduateStudent131, Y=http://www.Department2.University2.edu, Z=GraduateStudent131@Department2.University2.edu}, {X=http://www.Department2.University2.edu/GraduateStudent53, Y=http://www.Department2.University2.edu, Z=GraduateStudent53@Department2.University2.edu}, {X=http://www.Department2.University2.edu/GraduateStudent112, Y=http://www.Department2.University2.edu, Z=GraduateStudent112@Department2.University2.edu}, {X=http://www.Department2.University2.edu/UndergraduateStudent73, Y=http://www.Department2.University2.edu, Z=UndergraduateStudent73@Department2.University2.edu}, {X=http://www.Department2.University2.edu/UndergraduateStudent7, Y=http://www.Department2.University2.edu, Z=UndergraduateStudent7@Department2.University2.edu}, {X=http://www.Department2.University2.edu/UndergraduateStudent116, Y=http://www.Department2.University2.edu, Z=UndergraduateStudent116@Department2.University2.edu}, {X=http://www.Department2.University2.edu/UndergraduateStudent92, Y=http://www.Department2.University2.edu, Z=UndergraduateStudent92@Department2.University2.edu}, {X=http://www.Department2.University2.edu/UndergraduateStudent201, Y=http://www.Department2.University2.edu, Z=UndergraduateStudent201@Department2.University2.edu}, {X=http://www.Department2.University2.edu/GraduateStudent29, Y=http://www.Department2.University2.edu, Z=GraduateStudent29@Department2.University2.edu}, {X=http://www.Department2.University2.edu/UndergraduateStudent85, Y=http://www.Department2.University2.edu, Z=UndergraduateStudent85@Department2.University2.edu}, {X=http://www.Department2.University2.edu/UndergraduateStudent227, Y=http://www.Department2.University2.edu, Z=UndergraduateStudent227@Department2.University2.edu}, {X=http://www.Department2.University2.edu/UndergraduateStudent3, Y=http://www.Department2.University2.edu, Z=UndergraduateStudent3@Department2.University2.edu}, {X=http://www.Department2.University2.edu/UndergraduateStudent240, Y=http://www.Department2.University2.edu, Z=UndergraduateStudent240@Department2.University2.edu}, {X=http://www.Department2.University2.edu/UndergraduateStudent197, Y=http://www.Department2.University2.edu, Z=UndergraduateStudent197@Department2.University2.edu}, {X=http://www.Department2.University2.edu/UndergraduateStudent123, Y=http://www.Department2.University2.edu, Z=UndergraduateStudent123@Department2.University2.edu}, {X=http://www.Department2.University2.edu/UndergraduateStudent311, Y=http://www.Department2.University2.edu, Z=UndergraduateStudent311@Department2.University2.edu}, {X=http://www.Department2.University2.edu/GraduateStudent51, Y=http://www.Department2.University2.edu, Z=GraduateStudent51@Department2.University2.edu}, {X=http://www.Department2.University2.edu/UndergraduateStudent285, Y=http://www.Department2.University2.edu, Z=UndergraduateStudent285@Department2.University2.edu}, {X=http://www.Department2.University2.edu/UndergraduateStudent333, Y=http://www.Department2.University2.edu, Z=UndergraduateStudent333@Department2.University2.edu}, {X=http://www.Department2.University2.edu/GraduateStudent8, Y=http://www.Department2.University2.edu, Z=GraduateStudent8@Department2.University2.edu}, {X=http://www.Department2.University2.edu/GraduateStudent132, Y=http://www.Department2.University2.edu, Z=GraduateStudent132@Department2.University2.edu}, {X=http://www.Department2.University2.edu/UndergraduateStudent218, Y=http://www.Department2.University2.edu, Z=UndergraduateStudent218@Department2.University2.edu}, {X=http://www.Department2.University2.edu/GraduateStudent121, Y=http://www.Department2.University2.edu, Z=GraduateStudent121@Department2.University2.edu}, {X=http://www.Department2.University2.edu/GraduateStudent127, Y=http://www.Department2.University2.edu, Z=GraduateStudent127@Department2.University2.edu}, {X=http://www.Department2.University2.edu/UndergraduateStudent25, Y=http://www.Department2.University2.edu, Z=UndergraduateStudent25@Department2.University2.edu}, {X=http://www.Department2.University2.edu/UndergraduateStudent254, Y=http://www.Department2.University2.edu, Z=UndergraduateStudent254@Department2.University2.edu}, {X=http://www.Department2.University2.edu/GraduateStudent108, Y=http://www.Department2.University2.edu, Z=GraduateStudent108@Department2.University2.edu}, {X=http://www.Department2.University2.edu/UndergraduateStudent47, Y=http://www.Department2.University2.edu, Z=UndergraduateStudent47@Department2.University2.edu}, {X=http://www.Department2.University2.edu/GraduateStudent16, Y=http://www.Department2.University2.edu, Z=GraduateStudent16@Department2.University2.edu}, {X=http://www.Department2.University2.edu/GraduateStudent21, Y=http://www.Department2.University2.edu, Z=GraduateStudent21@Department2.University2.edu}, {X=http://www.Department2.University2.edu/UndergraduateStudent221, Y=http://www.Department2.University2.edu, Z=UndergraduateStudent221@Department2.University2.edu}, {X=http://www.Department2.University2.edu/GraduateStudent10, Y=http://www.Department2.University2.edu, Z=GraduateStudent10@Department2.University2.edu}, {X=http://www.Department2.University2.edu/UndergraduateStudent219, Y=http://www.Department2.University2.edu, Z=UndergraduateStudent219@Department2.University2.edu}, {X=http://www.Department2.University2.edu/UndergraduateStudent24, Y=http://www.Department2.University2.edu, Z=UndergraduateStudent24@Department2.University2.edu}, {X=http://www.Department2.University2.edu/UndergraduateStudent330, Y=http://www.Department2.University2.edu, Z=UndergraduateStudent330@Department2.University2.edu}, {X=http://www.Department2.University2.edu/UndergraduateStudent297, Y=http://www.Department2.University2.edu, Z=UndergraduateStudent297@Department2.University2.edu}, {X=http://www.Department2.University2.edu/UndergraduateStudent308, Y=http://www.Department2.University2.edu, Z=UndergraduateStudent308@Department2.University2.edu}, {X=http://www.Department2.University2.edu/UndergraduateStudent128, Y=http://www.Department2.University2.edu, Z=UndergraduateStudent128@Department2.University2.edu}, {X=http://www.Department2.University2.edu/UndergraduateStudent358, Y=http://www.Department2.University2.edu, Z=UndergraduateStudent358@Department2.University2.edu}, {X=http://www.Department2.University2.edu/UndergraduateStudent13, Y=http://www.Department2.University2.edu, Z=UndergraduateStudent13@Department2.University2.edu}, {X=http://www.Department2.University2.edu/GraduateStudent129, Y=http://www.Department2.University2.edu, Z=GraduateStudent129@Department2.University2.edu}, {X=http://www.Department2.University2.edu/UndergraduateStudent253, Y=http://www.Department2.University2.edu, Z=UndergraduateStudent253@Department2.University2.edu}, {X=http://www.Department2.University2.edu/UndergraduateStudent29, Y=http://www.Department2.University2.edu, Z=UndergraduateStudent29@Department2.University2.edu}, {X=http://www.Department2.University2.edu/UndergraduateStudent193, Y=http://www.Department2.University2.edu, Z=UndergraduateStudent193@Department2.University2.edu}, {X=http://www.Department2.University2.edu/GraduateStudent46, Y=http://www.Department2.University2.edu, Z=GraduateStudent46@Department2.University2.edu}, {X=http://www.Department2.University2.edu/UndergraduateStudent122, Y=http://www.Department2.University2.edu, Z=UndergraduateStudent122@Department2.University2.edu}, {X=http://www.Department2.University2.edu/UndergraduateStudent56, Y=http://www.Department2.University2.edu, Z=UndergraduateStudent56@Department2.University2.edu}, {X=http://www.Department2.University2.edu/GraduateStudent125, Y=http://www.Department2.University2.edu, Z=GraduateStudent125@Department2.University2.edu}, {X=http://www.Department2.University2.edu/UndergraduateStudent202, Y=http://www.Department2.University2.edu, Z=UndergraduateStudent202@Department2.University2.edu}, {X=http://www.Department2.University2.edu/GraduateStudent86, Y=http://www.Department2.University2.edu, Z=GraduateStudent86@Department2.University2.edu}, {X=http://www.Department2.University2.edu/UndergraduateStudent262, Y=http://www.Department2.University2.edu, Z=UndergraduateStudent262@Department2.University2.edu}, {X=http://www.Department2.University2.edu/UndergraduateStudent163, Y=http://www.Department2.University2.edu, Z=UndergraduateStudent163@Department2.University2.edu}, {X=http://www.Department2.University2.edu/UndergraduateStudent148, Y=http://www.Department2.University2.edu, Z=UndergraduateStudent148@Department2.University2.edu}, {X=http://www.Department2.University2.edu/UndergraduateStudent76, Y=http://www.Department2.University2.edu, Z=UndergraduateStudent76@Department2.University2.edu}, {X=http://www.Department2.University2.edu/GraduateStudent27, Y=http://www.Department2.University2.edu, Z=GraduateStudent27@Department2.University2.edu}, {X=http://www.Department2.University2.edu/GraduateStudent64, Y=http://www.Department2.University2.edu, Z=GraduateStudent64@Department2.University2.edu}, {X=http://www.Department2.University2.edu/UndergraduateStudent351, Y=http://www.Department2.University2.edu, Z=UndergraduateStudent351@Department2.University2.edu}, {X=http://www.Department2.University2.edu/UndergraduateStudent78, Y=http://www.Department2.University2.edu, Z=UndergraduateStudent78@Department2.University2.edu}, {X=http://www.Department2.University2.edu/GraduateStudent49, Y=http://www.Department2.University2.edu, Z=GraduateStudent49@Department2.University2.edu}, {X=http://www.Department2.University2.edu/UndergraduateStudent338, Y=http://www.Department2.University2.edu, Z=UndergraduateStudent338@Department2.University2.edu}, {X=http://www.Department2.University2.edu/UndergraduateStudent36, Y=http://www.Department2.University2.edu, Z=UndergraduateStudent36@Department2.University2.edu}, {X=http://www.Department2.University2.edu/UndergraduateStudent339, Y=http://www.Department2.University2.edu, Z=UndergraduateStudent339@Department2.University2.edu}, {X=http://www.Department2.University2.edu/GraduateStudent87, Y=http://www.Department2.University2.edu, Z=GraduateStudent87@Department2.University2.edu}, {X=http://www.Department2.University2.edu/UndergraduateStudent167, Y=http://www.Department2.University2.edu, Z=UndergraduateStudent167@Department2.University2.edu}, {X=http://www.Department2.University2.edu/GraduateStudent119, Y=http://www.Department2.University2.edu, Z=GraduateStudent119@Department2.University2.edu}, {X=http://www.Department2.University2.edu/UndergraduateStudent72, Y=http://www.Department2.University2.edu, Z=UndergraduateStudent72@Department2.University2.edu}, {X=http://www.Department2.University2.edu/UndergraduateStudent77, Y=http://www.Department2.University2.edu, Z=UndergraduateStudent77@Department2.University2.edu}, {X=http://www.Department2.University2.edu/GraduateStudent97, Y=http://www.Department2.University2.edu, Z=GraduateStudent97@Department2.University2.edu}, {X=http://www.Department2.University2.edu/GraduateStudent54, Y=http://www.Department2.University2.edu, Z=GraduateStudent54@Department2.University2.edu}, {X=http://www.Department2.University2.edu/UndergraduateStudent9, Y=http://www.Department2.University2.edu, Z=UndergraduateStudent9@Department2.University2.edu}, {X=http://www.Department2.University2.edu/UndergraduateStudent65, Y=http://www.Department2.University2.edu, Z=UndergraduateStudent65@Department2.University2.edu}, {X=http://www.Department2.University2.edu/UndergraduateStudent11, Y=http://www.Department2.University2.edu, Z=UndergraduateStudent11@Department2.University2.edu}, {X=http://www.Department2.University2.edu/UndergraduateStudent208, Y=http://www.Department2.University2.edu, Z=UndergraduateStudent208@Department2.University2.edu}, {X=http://www.Department2.University2.edu/GraduateStudent128, Y=http://www.Department2.University2.edu, Z=GraduateStudent128@Department2.University2.edu}, {X=http://www.Department2.University2.edu/UndergraduateStudent322, Y=http://www.Department2.University2.edu, Z=UndergraduateStudent322@Department2.University2.edu}, {X=http://www.Department2.University2.edu/GraduateStudent89, Y=http://www.Department2.University2.edu, Z=GraduateStudent89@Department2.University2.edu}, {X=http://www.Department2.University2.edu/UndergraduateStudent28, Y=http://www.Department2.University2.edu, Z=UndergraduateStudent28@Department2.University2.edu}, {X=http://www.Department2.University2.edu/GraduateStudent25, Y=http://www.Department2.University2.edu, Z=GraduateStudent25@Department2.University2.edu}, {X=http://www.Department2.University2.edu/UndergraduateStudent134, Y=http://www.Department2.University2.edu, Z=UndergraduateStudent134@Department2.University2.edu}, {X=http://www.Department2.University2.edu/UndergraduateStudent335, Y=http://www.Department2.University2.edu, Z=UndergraduateStudent335@Department2.University2.edu}, {X=http://www.Department2.University2.edu/UndergraduateStudent288, Y=http://www.Department2.University2.edu, Z=UndergraduateStudent288@Department2.University2.edu}, {X=http://www.Department2.University2.edu/UndergraduateStudent97, Y=http://www.Department2.University2.edu, Z=UndergraduateStudent97@Department2.University2.edu}, {X=http://www.Department2.University2.edu/UndergraduateStudent125, Y=http://www.Department2.University2.edu, Z=UndergraduateStudent125@Department2.University2.edu}, {X=http://www.Department2.University2.edu/GraduateStudent76, Y=http://www.Department2.University2.edu, Z=GraduateStudent76@Department2.University2.edu}, {X=http://www.Department2.University2.edu/GraduateStudent28, Y=http://www.Department2.University2.edu, Z=GraduateStudent28@Department2.University2.edu}, {X=http://www.Department2.University2.edu/UndergraduateStudent137, Y=http://www.Department2.University2.edu, Z=UndergraduateStudent137@Department2.University2.edu}, {X=http://www.Department2.University2.edu/UndergraduateStudent162, Y=http://www.Department2.University2.edu, Z=UndergraduateStudent162@Department2.University2.edu}, {X=http://www.Department2.University2.edu/UndergraduateStudent293, Y=http://www.Department2.University2.edu, Z=UndergraduateStudent293@Department2.University2.edu}, {X=http://www.Department2.University2.edu/UndergraduateStudent328, Y=http://www.Department2.University2.edu, Z=UndergraduateStudent328@Department2.University2.edu}, {X=http://www.Department2.University2.edu/UndergraduateStudent350, Y=http://www.Department2.University2.edu, Z=UndergraduateStudent350@Department2.University2.edu}, {X=http://www.Department2.University2.edu/UndergraduateStudent269, Y=http://www.Department2.University2.edu, Z=UndergraduateStudent269@Department2.University2.edu}, {X=http://www.Department2.University2.edu/UndergraduateStudent64, Y=http://www.Department2.University2.edu, Z=UndergraduateStudent64@Department2.University2.edu}, {X=http://www.Department2.University2.edu/UndergraduateStudent272, Y=http://www.Department2.University2.edu, Z=UndergraduateStudent272@Department2.University2.edu}, {X=http://www.Department2.University2.edu/UndergraduateStudent245, Y=http://www.Department2.University2.edu, Z=UndergraduateStudent245@Department2.University2.edu}, {X=http://www.Department2.University2.edu/UndergraduateStudent95, Y=http://www.Department2.University2.edu, Z=UndergraduateStudent95@Department2.University2.edu}, {X=http://www.Department2.University2.edu/UndergraduateStudent109, Y=http://www.Department2.University2.edu, Z=UndergraduateStudent109@Department2.University2.edu}, {X=http://www.Department2.University2.edu/UndergraduateStudent179, Y=http://www.Department2.University2.edu, Z=UndergraduateStudent179@Department2.University2.edu}, {X=http://www.Department2.University2.edu/GraduateStudent63, Y=http://www.Department2.University2.edu, Z=GraduateStudent63@Department2.University2.edu}, {X=http://www.Department2.University2.edu/GraduateStudent19, Y=http://www.Department2.University2.edu, Z=GraduateStudent19@Department2.University2.edu}, {X=http://www.Department2.University2.edu/GraduateStudent22, Y=http://www.Department2.University2.edu, Z=GraduateStudent22@Department2.University2.edu}, {X=http://www.Department2.University2.edu/UndergraduateStudent4, Y=http://www.Department2.University2.edu, Z=UndergraduateStudent4@Department2.University2.edu}, {X=http://www.Department2.University2.edu/UndergraduateStudent280, Y=http://www.Department2.University2.edu, Z=UndergraduateStudent280@Department2.University2.edu}, {X=http://www.Department2.University2.edu/GraduateStudent12, Y=http://www.Department2.University2.edu, Z=GraduateStudent12@Department2.University2.edu}, {X=http://www.Department2.University2.edu/UndergraduateStudent38, Y=http://www.Department2.University2.edu, Z=UndergraduateStudent38@Department2.University2.edu}, {X=http://www.Department2.University2.edu/UndergraduateStudent93, Y=http://www.Department2.University2.edu, Z=UndergraduateStudent93@Department2.University2.edu}, {X=http://www.Department2.University2.edu/UndergraduateStudent58, Y=http://www.Department2.University2.edu, Z=UndergraduateStudent58@Department2.University2.edu}, {X=http://www.Department2.University2.edu/UndergraduateStudent223, Y=http://www.Department2.University2.edu, Z=UndergraduateStudent223@Department2.University2.edu}, {X=http://www.Department2.University2.edu/UndergraduateStudent146, Y=http://www.Department2.University2.edu, Z=UndergraduateStudent146@Department2.University2.edu}, {X=http://www.Department2.University2.edu/UndergraduateStudent32, Y=http://www.Department2.University2.edu, Z=UndergraduateStudent32@Department2.University2.edu}, {X=http://www.Department2.University2.edu/UndergraduateStudent220, Y=http://www.Department2.University2.edu, Z=UndergraduateStudent220@Department2.University2.edu}, {X=http://www.Department2.University2.edu/GraduateStudent82, Y=http://www.Department2.University2.edu, Z=GraduateStudent82@Department2.University2.edu}, {X=http://www.Department2.University2.edu/UndergraduateStudent286, Y=http://www.Department2.University2.edu, Z=UndergraduateStudent286@Department2.University2.edu}, {X=http://www.Department2.University2.edu/UndergraduateStudent295, Y=http://www.Department2.University2.edu, Z=UndergraduateStudent295@Department2.University2.edu}, {X=http://www.Department2.University2.edu/UndergraduateStudent267, Y=http://www.Department2.University2.edu, Z=UndergraduateStudent267@Department2.University2.edu}, {X=http://www.Department2.University2.edu/UndergraduateStudent34, Y=http://www.Department2.University2.edu, Z=UndergraduateStudent34@Department2.University2.edu}, {X=http://www.Department2.University2.edu/UndergraduateStudent355, Y=http://www.Department2.University2.edu, Z=UndergraduateStudent355@Department2.University2.edu}, {X=http://www.Department2.University2.edu/GraduateStudent4, Y=http://www.Department2.University2.edu, Z=GraduateStudent4@Department2.University2.edu}, {X=http://www.Department2.University2.edu/UndergraduateStudent320, Y=http://www.Department2.University2.edu, Z=UndergraduateStudent320@Department2.University2.edu}, {X=http://www.Department2.University2.edu/UndergraduateStudent321, Y=http://www.Department2.University2.edu, Z=UndergraduateStudent321@Department2.University2.edu}, {X=http://www.Department2.University2.edu/GraduateStudent60, Y=http://www.Department2.University2.edu, Z=GraduateStudent60@Department2.University2.edu}, {X=http://www.Department2.University2.edu/UndergraduateStudent275, Y=http://www.Department2.University2.edu, Z=UndergraduateStudent275@Department2.University2.edu}, {X=http://www.Department2.University2.edu/GraduateStudent26, Y=http://www.Department2.University2.edu, Z=GraduateStudent26@Department2.University2.edu}, {X=http://www.Department2.University2.edu/UndergraduateStudent318, Y=http://www.Department2.University2.edu, Z=UndergraduateStudent318@Department2.University2.edu}, {X=http://www.Department2.University2.edu/UndergraduateStudent57, Y=http://www.Department2.University2.edu, Z=UndergraduateStudent57@Department2.University2.edu}, {X=http://www.Department2.University2.edu/UndergraduateStudent115, Y=http://www.Department2.University2.edu, Z=UndergraduateStudent115@Department2.University2.edu}, {X=http://www.Department2.University2.edu/GraduateStudent106, Y=http://www.Department2.University2.edu, Z=GraduateStudent106@Department2.University2.edu}, {X=http://www.Department2.University2.edu/GraduateStudent38, Y=http://www.Department2.University2.edu, Z=GraduateStudent38@Department2.University2.edu}, {X=http://www.Department2.University2.edu/GraduateStudent34, Y=http://www.Department2.University2.edu, Z=GraduateStudent34@Department2.University2.edu}, {X=http://www.Department2.University2.edu/UndergraduateStudent147, Y=http://www.Department2.University2.edu, Z=UndergraduateStudent147@Department2.University2.edu}, {X=http://www.Department2.University2.edu/UndergraduateStudent46, Y=http://www.Department2.University2.edu, Z=UndergraduateStudent46@Department2.University2.edu}, {X=http://www.Department2.University2.edu/UndergraduateStudent79, Y=http://www.Department2.University2.edu, Z=UndergraduateStudent79@Department2.University2.edu}, {X=http://www.Department2.University2.edu/UndergraduateStudent63, Y=http://www.Department2.University2.edu, Z=UndergraduateStudent63@Department2.University2.edu}, {X=http://www.Department2.University2.edu/UndergraduateStudent336, Y=http://www.Department2.University2.edu, Z=UndergraduateStudent336@Department2.University2.edu}, {X=http://www.Department2.University2.edu/UndergraduateStudent256, Y=http://www.Department2.University2.edu, Z=UndergraduateStudent256@Department2.University2.edu}, {X=http://www.Department2.University2.edu/GraduateStudent42, Y=http://www.Department2.University2.edu, Z=GraduateStudent42@Department2.University2.edu}, {X=http://www.Department2.University2.edu/UndergraduateStudent214, Y=http://www.Department2.University2.edu, Z=UndergraduateStudent214@Department2.University2.edu}, {X=http://www.Department2.University2.edu/GraduateStudent92, Y=http://www.Department2.University2.edu, Z=GraduateStudent92@Department2.University2.edu}, {X=http://www.Department2.University2.edu/UndergraduateStudent313, Y=http://www.Department2.University2.edu, Z=UndergraduateStudent313@Department2.University2.edu}, {X=http://www.Department2.University2.edu/UndergraduateStudent42, Y=http://www.Department2.University2.edu, Z=UndergraduateStudent42@Department2.University2.edu}, {X=http://www.Department2.University2.edu/UndergraduateStudent100, Y=http://www.Department2.University2.edu, Z=UndergraduateStudent100@Department2.University2.edu}, {X=http://www.Department2.University2.edu/UndergraduateStudent83, Y=http://www.Department2.University2.edu, Z=UndergraduateStudent83@Department2.University2.edu}, {X=http://www.Department2.University2.edu/UndergraduateStudent69, Y=http://www.Department2.University2.edu, Z=UndergraduateStudent69@Department2.University2.edu}, {X=http://www.Department2.University2.edu/GraduateStudent91, Y=http://www.Department2.University2.edu, Z=GraduateStudent91@Department2.University2.edu}, {X=http://www.Department2.University2.edu/UndergraduateStudent111, Y=http://www.Department2.University2.edu, Z=UndergraduateStudent111@Department2.University2.edu}, {X=http://www.Department2.University2.edu/UndergraduateStudent20, Y=http://www.Department2.University2.edu, Z=UndergraduateStudent20@Department2.University2.edu}, {X=http://www.Department2.University2.edu/UndergraduateStudent87, Y=http://www.Department2.University2.edu, Z=UndergraduateStudent87@Department2.University2.edu}, {X=http://www.Department2.University2.edu/UndergraduateStudent190, Y=http://www.Department2.University2.edu, Z=UndergraduateStudent190@Department2.University2.edu}, {X=http://www.Department2.University2.edu/UndergraduateStudent189, Y=http://www.Department2.University2.edu, Z=UndergraduateStudent189@Department2.University2.edu}, {X=http://www.Department2.University2.edu/UndergraduateStudent5, Y=http://www.Department2.University2.edu, Z=UndergraduateStudent5@Department2.University2.edu}, {X=http://www.Department2.University2.edu/GraduateStudent30, Y=http://www.Department2.University2.edu, Z=GraduateStudent30@Department2.University2.edu}, {X=http://www.Department2.University2.edu/GraduateStudent32, Y=http://www.Department2.University2.edu, Z=GraduateStudent32@Department2.University2.edu}, {X=http://www.Department2.University2.edu/UndergraduateStudent331, Y=http://www.Department2.University2.edu, Z=UndergraduateStudent331@Department2.University2.edu}, {X=http://www.Department2.University2.edu/GraduateStudent65, Y=http://www.Department2.University2.edu, Z=GraduateStudent65@Department2.University2.edu}, {X=http://www.Department2.University2.edu/UndergraduateStudent226, Y=http://www.Department2.University2.edu, Z=UndergraduateStudent226@Department2.University2.edu}, {X=http://www.Department2.University2.edu/UndergraduateStudent44, Y=http://www.Department2.University2.edu, Z=UndergraduateStudent44@Department2.University2.edu}, {X=http://www.Department2.University2.edu/UndergraduateStudent132, Y=http://www.Department2.University2.edu, Z=UndergraduateStudent132@Department2.University2.edu}, {X=http://www.Department2.University2.edu/UndergraduateStudent33, Y=http://www.Department2.University2.edu, Z=UndergraduateStudent33@Department2.University2.edu}, {X=http://www.Department2.University2.edu/GraduateStudent7, Y=http://www.Department2.University2.edu, Z=GraduateStudent7@Department2.University2.edu}, {X=http://www.Department2.University2.edu/UndergraduateStudent166, Y=http://www.Department2.University2.edu, Z=UndergraduateStudent166@Department2.University2.edu}, {X=http://www.Department2.University2.edu/UndergraduateStudent74, Y=http://www.Department2.University2.edu, Z=UndergraduateStudent74@Department2.University2.edu}, {X=http://www.Department2.University2.edu/UndergraduateStudent207, Y=http://www.Department2.University2.edu, Z=UndergraduateStudent207@Department2.University2.edu}, {X=http://www.Department2.University2.edu/UndergraduateStudent244, Y=http://www.Department2.University2.edu, Z=UndergraduateStudent244@Department2.University2.edu}, {X=http://www.Department2.University2.edu/UndergraduateStudent175, Y=http://www.Department2.University2.edu, Z=UndergraduateStudent175@Department2.University2.edu}, {X=http://www.Department2.University2.edu/UndergraduateStudent45, Y=http://www.Department2.University2.edu, Z=UndergraduateStudent45@Department2.University2.edu}, {X=http://www.Department2.University2.edu/UndergraduateStudent127, Y=http://www.Department2.University2.edu, Z=UndergraduateStudent127@Department2.University2.edu}, {X=http://www.Department2.University2.edu/GraduateStudent93, Y=http://www.Department2.University2.edu, Z=GraduateStudent93@Department2.University2.edu}, {X=http://www.Department2.University2.edu/UndergraduateStudent8, Y=http://www.Department2.University2.edu, Z=UndergraduateStudent8@Department2.University2.edu}, {X=http://www.Department2.University2.edu/UndergraduateStudent53, Y=http://www.Department2.University2.edu, Z=UndergraduateStudent53@Department2.University2.edu}, {X=http://www.Department2.University2.edu/UndergraduateStudent200, Y=http://www.Department2.University2.edu, Z=UndergraduateStudent200@Department2.University2.edu}, {X=http://www.Department2.University2.edu/UndergraduateStudent232, Y=http://www.Department2.University2.edu, Z=UndergraduateStudent232@Department2.University2.edu}, {X=http://www.Department2.University2.edu/UndergraduateStudent273, Y=http://www.Department2.University2.edu, Z=UndergraduateStudent273@Department2.University2.edu}, {X=http://www.Department2.University2.edu/GraduateStudent79, Y=http://www.Department2.University2.edu, Z=GraduateStudent79@Department2.University2.edu}, {X=http://www.Department2.University2.edu/GraduateStudent94, Y=http://www.Department2.University2.edu, Z=GraduateStudent94@Department2.University2.edu}, {X=http://www.Department2.University2.edu/GraduateStudent95, Y=http://www.Department2.University2.edu, Z=GraduateStudent95@Department2.University2.edu}, {X=http://www.Department2.University2.edu/UndergraduateStudent353, Y=http://www.Department2.University2.edu, Z=UndergraduateStudent353@Department2.University2.edu}, {X=http://www.Department2.University2.edu/UndergraduateStudent18, Y=http://www.Department2.University2.edu, Z=UndergraduateStudent18@Department2.University2.edu}, {X=http://www.Department2.University2.edu/GraduateStudent110, Y=http://www.Department2.University2.edu, Z=GraduateStudent110@Department2.University2.edu}, {X=http://www.Department2.University2.edu/UndergraduateStudent334, Y=http://www.Department2.University2.edu, Z=UndergraduateStudent334@Department2.University2.edu}, {X=http://www.Department2.University2.edu/UndergraduateStudent27, Y=http://www.Department2.University2.edu, Z=UndergraduateStudent27@Department2.University2.edu}, {X=http://www.Department2.University2.edu/UndergraduateStudent250, Y=http://www.Department2.University2.edu, Z=UndergraduateStudent250@Department2.University2.edu}, {X=http://www.Department2.University2.edu/UndergraduateStudent30, Y=http://www.Department2.University2.edu, Z=UndergraduateStudent30@Department2.University2.edu}, {X=http://www.Department2.University2.edu/UndergraduateStudent289, Y=http://www.Department2.University2.edu, Z=UndergraduateStudent289@Department2.University2.edu}, {X=http://www.Department2.University2.edu/UndergraduateStudent257, Y=http://www.Department2.University2.edu, Z=UndergraduateStudent257@Department2.University2.edu}, {X=http://www.Department2.University2.edu/UndergraduateStudent155, Y=http://www.Department2.University2.edu, Z=UndergraduateStudent155@Department2.University2.edu}, {X=http://www.Department2.University2.edu/UndergraduateStudent327, Y=http://www.Department2.University2.edu, Z=UndergraduateStudent327@Department2.University2.edu}, {X=http://www.Department2.University2.edu/UndergraduateStudent66, Y=http://www.Department2.University2.edu, Z=UndergraduateStudent66@Department2.University2.edu}, {X=http://www.Department2.University2.edu/UndergraduateStudent229, Y=http://www.Department2.University2.edu, Z=UndergraduateStudent229@Department2.University2.edu}, {X=http://www.Department2.University2.edu/UndergraduateStudent346, Y=http://www.Department2.University2.edu, Z=UndergraduateStudent346@Department2.University2.edu}, {X=http://www.Department2.University2.edu/UndergraduateStudent180, Y=http://www.Department2.University2.edu, Z=UndergraduateStudent180@Department2.University2.edu}, {X=http://www.Department2.University2.edu/GraduateStudent105, Y=http://www.Department2.University2.edu, Z=GraduateStudent105@Department2.University2.edu}, {X=http://www.Department2.University2.edu/GraduateStudent77, Y=http://www.Department2.University2.edu, Z=GraduateStudent77@Department2.University2.edu}, {X=http://www.Department2.University2.edu/UndergraduateStudent17, Y=http://www.Department2.University2.edu, Z=UndergraduateStudent17@Department2.University2.edu}, {X=http://www.Department2.University2.edu/GraduateStudent78, Y=http://www.Department2.University2.edu, Z=GraduateStudent78@Department2.University2.edu}, {X=http://www.Department2.University2.edu/UndergraduateStudent81, Y=http://www.Department2.University2.edu, Z=UndergraduateStudent81@Department2.University2.edu}, {X=http://www.Department2.University2.edu/UndergraduateStudent228, Y=http://www.Department2.University2.edu, Z=UndergraduateStudent228@Department2.University2.edu}, {X=http://www.Department2.University2.edu/UndergraduateStudent49, Y=http://www.Department2.University2.edu, Z=UndergraduateStudent49@Department2.University2.edu}, {X=http://www.Department2.University2.edu/GraduateStudent45, Y=http://www.Department2.University2.edu, Z=GraduateStudent45@Department2.University2.edu}, {X=http://www.Department2.University2.edu/UndergraduateStudent216, Y=http://www.Department2.University2.edu, Z=UndergraduateStudent216@Department2.University2.edu}, {X=http://www.Department2.University2.edu/UndergraduateStudent142, Y=http://www.Department2.University2.edu, Z=UndergraduateStudent142@Department2.University2.edu}, {X=http://www.Department2.University2.edu/UndergraduateStudent261, Y=http://www.Department2.University2.edu, Z=UndergraduateStudent261@Department2.University2.edu}, {X=http://www.Department2.University2.edu/GraduateStudent11, Y=http://www.Department2.University2.edu, Z=GraduateStudent11@Department2.University2.edu}, {X=http://www.Department2.University2.edu/UndergraduateStudent168, Y=http://www.Department2.University2.edu, Z=UndergraduateStudent168@Department2.University2.edu}, {X=http://www.Department2.University2.edu/UndergraduateStudent0, Y=http://www.Department2.University2.edu, Z=UndergraduateStudent0@Department2.University2.edu}, {X=http://www.Department2.University2.edu/UndergraduateStudent345, Y=http://www.Department2.University2.edu, Z=UndergraduateStudent345@Department2.University2.edu}, {X=http://www.Department2.University2.edu/UndergraduateStudent266, Y=http://www.Department2.University2.edu, Z=UndergraduateStudent266@Department2.University2.edu}, {X=http://www.Department2.University2.edu/GraduateStudent18, Y=http://www.Department2.University2.edu, Z=GraduateStudent18@Department2.University2.edu}, {X=http://www.Department2.University2.edu/GraduateStudent6, Y=http://www.Department2.University2.edu, Z=GraduateStudent6@Department2.University2.edu}, {X=http://www.Department2.University2.edu/UndergraduateStudent110, Y=http://www.Department2.University2.edu, Z=UndergraduateStudent110@Department2.University2.edu}, {X=http://www.Department2.University2.edu/UndergraduateStudent198, Y=http://www.Department2.University2.edu, Z=UndergraduateStudent198@Department2.University2.edu}, {X=http://www.Department2.University2.edu/UndergraduateStudent195, Y=http://www.Department2.University2.edu, Z=UndergraduateStudent195@Department2.University2.edu}, {X=http://www.Department2.University2.edu/UndergraduateStudent260, Y=http://www.Department2.University2.edu, Z=UndergraduateStudent260@Department2.University2.edu}, {X=http://www.Department2.University2.edu/UndergraduateStudent307, Y=http://www.Department2.University2.edu, Z=UndergraduateStudent307@Department2.University2.edu}, {X=http://www.Department2.University2.edu/UndergraduateStudent296, Y=http://www.Department2.University2.edu, Z=UndergraduateStudent296@Department2.University2.edu}, {X=http://www.Department2.University2.edu/GraduateStudent13, Y=http://www.Department2.University2.edu, Z=GraduateStudent13@Department2.University2.edu}, {X=http://www.Department2.University2.edu/UndergraduateStudent314, Y=http://www.Department2.University2.edu, Z=UndergraduateStudent314@Department2.University2.edu}, {X=http://www.Department2.University2.edu/UndergraduateStudent344, Y=http://www.Department2.University2.edu, Z=UndergraduateStudent344@Department2.University2.edu}, {X=http://www.Department2.University2.edu/UndergraduateStudent22, Y=http://www.Department2.University2.edu, Z=UndergraduateStudent22@Department2.University2.edu}, {X=http://www.Department2.University2.edu/UndergraduateStudent108, Y=http://www.Department2.University2.edu, Z=UndergraduateStudent108@Department2.University2.edu}, {X=http://www.Department2.University2.edu/UndergraduateStudent170, Y=http://www.Department2.University2.edu, Z=UndergraduateStudent170@Department2.University2.edu}, {X=http://www.Department2.University2.edu/UndergraduateStudent103, Y=http://www.Department2.University2.edu, Z=UndergraduateStudent103@Department2.University2.edu}, {X=http://www.Department2.University2.edu/UndergraduateStudent304, Y=http://www.Department2.University2.edu, Z=UndergraduateStudent304@Department2.University2.edu}, {X=http://www.Department2.University2.edu/GraduateStudent36, Y=http://www.Department2.University2.edu, Z=GraduateStudent36@Department2.University2.edu}, {X=http://www.Department2.University2.edu/UndergraduateStudent230, Y=http://www.Department2.University2.edu, Z=UndergraduateStudent230@Department2.University2.edu}, {X=http://www.Department2.University2.edu/UndergraduateStudent41, Y=http://www.Department2.University2.edu, Z=UndergraduateStudent41@Department2.University2.edu}, {X=http://www.Department2.University2.edu/UndergraduateStudent131, Y=http://www.Department2.University2.edu, Z=UndergraduateStudent131@Department2.University2.edu}, {X=http://www.Department2.University2.edu/UndergraduateStudent255, Y=http://www.Department2.University2.edu, Z=UndergraduateStudent255@Department2.University2.edu}, {X=http://www.Department2.University2.edu/GraduateStudent74, Y=http://www.Department2.University2.edu, Z=GraduateStudent74@Department2.University2.edu}, {X=http://www.Department2.University2.edu/GraduateStudent114, Y=http://www.Department2.University2.edu, Z=GraduateStudent114@Department2.University2.edu}, {X=http://www.Department2.University2.edu/UndergraduateStudent290, Y=http://www.Department2.University2.edu, Z=UndergraduateStudent290@Department2.University2.edu}, {X=http://www.Department2.University2.edu/UndergraduateStudent86, Y=http://www.Department2.University2.edu, Z=UndergraduateStudent86@Department2.University2.edu}, {X=http://www.Department2.University2.edu/UndergraduateStudent235, Y=http://www.Department2.University2.edu, Z=UndergraduateStudent235@Department2.University2.edu}, {X=http://www.Department2.University2.edu/GraduateStudent14, Y=http://www.Department2.University2.edu, Z=GraduateStudent14@Department2.University2.edu}, {X=http://www.Department2.University2.edu/UndergraduateStudent188, Y=http://www.Department2.University2.edu, Z=UndergraduateStudent188@Department2.University2.edu}, {X=http://www.Department2.University2.edu/UndergraduateStudent203, Y=http://www.Department2.University2.edu, Z=UndergraduateStudent203@Department2.University2.edu}, {X=http://www.Department2.University2.edu/UndergraduateStudent15, Y=http://www.Department2.University2.edu, Z=UndergraduateStudent15@Department2.University2.edu}, {X=http://www.Department2.University2.edu/UndergraduateStudent276, Y=http://www.Department2.University2.edu, Z=UndergraduateStudent276@Department2.University2.edu}, {X=http://www.Department2.University2.edu/UndergraduateStudent62, Y=http://www.Department2.University2.edu, Z=UndergraduateStudent62@Department2.University2.edu}, {X=http://www.Department2.University2.edu/UndergraduateStudent82, Y=http://www.Department2.University2.edu, Z=UndergraduateStudent82@Department2.University2.edu}, {X=http://www.Department2.University2.edu/UndergraduateStudent215, Y=http://www.Department2.University2.edu, Z=UndergraduateStudent215@Department2.University2.edu}, {X=http://www.Department2.University2.edu/UndergraduateStudent217, Y=http://www.Department2.University2.edu, Z=UndergraduateStudent217@Department2.University2.edu}, {X=http://www.Department2.University2.edu/UndergraduateStudent112, Y=http://www.Department2.University2.edu, Z=UndergraduateStudent112@Department2.University2.edu}, {X=http://www.Department2.University2.edu/GraduateStudent113, Y=http://www.Department2.University2.edu, Z=GraduateStudent113@Department2.University2.edu}, {X=http://www.Department2.University2.edu/UndergraduateStudent106, Y=http://www.Department2.University2.edu, Z=UndergraduateStudent106@Department2.University2.edu}, {X=http://www.Department2.University2.edu/GraduateStudent47, Y=http://www.Department2.University2.edu, Z=GraduateStudent47@Department2.University2.edu}, {X=http://www.Department2.University2.edu/UndergraduateStudent259, Y=http://www.Department2.University2.edu, Z=UndergraduateStudent259@Department2.University2.edu}, {X=http://www.Department2.University2.edu/UndergraduateStudent12, Y=http://www.Department2.University2.edu, Z=UndergraduateStudent12@Department2.University2.edu}, {X=http://www.Department2.University2.edu/GraduateStudent104, Y=http://www.Department2.University2.edu, Z=GraduateStudent104@Department2.University2.edu}, {X=http://www.Department2.University2.edu/UndergraduateStudent23, Y=http://www.Department2.University2.edu, Z=UndergraduateStudent23@Department2.University2.edu}, {X=http://www.Department2.University2.edu/GraduateStudent124, Y=http://www.Department2.University2.edu, Z=GraduateStudent124@Department2.University2.edu}, {X=http://www.Department2.University2.edu/UndergraduateStudent6, Y=http://www.Department2.University2.edu, Z=UndergraduateStudent6@Department2.University2.edu}, {X=http://www.Department2.University2.edu/UndergraduateStudent206, Y=http://www.Department2.University2.edu, Z=UndergraduateStudent206@Department2.University2.edu}, {X=http://www.Department2.University2.edu/GraduateStudent117, Y=http://www.Department2.University2.edu, Z=GraduateStudent117@Department2.University2.edu}, {X=http://www.Department2.University2.edu/UndergraduateStudent315, Y=http://www.Department2.University2.edu, Z=UndergraduateStudent315@Department2.University2.edu}, {X=http://www.Department2.University2.edu/UndergraduateStudent172, Y=http://www.Department2.University2.edu, Z=UndergraduateStudent172@Department2.University2.edu}, {X=http://www.Department2.University2.edu/UndergraduateStudent145, Y=http://www.Department2.University2.edu, Z=UndergraduateStudent145@Department2.University2.edu}, {X=http://www.Department2.University2.edu/UndergraduateStudent252, Y=http://www.Department2.University2.edu, Z=UndergraduateStudent252@Department2.University2.edu}, {X=http://www.Department2.University2.edu/UndergraduateStudent199, Y=http://www.Department2.University2.edu, Z=UndergraduateStudent199@Department2.University2.edu}, {X=http://www.Department2.University2.edu/UndergraduateStudent192, Y=http://www.Department2.University2.edu, Z=UndergraduateStudent192@Department2.University2.edu}, {X=http://www.Department2.University2.edu/GraduateStudent57, Y=http://www.Department2.University2.edu, Z=GraduateStudent57@Department2.University2.edu}, {X=http://www.Department2.University2.edu/GraduateStudent101, Y=http://www.Department2.University2.edu, Z=GraduateStudent101@Department2.University2.edu}, {X=http://www.Department2.University2.edu/UndergraduateStudent26, Y=http://www.Department2.University2.edu, Z=UndergraduateStudent26@Department2.University2.edu}, {X=http://www.Department2.University2.edu/UndergraduateStudent173, Y=http://www.Department2.University2.edu, Z=UndergraduateStudent173@Department2.University2.edu}, {X=http://www.Department2.University2.edu/GraduateStudent103, Y=http://www.Department2.University2.edu, Z=GraduateStudent103@Department2.University2.edu}, {X=http://www.Department2.University2.edu/UndergraduateStudent160, Y=http://www.Department2.University2.edu, Z=UndergraduateStudent160@Department2.University2.edu}, {X=http://www.Department2.University2.edu/UndergraduateStudent184, Y=http://www.Department2.University2.edu, Z=UndergraduateStudent184@Department2.University2.edu}, {X=http://www.Department2.University2.edu/UndergraduateStudent326, Y=http://www.Department2.University2.edu, Z=UndergraduateStudent326@Department2.University2.edu}, {X=http://www.Department2.University2.edu/GraduateStudent33, Y=http://www.Department2.University2.edu, Z=GraduateStudent33@Department2.University2.edu}, {X=http://www.Department2.University2.edu/GraduateStudent111, Y=http://www.Department2.University2.edu, Z=GraduateStudent111@Department2.University2.edu}, {X=http://www.Department2.University2.edu/UndergraduateStudent271, Y=http://www.Department2.University2.edu, Z=UndergraduateStudent271@Department2.University2.edu}, {X=http://www.Department2.University2.edu/UndergraduateStudent287, Y=http://www.Department2.University2.edu, Z=UndergraduateStudent287@Department2.University2.edu}, {X=http://www.Department2.University2.edu/GraduateStudent88, Y=http://www.Department2.University2.edu, Z=GraduateStudent88@Department2.University2.edu}, {X=http://www.Department2.University2.edu/UndergraduateStudent80, Y=http://www.Department2.University2.edu, Z=UndergraduateStudent80@Department2.University2.edu}, {X=http://www.Department2.University2.edu/UndergraduateStudent359, Y=http://www.Department2.University2.edu, Z=UndergraduateStudent359@Department2.University2.edu}, {X=http://www.Department2.University2.edu/GraduateStudent123, Y=http://www.Department2.University2.edu, Z=GraduateStudent123@Department2.University2.edu}, {X=http://www.Department2.University2.edu/GraduateStudent116, Y=http://www.Department2.University2.edu, Z=GraduateStudent116@Department2.University2.edu}, {X=http://www.Department2.University2.edu/UndergraduateStudent239, Y=http://www.Department2.University2.edu, Z=UndergraduateStudent239@Department2.University2.edu}, {X=http://www.Department2.University2.edu/GraduateStudent68, Y=http://www.Department2.University2.edu, Z=GraduateStudent68@Department2.University2.edu}, {X=http://www.Department2.University2.edu/UndergraduateStudent96, Y=http://www.Department2.University2.edu, Z=UndergraduateStudent96@Department2.University2.edu}, {X=http://www.Department2.University2.edu/UndergraduateStudent178, Y=http://www.Department2.University2.edu, Z=UndergraduateStudent178@Department2.University2.edu}, {X=http://www.Department2.University2.edu/UndergraduateStudent157, Y=http://www.Department2.University2.edu, Z=UndergraduateStudent157@Department2.University2.edu}, {X=http://www.Department2.University2.edu/UndergraduateStudent105, Y=http://www.Department2.University2.edu, Z=UndergraduateStudent105@Department2.University2.edu}, {X=http://www.Department2.University2.edu/GraduateStudent122, Y=http://www.Department2.University2.edu, Z=GraduateStudent122@Department2.University2.edu}, {X=http://www.Department2.University2.edu/UndergraduateStudent50, Y=http://www.Department2.University2.edu, Z=UndergraduateStudent50@Department2.University2.edu}, {X=http://www.Department2.University2.edu/UndergraduateStudent316, Y=http://www.Department2.University2.edu, Z=UndergraduateStudent316@Department2.University2.edu}, {X=http://www.Department2.University2.edu/UndergraduateStudent303, Y=http://www.Department2.University2.edu, Z=UndergraduateStudent303@Department2.University2.edu}, {X=http://www.Department2.University2.edu/UndergraduateStudent181, Y=http://www.Department2.University2.edu, Z=UndergraduateStudent181@Department2.University2.edu}, {X=http://www.Department2.University2.edu/UndergraduateStudent301, Y=http://www.Department2.University2.edu, Z=UndergraduateStudent301@Department2.University2.edu}, {X=http://www.Department2.University2.edu/UndergraduateStudent243, Y=http://www.Department2.University2.edu, Z=UndergraduateStudent243@Department2.University2.edu}, {X=http://www.Department2.University2.edu/UndergraduateStudent120, Y=http://www.Department2.University2.edu, Z=UndergraduateStudent120@Department2.University2.edu}, {X=http://www.Department2.University2.edu/UndergraduateStudent14, Y=http://www.Department2.University2.edu, Z=UndergraduateStudent14@Department2.University2.edu}, {X=http://www.Department2.University2.edu/GraduateStudent126, Y=http://www.Department2.University2.edu, Z=GraduateStudent126@Department2.University2.edu}, {X=http://www.Department2.University2.edu/GraduateStudent9, Y=http://www.Department2.University2.edu, Z=GraduateStudent9@Department2.University2.edu}, {X=http://www.Department2.University2.edu/GraduateStudent31, Y=http://www.Department2.University2.edu, Z=GraduateStudent31@Department2.University2.edu}, {X=http://www.Department2.University2.edu/UndergraduateStudent205, Y=http://www.Department2.University2.edu, Z=UndergraduateStudent205@Department2.University2.edu}, {X=http://www.Department2.University2.edu/UndergraduateStudent347, Y=http://www.Department2.University2.edu, Z=UndergraduateStudent347@Department2.University2.edu}, {X=http://www.Department2.University2.edu/UndergraduateStudent133, Y=http://www.Department2.University2.edu, Z=UndergraduateStudent133@Department2.University2.edu}, {X=http://www.Department2.University2.edu/UndergraduateStudent136, Y=http://www.Department2.University2.edu, Z=UndergraduateStudent136@Department2.University2.edu}, {X=http://www.Department2.University2.edu/UndergraduateStudent40, Y=http://www.Department2.University2.edu, Z=UndergraduateStudent40@Department2.University2.edu}, {X=http://www.Department2.University2.edu/GraduateStudent109, Y=http://www.Department2.University2.edu, Z=GraduateStudent109@Department2.University2.edu}, {X=http://www.Department2.University2.edu/UndergraduateStudent325, Y=http://www.Department2.University2.edu, Z=UndergraduateStudent325@Department2.University2.edu}, {X=http://www.Department2.University2.edu/UndergraduateStudent210, Y=http://www.Department2.University2.edu, Z=UndergraduateStudent210@Department2.University2.edu}, {X=http://www.Department2.University2.edu/UndergraduateStudent139, Y=http://www.Department2.University2.edu, Z=UndergraduateStudent139@Department2.University2.edu}, {X=http://www.Department2.University2.edu/GraduateStudent99, Y=http://www.Department2.University2.edu, Z=GraduateStudent99@Department2.University2.edu}, {X=http://www.Department2.University2.edu/UndergraduateStudent114, Y=http://www.Department2.University2.edu, Z=UndergraduateStudent114@Department2.University2.edu}, {X=http://www.Department2.University2.edu/GraduateStudent50, Y=http://www.Department2.University2.edu, Z=GraduateStudent50@Department2.University2.edu}, {X=http://www.Department2.University2.edu/UndergraduateStudent298, Y=http://www.Department2.University2.edu, Z=UndergraduateStudent298@Department2.University2.edu}, {X=http://www.Department2.University2.edu/UndergraduateStudent31, Y=http://www.Department2.University2.edu, Z=UndergraduateStudent31@Department2.University2.edu}, {X=http://www.Department2.University2.edu/UndergraduateStudent60, Y=http://www.Department2.University2.edu, Z=UndergraduateStudent60@Department2.University2.edu}, {X=http://www.Department2.University2.edu/UndergraduateStudent249, Y=http://www.Department2.University2.edu, Z=UndergraduateStudent249@Department2.University2.edu}, {X=http://www.Department2.University2.edu/UndergraduateStudent149, Y=http://www.Department2.University2.edu, Z=UndergraduateStudent149@Department2.University2.edu}, {X=http://www.Department2.University2.edu/UndergraduateStudent352, Y=http://www.Department2.University2.edu, Z=UndergraduateStudent352@Department2.University2.edu}, {X=http://www.Department2.University2.edu/UndergraduateStudent236, Y=http://www.Department2.University2.edu, Z=UndergraduateStudent236@Department2.University2.edu}, {X=http://www.Department2.University2.edu/UndergraduateStudent211, Y=http://www.Department2.University2.edu, Z=UndergraduateStudent211@Department2.University2.edu}, {X=http://www.Department2.University2.edu/GraduateStudent96, Y=http://www.Department2.University2.edu, Z=GraduateStudent96@Department2.University2.edu}, {X=http://www.Department2.University2.edu/UndergraduateStudent107, Y=http://www.Department2.University2.edu, Z=UndergraduateStudent107@Department2.University2.edu}, {X=http://www.Department2.University2.edu/GraduateStudent52, Y=http://www.Department2.University2.edu, Z=GraduateStudent52@Department2.University2.edu}, {X=http://www.Department2.University2.edu/GraduateStudent85, Y=http://www.Department2.University2.edu, Z=GraduateStudent85@Department2.University2.edu}, {X=http://www.Department2.University2.edu/UndergraduateStudent54, Y=http://www.Department2.University2.edu, Z=UndergraduateStudent54@Department2.University2.edu}, {X=http://www.Department2.University2.edu/GraduateStudent56, Y=http://www.Department2.University2.edu, Z=GraduateStudent56@Department2.University2.edu}, {X=http://www.Department2.University2.edu/UndergraduateStudent237, Y=http://www.Department2.University2.edu, Z=UndergraduateStudent237@Department2.University2.edu}, {X=http://www.Department2.University2.edu/UndergraduateStudent306, Y=http://www.Department2.University2.edu, Z=UndergraduateStudent306@Department2.University2.edu}, {X=http://www.Department2.University2.edu/GraduateStudent62, Y=http://www.Department2.University2.edu, Z=GraduateStudent62@Department2.University2.edu}, {X=http://www.Department2.University2.edu/GraduateStudent40, Y=http://www.Department2.University2.edu, Z=GraduateStudent40@Department2.University2.edu}, {X=http://www.Department2.University2.edu/GraduateStudent84, Y=http://www.Department2.University2.edu, Z=GraduateStudent84@Department2.University2.edu}, {X=http://www.Department2.University2.edu/UndergraduateStudent340, Y=http://www.Department2.University2.edu, Z=UndergraduateStudent340@Department2.University2.edu}, {X=http://www.Department2.University2.edu/UndergraduateStudent67, Y=http://www.Department2.University2.edu, Z=UndergraduateStudent67@Department2.University2.edu}, {X=http://www.Department2.University2.edu/UndergraduateStudent70, Y=http://www.Department2.University2.edu, Z=UndergraduateStudent70@Department2.University2.edu}, {X=http://www.Department2.University2.edu/UndergraduateStudent299, Y=http://www.Department2.University2.edu, Z=UndergraduateStudent299@Department2.University2.edu}, {X=http://www.Department2.University2.edu/UndergraduateStudent129, Y=http://www.Department2.University2.edu, Z=UndergraduateStudent129@Department2.University2.edu}, {X=http://www.Department2.University2.edu/UndergraduateStudent161, Y=http://www.Department2.University2.edu, Z=UndergraduateStudent161@Department2.University2.edu}, {X=http://www.Department2.University2.edu/UndergraduateStudent10, Y=http://www.Department2.University2.edu, Z=UndergraduateStudent10@Department2.University2.edu}, {X=http://www.Department2.University2.edu/UndergraduateStudent348, Y=http://www.Department2.University2.edu, Z=UndergraduateStudent348@Department2.University2.edu}, {X=http://www.Department2.University2.edu/UndergraduateStudent357, Y=http://www.Department2.University2.edu, Z=UndergraduateStudent357@Department2.University2.edu}, {X=http://www.Department2.University2.edu/GraduateStudent17, Y=http://www.Department2.University2.edu, Z=GraduateStudent17@Department2.University2.edu}, {X=http://www.Department2.University2.edu/UndergraduateStudent59, Y=http://www.Department2.University2.edu, Z=UndergraduateStudent59@Department2.University2.edu}, {X=http://www.Department2.University2.edu/UndergraduateStudent209, Y=http://www.Department2.University2.edu, Z=UndergraduateStudent209@Department2.University2.edu}, {X=http://www.Department2.University2.edu/UndergraduateStudent1, Y=http://www.Department2.University2.edu, Z=UndergraduateStudent1@Department2.University2.edu}, {X=http://www.Department2.University2.edu/UndergraduateStudent104, Y=http://www.Department2.University2.edu, Z=UndergraduateStudent104@Department2.University2.edu}, {X=http://www.Department2.University2.edu/GraduateStudent80, Y=http://www.Department2.University2.edu, Z=GraduateStudent80@Department2.University2.edu}, {X=http://www.Department2.University2.edu/UndergraduateStudent337, Y=http://www.Department2.University2.edu, Z=UndergraduateStudent337@Department2.University2.edu}, {X=http://www.Department2.University2.edu/GraduateStudent67, Y=http://www.Department2.University2.edu, Z=GraduateStudent67@Department2.University2.edu}, {X=http://www.Department2.University2.edu/UndergraduateStudent43, Y=http://www.Department2.University2.edu, Z=UndergraduateStudent43@Department2.University2.edu}, {X=http://www.Department2.University2.edu/GraduateStudent41, Y=http://www.Department2.University2.edu, Z=GraduateStudent41@Department2.University2.edu}, {X=http://www.Department2.University2.edu/UndergraduateStudent102, Y=http://www.Department2.University2.edu, Z=UndergraduateStudent102@Department2.University2.edu}, {X=http://www.Department2.University2.edu/UndergraduateStudent117, Y=http://www.Department2.University2.edu, Z=UndergraduateStudent117@Department2.University2.edu}, {X=http://www.Department2.University2.edu/UndergraduateStudent182, Y=http://www.Department2.University2.edu, Z=UndergraduateStudent182@Department2.University2.edu}, {X=http://www.Department2.University2.edu/UndergraduateStudent324, Y=http://www.Department2.University2.edu, Z=UndergraduateStudent324@Department2.University2.edu}, {X=http://www.Department2.University2.edu/UndergraduateStudent51, Y=http://www.Department2.University2.edu, Z=UndergraduateStudent51@Department2.University2.edu}, {X=http://www.Department2.University2.edu/GraduateStudent107, Y=http://www.Department2.University2.edu, Z=GraduateStudent107@Department2.University2.edu}, {X=http://www.Department2.University2.edu/UndergraduateStudent119, Y=http://www.Department2.University2.edu, Z=UndergraduateStudent119@Department2.University2.edu}, {X=http://www.Department2.University2.edu/GraduateStudent58, Y=http://www.Department2.University2.edu, Z=GraduateStudent58@Department2.University2.edu}, {X=http://www.Department2.University2.edu/UndergraduateStudent274, Y=http://www.Department2.University2.edu, Z=UndergraduateStudent274@Department2.University2.edu}, {X=http://www.Department2.University2.edu/UndergraduateStudent258, Y=http://www.Department2.University2.edu, Z=UndergraduateStudent258@Department2.University2.edu}, {X=http://www.Department2.University2.edu/UndergraduateStudent177, Y=http://www.Department2.University2.edu, Z=UndergraduateStudent177@Department2.University2.edu}, {X=http://www.Department2.University2.edu/GraduateStudent75, Y=http://www.Department2.University2.edu, Z=GraduateStudent75@Department2.University2.edu}, {X=http://www.Department2.University2.edu/UndergraduateStudent140, Y=http://www.Department2.University2.edu, Z=UndergraduateStudent140@Department2.University2.edu}, {X=http://www.Department2.University2.edu/UndergraduateStudent101, Y=http://www.Department2.University2.edu, Z=UndergraduateStudent101@Department2.University2.edu}, {X=http://www.Department2.University2.edu/UndergraduateStudent90, Y=http://www.Department2.University2.edu, Z=UndergraduateStudent90@Department2.University2.edu}, {X=http://www.Department2.University2.edu/UndergraduateStudent135, Y=http://www.Department2.University2.edu, Z=UndergraduateStudent135@Department2.University2.edu}, {X=http://www.Department2.University2.edu/GraduateStudent35, Y=http://www.Department2.University2.edu, Z=GraduateStudent35@Department2.University2.edu}, {X=http://www.Department2.University2.edu/GraduateStudent71, Y=http://www.Department2.University2.edu, Z=GraduateStudent71@Department2.University2.edu}, {X=http://www.Department2.University2.edu/UndergraduateStudent312, Y=http://www.Department2.University2.edu, Z=UndergraduateStudent312@Department2.University2.edu}, {X=http://www.Department2.University2.edu/UndergraduateStudent186, Y=http://www.Department2.University2.edu, Z=UndergraduateStudent186@Department2.University2.edu}, {X=http://www.Department2.University2.edu/UndergraduateStudent341, Y=http://www.Department2.University2.edu, Z=UndergraduateStudent341@Department2.University2.edu}, {X=http://www.Department2.University2.edu/UndergraduateStudent342, Y=http://www.Department2.University2.edu, Z=UndergraduateStudent342@Department2.University2.edu}, {X=http://www.Department2.University2.edu/UndergraduateStudent158, Y=http://www.Department2.University2.edu, Z=UndergraduateStudent158@Department2.University2.edu}, {X=http://www.Department2.University2.edu/UndergraduateStudent171, Y=http://www.Department2.University2.edu, Z=UndergraduateStudent171@Department2.University2.edu}, {X=http://www.Department2.University2.edu/UndergraduateStudent300, Y=http://www.Department2.University2.edu, Z=UndergraduateStudent300@Department2.University2.edu}, {X=http://www.Department2.University2.edu/UndergraduateStudent165, Y=http://www.Department2.University2.edu, Z=UndergraduateStudent165@Department2.University2.edu}, {X=http://www.Department2.University2.edu/UndergraduateStudent151, Y=http://www.Department2.University2.edu, Z=UndergraduateStudent151@Department2.University2.edu}, {X=http://www.Department2.University2.edu/UndergraduateStudent88, Y=http://www.Department2.University2.edu, Z=UndergraduateStudent88@Department2.University2.edu}, {X=http://www.Department2.University2.edu/UndergraduateStudent194, Y=http://www.Department2.University2.edu, Z=UndergraduateStudent194@Department2.University2.edu}, {X=http://www.Department2.University2.edu/UndergraduateStudent169, Y=http://www.Department2.University2.edu, Z=UndergraduateStudent169@Department2.University2.edu}, {X=http://www.Department2.University2.edu/GraduateStudent3, Y=http://www.Department2.University2.edu, Z=GraduateStudent3@Department2.University2.edu}, {X=http://www.Department2.University2.edu/UndergraduateStudent302, Y=http://www.Department2.University2.edu, Z=UndergraduateStudent302@Department2.University2.edu}, {X=http://www.Department2.University2.edu/UndergraduateStudent231, Y=http://www.Department2.University2.edu, Z=UndergraduateStudent231@Department2.University2.edu}, {X=http://www.Department2.University2.edu/UndergraduateStudent264, Y=http://www.Department2.University2.edu, Z=UndergraduateStudent264@Department2.University2.edu}, {X=http://www.Department2.University2.edu/UndergraduateStudent247, Y=http://www.Department2.University2.edu, Z=UndergraduateStudent247@Department2.University2.edu}, {X=http://www.Department2.University2.edu/GraduateStudent55, Y=http://www.Department2.University2.edu, Z=GraduateStudent55@Department2.University2.edu}, {X=http://www.Department2.University2.edu/GraduateStudent1, Y=http://www.Department2.University2.edu, Z=GraduateStudent1@Department2.University2.edu}, {X=http://www.Department2.University2.edu/UndergraduateStudent283, Y=http://www.Department2.University2.edu, Z=UndergraduateStudent283@Department2.University2.edu}, {X=http://www.Department2.University2.edu/UndergraduateStudent191, Y=http://www.Department2.University2.edu, Z=UndergraduateStudent191@Department2.University2.edu}, {X=http://www.Department2.University2.edu/UndergraduateStudent98, Y=http://www.Department2.University2.edu, Z=UndergraduateStudent98@Department2.University2.edu}, {X=http://www.Department2.University2.edu/GraduateStudent70, Y=http://www.Department2.University2.edu, Z=GraduateStudent70@Department2.University2.edu}, {X=http://www.Department2.University2.edu/UndergraduateStudent75, Y=http://www.Department2.University2.edu, Z=UndergraduateStudent75@Department2.University2.edu}, {X=http://www.Department2.University2.edu/UndergraduateStudent204, Y=http://www.Department2.University2.edu, Z=UndergraduateStudent204@Department2.University2.edu}, {X=http://www.Department2.University2.edu/GraduateStudent44, Y=http://www.Department2.University2.edu, Z=GraduateStudent44@Department2.University2.edu}, {X=http://www.Department2.University2.edu/UndergraduateStudent356, Y=http://www.Department2.University2.edu, Z=UndergraduateStudent356@Department2.University2.edu}, {X=http://www.Department2.University2.edu/UndergraduateStudent360, Y=http://www.Department2.University2.edu, Z=UndergraduateStudent360@Department2.University2.edu}, {X=http://www.Department2.University2.edu/UndergraduateStudent277, Y=http://www.Department2.University2.edu, Z=UndergraduateStudent277@Department2.University2.edu}, {X=http://www.Department2.University2.edu/UndergraduateStudent2, Y=http://www.Department2.University2.edu, Z=UndergraduateStudent2@Department2.University2.edu}, {X=http://www.Department2.University2.edu/UndergraduateStudent84, Y=http://www.Department2.University2.edu, Z=UndergraduateStudent84@Department2.University2.edu}, {X=http://www.Department2.University2.edu/UndergraduateStudent282, Y=http://www.Department2.University2.edu, Z=UndergraduateStudent282@Department2.University2.edu}, {X=http://www.Department2.University2.edu/UndergraduateStudent224, Y=http://www.Department2.University2.edu, Z=UndergraduateStudent224@Department2.University2.edu}, {X=http://www.Department2.University2.edu/GraduateStudent20, Y=http://www.Department2.University2.edu, Z=GraduateStudent20@Department2.University2.edu}, {X=http://www.Department2.University2.edu/UndergraduateStudent281, Y=http://www.Department2.University2.edu, Z=UndergraduateStudent281@Department2.University2.edu}, {X=http://www.Department2.University2.edu/GraduateStudent39, Y=http://www.Department2.University2.edu, Z=GraduateStudent39@Department2.University2.edu}, {X=http://www.Department2.University2.edu/UndergraduateStudent68, Y=http://www.Department2.University2.edu, Z=UndergraduateStudent68@Department2.University2.edu}, {X=http://www.Department2.University2.edu/UndergraduateStudent19, Y=http://www.Department2.University2.edu, Z=UndergraduateStudent19@Department2.University2.edu}, {X=http://www.Department2.University2.edu/UndergraduateStudent323, Y=http://www.Department2.University2.edu, Z=UndergraduateStudent323@Department2.University2.edu}, {X=http://www.Department2.University2.edu/GraduateStudent102, Y=http://www.Department2.University2.edu, Z=GraduateStudent102@Department2.University2.edu}, {X=http://www.Department2.University2.edu/GraduateStudent81, Y=http://www.Department2.University2.edu, Z=GraduateStudent81@Department2.University2.edu}, {X=http://www.Department2.University2.edu/UndergraduateStudent154, Y=http://www.Department2.University2.edu, Z=UndergraduateStudent154@Department2.University2.edu}, {X=http://www.Department2.University2.edu/GraduateStudent48, Y=http://www.Department2.University2.edu, Z=GraduateStudent48@Department2.University2.edu}, {X=http://www.Department2.University2.edu/UndergraduateStudent152, Y=http://www.Department2.University2.edu, Z=UndergraduateStudent152@Department2.University2.edu}, {X=http://www.Department2.University2.edu/UndergraduateStudent329, Y=http://www.Department2.University2.edu, Z=UndergraduateStudent329@Department2.University2.edu}, {X=http://www.Department2.University2.edu/UndergraduateStudent21, Y=http://www.Department2.University2.edu, Z=UndergraduateStudent21@Department2.University2.edu}, {X=http://www.Department2.University2.edu/UndergraduateStudent159, Y=http://www.Department2.University2.edu, Z=UndergraduateStudent159@Department2.University2.edu}, {X=http://www.Department2.University2.edu/GraduateStudent15, Y=http://www.Department2.University2.edu, Z=GraduateStudent15@Department2.University2.edu}, {X=http://www.Department2.University2.edu/UndergraduateStudent99, Y=http://www.Department2.University2.edu, Z=UndergraduateStudent99@Department2.University2.edu}, {X=http://www.Department2.University2.edu/UndergraduateStudent242, Y=http://www.Department2.University2.edu, Z=UndergraduateStudent242@Department2.University2.edu}, {X=http://www.Department2.University2.edu/UndergraduateStudent292, Y=http://www.Department2.University2.edu, Z=UndergraduateStudent292@Department2.University2.edu}, {X=http://www.Department2.University2.edu/UndergraduateStudent343, Y=http://www.Department2.University2.edu, Z=UndergraduateStudent343@Department2.University2.edu}, {X=http://www.Department2.University2.edu/UndergraduateStudent238, Y=http://www.Department2.University2.edu, Z=UndergraduateStudent238@Department2.University2.edu}, {X=http://www.Department2.University2.edu/GraduateStudent23, Y=http://www.Department2.University2.edu, Z=GraduateStudent23@Department2.University2.edu}, {X=http://www.Department2.University2.edu/UndergraduateStudent187, Y=http://www.Department2.University2.edu, Z=UndergraduateStudent187@Department2.University2.edu}, {X=http://www.Department2.University2.edu/GraduateStudent100, Y=http://www.Department2.University2.edu, Z=GraduateStudent100@Department2.University2.edu}, {X=http://www.Department2.University2.edu/UndergraduateStudent143, Y=http://www.Department2.University2.edu, Z=UndergraduateStudent143@Department2.University2.edu}, {X=http://www.Department2.University2.edu/UndergraduateStudent174, Y=http://www.Department2.University2.edu, Z=UndergraduateStudent174@Department2.University2.edu}, {X=http://www.Department2.University2.edu/GraduateStudent2, Y=http://www.Department2.University2.edu, Z=GraduateStudent2@Department2.University2.edu}, {X=http://www.Department2.University2.edu/UndergraduateStudent234, Y=http://www.Department2.University2.edu, Z=UndergraduateStudent234@Department2.University2.edu}, {X=http://www.Department2.University2.edu/UndergraduateStudent150, Y=http://www.Department2.University2.edu, Z=UndergraduateStudent150@Department2.University2.edu}, {X=http://www.Department2.University2.edu/UndergraduateStudent164, Y=http://www.Department2.University2.edu, Z=UndergraduateStudent164@Department2.University2.edu}, {X=http://www.Department2.University2.edu/UndergraduateStudent241, Y=http://www.Department2.University2.edu, Z=UndergraduateStudent241@Department2.University2.edu}, {X=http://www.Department2.University2.edu/UndergraduateStudent126, Y=http://www.Department2.University2.edu, Z=UndergraduateStudent126@Department2.University2.edu}, {X=http://www.Department2.University2.edu/UndergraduateStudent225, Y=http://www.Department2.University2.edu, Z=UndergraduateStudent225@Department2.University2.edu}, {X=http://www.Department2.University2.edu/UndergraduateStudent185, Y=http://www.Department2.University2.edu, Z=UndergraduateStudent185@Department2.University2.edu}, {X=http://www.Department2.University2.edu/UndergraduateStudent196, Y=http://www.Department2.University2.edu, Z=UndergraduateStudent196@Department2.University2.edu}, {X=http://www.Department2.University2.edu/GraduateStudent118, Y=http://www.Department2.University2.edu, Z=GraduateStudent118@Department2.University2.edu}, {X=http://www.Department2.University2.edu/UndergraduateStudent113, Y=http://www.Department2.University2.edu, Z=UndergraduateStudent113@Department2.University2.edu}, {X=http://www.Department2.University2.edu/UndergraduateStudent130, Y=http://www.Department2.University2.edu, Z=UndergraduateStudent130@Department2.University2.edu}, {X=http://www.Department2.University2.edu/UndergraduateStudent279, Y=http://www.Department2.University2.edu, Z=UndergraduateStudent279@Department2.University2.edu}, {X=http://www.Department2.University2.edu/UndergraduateStudent305, Y=http://www.Department2.University2.edu, Z=UndergraduateStudent305@Department2.University2.edu}, {X=http://www.Department2.University2.edu/GraduateStudent37, Y=http://www.Department2.University2.edu, Z=GraduateStudent37@Department2.University2.edu}, {X=http://www.Department2.University2.edu/GraduateStudent61, Y=http://www.Department2.University2.edu, Z=GraduateStudent61@Department2.University2.edu}, {X=http://www.Department2.University2.edu/UndergraduateStudent246, Y=http://www.Department2.University2.edu, Z=UndergraduateStudent246@Department2.University2.edu}, {X=http://www.Department2.University2.edu/GraduateStudent72, Y=http://www.Department2.University2.edu, Z=GraduateStudent72@Department2.University2.edu}, {X=http://www.Department2.University2.edu/UndergraduateStudent294, Y=http://www.Department2.University2.edu, Z=UndergraduateStudent294@Department2.University2.edu}, {X=http://www.Department2.University2.edu/UndergraduateStudent278, Y=http://www.Department2.University2.edu, Z=UndergraduateStudent278@Department2.University2.edu}, {X=http://www.Department2.University2.edu/UndergraduateStudent270, Y=http://www.Department2.University2.edu, Z=UndergraduateStudent270@Department2.University2.edu}, {X=http://www.Department2.University2.edu/UndergraduateStudent284, Y=http://www.Department2.University2.edu, Z=UndergraduateStudent284@Department2.University2.edu}, {X=http://www.Department2.University2.edu/UndergraduateStudent89, Y=http://www.Department2.University2.edu, Z=UndergraduateStudent89@Department2.University2.edu}, {X=http://www.Department2.University2.edu/GraduateStudent0, Y=http://www.Department2.University2.edu, Z=GraduateStudent0@Department2.University2.edu}, {X=http://www.Department2.University2.edu/UndergraduateStudent213, Y=http://www.Department2.University2.edu, Z=UndergraduateStudent213@Department2.University2.edu}, {X=http://www.Department2.University2.edu/UndergraduateStudent349, Y=http://www.Department2.University2.edu, Z=UndergraduateStudent349@Department2.University2.edu}, {X=http://www.Department2.University2.edu/UndergraduateStudent263, Y=http://www.Department2.University2.edu, Z=UndergraduateStudent263@Department2.University2.edu}, {X=http://www.Department2.University2.edu/GraduateStudent24, Y=http://www.Department2.University2.edu, Z=GraduateStudent24@Department2.University2.edu}, {X=http://www.Department2.University2.edu/UndergraduateStudent176, Y=http://www.Department2.University2.edu, Z=UndergraduateStudent176@Department2.University2.edu}, {X=http://www.Department2.University2.edu/UndergraduateStudent39, Y=http://www.Department2.University2.edu, Z=UndergraduateStudent39@Department2.University2.edu}, {X=http://www.Department2.University2.edu/UndergraduateStudent124, Y=http://www.Department2.University2.edu, Z=UndergraduateStudent124@Department2.University2.edu}, {X=http://www.Department2.University2.edu/UndergraduateStudent52, Y=http://www.Department2.University2.edu, Z=UndergraduateStudent52@Department2.University2.edu}, {X=http://www.Department2.University2.edu/UndergraduateStudent354, Y=http://www.Department2.University2.edu, Z=UndergraduateStudent354@Department2.University2.edu}, {X=http://www.Department2.University2.edu/GraduateStudent83, Y=http://www.Department2.University2.edu, Z=GraduateStudent83@Department2.University2.edu}, {X=http://www.Department2.University2.edu/UndergraduateStudent48, Y=http://www.Department2.University2.edu, Z=UndergraduateStudent48@Department2.University2.edu}, {X=http://www.Department2.University2.edu/GraduateStudent130, Y=http://www.Department2.University2.edu, Z=GraduateStudent130@Department2.University2.edu}, {X=http://www.Department2.University2.edu/UndergraduateStudent61, Y=http://www.Department2.University2.edu, Z=UndergraduateStudent61@Department2.University2.edu}, {X=http://www.Department2.University2.edu/UndergraduateStudent16, Y=http://www.Department2.University2.edu, Z=UndergraduateStudent16@Department2.University2.edu}, {X=http://www.Department2.University2.edu/UndergraduateStudent319, Y=http://www.Department2.University2.edu, Z=UndergraduateStudent319@Department2.University2.edu}, {X=http://www.Department2.University2.edu/GraduateStudent98, Y=http://www.Department2.University2.edu, Z=GraduateStudent98@Department2.University2.edu}, {X=http://www.Department2.University2.edu/UndergraduateStudent71, Y=http://www.Department2.University2.edu, Z=UndergraduateStudent71@Department2.University2.edu}, {X=http://www.Department2.University2.edu/UndergraduateStudent35, Y=http://www.Department2.University2.edu, Z=UndergraduateStudent35@Department2.University2.edu}, {X=http://www.Department2.University2.edu/GraduateStudent120, Y=http://www.Department2.University2.edu, Z=GraduateStudent120@Department2.University2.edu}, {X=http://www.Department2.University2.edu/UndergraduateStudent156, Y=http://www.Department2.University2.edu, Z=UndergraduateStudent156@Department2.University2.edu}, {X=http://www.Department2.University2.edu/UndergraduateStudent153, Y=http://www.Department2.University2.edu, Z=UndergraduateStudent153@Department2.University2.edu}, {X=http://www.Department2.University2.edu/UndergraduateStudent118, Y=http://www.Department2.University2.edu, Z=UndergraduateStudent118@Department2.University2.edu}, {X=http://www.Department2.University2.edu/GraduateStudent90, Y=http://www.Department2.University2.edu, Z=GraduateStudent90@Department2.University2.edu}, {X=http://www.Department2.University2.edu/GraduateStudent59, Y=http://www.Department2.University2.edu, Z=GraduateStudent59@Department2.University2.edu}, {X=http://www.Department2.University2.edu/GraduateStudent43, Y=http://www.Department2.University2.edu, Z=GraduateStudent43@Department2.University2.edu}, {X=http://www.Department2.University2.edu/UndergraduateStudent317, Y=http://www.Department2.University2.edu, Z=UndergraduateStudent317@Department2.University2.edu}, {X=http://www.Department2.University2.edu/UndergraduateStudent121, Y=http://www.Department2.University2.edu, Z=UndergraduateStudent121@Department2.University2.edu}, {X=http://www.Department2.University2.edu/UndergraduateStudent144, Y=http://www.Department2.University2.edu, Z=UndergraduateStudent144@Department2.University2.edu}, {X=http://www.Department2.University2.edu/UndergraduateStudent251, Y=http://www.Department2.University2.edu, Z=UndergraduateStudent251@Department2.University2.edu}, {X=http://www.Department2.University2.edu/UndergraduateStudent141, Y=http://www.Department2.University2.edu, Z=UndergraduateStudent141@Department2.University2.edu}, {X=http://www.Department2.University2.edu/UndergraduateStudent265, Y=http://www.Department2.University2.edu, Z=UndergraduateStudent265@Department2.University2.edu}, {X=http://www.Department2.University2.edu/GraduateStudent115, Y=http://www.Department2.University2.edu, Z=GraduateStudent115@Department2.University2.edu}, {X=http://www.Department2.University2.edu/UndergraduateStudent268, Y=http://www.Department2.University2.edu, Z=UndergraduateStudent268@Department2.University2.edu}, {X=http://www.Department2.University2.edu/GraduateStudent66, Y=http://www.Department2.University2.edu, Z=GraduateStudent66@Department2.University2.edu}, {X=http://www.Department2.University2.edu/GraduateStudent5, Y=http://www.Department2.University2.edu, Z=GraduateStudent5@Department2.University2.edu}, {X=http://www.Department2.University2.edu/UndergraduateStudent310, Y=http://www.Department2.University2.edu, Z=UndergraduateStudent310@Department2.University2.edu}, {X=http://www.Department2.University2.edu/UndergraduateStudent183, Y=http://www.Department2.University2.edu, Z=UndergraduateStudent183@Department2.University2.edu}, {X=http://www.Department2.University2.edu/UndergraduateStudent248, Y=http://www.Department2.University2.edu, Z=UndergraduateStudent248@Department2.University2.edu}, {X=http://www.Department2.University2.edu/GraduateStudent69, Y=http://www.Department2.University2.edu, Z=GraduateStudent69@Department2.University2.edu}, {X=http://www.Department2.University2.edu/UndergraduateStudent94, Y=http://www.Department2.University2.edu, Z=UndergraduateStudent94@Department2.University2.edu}, {X=http://www.Department2.University2.edu/GraduateStudent73, Y=http://www.Department2.University2.edu, Z=GraduateStudent73@Department2.University2.edu}, {X=http://www.Department2.University2.edu/UndergraduateStudent138, Y=http://www.Department2.University2.edu, Z=UndergraduateStudent138@Department2.University2.edu}, {X=http://www.Department2.University2.edu/UndergraduateStudent37, Y=http://www.Department2.University2.edu, Z=UndergraduateStudent37@Department2.University2.edu}, {X=http://www.Department2.University2.edu/UndergraduateStudent233, Y=http://www.Department2.University2.edu, Z=UndergraduateStudent233@Department2.University2.edu}, {X=http://www.Department2.University2.edu/UndergraduateStudent291, Y=http://www.Department2.University2.edu, Z=UndergraduateStudent291@Department2.University2.edu}, {X=http://www.Department2.University2.edu/UndergraduateStudent212, Y=http://www.Department2.University2.edu, Z=UndergraduateStudent212@Department2.University2.edu}, {X=http://www.Department2.University2.edu/UndergraduateStudent55, Y=http://www.Department2.University2.edu, Z=UndergraduateStudent55@Department2.University2.edu}, {X=http://www.Department2.University2.edu/UndergraduateStudent91, Y=http://www.Department2.University2.edu, Z=UndergraduateStudent91@Department2.University2.edu}, {X=http://www.Department2.University2.edu/UndergraduateStudent222, Y=http://www.Department2.University2.edu, Z=UndergraduateStudent222@Department2.University2.edu}, {X=http://www.Department2.University2.edu/UndergraduateStudent309, Y=http://www.Department2.University2.edu, Z=UndergraduateStudent309@Department2.University2.edu}, {X=http://www.Department2.University2.edu/UndergraduateStudent332, Y=http://www.Department2.University2.edu, Z=UndergraduateStudent332@Department2.University2.edu}, {X=http://www.Department2.University2.edu/GraduateStudent131, Y=http://www.Department2.University2.edu, Z=GraduateStudent131@Department2.University2.edu}, {X=http://www.Department2.University2.edu/GraduateStudent53, Y=http://www.Department2.University2.edu, Z=GraduateStudent53@Department2.University2.edu}, {X=http://www.Department2.University2.edu/GraduateStudent112, Y=http://www.Department2.University2.edu, Z=GraduateStudent112@Department2.University2.edu}, {X=http://www.Department2.University2.edu/UndergraduateStudent73, Y=http://www.Department2.University2.edu, Z=UndergraduateStudent73@Department2.University2.edu}, {X=http://www.Department2.University2.edu/UndergraduateStudent7, Y=http://www.Department2.University2.edu, Z=UndergraduateStudent7@Department2.University2.edu}, {X=http://www.Department2.University2.edu/UndergraduateStudent116, Y=http://www.Department2.University2.edu, Z=UndergraduateStudent116@Department2.University2.edu}, {X=http://www.Department2.University2.edu/UndergraduateStudent92, Y=http://www.Department2.University2.edu, Z=UndergraduateStudent92@Department2.University2.edu}, {X=http://www.Department2.University2.edu/UndergraduateStudent201, Y=http://www.Department2.University2.edu, Z=UndergraduateStudent201@Department2.University2.edu}, {X=http://www.Department2.University2.edu/GraduateStudent29, Y=http://www.Department2.University2.edu, Z=GraduateStudent29@Department2.University2.edu}, {X=http://www.Department2.University2.edu/UndergraduateStudent85, Y=http://www.Department2.University2.edu, Z=UndergraduateStudent85@Department2.University2.edu}, {X=http://www.Department2.University2.edu/UndergraduateStudent227, Y=http://www.Department2.University2.edu, Z=UndergraduateStudent227@Department2.University2.edu}, {X=http://www.Department2.University2.edu/UndergraduateStudent3, Y=http://www.Department2.University2.edu, Z=UndergraduateStudent3@Department2.University2.edu}, {X=http://www.Department2.University2.edu/UndergraduateStudent240, Y=http://www.Department2.University2.edu, Z=UndergraduateStudent240@Department2.University2.edu}, {X=http://www.Department2.University2.edu/UndergraduateStudent197, Y=http://www.Department2.University2.edu, Z=UndergraduateStudent197@Department2.University2.edu}, {X=http://www.Department2.University2.edu/UndergraduateStudent123, Y=http://www.Department2.University2.edu, Z=UndergraduateStudent123@Department2.University2.edu}, {X=http://www.Department2.University2.edu/UndergraduateStudent311, Y=http://www.Department2.University2.edu, Z=UndergraduateStudent311@Department2.University2.edu}, {X=http://www.Department2.University2.edu/GraduateStudent51, Y=http://www.Department2.University2.edu, Z=GraduateStudent51@Department2.University2.edu}, {X=http://www.Department2.University2.edu/UndergraduateStudent285, Y=http://www.Department2.University2.edu, Z=UndergraduateStudent285@Department2.University2.edu}, {X=http://www.Department2.University2.edu/UndergraduateStudent333, Y=http://www.Department2.University2.edu, Z=UndergraduateStudent333@Department2.University2.edu}, {X=http://www.Department2.University2.edu/GraduateStudent8, Y=http://www.Department2.University2.edu, Z=GraduateStudent8@Department2.University2.edu}, {X=http://www.Department2.University2.edu/GraduateStudent132, Y=http://www.Department2.University2.edu, Z=GraduateStudent132@Department2.University2.edu}, {X=http://www.Department2.University2.edu/UndergraduateStudent218, Y=http://www.Department2.University2.edu, Z=UndergraduateStudent218@Department2.University2.edu}, {X=http://www.Department2.University2.edu/GraduateStudent121, Y=http://www.Department2.University2.edu, Z=GraduateStudent121@Department2.University2.edu}, {X=http://www.Department2.University2.edu/GraduateStudent127, Y=http://www.Department2.University2.edu, Z=GraduateStudent127@Department2.University2.edu}, {X=http://www.Department2.University2.edu/UndergraduateStudent25, Y=http://www.Department2.University2.edu, Z=UndergraduateStudent25@Department2.University2.edu}, {X=http://www.Department2.University2.edu/UndergraduateStudent254, Y=http://www.Department2.University2.edu, Z=UndergraduateStudent254@Department2.University2.edu}, {X=http://www.Department2.University2.edu/GraduateStudent108, Y=http://www.Department2.University2.edu, Z=GraduateStudent108@Department2.University2.edu}, {X=http://www.Department2.University2.edu/UndergraduateStudent47, Y=http://www.Department2.University2.edu, Z=UndergraduateStudent47@Department2.University2.edu}, {X=http://www.Department2.University2.edu/GraduateStudent16, Y=http://www.Department2.University2.edu, Z=GraduateStudent16@Department2.University2.edu}, {X=http://www.Department2.University2.edu/GraduateStudent21, Y=http://www.Department2.University2.edu, Z=GraduateStudent21@Department2.University2.edu}, {X=http://www.Department2.University2.edu/UndergraduateStudent221, Y=http://www.Department2.University2.edu, Z=UndergraduateStudent221@Department2.University2.edu}, {X=http://www.Department2.University2.edu/GraduateStudent10, Y=http://www.Department2.University2.edu, Z=GraduateStudent10@Department2.University2.edu}, {X=http://www.Department2.University2.edu/UndergraduateStudent219, Y=http://www.Department2.University2.edu, Z=UndergraduateStudent219@Department2.University2.edu}, {X=http://www.Department2.University2.edu/UndergraduateStudent24, Y=http://www.Department2.University2.edu, Z=UndergraduateStudent24@Department2.University2.edu}, {X=http://www.Department2.University2.edu/UndergraduateStudent330, Y=http://www.Department2.University2.edu, Z=UndergraduateStudent330@Department2.University2.edu}, {X=http://www.Department2.University2.edu/UndergraduateStudent297, Y=http://www.Department2.University2.edu, Z=UndergraduateStudent297@Department2.University2.edu}, {X=http://www.Department2.University2.edu/UndergraduateStudent308, Y=http://www.Department2.University2.edu, Z=UndergraduateStudent308@Department2.University2.edu}, {X=http://www.Department2.University2.edu/UndergraduateStudent128, Y=http://www.Department2.University2.edu, Z=UndergraduateStudent128@Department2.University2.edu}, {X=http://www.Department2.University2.edu/UndergraduateStudent358, Y=http://www.Department2.University2.edu, Z=UndergraduateStudent358@Department2.University2.edu}, {X=http://www.Department2.University2.edu/UndergraduateStudent13, Y=http://www.Department2.University2.edu, Z=UndergraduateStudent13@Department2.University2.edu}, {X=http://www.Department2.University2.edu/GraduateStudent129, Y=http://www.Department2.University2.edu, Z=GraduateStudent129@Department2.University2.edu}, {X=http://www.Department2.University2.edu/UndergraduateStudent253, Y=http://www.Department2.University2.edu, Z=UndergraduateStudent253@Department2.University2.edu}, {X=http://www.Department2.University2.edu/UndergraduateStudent29, Y=http://www.Department2.University2.edu, Z=UndergraduateStudent29@Department2.University2.edu}, {X=http://www.Department2.University2.edu/UndergraduateStudent193, Y=http://www.Department2.University2.edu, Z=UndergraduateStudent193@Department2.University2.edu}, {X=http://www.Department2.University2.edu/GraduateStudent46, Y=http://www.Department2.University2.edu, Z=GraduateStudent46@Department2.University2.edu}, {X=http://www.Department2.University2.edu/UndergraduateStudent122, Y=http://www.Department2.University2.edu, Z=UndergraduateStudent122@Department2.University2.edu}, {X=http://www.Department2.University2.edu/UndergraduateStudent56, Y=http://www.Department2.University2.edu, Z=UndergraduateStudent56@Department2.University2.edu}, {X=http://www.Department2.University2.edu/GraduateStudent125, Y=http://www.Department2.University2.edu, Z=GraduateStudent125@Department2.University2.edu}, {X=http://www.Department2.University2.edu/UndergraduateStudent202, Y=http://www.Department2.University2.edu, Z=UndergraduateStudent202@Department2.University2.edu}, {X=http://www.Department2.University2.edu/GraduateStudent86, Y=http://www.Department2.University2.edu, Z=GraduateStudent86@Department2.University2.edu}, {X=http://www.Department2.University2.edu/UndergraduateStudent262, Y=http://www.Department2.University2.edu, Z=UndergraduateStudent262@Department2.University2.edu}, {X=http://www.Department2.University2.edu/UndergraduateStudent163, Y=http://www.Department2.University2.edu, Z=UndergraduateStudent163@Department2.University2.edu}, {X=http://www.Department2.University2.edu/UndergraduateStudent148, Y=http://www.Department2.University2.edu, Z=UndergraduateStudent148@Department2.University2.edu}, {X=http://www.Department2.University2.edu/UndergraduateStudent76, Y=http://www.Department2.University2.edu, Z=UndergraduateStudent76@Department2.University2.edu}, {X=http://www.Department2.University2.edu/GraduateStudent27, Y=http://www.Department2.University2.edu, Z=GraduateStudent27@Department2.University2.edu}, {X=http://www.Department2.University2.edu/GraduateStudent64, Y=http://www.Department2.University2.edu, Z=GraduateStudent64@Department2.University2.edu}, {X=http://www.Department2.University2.edu/UndergraduateStudent351, Y=http://www.Department2.University2.edu, Z=UndergraduateStudent351@Department2.University2.edu}, {X=http://www.Department2.University2.edu/UndergraduateStudent78, Y=http://www.Department2.University2.edu, Z=UndergraduateStudent78@Department2.University2.edu}, {X=http://www.Department2.University2.edu/GraduateStudent49, Y=http://www.Department2.University2.edu, Z=GraduateStudent49@Department2.University2.edu}, {X=http://www.Department2.University2.edu/UndergraduateStudent338, Y=http://www.Department2.University2.edu, Z=UndergraduateStudent338@Department2.University2.edu}, {X=http://www.Department2.University2.edu/UndergraduateStudent36, Y=http://www.Department2.University2.edu, Z=UndergraduateStudent36@Department2.University2.edu}, {X=http://www.Department2.University2.edu/UndergraduateStudent339, Y=http://www.Department2.University2.edu, Z=UndergraduateStudent339@Department2.University2.edu}, {X=http://www.Department2.University2.edu/GraduateStudent87, Y=http://www.Department2.University2.edu, Z=GraduateStudent87@Department2.University2.edu}, {X=http://www.Department2.University2.edu/UndergraduateStudent167, Y=http://www.Department2.University2.edu, Z=UndergraduateStudent167@Department2.University2.edu}, {X=http://www.Department2.University2.edu/GraduateStudent119, Y=http://www.Department2.University2.edu, Z=GraduateStudent119@Department2.University2.edu}, {X=http://www.Department2.University2.edu/UndergraduateStudent72, Y=http://www.Department2.University2.edu, Z=UndergraduateStudent72@Department2.University2.edu}, {X=http://www.Department2.University2.edu/UndergraduateStudent77, Y=http://www.Department2.University2.edu, Z=UndergraduateStudent77@Department2.University2.edu}, {X=http://www.Department2.University2.edu/GraduateStudent97, Y=http://www.Department2.University2.edu, Z=GraduateStudent97@Department2.University2.edu}, {X=http://www.Department2.University2.edu/GraduateStudent54, Y=http://www.Department2.University2.edu, Z=GraduateStudent54@Department2.University2.edu}, {X=http://www.Department2.University2.edu/UndergraduateStudent9, Y=http://www.Department2.University2.edu, Z=UndergraduateStudent9@Department2.University2.edu}, {X=http://www.Department2.University2.edu/UndergraduateStudent65, Y=http://www.Department2.University2.edu, Z=UndergraduateStudent65@Department2.University2.edu}, {X=http://www.Department2.University2.edu/UndergraduateStudent11, Y=http://www.Department2.University2.edu, Z=UndergraduateStudent11@Department2.University2.edu}, {X=http://www.Department2.University2.edu/UndergraduateStudent208, Y=http://www.Department2.University2.edu, Z=UndergraduateStudent208@Department2.University2.edu}, {X=http://www.Department2.University2.edu/GraduateStudent128, Y=http://www.Department2.University2.edu, Z=GraduateStudent128@Department2.University2.edu}, {X=http://www.Department2.University2.edu/UndergraduateStudent322, Y=http://www.Department2.University2.edu, Z=UndergraduateStudent322@Department2.University2.edu}, {X=http://www.Department2.University2.edu/GraduateStudent89, Y=http://www.Department2.University2.edu, Z=GraduateStudent89@Department2.University2.edu}, {X=http://www.Department2.University2.edu/UndergraduateStudent28, Y=http://www.Department2.University2.edu, Z=UndergraduateStudent28@Department2.University2.edu}, {X=http://www.Department2.University2.edu/GraduateStudent25, Y=http://www.Department2.University2.edu, Z=GraduateStudent25@Department2.University2.edu}, {X=http://www.Department2.University2.edu/UndergraduateStudent134, Y=http://www.Department2.University2.edu, Z=UndergraduateStudent134@Department2.University2.edu}, {X=http://www.Department2.University2.edu/UndergraduateStudent335, Y=http://www.Department2.University2.edu, Z=UndergraduateStudent335@Department2.University2.edu}, {X=http://www.Department2.University2.edu/UndergraduateStudent288, Y=http://www.Department2.University2.edu, Z=UndergraduateStudent288@Department2.University2.edu}, {X=http://www.Department2.University2.edu/UndergraduateStudent97, Y=http://www.Department2.University2.edu, Z=UndergraduateStudent97@Department2.University2.edu}, {X=http://www.Department2.University2.edu/UndergraduateStudent125, Y=http://www.Department2.University2.edu, Z=UndergraduateStudent125@Department2.University2.edu}, {X=http://www.Department2.University2.edu/GraduateStudent76, Y=http://www.Department2.University2.edu, Z=GraduateStudent76@Department2.University2.edu}, {X=http://www.Department2.University2.edu/GraduateStudent28, Y=http://www.Department2.University2.edu, Z=GraduateStudent28@Department2.University2.edu}, {X=http://www.Department2.University2.edu/UndergraduateStudent137, Y=http://www.Department2.University2.edu, Z=UndergraduateStudent137@Department2.University2.edu}, {X=http://www.Department2.University2.edu/UndergraduateStudent162, Y=http://www.Department2.University2.edu, Z=UndergraduateStudent162@Department2.University2.edu}, {X=http://www.Department2.University2.edu/UndergraduateStudent293, Y=http://www.Department2.University2.edu, Z=UndergraduateStudent293@Department2.University2.edu}, {X=http://www.Department2.University2.edu/UndergraduateStudent328, Y=http://www.Department2.University2.edu, Z=UndergraduateStudent328@Department2.University2.edu}, {X=http://www.Department2.University2.edu/UndergraduateStudent350, Y=http://www.Department2.University2.edu, Z=UndergraduateStudent350@Department2.University2.edu}, {X=http://www.Department2.University2.edu/UndergraduateStudent269, Y=http://www.Department2.University2.edu, Z=UndergraduateStudent269@Department2.University2.edu}, {X=http://www.Department2.University2.edu/UndergraduateStudent64, Y=http://www.Department2.University2.edu, Z=UndergraduateStudent64@Department2.University2.edu}, {X=http://www.Department2.University2.edu/UndergraduateStudent272, Y=http://www.Department2.University2.edu, Z=UndergraduateStudent272@Department2.University2.edu}, {X=http://www.Department2.University2.edu/UndergraduateStudent245, Y=http://www.Department2.University2.edu, Z=UndergraduateStudent245@Department2.University2.edu}, {X=http://www.Department2.University2.edu/UndergraduateStudent95, Y=http://www.Department2.University2.edu, Z=UndergraduateStudent95@Department2.University2.edu}, {X=http://www.Department2.University2.edu/UndergraduateStudent109, Y=http://www.Department2.University2.edu, Z=UndergraduateStudent109@Department2.University2.edu}, {X=http://www.Department2.University2.edu/UndergraduateStudent179, Y=http://www.Department2.University2.edu, Z=UndergraduateStudent179@Department2.University2.edu}, {X=http://www.Department2.University2.edu/GraduateStudent63, Y=http://www.Department2.University2.edu, Z=GraduateStudent63@Department2.University2.edu}, {X=http://www.Department2.University2.edu/GraduateStudent19, Y=http://www.Department2.University2.edu, Z=GraduateStudent19@Department2.University2.edu}, {X=http://www.Department2.University2.edu/GraduateStudent22, Y=http://www.Department2.University2.edu, Z=GraduateStudent22@Department2.University2.edu}, {X=http://www.Department2.University2.edu/UndergraduateStudent4, Y=http://www.Department2.University2.edu, Z=UndergraduateStudent4@Department2.University2.edu}, {X=http://www.Department2.University2.edu/UndergraduateStudent280, Y=http://www.Department2.University2.edu, Z=UndergraduateStudent280@Department2.University2.edu}, {X=http://www.Department2.University2.edu/GraduateStudent12, Y=http://www.Department2.University2.edu, Z=GraduateStudent12@Department2.University2.edu}, {X=http://www.Department2.University2.edu/UndergraduateStudent38, Y=http://www.Department2.University2.edu, Z=UndergraduateStudent38@Department2.University2.edu}, {X=http://www.Department2.University2.edu/UndergraduateStudent93, Y=http://www.Department2.University2.edu, Z=UndergraduateStudent93@Department2.University2.edu}, {X=http://www.Department2.University2.edu/UndergraduateStudent58, Y=http://www.Department2.University2.edu, Z=UndergraduateStudent58@Department2.University2.edu}, {X=http://www.Department2.University2.edu/UndergraduateStudent223, Y=http://www.Department2.University2.edu, Z=UndergraduateStudent223@Department2.University2.edu}, {X=http://www.Department2.University2.edu/UndergraduateStudent146, Y=http://www.Department2.University2.edu, Z=UndergraduateStudent146@Department2.University2.edu}, {X=http://www.Department2.University2.edu/UndergraduateStudent32, Y=http://www.Department2.University2.edu, Z=UndergraduateStudent32@Department2.University2.edu}, {X=http://www.Department2.University2.edu/UndergraduateStudent220, Y=http://www.Department2.University2.edu, Z=UndergraduateStudent220@Department2.University2.edu}, {X=http://www.Department2.University2.edu/GraduateStudent82, Y=http://www.Department2.University2.edu, Z=GraduateStudent82@Department2.University2.edu}, {X=http://www.Department2.University2.edu/UndergraduateStudent286, Y=http://www.Department2.University2.edu, Z=UndergraduateStudent286@Department2.University2.edu}, {X=http://www.Department2.University2.edu/UndergraduateStudent295, Y=http://www.Department2.University2.edu, Z=UndergraduateStudent295@Department2.University2.edu}, {X=http://www.Department2.University2.edu/UndergraduateStudent267, Y=http://www.Department2.University2.edu, Z=UndergraduateStudent267@Department2.University2.edu}, {X=http://www.Department2.University2.edu/UndergraduateStudent34, Y=http://www.Department2.University2.edu, Z=UndergraduateStudent34@Department2.University2.edu}, {X=http://www.Department2.University2.edu/UndergraduateStudent355, Y=http://www.Department2.University2.edu, Z=UndergraduateStudent355@Department2.University2.edu}, {X=http://www.Department2.University2.edu/GraduateStudent4, Y=http://www.Department2.University2.edu, Z=GraduateStudent4@Department2.University2.edu}, {X=http://www.Department2.University2.edu/UndergraduateStudent320, Y=http://www.Department2.University2.edu, Z=UndergraduateStudent320@Department2.University2.edu}, {X=http://www.Department2.University2.edu/UndergraduateStudent321, Y=http://www.Department2.University2.edu, Z=UndergraduateStudent321@Department2.University2.edu}, {X=http://www.Department2.University2.edu/GraduateStudent60, Y=http://www.Department2.University2.edu, Z=GraduateStudent60@Department2.University2.edu}, {X=http://www.Department2.University2.edu/UndergraduateStudent275, Y=http://www.Department2.University2.edu, Z=UndergraduateStudent275@Department2.University2.edu}, {X=http://www.Department2.University2.edu/GraduateStudent26, Y=http://www.Department2.University2.edu, Z=GraduateStudent26@Department2.University2.edu}, {X=http://www.Department2.University2.edu/UndergraduateStudent318, Y=http://www.Department2.University2.edu, Z=UndergraduateStudent318@Department2.University2.edu}, {X=http://www.Department2.University2.edu/UndergraduateStudent57, Y=http://www.Department2.University2.edu, Z=UndergraduateStudent57@Department2.University2.edu}, {X=http://www.Department2.University2.edu/UndergraduateStudent115, Y=http://www.Department2.University2.edu, Z=UndergraduateStudent115@Department2.University2.edu}, {X=http://www.Department2.University2.edu/GraduateStudent106, Y=http://www.Department2.University2.edu, Z=GraduateStudent106@Department2.University2.edu}, {X=http://www.Department2.University2.edu/GraduateStudent38, Y=http://www.Department2.University2.edu, Z=GraduateStudent38@Department2.University2.edu}, {X=http://www.Department2.University2.edu/GraduateStudent34, Y=http://www.Department2.University2.edu, Z=GraduateStudent34@Department2.University2.edu}, {X=http://www.Department2.University2.edu/UndergraduateStudent147, Y=http://www.Department2.University2.edu, Z=UndergraduateStudent147@Department2.University2.edu}, {X=http://www.Department2.University2.edu/UndergraduateStudent46, Y=http://www.Department2.University2.edu, Z=UndergraduateStudent46@Department2.University2.edu}, {X=http://www.Department2.University2.edu/UndergraduateStudent79, Y=http://www.Department2.University2.edu, Z=UndergraduateStudent79@Department2.University2.edu}, {X=http://www.Department2.University2.edu/UndergraduateStudent63, Y=http://www.Department2.University2.edu, Z=UndergraduateStudent63@Department2.University2.edu}, {X=http://www.Department2.University2.edu/UndergraduateStudent336, Y=http://www.Department2.University2.edu, Z=UndergraduateStudent336@Department2.University2.edu}, {X=http://www.Department2.University2.edu/UndergraduateStudent256, Y=http://www.Department2.University2.edu, Z=UndergraduateStudent256@Department2.University2.edu}, {X=http://www.Department2.University2.edu/GraduateStudent42, Y=http://www.Department2.University2.edu, Z=GraduateStudent42@Department2.University2.edu}, {X=http://www.Department2.University2.edu/UndergraduateStudent214, Y=http://www.Department2.University2.edu, Z=UndergraduateStudent214@Department2.University2.edu}, {X=http://www.Department2.University2.edu/GraduateStudent92, Y=http://www.Department2.University2.edu, Z=GraduateStudent92@Department2.University2.edu}, {X=http://www.Department2.University2.edu/UndergraduateStudent313, Y=http://www.Department2.University2.edu, Z=UndergraduateStudent313@Department2.University2.edu}, {X=http://www.Department2.University2.edu/UndergraduateStudent42, Y=http://www.Department2.University2.edu, Z=UndergraduateStudent42@Department2.University2.edu}, {X=http://www.Department2.University2.edu/UndergraduateStudent100, Y=http://www.Department2.University2.edu, Z=UndergraduateStudent100@Department2.University2.edu}, {X=http://www.Department2.University2.edu/UndergraduateStudent83, Y=http://www.Department2.University2.edu, Z=UndergraduateStudent83@Department2.University2.edu}, {X=http://www.Department2.University2.edu/UndergraduateStudent69, Y=http://www.Department2.University2.edu, Z=UndergraduateStudent69@Department2.University2.edu}, {X=http://www.Department2.University2.edu/GraduateStudent91, Y=http://www.Department2.University2.edu, Z=GraduateStudent91@Department2.University2.edu}, {X=http://www.Department2.University2.edu/UndergraduateStudent111, Y=http://www.Department2.University2.edu, Z=UndergraduateStudent111@Department2.University2.edu}, {X=http://www.Department2.University2.edu/UndergraduateStudent20, Y=http://www.Department2.University2.edu, Z=UndergraduateStudent20@Department2.University2.edu}, {X=http://www.Department2.University2.edu/UndergraduateStudent87, Y=http://www.Department2.University2.edu, Z=UndergraduateStudent87@Department2.University2.edu}, {X=http://www.Department2.University2.edu/UndergraduateStudent190, Y=http://www.Department2.University2.edu, Z=UndergraduateStudent190@Department2.University2.edu}, {X=http://www.Department2.University2.edu/UndergraduateStudent189, Y=http://www.Department2.University2.edu, Z=UndergraduateStudent189@Department2.University2.edu}, {X=http://www.Department2.University2.edu/UndergraduateStudent5, Y=http://www.Department2.University2.edu, Z=UndergraduateStudent5@Department2.University2.edu}, {X=http://www.Department2.University2.edu/GraduateStudent30, Y=http://www.Department2.University2.edu, Z=GraduateStudent30@Department2.University2.edu}, {X=http://www.Department2.University2.edu/GraduateStudent32, Y=http://www.Department2.University2.edu, Z=GraduateStudent32@Department2.University2.edu}, {X=http://www.Department2.University2.edu/UndergraduateStudent331, Y=http://www.Department2.University2.edu, Z=UndergraduateStudent331@Department2.University2.edu}, {X=http://www.Department2.University2.edu/GraduateStudent65, Y=http://www.Department2.University2.edu, Z=GraduateStudent65@Department2.University2.edu}, {X=http://www.Department2.University2.edu/UndergraduateStudent226, Y=http://www.Department2.University2.edu, Z=UndergraduateStudent226@Department2.University2.edu}, {X=http://www.Department2.University2.edu/UndergraduateStudent44, Y=http://www.Department2.University2.edu, Z=UndergraduateStudent44@Department2.University2.edu}, {X=http://www.Department2.University2.edu/UndergraduateStudent132, Y=http://www.Department2.University2.edu, Z=UndergraduateStudent132@Department2.University2.edu}, {X=http://www.Department2.University2.edu/UndergraduateStudent33, Y=http://www.Department2.University2.edu, Z=UndergraduateStudent33@Department2.University2.edu}, {X=http://www.Department2.University2.edu/GraduateStudent7, Y=http://www.Department2.University2.edu, Z=GraduateStudent7@Department2.University2.edu}, {X=http://www.Department2.University2.edu/UndergraduateStudent166, Y=http://www.Department2.University2.edu, Z=UndergraduateStudent166@Department2.University2.edu}, {X=http://www.Department2.University2.edu/UndergraduateStudent74, Y=http://www.Department2.University2.edu, Z=UndergraduateStudent74@Department2.University2.edu}, {X=http://www.Department2.University2.edu/UndergraduateStudent207, Y=http://www.Department2.University2.edu, Z=UndergraduateStudent207@Department2.University2.edu}, {X=http://www.Department2.University2.edu/UndergraduateStudent244, Y=http://www.Department2.University2.edu, Z=UndergraduateStudent244@Department2.University2.edu}, {X=http://www.Department2.University2.edu/UndergraduateStudent175, Y=http://www.Department2.University2.edu, Z=UndergraduateStudent175@Department2.University2.edu}, {X=http://www.Department2.University2.edu/UndergraduateStudent45, Y=http://www.Department2.University2.edu, Z=UndergraduateStudent45@Department2.University2.edu}, {X=http://www.Department2.University2.edu/UndergraduateStudent127, Y=http://www.Department2.University2.edu, Z=UndergraduateStudent127@Department2.University2.edu}, {X=http://www.Department2.University2.edu/GraduateStudent93, Y=http://www.Department2.University2.edu, Z=GraduateStudent93@Department2.University2.edu}, {X=http://www.Department2.University2.edu/UndergraduateStudent8, Y=http://www.Department2.University2.edu, Z=UndergraduateStudent8@Department2.University2.edu}, {X=http://www.Department2.University2.edu/UndergraduateStudent53, Y=http://www.Department2.University2.edu, Z=UndergraduateStudent53@Department2.University2.edu}, {X=http://www.Department2.University2.edu/UndergraduateStudent200, Y=http://www.Department2.University2.edu, Z=UndergraduateStudent200@Department2.University2.edu}, {X=http://www.Department2.University2.edu/UndergraduateStudent232, Y=http://www.Department2.University2.edu, Z=UndergraduateStudent232@Department2.University2.edu}, {X=http://www.Department2.University2.edu/UndergraduateStudent273, Y=http://www.Department2.University2.edu, Z=UndergraduateStudent273@Department2.University2.edu}, {X=http://www.Department2.University2.edu/GraduateStudent79, Y=http://www.Department2.University2.edu, Z=GraduateStudent79@Department2.University2.edu}, {X=http://www.Department2.University2.edu/GraduateStudent94, Y=http://www.Department2.University2.edu, Z=GraduateStudent94@Department2.University2.edu}, {X=http://www.Department2.University2.edu/GraduateStudent95, Y=http://www.Department2.University2.edu, Z=GraduateStudent95@Department2.University2.edu}, {X=http://www.Department2.University2.edu/UndergraduateStudent353, Y=http://www.Department2.University2.edu, Z=UndergraduateStudent353@Department2.University2.edu}, {X=http://www.Department2.University2.edu/UndergraduateStudent18, Y=http://www.Department2.University2.edu, Z=UndergraduateStudent18@Department2.University2.edu}, {X=http://www.Department2.University2.edu/GraduateStudent110, Y=http://www.Department2.University2.edu, Z=GraduateStudent110@Department2.University2.edu}, {X=http://www.Department2.University2.edu/UndergraduateStudent334, Y=http://www.Department2.University2.edu, Z=UndergraduateStudent334@Department2.University2.edu}, {X=http://www.Department2.University2.edu/UndergraduateStudent27, Y=http://www.Department2.University2.edu, Z=UndergraduateStudent27@Department2.University2.edu}, {X=http://www.Department2.University2.edu/UndergraduateStudent250, Y=http://www.Department2.University2.edu, Z=UndergraduateStudent250@Department2.University2.edu}, {X=http://www.Department2.University2.edu/UndergraduateStudent30, Y=http://www.Department2.University2.edu, Z=UndergraduateStudent30@Department2.University2.edu}, {X=http://www.Department2.University2.edu/UndergraduateStudent289, Y=http://www.Department2.University2.edu, Z=UndergraduateStudent289@Department2.University2.edu}, {X=http://www.Department2.University2.edu/UndergraduateStudent257, Y=http://www.Department2.University2.edu, Z=UndergraduateStudent257@Department2.University2.edu}, {X=http://www.Department2.University2.edu/UndergraduateStudent155, Y=http://www.Department2.University2.edu, Z=UndergraduateStudent155@Department2.University2.edu}, {X=http://www.Department2.University2.edu/UndergraduateStudent327, Y=http://www.Department2.University2.edu, Z=UndergraduateStudent327@Department2.University2.edu}, {X=http://www.Department2.University2.edu/UndergraduateStudent66, Y=http://www.Department2.University2.edu, Z=UndergraduateStudent66@Department2.University2.edu}, {X=http://www.Department2.University2.edu/UndergraduateStudent229, Y=http://www.Department2.University2.edu, Z=UndergraduateStudent229@Department2.University2.edu}, {X=http://www.Department2.University2.edu/UndergraduateStudent346, Y=http://www.Department2.University2.edu, Z=UndergraduateStudent346@Department2.University2.edu}, {X=http://www.Department2.University2.edu/UndergraduateStudent180, Y=http://www.Department2.University2.edu, Z=UndergraduateStudent180@Department2.University2.edu}, {X=http://www.Department2.University2.edu/GraduateStudent105, Y=http://www.Department2.University2.edu, Z=GraduateStudent105@Department2.University2.edu}, {X=http://www.Department2.University2.edu/GraduateStudent77, Y=http://www.Department2.University2.edu, Z=GraduateStudent77@Department2.University2.edu}, {X=http://www.Department2.University2.edu/UndergraduateStudent17, Y=http://www.Department2.University2.edu, Z=UndergraduateStudent17@Department2.University2.edu}, {X=http://www.Department2.University2.edu/GraduateStudent78, Y=http://www.Department2.University2.edu, Z=GraduateStudent78@Department2.University2.edu}, {X=http://www.Department2.University2.edu/UndergraduateStudent81, Y=http://www.Department2.University2.edu, Z=UndergraduateStudent81@Department2.University2.edu}, {X=http://www.Department2.University2.edu/UndergraduateStudent228, Y=http://www.Department2.University2.edu, Z=UndergraduateStudent228@Department2.University2.edu}, {X=http://www.Department2.University2.edu/UndergraduateStudent49, Y=http://www.Department2.University2.edu, Z=UndergraduateStudent49@Department2.University2.edu}, {X=http://www.Department2.University2.edu/GraduateStudent45, Y=http://www.Department2.University2.edu, Z=GraduateStudent45@Department2.University2.edu}, {X=http://www.Department2.University2.edu/UndergraduateStudent216, Y=http://www.Department2.University2.edu, Z=UndergraduateStudent216@Department2.University2.edu}, {X=http://www.Department2.University2.edu/UndergraduateStudent142, Y=http://www.Department2.University2.edu, Z=UndergraduateStudent142@Department2.University2.edu}, {X=http://www.Department2.University2.edu/UndergraduateStudent261, Y=http://www.Department2.University2.edu, Z=UndergraduateStudent261@Department2.University2.edu}, {X=http://www.Department2.University2.edu/GraduateStudent11, Y=http://www.Department2.University2.edu, Z=GraduateStudent11@Department2.University2.edu}, {X=http://www.Department2.University2.edu/UndergraduateStudent168, Y=http://www.Department2.University2.edu, Z=UndergraduateStudent168@Department2.University2.edu}, {X=http://www.Department2.University2.edu/UndergraduateStudent0, Y=http://www.Department2.University2.edu, Z=UndergraduateStudent0@Department2.University2.edu}, {X=http://www.Department2.University2.edu/UndergraduateStudent345, Y=http://www.Department2.University2.edu, Z=UndergraduateStudent345@Department2.University2.edu}, {X=http://www.Department2.University2.edu/UndergraduateStudent266, Y=http://www.Department2.University2.edu, Z=UndergraduateStudent266@Department2.University2.edu}, {X=http://www.Department2.University2.edu/GraduateStudent18, Y=http://www.Department2.University2.edu, Z=GraduateStudent18@Department2.University2.edu}, {X=http://www.Department2.University2.edu/GraduateStudent6, Y=http://www.Department2.University2.edu, Z=GraduateStudent6@Department2.University2.edu}, {X=http://www.Department2.University2.edu/UndergraduateStudent110, Y=http://www.Department2.University2.edu, Z=UndergraduateStudent110@Department2.University2.edu}, {X=http://www.Department2.University2.edu/UndergraduateStudent198, Y=http://www.Department2.University2.edu, Z=UndergraduateStudent198@Department2.University2.edu}, {X=http://www.Department2.University2.edu/UndergraduateStudent195, Y=http://www.Department2.University2.edu, Z=UndergraduateStudent195@Department2.University2.edu}, {X=http://www.Department2.University2.edu/UndergraduateStudent260, Y=http://www.Department2.University2.edu, Z=UndergraduateStudent260@Department2.University2.edu}, {X=http://www.Department2.University2.edu/UndergraduateStudent307, Y=http://www.Department2.University2.edu, Z=UndergraduateStudent307@Department2.University2.edu}, {X=http://www.Department2.University2.edu/UndergraduateStudent296, Y=http://www.Department2.University2.edu, Z=UndergraduateStudent296@Department2.University2.edu}, {X=http://www.Department2.University2.edu/GraduateStudent13, Y=http://www.Department2.University2.edu, Z=GraduateStudent13@Department2.University2.edu}, {X=http://www.Department2.University2.edu/UndergraduateStudent314, Y=http://www.Department2.University2.edu, Z=UndergraduateStudent314@Department2.University2.edu}, {X=http://www.Department2.University2.edu/UndergraduateStudent344, Y=http://www.Department2.University2.edu, Z=UndergraduateStudent344@Department2.University2.edu}, {X=http://www.Department2.University2.edu/UndergraduateStudent22, Y=http://www.Department2.University2.edu, Z=UndergraduateStudent22@Department2.University2.edu}, {X=http://www.Department2.University2.edu/UndergraduateStudent108, Y=http://www.Department2.University2.edu, Z=UndergraduateStudent108@Department2.University2.edu}, {X=http://www.Department2.University2.edu/UndergraduateStudent170, Y=http://www.Department2.University2.edu, Z=UndergraduateStudent170@Department2.University2.edu}, {X=http://www.Department2.University2.edu/UndergraduateStudent103, Y=http://www.Department2.University2.edu, Z=UndergraduateStudent103@Department2.University2.edu}, {X=http://www.Department2.University2.edu/UndergraduateStudent304, Y=http://www.Department2.University2.edu, Z=UndergraduateStudent304@Department2.University2.edu}, {X=http://www.Department2.University2.edu/GraduateStudent36, Y=http://www.Department2.University2.edu, Z=GraduateStudent36@Department2.University2.edu}, {X=http://www.Department2.University2.edu/UndergraduateStudent230, Y=http://www.Department2.University2.edu, Z=UndergraduateStudent230@Department2.University2.edu}, {X=http://www.Department2.University2.edu/UndergraduateStudent41, Y=http://www.Department2.University2.edu, Z=UndergraduateStudent41@Department2.University2.edu}, {X=http://www.Department2.University2.edu/UndergraduateStudent131, Y=http://www.Department2.University2.edu, Z=UndergraduateStudent131@Department2.University2.edu}, {X=http://www.Department2.University2.edu/UndergraduateStudent255, Y=http://www.Department2.University2.edu, Z=UndergraduateStudent255@Department2.University2.edu}, {X=http://www.Department2.University2.edu/GraduateStudent74, Y=http://www.Department2.University2.edu, Z=GraduateStudent74@Department2.University2.edu}, {X=http://www.Department2.University2.edu/GraduateStudent114, Y=http://www.Department2.University2.edu, Z=GraduateStudent114@Department2.University2.edu}, {X=http://www.Department2.University2.edu/UndergraduateStudent290, Y=http://www.Department2.University2.edu, Z=UndergraduateStudent290@Department2.University2.edu}, {X=http://www.Department2.University2.edu/UndergraduateStudent86, Y=http://www.Department2.University2.edu, Z=UndergraduateStudent86@Department2.University2.edu}, {X=http://www.Department2.University2.edu/UndergraduateStudent235, Y=http://www.Department2.University2.edu, Z=UndergraduateStudent235@Department2.University2.edu}, {X=http://www.Department2.University2.edu/GraduateStudent14, Y=http://www.Department2.University2.edu, Z=GraduateStudent14@Department2.University2.edu}, {X=http://www.Department2.University2.edu/UndergraduateStudent188, Y=http://www.Department2.University2.edu, Z=UndergraduateStudent188@Department2.University2.edu}, {X=http://www.Department2.University2.edu/UndergraduateStudent203, Y=http://www.Department2.University2.edu, Z=UndergraduateStudent203@Department2.University2.edu}, {X=http://www.Department2.University2.edu/UndergraduateStudent15, Y=http://www.Department2.University2.edu, Z=UndergraduateStudent15@Department2.University2.edu}, {X=http://www.Department2.University2.edu/UndergraduateStudent276, Y=http://www.Department2.University2.edu, Z=UndergraduateStudent276@Department2.University2.edu}, {X=http://www.Department2.University2.edu/UndergraduateStudent62, Y=http://www.Department2.University2.edu, Z=UndergraduateStudent62@Department2.University2.edu}, {X=http://www.Department2.University2.edu/UndergraduateStudent82, Y=http://www.Department2.University2.edu, Z=UndergraduateStudent82@Department2.University2.edu}, {X=http://www.Department2.University2.edu/UndergraduateStudent215, Y=http://www.Department2.University2.edu, Z=UndergraduateStudent215@Department2.University2.edu}, {X=http://www.Department2.University2.edu/UndergraduateStudent217, Y=http://www.Department2.University2.edu, Z=UndergraduateStudent217@Department2.University2.edu}, {X=http://www.Department2.University2.edu/UndergraduateStudent112, Y=http://www.Department2.University2.edu, Z=UndergraduateStudent112@Department2.University2.edu}, {X=http://www.Department2.University2.edu/GraduateStudent113, Y=http://www.Department2.University2.edu, Z=GraduateStudent113@Department2.University2.edu}, {X=http://www.Department2.University2.edu/UndergraduateStudent106, Y=http://www.Department2.University2.edu, Z=UndergraduateStudent106@Department2.University2.edu}, {X=http://www.Department2.University2.edu/GraduateStudent47, Y=http://www.Department2.University2.edu, Z=GraduateStudent47@Department2.University2.edu}, {X=http://www.Department2.University2.edu/UndergraduateStudent259, Y=http://www.Department2.University2.edu, Z=UndergraduateStudent259@Department2.University2.edu}, {X=http://www.Department2.University2.edu/UndergraduateStudent12, Y=http://www.Department2.University2.edu, Z=UndergraduateStudent12@Department2.University2.edu}, {X=http://www.Department2.University2.edu/GraduateStudent104, Y=http://www.Department2.University2.edu, Z=GraduateStudent104@Department2.University2.edu}, {X=http://www.Department2.University2.edu/UndergraduateStudent23, Y=http://www.Department2.University2.edu, Z=UndergraduateStudent23@Department2.University2.edu}, {X=http://www.Department2.University2.edu/GraduateStudent124, Y=http://www.Department2.University2.edu, Z=GraduateStudent124@Department2.University2.edu}, {X=http://www.Department2.University2.edu/UndergraduateStudent6, Y=http://www.Department2.University2.edu, Z=UndergraduateStudent6@Department2.University2.edu}, {X=http://www.Department2.University2.edu/UndergraduateStudent206, Y=http://www.Department2.University2.edu, Z=UndergraduateStudent206@Department2.University2.edu}, {X=http://www.Department2.University2.edu/GraduateStudent117, Y=http://www.Department2.University2.edu, Z=GraduateStudent117@Department2.University2.edu}, {X=http://www.Department2.University2.edu/UndergraduateStudent315, Y=http://www.Department2.University2.edu, Z=UndergraduateStudent315@Department2.University2.edu}, {X=http://www.Department2.University2.edu/UndergraduateStudent172, Y=http://www.Department2.University2.edu, Z=UndergraduateStudent172@Department2.University2.edu}, {X=http://www.Department2.University2.edu/UndergraduateStudent145, Y=http://www.Department2.University2.edu, Z=UndergraduateStudent145@Department2.University2.edu}, {X=http://www.Department2.University2.edu/UndergraduateStudent252, Y=http://www.Department2.University2.edu, Z=UndergraduateStudent252@Department2.University2.edu}, {X=http://www.Department2.University2.edu/UndergraduateStudent199, Y=http://www.Department2.University2.edu, Z=UndergraduateStudent199@Department2.University2.edu}, {X=http://www.Department2.University2.edu/UndergraduateStudent192, Y=http://www.Department2.University2.edu, Z=UndergraduateStudent192@Department2.University2.edu}, {X=http://www.Department2.University2.edu/GraduateStudent57, Y=http://www.Department2.University2.edu, Z=GraduateStudent57@Department2.University2.edu}, {X=http://www.Department2.University2.edu/GraduateStudent101, Y=http://www.Department2.University2.edu, Z=GraduateStudent101@Department2.University2.edu}, {X=http://www.Department2.University2.edu/UndergraduateStudent26, Y=http://www.Department2.University2.edu, Z=UndergraduateStudent26@Department2.University2.edu}, {X=http://www.Department2.University2.edu/UndergraduateStudent173, Y=http://www.Department2.University2.edu, Z=UndergraduateStudent173@Department2.University2.edu}, {X=http://www.Department2.University2.edu/GraduateStudent103, Y=http://www.Department2.University2.edu, Z=GraduateStudent103@Department2.University2.edu}, {X=http://www.Department2.University2.edu/UndergraduateStudent160, Y=http://www.Department2.University2.edu, Z=UndergraduateStudent160@Department2.University2.edu}, {X=http://www.Department2.University2.edu/UndergraduateStudent184, Y=http://www.Department2.University2.edu, Z=UndergraduateStudent184@Department2.University2.edu}, {X=http://www.Department2.University2.edu/UndergraduateStudent326, Y=http://www.Department2.University2.edu, Z=UndergraduateStudent326@Department2.University2.edu}, {X=http://www.Department2.University2.edu/GraduateStudent33, Y=http://www.Department2.University2.edu, Z=GraduateStudent33@Department2.University2.edu}, {X=http://www.Department2.University2.edu/GraduateStudent111, Y=http://www.Department2.University2.edu, Z=GraduateStudent111@Department2.University2.edu}, {X=http://www.Department2.University2.edu/UndergraduateStudent271, Y=http://www.Department2.University2.edu, Z=UndergraduateStudent271@Department2.University2.edu}, {X=http://www.Department2.University2.edu/UndergraduateStudent287, Y=http://www.Department2.University2.edu, Z=UndergraduateStudent287@Department2.University2.edu}, {X=http://www.Department2.University2.edu/GraduateStudent88, Y=http://www.Department2.University2.edu, Z=GraduateStudent88@Department2.University2.edu}, {X=http://www.Department2.University2.edu/UndergraduateStudent80, Y=http://www.Department2.University2.edu, Z=UndergraduateStudent80@Department2.University2.edu}, {X=http://www.Department2.University2.edu/UndergraduateStudent359, Y=http://www.Department2.University2.edu, Z=UndergraduateStudent359@Department2.University2.edu}, {X=http://www.Department2.University2.edu/GraduateStudent123, Y=http://www.Department2.University2.edu, Z=GraduateStudent123@Department2.University2.edu}, {X=http://www.Department2.University2.edu/GraduateStudent116, Y=http://www.Department2.University2.edu, Z=GraduateStudent116@Department2.University2.edu}, {X=http://www.Department2.University2.edu/UndergraduateStudent239, Y=http://www.Department2.University2.edu, Z=UndergraduateStudent239@Department2.University2.edu}, {X=http://www.Department2.University2.edu/GraduateStudent68, Y=http://www.Department2.University2.edu, Z=GraduateStudent68@Department2.University2.edu}, {X=http://www.Department2.University2.edu/UndergraduateStudent96, Y=http://www.Department2.University2.edu, Z=UndergraduateStudent96@Department2.University2.edu}, {X=http://www.Department2.University2.edu/UndergraduateStudent178, Y=http://www.Department2.University2.edu, Z=UndergraduateStudent178@Department2.University2.edu}, {X=http://www.Department2.University2.edu/UndergraduateStudent157, Y=http://www.Department2.University2.edu, Z=UndergraduateStudent157@Department2.University2.edu}, {X=http://www.Department2.University2.edu/UndergraduateStudent105, Y=http://www.Department2.University2.edu, Z=UndergraduateStudent105@Department2.University2.edu}, {X=http://www.Department2.University2.edu/GraduateStudent122, Y=http://www.Department2.University2.edu, Z=GraduateStudent122@Department2.University2.edu}, {X=http://www.Department2.University2.edu/UndergraduateStudent50, Y=http://www.Department2.University2.edu, Z=UndergraduateStudent50@Department2.University2.edu}, {X=http://www.Department2.University2.edu/UndergraduateStudent316, Y=http://www.Department2.University2.edu, Z=UndergraduateStudent316@Department2.University2.edu}, {X=http://www.Department2.University2.edu/UndergraduateStudent303, Y=http://www.Department2.University2.edu, Z=UndergraduateStudent303@Department2.University2.edu}, {X=http://www.Department2.University2.edu/UndergraduateStudent181, Y=http://www.Department2.University2.edu, Z=UndergraduateStudent181@Department2.University2.edu}, {X=http://www.Department2.University2.edu/UndergraduateStudent301, Y=http://www.Department2.University2.edu, Z=UndergraduateStudent301@Department2.University2.edu}, {X=http://www.Department2.University2.edu/UndergraduateStudent243, Y=http://www.Department2.University2.edu, Z=UndergraduateStudent243@Department2.University2.edu}, {X=http://www.Department2.University2.edu/UndergraduateStudent120, Y=http://www.Department2.University2.edu, Z=UndergraduateStudent120@Department2.University2.edu}, {X=http://www.Department2.University2.edu/UndergraduateStudent14, Y=http://www.Department2.University2.edu, Z=UndergraduateStudent14@Department2.University2.edu}, {X=http://www.Department2.University2.edu/GraduateStudent126, Y=http://www.Department2.University2.edu, Z=GraduateStudent126@Department2.University2.edu}, {X=http://www.Department2.University2.edu/GraduateStudent9, Y=http://www.Department2.University2.edu, Z=GraduateStudent9@Department2.University2.edu}, {X=http://www.Department2.University2.edu/GraduateStudent31, Y=http://www.Department2.University2.edu, Z=GraduateStudent31@Department2.University2.edu}, {X=http://www.Department2.University2.edu/UndergraduateStudent205, Y=http://www.Department2.University2.edu, Z=UndergraduateStudent205@Department2.University2.edu}, {X=http://www.Department2.University2.edu/UndergraduateStudent347, Y=http://www.Department2.University2.edu, Z=UndergraduateStudent347@Department2.University2.edu}, {X=http://www.Department2.University2.edu/UndergraduateStudent133, Y=http://www.Department2.University2.edu, Z=UndergraduateStudent133@Department2.University2.edu}, {X=http://www.Department2.University2.edu/UndergraduateStudent136, Y=http://www.Department2.University2.edu, Z=UndergraduateStudent136@Department2.University2.edu}, {X=http://www.Department2.University2.edu/UndergraduateStudent40, Y=http://www.Department2.University2.edu, Z=UndergraduateStudent40@Department2.University2.edu}, {X=http://www.Department2.University2.edu/GraduateStudent109, Y=http://www.Department2.University2.edu, Z=GraduateStudent109@Department2.University2.edu}, {X=http://www.Department2.University2.edu/UndergraduateStudent325, Y=http://www.Department2.University2.edu, Z=UndergraduateStudent325@Department2.University2.edu}, {X=http://www.Department2.University2.edu/UndergraduateStudent210, Y=http://www.Department2.University2.edu, Z=UndergraduateStudent210@Department2.University2.edu}, {X=http://www.Department2.University2.edu/UndergraduateStudent139, Y=http://www.Department2.University2.edu, Z=UndergraduateStudent139@Department2.University2.edu}, {X=http://www.Department2.University2.edu/GraduateStudent99, Y=http://www.Department2.University2.edu, Z=GraduateStudent99@Department2.University2.edu}, {X=http://www.Department2.University2.edu/UndergraduateStudent114, Y=http://www.Department2.University2.edu, Z=UndergraduateStudent114@Department2.University2.edu}, {X=http://www.Department2.University2.edu/GraduateStudent50, Y=http://www.Department2.University2.edu, Z=GraduateStudent50@Department2.University2.edu}, {X=http://www.Department2.University2.edu/UndergraduateStudent298, Y=http://www.Department2.University2.edu, Z=UndergraduateStudent298@Department2.University2.edu}, {X=http://www.Department2.University2.edu/UndergraduateStudent31, Y=http://www.Department2.University2.edu, Z=UndergraduateStudent31@Department2.University2.edu}, {X=http://www.Department2.University2.edu/UndergraduateStudent60, Y=http://www.Department2.University2.edu, Z=UndergraduateStudent60@Department2.University2.edu}, {X=http://www.Department2.University2.edu/UndergraduateStudent249, Y=http://www.Department2.University2.edu, Z=UndergraduateStudent249@Department2.University2.edu}, {X=http://www.Department2.University2.edu/UndergraduateStudent149, Y=http://www.Department2.University2.edu, Z=UndergraduateStudent149@Department2.University2.edu}, {X=http://www.Department2.University2.edu/UndergraduateStudent352, Y=http://www.Department2.University2.edu, Z=UndergraduateStudent352@Department2.University2.edu}, {X=http://www.Department2.University2.edu/UndergraduateStudent236, Y=http://www.Department2.University2.edu, Z=UndergraduateStudent236@Department2.University2.edu}, {X=http://www.Department2.University2.edu/UndergraduateStudent211, Y=http://www.Department2.University2.edu, Z=UndergraduateStudent211@Department2.University2.edu}, {X=http://www.Department2.University2.edu/GraduateStudent96, Y=http://www.Department2.University2.edu, Z=GraduateStudent96@Department2.University2.edu}, {X=http://www.Department2.University2.edu/UndergraduateStudent107, Y=http://www.Department2.University2.edu, Z=UndergraduateStudent107@Department2.University2.edu}, {X=http://www.Department2.University2.edu/GraduateStudent52, Y=http://www.Department2.University2.edu, Z=GraduateStudent52@Department2.University2.edu}, {X=http://www.Department2.University2.edu/GraduateStudent85, Y=http://www.Department2.University2.edu, Z=GraduateStudent85@Department2.University2.edu}, {X=http://www.Department2.University2.edu/UndergraduateStudent54, Y=http://www.Department2.University2.edu, Z=UndergraduateStudent54@Department2.University2.edu}, {X=http://www.Department2.University2.edu/GraduateStudent56, Y=http://www.Department2.University2.edu, Z=GraduateStudent56@Department2.University2.edu}, {X=http://www.Department2.University2.edu/UndergraduateStudent237, Y=http://www.Department2.University2.edu, Z=UndergraduateStudent237@Department2.University2.edu}, {X=http://www.Department2.University2.edu/UndergraduateStudent306, Y=http://www.Department2.University2.edu, Z=UndergraduateStudent306@Department2.University2.edu}, {X=http://www.Department2.University2.edu/GraduateStudent62, Y=http://www.Department2.University2.edu, Z=GraduateStudent62@Department2.University2.edu}, {X=http://www.Department2.University2.edu/GraduateStudent40, Y=http://www.Department2.University2.edu, Z=GraduateStudent40@Department2.University2.edu}, {X=http://www.Department2.University2.edu/GraduateStudent84, Y=http://www.Department2.University2.edu, Z=GraduateStudent84@Department2.University2.edu}, {X=http://www.Department2.University2.edu/UndergraduateStudent340, Y=http://www.Department2.University2.edu, Z=UndergraduateStudent340@Department2.University2.edu}, {X=http://www.Department2.University2.edu/UndergraduateStudent67, Y=http://www.Department2.University2.edu, Z=UndergraduateStudent67@Department2.University2.edu}, {X=http://www.Department2.University2.edu/UndergraduateStudent70, Y=http://www.Department2.University2.edu, Z=UndergraduateStudent70@Department2.University2.edu}, {X=http://www.Department2.University2.edu/UndergraduateStudent299, Y=http://www.Department2.University2.edu, Z=UndergraduateStudent299@Department2.University2.edu}, {X=http://www.Department2.University2.edu/UndergraduateStudent129, Y=http://www.Department2.University2.edu, Z=UndergraduateStudent129@Department2.University2.edu}, {X=http://www.Department2.University2.edu/UndergraduateStudent161, Y=http://www.Department2.University2.edu, Z=UndergraduateStudent161@Department2.University2.edu}, {X=http://www.Department2.University2.edu/UndergraduateStudent10, Y=http://www.Department2.University2.edu, Z=UndergraduateStudent10@Department2.University2.edu}, {X=http://www.Department2.University2.edu/UndergraduateStudent348, Y=http://www.Department2.University2.edu, Z=UndergraduateStudent348@Department2.University2.edu}, {X=http://www.Department2.University2.edu/UndergraduateStudent357, Y=http://www.Department2.University2.edu, Z=UndergraduateStudent357@Department2.University2.edu}, {X=http://www.Department2.University2.edu/GraduateStudent17, Y=http://www.Department2.University2.edu, Z=GraduateStudent17@Department2.University2.edu}, {X=http://www.Department2.University2.edu/UndergraduateStudent59, Y=http://www.Department2.University2.edu, Z=UndergraduateStudent59@Department2.University2.edu}, {X=http://www.Department2.University2.edu/UndergraduateStudent209, Y=http://www.Department2.University2.edu, Z=UndergraduateStudent209@Department2.University2.edu}, {X=http://www.Department2.University2.edu/UndergraduateStudent1, Y=http://www.Department2.University2.edu, Z=UndergraduateStudent1@Department2.University2.edu}, {X=http://www.Department2.University2.edu/UndergraduateStudent104, Y=http://www.Department2.University2.edu, Z=UndergraduateStudent104@Department2.University2.edu}, {X=http://www.Department2.University2.edu/GraduateStudent80, Y=http://www.Department2.University2.edu, Z=GraduateStudent80@Department2.University2.edu}, {X=http://www.Department2.University2.edu/UndergraduateStudent337, Y=http://www.Department2.University2.edu, Z=UndergraduateStudent337@Department2.University2.edu}, {X=http://www.Department2.University2.edu/GraduateStudent67, Y=http://www.Department2.University2.edu, Z=GraduateStudent67@Department2.University2.edu}, {X=http://www.Department2.University2.edu/UndergraduateStudent43, Y=http://www.Department2.University2.edu, Z=UndergraduateStudent43@Department2.University2.edu}, {X=http://www.Department2.University2.edu/GraduateStudent41, Y=http://www.Department2.University2.edu, Z=GraduateStudent41@Department2.University2.edu}, {X=http://www.Department2.University2.edu/UndergraduateStudent102, Y=http://www.Department2.University2.edu, Z=UndergraduateStudent102@Department2.University2.edu}, {X=http://www.Department2.University2.edu/UndergraduateStudent117, Y=http://www.Department2.University2.edu, Z=UndergraduateStudent117@Department2.University2.edu}, {X=http://www.Department2.University2.edu/UndergraduateStudent182, Y=http://www.Department2.University2.edu, Z=UndergraduateStudent182@Department2.University2.edu}, {X=http://www.Department2.University2.edu/UndergraduateStudent324, Y=http://www.Department2.University2.edu, Z=UndergraduateStudent324@Department2.University2.edu}, {X=http://www.Department2.University2.edu/UndergraduateStudent51, Y=http://www.Department2.University2.edu, Z=UndergraduateStudent51@Department2.University2.edu}, {X=http://www.Department2.University2.edu/GraduateStudent107, Y=http://www.Department2.University2.edu, Z=GraduateStudent107@Department2.University2.edu}, {X=http://www.Department2.University2.edu/UndergraduateStudent119, Y=http://www.Department2.University2.edu, Z=UndergraduateStudent119@Department2.University2.edu}, {X=http://www.Department2.University2.edu/GraduateStudent58, Y=http://www.Department2.University2.edu, Z=GraduateStudent58@Department2.University2.edu}, {X=http://www.Department2.University2.edu/UndergraduateStudent274, Y=http://www.Department2.University2.edu, Z=UndergraduateStudent274@Department2.University2.edu}, {X=http://www.Department2.University2.edu/UndergraduateStudent258, Y=http://www.Department2.University2.edu, Z=UndergraduateStudent258@Department2.University2.edu}, {X=http://www.Department2.University2.edu/UndergraduateStudent177, Y=http://www.Department2.University2.edu, Z=UndergraduateStudent177@Department2.University2.edu}, {X=http://www.Department2.University2.edu/GraduateStudent75, Y=http://www.Department2.University2.edu, Z=GraduateStudent75@Department2.University2.edu}, {X=http://www.Department2.University2.edu/UndergraduateStudent140, Y=http://www.Department2.University2.edu, Z=UndergraduateStudent140@Department2.University2.edu}, {X=http://www.Department2.University2.edu/UndergraduateStudent101, Y=http://www.Department2.University2.edu, Z=UndergraduateStudent101@Department2.University2.edu}, {X=http://www.Department2.University2.edu/UndergraduateStudent90, Y=http://www.Department2.University2.edu, Z=UndergraduateStudent90@Department2.University2.edu}, {X=http://www.Department2.University2.edu/UndergraduateStudent135, Y=http://www.Department2.University2.edu, Z=UndergraduateStudent135@Department2.University2.edu}, {X=http://www.Department2.University2.edu/GraduateStudent35, Y=http://www.Department2.University2.edu, Z=GraduateStudent35@Department2.University2.edu}, {X=http://www.Department2.University2.edu/GraduateStudent71, Y=http://www.Department2.University2.edu, Z=GraduateStudent71@Department2.University2.edu}, {X=http://www.Department2.University2.edu/UndergraduateStudent312, Y=http://www.Department2.University2.edu, Z=UndergraduateStudent312@Department2.University2.edu}, {X=http://www.Department2.University2.edu/UndergraduateStudent186, Y=http://www.Department2.University2.edu, Z=UndergraduateStudent186@Department2.University2.edu}, {X=http://www.Department2.University2.edu/UndergraduateStudent341, Y=http://www.Department2.University2.edu, Z=UndergraduateStudent341@Department2.University2.edu}, {X=http://www.Department2.University2.edu/UndergraduateStudent342, Y=http://www.Department2.University2.edu, Z=UndergraduateStudent342@Department2.University2.edu}, {X=http://www.Department2.University2.edu/UndergraduateStudent158, Y=http://www.Department2.University2.edu, Z=UndergraduateStudent158@Department2.University2.edu}, {X=http://www.Department2.University2.edu/UndergraduateStudent171, Y=http://www.Department2.University2.edu, Z=UndergraduateStudent171@Department2.University2.edu}, {X=http://www.Department2.University2.edu/UndergraduateStudent300, Y=http://www.Department2.University2.edu, Z=UndergraduateStudent300@Department2.University2.edu}, {X=http://www.Department2.University2.edu/UndergraduateStudent165, Y=http://www.Department2.University2.edu, Z=UndergraduateStudent165@Department2.University2.edu}, {X=http://www.Department2.University2.edu/UndergraduateStudent151, Y=http://www.Department2.University2.edu, Z=UndergraduateStudent151@Department2.University2.edu}, {X=http://www.Department2.University2.edu/UndergraduateStudent88, Y=http://www.Department2.University2.edu, Z=UndergraduateStudent88@Department2.University2.edu}, {X=http://www.Department2.University2.edu/UndergraduateStudent194, Y=http://www.Department2.University2.edu, Z=UndergraduateStudent194@Department2.University2.edu}, {X=http://www.Department2.University2.edu/UndergraduateStudent169, Y=http://www.Department2.University2.edu, Z=UndergraduateStudent169@Department2.University2.edu}, {X=http://www.Department2.University2.edu/GraduateStudent3, Y=http://www.Department2.University2.edu, Z=GraduateStudent3@Department2.University2.edu}, {X=http://www.Department2.University2.edu/UndergraduateStudent302, Y=http://www.Department2.University2.edu, Z=UndergraduateStudent302@Department2.University2.edu}, {X=http://www.Department2.University2.edu/UndergraduateStudent231, Y=http://www.Department2.University2.edu, Z=UndergraduateStudent231@Department2.University2.edu}, {X=http://www.Department2.University2.edu/UndergraduateStudent264, Y=http://www.Department2.University2.edu, Z=UndergraduateStudent264@Department2.University2.edu}, {X=http://www.Department2.University2.edu/UndergraduateStudent247, Y=http://www.Department2.University2.edu, Z=UndergraduateStudent247@Department2.University2.edu}, {X=http://www.Department2.University2.edu/GraduateStudent55, Y=http://www.Department2.University2.edu, Z=GraduateStudent55@Department2.University2.edu}, {X=http://www.Department2.University2.edu/GraduateStudent1, Y=http://www.Department2.University2.edu, Z=GraduateStudent1@Department2.University2.edu}, {X=http://www.Department2.University2.edu/UndergraduateStudent283, Y=http://www.Department2.University2.edu, Z=UndergraduateStudent283@Department2.University2.edu}, {X=http://www.Department2.University2.edu/UndergraduateStudent191, Y=http://www.Department2.University2.edu, Z=UndergraduateStudent191@Department2.University2.edu}, {X=http://www.Department2.University2.edu/UndergraduateStudent98, Y=http://www.Department2.University2.edu, Z=UndergraduateStudent98@Department2.University2.edu}, {X=http://www.Department2.University2.edu/GraduateStudent70, Y=http://www.Department2.University2.edu, Z=GraduateStudent70@Department2.University2.edu}, {X=http://www.Department2.University2.edu/UndergraduateStudent75, Y=http://www.Department2.University2.edu, Z=UndergraduateStudent75@Department2.University2.edu}, {X=http://www.Department2.University2.edu/UndergraduateStudent204, Y=http://www.Department2.University2.edu, Z=UndergraduateStudent204@Department2.University2.edu}, {X=http://www.Department2.University2.edu/GraduateStudent44, Y=http://www.Department2.University2.edu, Z=GraduateStudent44@Department2.University2.edu}, {X=http://www.Department2.University2.edu/UndergraduateStudent356, Y=http://www.Department2.University2.edu, Z=UndergraduateStudent356@Department2.University2.edu}, {X=http://www.Department2.University2.edu/UndergraduateStudent360, Y=http://www.Department2.University2.edu, Z=UndergraduateStudent360@Department2.University2.edu}, {X=http://www.Department2.University2.edu/UndergraduateStudent277, Y=http://www.Department2.University2.edu, Z=UndergraduateStudent277@Department2.University2.edu}, {X=http://www.Department2.University2.edu/UndergraduateStudent2, Y=http://www.Department2.University2.edu, Z=UndergraduateStudent2@Department2.University2.edu}, {X=http://www.Department2.University2.edu/UndergraduateStudent84, Y=http://www.Department2.University2.edu, Z=UndergraduateStudent84@Department2.University2.edu}, {X=http://www.Department2.University2.edu/UndergraduateStudent282, Y=http://www.Department2.University2.edu, Z=UndergraduateStudent282@Department2.University2.edu}, {X=http://www.Department2.University2.edu/UndergraduateStudent224, Y=http://www.Department2.University2.edu, Z=UndergraduateStudent224@Department2.University2.edu}, {X=http://www.Department2.University2.edu/GraduateStudent20, Y=http://www.Department2.University2.edu, Z=GraduateStudent20@Department2.University2.edu}, {X=http://www.Department2.University2.edu/UndergraduateStudent281, Y=http://www.Department2.University2.edu, Z=UndergraduateStudent281@Department2.University2.edu}, {X=http://www.Department2.University2.edu/GraduateStudent39, Y=http://www.Department2.University2.edu, Z=GraduateStudent39@Department2.University2.edu}, {X=http://www.Department2.University2.edu/UndergraduateStudent68, Y=http://www.Department2.University2.edu, Z=UndergraduateStudent68@Department2.University2.edu}, {X=http://www.Department2.University2.edu/UndergraduateStudent19, Y=http://www.Department2.University2.edu, Z=UndergraduateStudent19@Department2.University2.edu}, {X=http://www.Department2.University2.edu/UndergraduateStudent323, Y=http://www.Department2.University2.edu, Z=UndergraduateStudent323@Department2.University2.edu}, {X=http://www.Department2.University2.edu/GraduateStudent102, Y=http://www.Department2.University2.edu, Z=GraduateStudent102@Department2.University2.edu}, {X=http://www.Department2.University2.edu/GraduateStudent81, Y=http://www.Department2.University2.edu, Z=GraduateStudent81@Department2.University2.edu}, {X=http://www.Department2.University2.edu/UndergraduateStudent154, Y=http://www.Department2.University2.edu, Z=UndergraduateStudent154@Department2.University2.edu}, {X=http://www.Department2.University2.edu/GraduateStudent48, Y=http://www.Department2.University2.edu, Z=GraduateStudent48@Department2.University2.edu}, {X=http://www.Department2.University2.edu/UndergraduateStudent152, Y=http://www.Department2.University2.edu, Z=UndergraduateStudent152@Department2.University2.edu}, {X=http://www.Department2.University2.edu/UndergraduateStudent329, Y=http://www.Department2.University2.edu, Z=UndergraduateStudent329@Department2.University2.edu}, {X=http://www.Department2.University2.edu/UndergraduateStudent21, Y=http://www.Department2.University2.edu, Z=UndergraduateStudent21@Department2.University2.edu}, {X=http://www.Department2.University2.edu/UndergraduateStudent159, Y=http://www.Department2.University2.edu, Z=UndergraduateStudent159@Department2.University2.edu}, {X=http://www.Department2.University2.edu/GraduateStudent15, Y=http://www.Department2.University2.edu, Z=GraduateStudent15@Department2.University2.edu}, {X=http://www.Department2.University2.edu/UndergraduateStudent99, Y=http://www.Department2.University2.edu, Z=UndergraduateStudent99@Department2.University2.edu}, {X=http://www.Department2.University2.edu/UndergraduateStudent242, Y=http://www.Department2.University2.edu, Z=UndergraduateStudent242@Department2.University2.edu}, {X=http://www.Department2.University2.edu/UndergraduateStudent292, Y=http://www.Department2.University2.edu, Z=UndergraduateStudent292@Department2.University2.edu}, {X=http://www.Department2.University2.edu/UndergraduateStudent343, Y=http://www.Department2.University2.edu, Z=UndergraduateStudent343@Department2.University2.edu}, {X=http://www.Department2.University2.edu/UndergraduateStudent238, Y=http://www.Department2.University2.edu, Z=UndergraduateStudent238@Department2.University2.edu}, {X=http://www.Department2.University2.edu/GraduateStudent23, Y=http://www.Department2.University2.edu, Z=GraduateStudent23@Department2.University2.edu}, {X=http://www.Department2.University2.edu/UndergraduateStudent187, Y=http://www.Department2.University2.edu, Z=UndergraduateStudent187@Department2.University2.edu}, {X=http://www.Department2.University2.edu/GraduateStudent100, Y=http://www.Department2.University2.edu, Z=GraduateStudent100@Department2.University2.edu}, {X=http://www.Department2.University2.edu/UndergraduateStudent143, Y=http://www.Department2.University2.edu, Z=UndergraduateStudent143@Department2.University2.edu}, {X=http://www.Department2.University2.edu/UndergraduateStudent174, Y=http://www.Department2.University2.edu, Z=UndergraduateStudent174@Department2.University2.edu}, {X=http://www.Department2.University2.edu/GraduateStudent2, Y=http://www.Department2.University2.edu, Z=GraduateStudent2@Department2.University2.edu}, {X=http://www.Department2.University2.edu/UndergraduateStudent234, Y=http://www.Department2.University2.edu, Z=UndergraduateStudent234@Department2.University2.edu}, {X=http://www.Department2.University2.edu/UndergraduateStudent150, Y=http://www.Department2.University2.edu, Z=UndergraduateStudent150@Department2.University2.edu}, {X=http://www.Department2.University2.edu/UndergraduateStudent164, Y=http://www.Department2.University2.edu, Z=UndergraduateStudent164@Department2.University2.edu}, {X=http://www.Department2.University2.edu/UndergraduateStudent241, Y=http://www.Department2.University2.edu, Z=UndergraduateStudent241@Department2.University2.edu}, {X=http://www.Department2.University2.edu/UndergraduateStudent126, Y=http://www.Department2.University2.edu, Z=UndergraduateStudent126@Department2.University2.edu}, {X=http://www.Department2.University2.edu/UndergraduateStudent225, Y=http://www.Department2.University2.edu, Z=UndergraduateStudent225@Department2.University2.edu}, {X=http://www.Department2.University2.edu/UndergraduateStudent185, Y=http://www.Department2.University2.edu, Z=UndergraduateStudent185@Department2.University2.edu}, {X=http://www.Department2.University2.edu/UndergraduateStudent196, Y=http://www.Department2.University2.edu, Z=UndergraduateStudent196@Department2.University2.edu}, {X=http://www.Department2.University2.edu/GraduateStudent118, Y=http://www.Department2.University2.edu, Z=GraduateStudent118@Department2.University2.edu}, {X=http://www.Department2.University2.edu/UndergraduateStudent113, Y=http://www.Department2.University2.edu, Z=UndergraduateStudent113@Department2.University2.edu}, {X=http://www.Department2.University2.edu/UndergraduateStudent130, Y=http://www.Department2.University2.edu, Z=UndergraduateStudent130@Department2.University2.edu}, {X=http://www.Department2.University2.edu/UndergraduateStudent279, Y=http://www.Department2.University2.edu, Z=UndergraduateStudent279@Department2.University2.edu}, {X=http://www.Department2.University2.edu/UndergraduateStudent305, Y=http://www.Department2.University2.edu, Z=UndergraduateStudent305@Department2.University2.edu}, {X=http://www.Department2.University2.edu/GraduateStudent37, Y=http://www.Department2.University2.edu, Z=GraduateStudent37@Department2.University2.edu}, {X=http://www.Department2.University2.edu/GraduateStudent61, Y=http://www.Department2.University2.edu, Z=GraduateStudent61@Department2.University2.edu}, {X=http://www.Department2.University2.edu/UndergraduateStudent246, Y=http://www.Department2.University2.edu, Z=UndergraduateStudent246@Department2.University2.edu}, {X=http://www.Department2.University2.edu/GraduateStudent72, Y=http://www.Department2.University2.edu, Z=GraduateStudent72@Department2.University2.edu}, {X=http://www.Department2.University2.edu/UndergraduateStudent294, Y=http://www.Department2.University2.edu, Z=UndergraduateStudent294@Department2.University2.edu}, {X=http://www.Department2.University2.edu/UndergraduateStudent278, Y=http://www.Department2.University2.edu, Z=UndergraduateStudent278@Department2.University2.edu}, {X=http://www.Department2.University2.edu/UndergraduateStudent270, Y=http://www.Department2.University2.edu, Z=UndergraduateStudent270@Department2.University2.edu}, {X=http://www.Department2.University2.edu/UndergraduateStudent284, Y=http://www.Department2.University2.edu, Z=UndergraduateStudent284@Department2.University2.edu}, {X=http://www.Department2.University2.edu/UndergraduateStudent89, Y=http://www.Department2.University2.edu, Z=UndergraduateStudent89@Department2.University2.edu}, {X=http://www.Department2.University2.edu/GraduateStudent0, Y=http://www.Department2.University2.edu, Z=GraduateStudent0@Department2.University2.edu}, {X=http://www.Department2.University2.edu/UndergraduateStudent213, Y=http://www.Department2.University2.edu, Z=UndergraduateStudent213@Department2.University2.edu}, {X=http://www.Department2.University2.edu/UndergraduateStudent349, Y=http://www.Department2.University2.edu, Z=UndergraduateStudent349@Department2.University2.edu}, {X=http://www.Department2.University2.edu/UndergraduateStudent263, Y=http://www.Department2.University2.edu, Z=UndergraduateStudent263@Department2.University2.edu}, {X=http://www.Department2.University2.edu/GraduateStudent24, Y=http://www.Department2.University2.edu, Z=GraduateStudent24@Department2.University2.edu}, {X=http://www.Department2.University2.edu/UndergraduateStudent176, Y=http://www.Department2.University2.edu, Z=UndergraduateStudent176@Department2.University2.edu}, {X=http://www.Department2.University2.edu/UndergraduateStudent39, Y=http://www.Department2.University2.edu, Z=UndergraduateStudent39@Department2.University2.edu}, {X=http://www.Department2.University2.edu/UndergraduateStudent124, Y=http://www.Department2.University2.edu, Z=UndergraduateStudent124@Department2.University2.edu}, {X=http://www.Department2.University2.edu/UndergraduateStudent52, Y=http://www.Department2.University2.edu, Z=UndergraduateStudent52@Department2.University2.edu}, {X=http://www.Department2.University2.edu/UndergraduateStudent354, Y=http://www.Department2.University2.edu, Z=UndergraduateStudent354@Department2.University2.edu}, {X=http://www.Department2.University2.edu/GraduateStudent83, Y=http://www.Department2.University2.edu, Z=GraduateStudent83@Department2.University2.edu}, {X=http://www.Department2.University2.edu/UndergraduateStudent48, Y=http://www.Department2.University2.edu, Z=UndergraduateStudent48@Department2.University2.edu}, {X=http://www.Department2.University2.edu/GraduateStudent130, Y=http://www.Department2.University2.edu, Z=GraduateStudent130@Department2.University2.edu}, {X=http://www.Department2.University2.edu/UndergraduateStudent61, Y=http://www.Department2.University2.edu, Z=UndergraduateStudent61@Department2.University2.edu}, {X=http://www.Department2.University2.edu/UndergraduateStudent16, Y=http://www.Department2.University2.edu, Z=UndergraduateStudent16@Department2.University2.edu}, {X=http://www.Department2.University2.edu/UndergraduateStudent319, Y=http://www.Department2.University2.edu, Z=UndergraduateStudent319@Department2.University2.edu}, {X=http://www.Department2.University2.edu/GraduateStudent98, Y=http://www.Department2.University2.edu, Z=GraduateStudent98@Department2.University2.edu}, {X=http://www.Department2.University2.edu/UndergraduateStudent71, Y=http://www.Department2.University2.edu, Z=UndergraduateStudent71@Department2.University2.edu}, {X=http://www.Department2.University2.edu/UndergraduateStudent35, Y=http://www.Department2.University2.edu, Z=UndergraduateStudent35@Department2.University2.edu}, {X=http://www.Department2.University2.edu/GraduateStudent120, Y=http://www.Department2.University2.edu, Z=GraduateStudent120@Department2.University2.edu}, {X=http://www.Department2.University2.edu/UndergraduateStudent156, Y=http://www.Department2.University2.edu, Z=UndergraduateStudent156@Department2.University2.edu}, {X=http://www.Department2.University2.edu/UndergraduateStudent153, Y=http://www.Department2.University2.edu, Z=UndergraduateStudent153@Department2.University2.edu}, {X=http://www.Department2.University2.edu/UndergraduateStudent118, Y=http://www.Department2.University2.edu, Z=UndergraduateStudent118@Department2.University2.edu}, {X=http://www.Department2.University2.edu/GraduateStudent90, Y=http://www.Department2.University2.edu, Z=GraduateStudent90@Department2.University2.edu}, {X=http://www.Department2.University2.edu/GraduateStudent59, Y=http://www.Department2.University2.edu, Z=GraduateStudent59@Department2.University2.edu}, {X=http://www.Department2.University2.edu/GraduateStudent43, Y=http://www.Department2.University2.edu, Z=GraduateStudent43@Department2.University2.edu}, {X=http://www.Department2.University2.edu/UndergraduateStudent317, Y=http://www.Department2.University2.edu, Z=UndergraduateStudent317@Department2.University2.edu}, {X=http://www.Department2.University2.edu/UndergraduateStudent121, Y=http://www.Department2.University2.edu, Z=UndergraduateStudent121@Department2.University2.edu}, {X=http://www.Department2.University2.edu/UndergraduateStudent144, Y=http://www.Department2.University2.edu, Z=UndergraduateStudent144@Department2.University2.edu}, {X=http://www.Department2.University2.edu/UndergraduateStudent251, Y=http://www.Department2.University2.edu, Z=UndergraduateStudent251@Department2.University2.edu}, {X=http://www.Department2.University2.edu/UndergraduateStudent141, Y=http://www.Department2.University2.edu, Z=UndergraduateStudent141@Department2.University2.edu}, {X=http://www.Department2.University2.edu/UndergraduateStudent265, Y=http://www.Department2.University2.edu, Z=UndergraduateStudent265@Department2.University2.edu}, {X=http://www.Department2.University2.edu/GraduateStudent115, Y=http://www.Department2.University2.edu, Z=GraduateStudent115@Department2.University2.edu}, {X=http://www.Department2.University2.edu/UndergraduateStudent268, Y=http://www.Department2.University2.edu, Z=UndergraduateStudent268@Department2.University2.edu}, {X=http://www.Department2.University2.edu/GraduateStudent66, Y=http://www.Department2.University2.edu, Z=GraduateStudent66@Department2.University2.edu}, {X=http://www.Department2.University2.edu/GraduateStudent5, Y=http://www.Department2.University2.edu, Z=GraduateStudent5@Department2.University2.edu}, {X=http://www.Department2.University2.edu/UndergraduateStudent310, Y=http://www.Department2.University2.edu, Z=UndergraduateStudent310@Department2.University2.edu}, {X=http://www.Department2.University2.edu/UndergraduateStudent183, Y=http://www.Department2.University2.edu, Z=UndergraduateStudent183@Department2.University2.edu}, {X=http://www.Department2.University2.edu/UndergraduateStudent248, Y=http://www.Department2.University2.edu, Z=UndergraduateStudent248@Department2.University2.edu}, {X=http://www.Department2.University2.edu/GraduateStudent69, Y=http://www.Department2.University2.edu, Z=GraduateStudent69@Department2.University2.edu}, {X=http://www.Department2.University2.edu/UndergraduateStudent94, Y=http://www.Department2.University2.edu, Z=UndergraduateStudent94@Department2.University2.edu}, {X=http://www.Department2.University2.edu/GraduateStudent73, Y=http://www.Department2.University2.edu, Z=GraduateStudent73@Department2.University2.edu}, {X=http://www.Department2.University2.edu/UndergraduateStudent138, Y=http://www.Department2.University2.edu, Z=UndergraduateStudent138@Department2.University2.edu}, {X=http://www.Department2.University2.edu/UndergraduateStudent37, Y=http://www.Department2.University2.edu, Z=UndergraduateStudent37@Department2.University2.edu}, {X=http://www.Department2.University2.edu/UndergraduateStudent233, Y=http://www.Department2.University2.edu, Z=UndergraduateStudent233@Department2.University2.edu}, {X=http://www.Department2.University2.edu/UndergraduateStudent291, Y=http://www.Department2.University2.edu, Z=UndergraduateStudent291@Department2.University2.edu}, {X=http://www.Department2.University2.edu/UndergraduateStudent212, Y=http://www.Department2.University2.edu, Z=UndergraduateStudent212@Department2.University2.edu}, {X=http://www.Department2.University2.edu/UndergraduateStudent55, Y=http://www.Department2.University2.edu, Z=UndergraduateStudent55@Department2.University2.edu}, {X=http://www.Department2.University2.edu/UndergraduateStudent91, Y=http://www.Department2.University2.edu, Z=UndergraduateStudent91@Department2.University2.edu}, {X=http://www.Department2.University2.edu/UndergraduateStudent222, Y=http://www.Department2.University2.edu, Z=UndergraduateStudent222@Department2.University2.edu}, {X=http://www.Department2.University2.edu/UndergraduateStudent309, Y=http://www.Department2.University2.edu, Z=UndergraduateStudent309@Department2.University2.edu}, {X=http://www.Department2.University2.edu/UndergraduateStudent332, Y=http://www.Department2.University2.edu, Z=UndergraduateStudent332@Department2.University2.edu}, {X=http://www.Department2.University2.edu/GraduateStudent131, Y=http://www.Department2.University2.edu, Z=GraduateStudent131@Department2.University2.edu}, {X=http://www.Department2.University2.edu/GraduateStudent53, Y=http://www.Department2.University2.edu, Z=GraduateStudent53@Department2.University2.edu}, {X=http://www.Department2.University2.edu/GraduateStudent112, Y=http://www.Department2.University2.edu, Z=GraduateStudent112@Department2.University2.edu}, {X=http://www.Department2.University2.edu/UndergraduateStudent73, Y=http://www.Department2.University2.edu, Z=UndergraduateStudent73@Department2.University2.edu}, {X=http://www.Department2.University2.edu/UndergraduateStudent7, Y=http://www.Department2.University2.edu, Z=UndergraduateStudent7@Department2.University2.edu}, {X=http://www.Department2.University2.edu/UndergraduateStudent116, Y=http://www.Department2.University2.edu, Z=UndergraduateStudent116@Department2.University2.edu}, {X=http://www.Department2.University2.edu/UndergraduateStudent92, Y=http://www.Department2.University2.edu, Z=UndergraduateStudent92@Department2.University2.edu}, {X=http://www.Department2.University2.edu/UndergraduateStudent201, Y=http://www.Department2.University2.edu, Z=UndergraduateStudent201@Department2.University2.edu}, {X=http://www.Department2.University2.edu/GraduateStudent29, Y=http://www.Department2.University2.edu, Z=GraduateStudent29@Department2.University2.edu}, {X=http://www.Department2.University2.edu/UndergraduateStudent85, Y=http://www.Department2.University2.edu, Z=UndergraduateStudent85@Department2.University2.edu}, {X=http://www.Department2.University2.edu/UndergraduateStudent227, Y=http://www.Department2.University2.edu, Z=UndergraduateStudent227@Department2.University2.edu}, {X=http://www.Department2.University2.edu/UndergraduateStudent3, Y=http://www.Department2.University2.edu, Z=UndergraduateStudent3@Department2.University2.edu}, {X=http://www.Department2.University2.edu/UndergraduateStudent240, Y=http://www.Department2.University2.edu, Z=UndergraduateStudent240@Department2.University2.edu}, {X=http://www.Department2.University2.edu/UndergraduateStudent197, Y=http://www.Department2.University2.edu, Z=UndergraduateStudent197@Department2.University2.edu}, {X=http://www.Department2.University2.edu/UndergraduateStudent123, Y=http://www.Department2.University2.edu, Z=UndergraduateStudent123@Department2.University2.edu}, {X=http://www.Department2.University2.edu/UndergraduateStudent311, Y=http://www.Department2.University2.edu, Z=UndergraduateStudent311@Department2.University2.edu}, {X=http://www.Department2.University2.edu/GraduateStudent51, Y=http://www.Department2.University2.edu, Z=GraduateStudent51@Department2.University2.edu}, {X=http://www.Department2.University2.edu/UndergraduateStudent285, Y=http://www.Department2.University2.edu, Z=UndergraduateStudent285@Department2.University2.edu}, {X=http://www.Department2.University2.edu/UndergraduateStudent333, Y=http://www.Department2.University2.edu, Z=UndergraduateStudent333@Department2.University2.edu}, {X=http://www.Department2.University2.edu/GraduateStudent8, Y=http://www.Department2.University2.edu, Z=GraduateStudent8@Department2.University2.edu}, {X=http://www.Department2.University2.edu/GraduateStudent132, Y=http://www.Department2.University2.edu, Z=GraduateStudent132@Department2.University2.edu}, {X=http://www.Department2.University2.edu/UndergraduateStudent218, Y=http://www.Department2.University2.edu, Z=UndergraduateStudent218@Department2.University2.edu}, {X=http://www.Department2.University2.edu/GraduateStudent121, Y=http://www.Department2.University2.edu, Z=GraduateStudent121@Department2.University2.edu}, {X=http://www.Department2.University2.edu/GraduateStudent127, Y=http://www.Department2.University2.edu, Z=GraduateStudent127@Department2.University2.edu}, {X=http://www.Department2.University2.edu/UndergraduateStudent25, Y=http://www.Department2.University2.edu, Z=UndergraduateStudent25@Department2.University2.edu}, {X=http://www.Department2.University2.edu/UndergraduateStudent254, Y=http://www.Department2.University2.edu, Z=UndergraduateStudent254@Department2.University2.edu}, {X=http://www.Department2.University2.edu/GraduateStudent108, Y=http://www.Department2.University2.edu, Z=GraduateStudent108@Department2.University2.edu}, {X=http://www.Department2.University2.edu/UndergraduateStudent47, Y=http://www.Department2.University2.edu, Z=UndergraduateStudent47@Department2.University2.edu}, {X=http://www.Department2.University2.edu/GraduateStudent16, Y=http://www.Department2.University2.edu, Z=GraduateStudent16@Department2.University2.edu}, {X=http://www.Department2.University2.edu/GraduateStudent21, Y=http://www.Department2.University2.edu, Z=GraduateStudent21@Department2.University2.edu}, {X=http://www.Department2.University2.edu/UndergraduateStudent221, Y=http://www.Department2.University2.edu, Z=UndergraduateStudent221@Department2.University2.edu}, {X=http://www.Department2.University2.edu/GraduateStudent10, Y=http://www.Department2.University2.edu, Z=GraduateStudent10@Department2.University2.edu}, {X=http://www.Department2.University2.edu/UndergraduateStudent219, Y=http://www.Department2.University2.edu, Z=UndergraduateStudent219@Department2.University2.edu}, {X=http://www.Department2.University2.edu/UndergraduateStudent24, Y=http://www.Department2.University2.edu, Z=UndergraduateStudent24@Department2.University2.edu}, {X=http://www.Department2.University2.edu/UndergraduateStudent330, Y=http://www.Department2.University2.edu, Z=UndergraduateStudent330@Department2.University2.edu}, {X=http://www.Department2.University2.edu/UndergraduateStudent297, Y=http://www.Department2.University2.edu, Z=UndergraduateStudent297@Department2.University2.edu}, {X=http://www.Department2.University2.edu/UndergraduateStudent308, Y=http://www.Department2.University2.edu, Z=UndergraduateStudent308@Department2.University2.edu}, {X=http://www.Department2.University2.edu/UndergraduateStudent128, Y=http://www.Department2.University2.edu, Z=UndergraduateStudent128@Department2.University2.edu}, {X=http://www.Department2.University2.edu/UndergraduateStudent358, Y=http://www.Department2.University2.edu, Z=UndergraduateStudent358@Department2.University2.edu}, {X=http://www.Department2.University2.edu/UndergraduateStudent13, Y=http://www.Department2.University2.edu, Z=UndergraduateStudent13@Department2.University2.edu}, {X=http://www.Department2.University2.edu/GraduateStudent129, Y=http://www.Department2.University2.edu, Z=GraduateStudent129@Department2.University2.edu}, {X=http://www.Department2.University2.edu/UndergraduateStudent253, Y=http://www.Department2.University2.edu, Z=UndergraduateStudent253@Department2.University2.edu}, {X=http://www.Department2.University2.edu/UndergraduateStudent29, Y=http://www.Department2.University2.edu, Z=UndergraduateStudent29@Department2.University2.edu}, {X=http://www.Department2.University2.edu/UndergraduateStudent193, Y=http://www.Department2.University2.edu, Z=UndergraduateStudent193@Department2.University2.edu}, {X=http://www.Department2.University2.edu/GraduateStudent46, Y=http://www.Department2.University2.edu, Z=GraduateStudent46@Department2.University2.edu}, {X=http://www.Department2.University2.edu/UndergraduateStudent122, Y=http://www.Department2.University2.edu, Z=UndergraduateStudent122@Department2.University2.edu}, {X=http://www.Department2.University2.edu/UndergraduateStudent56, Y=http://www.Department2.University2.edu, Z=UndergraduateStudent56@Department2.University2.edu}, {X=http://www.Department2.University2.edu/GraduateStudent125, Y=http://www.Department2.University2.edu, Z=GraduateStudent125@Department2.University2.edu}, {X=http://www.Department2.University2.edu/UndergraduateStudent202, Y=http://www.Department2.University2.edu, Z=UndergraduateStudent202@Department2.University2.edu}, {X=http://www.Department2.University2.edu/GraduateStudent86, Y=http://www.Department2.University2.edu, Z=GraduateStudent86@Department2.University2.edu}, {X=http://www.Department2.University2.edu/UndergraduateStudent262, Y=http://www.Department2.University2.edu, Z=UndergraduateStudent262@Department2.University2.edu}, {X=http://www.Department2.University2.edu/UndergraduateStudent163, Y=http://www.Department2.University2.edu, Z=UndergraduateStudent163@Department2.University2.edu}, {X=http://www.Department2.University2.edu/UndergraduateStudent148, Y=http://www.Department2.University2.edu, Z=UndergraduateStudent148@Department2.University2.edu}, {X=http://www.Department2.University2.edu/UndergraduateStudent76, Y=http://www.Department2.University2.edu, Z=UndergraduateStudent76@Department2.University2.edu}, {X=http://www.Department2.University2.edu/GraduateStudent27, Y=http://www.Department2.University2.edu, Z=GraduateStudent27@Department2.University2.edu}, {X=http://www.Department2.University2.edu/GraduateStudent64, Y=http://www.Department2.University2.edu, Z=GraduateStudent64@Department2.University2.edu}, {X=http://www.Department2.University2.edu/UndergraduateStudent351, Y=http://www.Department2.University2.edu, Z=UndergraduateStudent351@Department2.University2.edu}, {X=http://www.Department2.University2.edu/UndergraduateStudent78, Y=http://www.Department2.University2.edu, Z=UndergraduateStudent78@Department2.University2.edu}, {X=http://www.Department2.University2.edu/GraduateStudent49, Y=http://www.Department2.University2.edu, Z=GraduateStudent49@Department2.University2.edu}, {X=http://www.Department2.University2.edu/UndergraduateStudent338, Y=http://www.Department2.University2.edu, Z=UndergraduateStudent338@Department2.University2.edu}, {X=http://www.Department2.University2.edu/UndergraduateStudent36, Y=http://www.Department2.University2.edu, Z=UndergraduateStudent36@Department2.University2.edu}, {X=http://www.Department2.University2.edu/UndergraduateStudent339, Y=http://www.Department2.University2.edu, Z=UndergraduateStudent339@Department2.University2.edu}, {X=http://www.Department2.University2.edu/GraduateStudent87, Y=http://www.Department2.University2.edu, Z=GraduateStudent87@Department2.University2.edu}, {X=http://www.Department2.University2.edu/UndergraduateStudent167, Y=http://www.Department2.University2.edu, Z=UndergraduateStudent167@Department2.University2.edu}, {X=http://www.Department2.University2.edu/GraduateStudent119, Y=http://www.Department2.University2.edu, Z=GraduateStudent119@Department2.University2.edu}, {X=http://www.Department2.University2.edu/UndergraduateStudent72, Y=http://www.Department2.University2.edu, Z=UndergraduateStudent72@Department2.University2.edu}, {X=http://www.Department2.University2.edu/UndergraduateStudent77, Y=http://www.Department2.University2.edu, Z=UndergraduateStudent77@Department2.University2.edu}, {X=http://www.Department2.University2.edu/GraduateStudent97, Y=http://www.Department2.University2.edu, Z=GraduateStudent97@Department2.University2.edu}, {X=http://www.Department2.University2.edu/GraduateStudent54, Y=http://www.Department2.University2.edu, Z=GraduateStudent54@Department2.University2.edu}, {X=http://www.Department2.University2.edu/UndergraduateStudent9, Y=http://www.Department2.University2.edu, Z=UndergraduateStudent9@Department2.University2.edu}, {X=http://www.Department2.University2.edu/UndergraduateStudent65, Y=http://www.Department2.University2.edu, Z=UndergraduateStudent65@Department2.University2.edu}, {X=http://www.Department2.University2.edu/UndergraduateStudent11, Y=http://www.Department2.University2.edu, Z=UndergraduateStudent11@Department2.University2.edu}, {X=http://www.Department2.University2.edu/UndergraduateStudent208, Y=http://www.Department2.University2.edu, Z=UndergraduateStudent208@Department2.University2.edu}, {X=http://www.Department2.University2.edu/GraduateStudent128, Y=http://www.Department2.University2.edu, Z=GraduateStudent128@Department2.University2.edu}, {X=http://www.Department2.University2.edu/UndergraduateStudent322, Y=http://www.Department2.University2.edu, Z=UndergraduateStudent322@Department2.University2.edu}, {X=http://www.Department2.University2.edu/GraduateStudent89, Y=http://www.Department2.University2.edu, Z=GraduateStudent89@Department2.University2.edu}, {X=http://www.Department2.University2.edu/UndergraduateStudent28, Y=http://www.Department2.University2.edu, Z=UndergraduateStudent28@Department2.University2.edu}, {X=http://www.Department2.University2.edu/GraduateStudent25, Y=http://www.Department2.University2.edu, Z=GraduateStudent25@Department2.University2.edu}, {X=http://www.Department2.University2.edu/UndergraduateStudent134, Y=http://www.Department2.University2.edu, Z=UndergraduateStudent134@Department2.University2.edu}, {X=http://www.Department2.University2.edu/UndergraduateStudent335, Y=http://www.Department2.University2.edu, Z=UndergraduateStudent335@Department2.University2.edu}, {X=http://www.Department2.University2.edu/UndergraduateStudent288, Y=http://www.Department2.University2.edu, Z=UndergraduateStudent288@Department2.University2.edu}, {X=http://www.Department2.University2.edu/UndergraduateStudent97, Y=http://www.Department2.University2.edu, Z=UndergraduateStudent97@Department2.University2.edu}, {X=http://www.Department2.University2.edu/UndergraduateStudent125, Y=http://www.Department2.University2.edu, Z=UndergraduateStudent125@Department2.University2.edu}, {X=http://www.Department2.University2.edu/GraduateStudent76, Y=http://www.Department2.University2.edu, Z=GraduateStudent76@Department2.University2.edu}, {X=http://www.Department2.University2.edu/GraduateStudent28, Y=http://www.Department2.University2.edu, Z=GraduateStudent28@Department2.University2.edu}, {X=http://www.Department2.University2.edu/UndergraduateStudent137, Y=http://www.Department2.University2.edu, Z=UndergraduateStudent137@Department2.University2.edu}, {X=http://www.Department2.University2.edu/UndergraduateStudent162, Y=http://www.Department2.University2.edu, Z=UndergraduateStudent162@Department2.University2.edu}, {X=http://www.Department2.University2.edu/UndergraduateStudent293, Y=http://www.Department2.University2.edu, Z=UndergraduateStudent293@Department2.University2.edu}, {X=http://www.Department2.University2.edu/UndergraduateStudent328, Y=http://www.Department2.University2.edu, Z=UndergraduateStudent328@Department2.University2.edu}, {X=http://www.Department2.University2.edu/UndergraduateStudent350, Y=http://www.Department2.University2.edu, Z=UndergraduateStudent350@Department2.University2.edu}, {X=http://www.Department2.University2.edu/UndergraduateStudent269, Y=http://www.Department2.University2.edu, Z=UndergraduateStudent269@Department2.University2.edu}, {X=http://www.Department2.University2.edu/UndergraduateStudent64, Y=http://www.Department2.University2.edu, Z=UndergraduateStudent64@Department2.University2.edu}, {X=http://www.Department2.University2.edu/UndergraduateStudent272, Y=http://www.Department2.University2.edu, Z=UndergraduateStudent272@Department2.University2.edu}, {X=http://www.Department2.University2.edu/UndergraduateStudent245, Y=http://www.Department2.University2.edu, Z=UndergraduateStudent245@Department2.University2.edu}, {X=http://www.Department2.University2.edu/UndergraduateStudent95, Y=http://www.Department2.University2.edu, Z=UndergraduateStudent95@Department2.University2.edu}, {X=http://www.Department2.University2.edu/UndergraduateStudent109, Y=http://www.Department2.University2.edu, Z=UndergraduateStudent109@Department2.University2.edu}, {X=http://www.Department2.University2.edu/UndergraduateStudent179, Y=http://www.Department2.University2.edu, Z=UndergraduateStudent179@Department2.University2.edu}, {X=http://www.Department2.University2.edu/GraduateStudent63, Y=http://www.Department2.University2.edu, Z=GraduateStudent63@Department2.University2.edu}, {X=http://www.Department2.University2.edu/GraduateStudent19, Y=http://www.Department2.University2.edu, Z=GraduateStudent19@Department2.University2.edu}, {X=http://www.Department2.University2.edu/GraduateStudent22, Y=http://www.Department2.University2.edu, Z=GraduateStudent22@Department2.University2.edu}, {X=http://www.Department2.University2.edu/UndergraduateStudent4, Y=http://www.Department2.University2.edu, Z=UndergraduateStudent4@Department2.University2.edu}, {X=http://www.Department2.University2.edu/UndergraduateStudent280, Y=http://www.Department2.University2.edu, Z=UndergraduateStudent280@Department2.University2.edu}, {X=http://www.Department2.University2.edu/GraduateStudent12, Y=http://www.Department2.University2.edu, Z=GraduateStudent12@Department2.University2.edu}, {X=http://www.Department2.University2.edu/UndergraduateStudent38, Y=http://www.Department2.University2.edu, Z=UndergraduateStudent38@Department2.University2.edu}, {X=http://www.Department2.University2.edu/UndergraduateStudent93, Y=http://www.Department2.University2.edu, Z=UndergraduateStudent93@Department2.University2.edu}, {X=http://www.Department2.University2.edu/UndergraduateStudent58, Y=http://www.Department2.University2.edu, Z=UndergraduateStudent58@Department2.University2.edu}, {X=http://www.Department2.University2.edu/UndergraduateStudent223, Y=http://www.Department2.University2.edu, Z=UndergraduateStudent223@Department2.University2.edu}, {X=http://www.Department2.University2.edu/UndergraduateStudent146, Y=http://www.Department2.University2.edu, Z=UndergraduateStudent146@Department2.University2.edu}, {X=http://www.Department2.University2.edu/UndergraduateStudent32, Y=http://www.Department2.University2.edu, Z=UndergraduateStudent32@Department2.University2.edu}, {X=http://www.Department2.University2.edu/UndergraduateStudent220, Y=http://www.Department2.University2.edu, Z=UndergraduateStudent220@Department2.University2.edu}, {X=http://www.Department2.University2.edu/GraduateStudent82, Y=http://www.Department2.University2.edu, Z=GraduateStudent82@Department2.University2.edu}, {X=http://www.Department2.University2.edu/UndergraduateStudent286, Y=http://www.Department2.University2.edu, Z=UndergraduateStudent286@Department2.University2.edu}, {X=http://www.Department2.University2.edu/UndergraduateStudent295, Y=http://www.Department2.University2.edu, Z=UndergraduateStudent295@Department2.University2.edu}, {X=http://www.Department2.University2.edu/UndergraduateStudent267, Y=http://www.Department2.University2.edu, Z=UndergraduateStudent267@Department2.University2.edu}, {X=http://www.Department2.University2.edu/UndergraduateStudent34, Y=http://www.Department2.University2.edu, Z=UndergraduateStudent34@Department2.University2.edu}, {X=http://www.Department2.University2.edu/UndergraduateStudent355, Y=http://www.Department2.University2.edu, Z=UndergraduateStudent355@Department2.University2.edu}, {X=http://www.Department2.University2.edu/GraduateStudent4, Y=http://www.Department2.University2.edu, Z=GraduateStudent4@Department2.University2.edu}, {X=http://www.Department2.University2.edu/UndergraduateStudent320, Y=http://www.Department2.University2.edu, Z=UndergraduateStudent320@Department2.University2.edu}, {X=http://www.Department2.University2.edu/UndergraduateStudent321, Y=http://www.Department2.University2.edu, Z=UndergraduateStudent321@Department2.University2.edu}, {X=http://www.Department2.University2.edu/GraduateStudent60, Y=http://www.Department2.University2.edu, Z=GraduateStudent60@Department2.University2.edu}, {X=http://www.Department2.University2.edu/UndergraduateStudent275, Y=http://www.Department2.University2.edu, Z=UndergraduateStudent275@Department2.University2.edu}, {X=http://www.Department2.University2.edu/GraduateStudent26, Y=http://www.Department2.University2.edu, Z=GraduateStudent26@Department2.University2.edu}, {X=http://www.Department2.University2.edu/UndergraduateStudent318, Y=http://www.Department2.University2.edu, Z=UndergraduateStudent318@Department2.University2.edu}, {X=http://www.Department2.University2.edu/UndergraduateStudent57, Y=http://www.Department2.University2.edu, Z=UndergraduateStudent57@Department2.University2.edu}, {X=http://www.Department2.University2.edu/UndergraduateStudent115, Y=http://www.Department2.University2.edu, Z=UndergraduateStudent115@Department2.University2.edu}, {X=http://www.Department2.University2.edu/GraduateStudent106, Y=http://www.Department2.University2.edu, Z=GraduateStudent106@Department2.University2.edu}, {X=http://www.Department2.University2.edu/GraduateStudent38, Y=http://www.Department2.University2.edu, Z=GraduateStudent38@Department2.University2.edu}, {X=http://www.Department2.University2.edu/GraduateStudent34, Y=http://www.Department2.University2.edu, Z=GraduateStudent34@Department2.University2.edu}, {X=http://www.Department2.University2.edu/UndergraduateStudent147, Y=http://www.Department2.University2.edu, Z=UndergraduateStudent147@Department2.University2.edu}, {X=http://www.Department2.University2.edu/UndergraduateStudent46, Y=http://www.Department2.University2.edu, Z=UndergraduateStudent46@Department2.University2.edu}, {X=http://www.Department2.University2.edu/UndergraduateStudent79, Y=http://www.Department2.University2.edu, Z=UndergraduateStudent79@Department2.University2.edu}, {X=http://www.Department2.University2.edu/UndergraduateStudent63, Y=http://www.Department2.University2.edu, Z=UndergraduateStudent63@Department2.University2.edu}, {X=http://www.Department2.University2.edu/UndergraduateStudent336, Y=http://www.Department2.University2.edu, Z=UndergraduateStudent336@Department2.University2.edu}, {X=http://www.Department2.University2.edu/UndergraduateStudent256, Y=http://www.Department2.University2.edu, Z=UndergraduateStudent256@Department2.University2.edu}, {X=http://www.Department2.University2.edu/GraduateStudent42, Y=http://www.Department2.University2.edu, Z=GraduateStudent42@Department2.University2.edu}, {X=http://www.Department2.University2.edu/UndergraduateStudent214, Y=http://www.Department2.University2.edu, Z=UndergraduateStudent214@Department2.University2.edu}, {X=http://www.Department2.University2.edu/GraduateStudent92, Y=http://www.Department2.University2.edu, Z=GraduateStudent92@Department2.University2.edu}, {X=http://www.Department2.University2.edu/UndergraduateStudent313, Y=http://www.Department2.University2.edu, Z=UndergraduateStudent313@Department2.University2.edu}, {X=http://www.Department2.University2.edu/UndergraduateStudent42, Y=http://www.Department2.University2.edu, Z=UndergraduateStudent42@Department2.University2.edu}, {X=http://www.Department2.University2.edu/UndergraduateStudent100, Y=http://www.Department2.University2.edu, Z=UndergraduateStudent100@Department2.University2.edu}, {X=http://www.Department2.University2.edu/UndergraduateStudent83, Y=http://www.Department2.University2.edu, Z=UndergraduateStudent83@Department2.University2.edu}, {X=http://www.Department2.University2.edu/UndergraduateStudent69, Y=http://www.Department2.University2.edu, Z=UndergraduateStudent69@Department2.University2.edu}, {X=http://www.Department2.University2.edu/GraduateStudent91, Y=http://www.Department2.University2.edu, Z=GraduateStudent91@Department2.University2.edu}, {X=http://www.Department2.University2.edu/UndergraduateStudent111, Y=http://www.Department2.University2.edu, Z=UndergraduateStudent111@Department2.University2.edu}, {X=http://www.Department2.University2.edu/UndergraduateStudent20, Y=http://www.Department2.University2.edu, Z=UndergraduateStudent20@Department2.University2.edu}, {X=http://www.Department2.University2.edu/UndergraduateStudent87, Y=http://www.Department2.University2.edu, Z=UndergraduateStudent87@Department2.University2.edu}, {X=http://www.Department2.University2.edu/UndergraduateStudent190, Y=http://www.Department2.University2.edu, Z=UndergraduateStudent190@Department2.University2.edu}, {X=http://www.Department2.University2.edu/UndergraduateStudent189, Y=http://www.Department2.University2.edu, Z=UndergraduateStudent189@Department2.University2.edu}, {X=http://www.Department2.University2.edu/UndergraduateStudent5, Y=http://www.Department2.University2.edu, Z=UndergraduateStudent5@Department2.University2.edu}, {X=http://www.Department2.University2.edu/GraduateStudent30, Y=http://www.Department2.University2.edu, Z=GraduateStudent30@Department2.University2.edu}, {X=http://www.Department2.University2.edu/GraduateStudent32, Y=http://www.Department2.University2.edu, Z=GraduateStudent32@Department2.University2.edu}, {X=http://www.Department2.University2.edu/UndergraduateStudent331, Y=http://www.Department2.University2.edu, Z=UndergraduateStudent331@Department2.University2.edu}, {X=http://www.Department2.University2.edu/GraduateStudent65, Y=http://www.Department2.University2.edu, Z=GraduateStudent65@Department2.University2.edu}, {X=http://www.Department2.University2.edu/UndergraduateStudent226, Y=http://www.Department2.University2.edu, Z=UndergraduateStudent226@Department2.University2.edu}, {X=http://www.Department2.University2.edu/UndergraduateStudent44, Y=http://www.Department2.University2.edu, Z=UndergraduateStudent44@Department2.University2.edu}, {X=http://www.Department2.University2.edu/UndergraduateStudent132, Y=http://www.Department2.University2.edu, Z=UndergraduateStudent132@Department2.University2.edu}, {X=http://www.Department2.University2.edu/UndergraduateStudent33, Y=http://www.Department2.University2.edu, Z=UndergraduateStudent33@Department2.University2.edu}, {X=http://www.Department2.University2.edu/GraduateStudent7, Y=http://www.Department2.University2.edu, Z=GraduateStudent7@Department2.University2.edu}, {X=http://www.Department2.University2.edu/UndergraduateStudent166, Y=http://www.Department2.University2.edu, Z=UndergraduateStudent166@Department2.University2.edu}, {X=http://www.Department2.University2.edu/UndergraduateStudent74, Y=http://www.Department2.University2.edu, Z=UndergraduateStudent74@Department2.University2.edu}, {X=http://www.Department2.University2.edu/UndergraduateStudent207, Y=http://www.Department2.University2.edu, Z=UndergraduateStudent207@Department2.University2.edu}, {X=http://www.Department2.University2.edu/UndergraduateStudent244, Y=http://www.Department2.University2.edu, Z=UndergraduateStudent244@Department2.University2.edu}, {X=http://www.Department2.University2.edu/UndergraduateStudent175, Y=http://www.Department2.University2.edu, Z=UndergraduateStudent175@Department2.University2.edu}, {X=http://www.Department2.University2.edu/UndergraduateStudent45, Y=http://www.Department2.University2.edu, Z=UndergraduateStudent45@Department2.University2.edu}, {X=http://www.Department2.University2.edu/UndergraduateStudent127, Y=http://www.Department2.University2.edu, Z=UndergraduateStudent127@Department2.University2.edu}, {X=http://www.Department2.University2.edu/GraduateStudent93, Y=http://www.Department2.University2.edu, Z=GraduateStudent93@Department2.University2.edu}, {X=http://www.Department2.University2.edu/UndergraduateStudent8, Y=http://www.Department2.University2.edu, Z=UndergraduateStudent8@Department2.University2.edu}, {X=http://www.Department2.University2.edu/UndergraduateStudent53, Y=http://www.Department2.University2.edu, Z=UndergraduateStudent53@Department2.University2.edu}, {X=http://www.Department2.University2.edu/UndergraduateStudent200, Y=http://www.Department2.University2.edu, Z=UndergraduateStudent200@Department2.University2.edu}, {X=http://www.Department2.University2.edu/UndergraduateStudent232, Y=http://www.Department2.University2.edu, Z=UndergraduateStudent232@Department2.University2.edu}, {X=http://www.Department2.University2.edu/UndergraduateStudent273, Y=http://www.Department2.University2.edu, Z=UndergraduateStudent273@Department2.University2.edu}, {X=http://www.Department2.University2.edu/GraduateStudent79, Y=http://www.Department2.University2.edu, Z=GraduateStudent79@Department2.University2.edu}, {X=http://www.Department2.University2.edu/GraduateStudent94, Y=http://www.Department2.University2.edu, Z=GraduateStudent94@Department2.University2.edu}, {X=http://www.Department2.University2.edu/GraduateStudent95, Y=http://www.Department2.University2.edu, Z=GraduateStudent95@Department2.University2.edu}, {X=http://www.Department2.University2.edu/UndergraduateStudent353, Y=http://www.Department2.University2.edu, Z=UndergraduateStudent353@Department2.University2.edu}, {X=http://www.Department2.University2.edu/UndergraduateStudent18, Y=http://www.Department2.University2.edu, Z=UndergraduateStudent18@Department2.University2.edu}, {X=http://www.Department2.University2.edu/GraduateStudent110, Y=http://www.Department2.University2.edu, Z=GraduateStudent110@Department2.University2.edu}, {X=http://www.Department2.University2.edu/UndergraduateStudent334, Y=http://www.Department2.University2.edu, Z=UndergraduateStudent334@Department2.University2.edu}, {X=http://www.Department2.University2.edu/UndergraduateStudent27, Y=http://www.Department2.University2.edu, Z=UndergraduateStudent27@Department2.University2.edu}, {X=http://www.Department2.University2.edu/UndergraduateStudent250, Y=http://www.Department2.University2.edu, Z=UndergraduateStudent250@Department2.University2.edu}, {X=http://www.Department2.University2.edu/UndergraduateStudent30, Y=http://www.Department2.University2.edu, Z=UndergraduateStudent30@Department2.University2.edu}, {X=http://www.Department2.University2.edu/UndergraduateStudent289, Y=http://www.Department2.University2.edu, Z=UndergraduateStudent289@Department2.University2.edu}, {X=http://www.Department2.University2.edu/UndergraduateStudent257, Y=http://www.Department2.University2.edu, Z=UndergraduateStudent257@Department2.University2.edu}, {X=http://www.Department2.University2.edu/UndergraduateStudent155, Y=http://www.Department2.University2.edu, Z=UndergraduateStudent155@Department2.University2.edu}, {X=http://www.Department2.University2.edu/UndergraduateStudent327, Y=http://www.Department2.University2.edu, Z=UndergraduateStudent327@Department2.University2.edu}, {X=http://www.Department2.University2.edu/UndergraduateStudent66, Y=http://www.Department2.University2.edu, Z=UndergraduateStudent66@Department2.University2.edu}, {X=http://www.Department2.University2.edu/UndergraduateStudent229, Y=http://www.Department2.University2.edu, Z=UndergraduateStudent229@Department2.University2.edu}, {X=http://www.Department2.University2.edu/UndergraduateStudent346, Y=http://www.Department2.University2.edu, Z=UndergraduateStudent346@Department2.University2.edu}, {X=http://www.Department2.University2.edu/UndergraduateStudent180, Y=http://www.Department2.University2.edu, Z=UndergraduateStudent180@Department2.University2.edu}, {X=http://www.Department2.University2.edu/GraduateStudent105, Y=http://www.Department2.University2.edu, Z=GraduateStudent105@Department2.University2.edu}, {X=http://www.Department2.University2.edu/GraduateStudent77, Y=http://www.Department2.University2.edu, Z=GraduateStudent77@Department2.University2.edu}, {X=http://www.Department2.University2.edu/UndergraduateStudent17, Y=http://www.Department2.University2.edu, Z=UndergraduateStudent17@Department2.University2.edu}, {X=http://www.Department2.University2.edu/GraduateStudent78, Y=http://www.Department2.University2.edu, Z=GraduateStudent78@Department2.University2.edu}, {X=http://www.Department2.University2.edu/UndergraduateStudent81, Y=http://www.Department2.University2.edu, Z=UndergraduateStudent81@Department2.University2.edu}, {X=http://www.Department2.University2.edu/UndergraduateStudent228, Y=http://www.Department2.University2.edu, Z=UndergraduateStudent228@Department2.University2.edu}, {X=http://www.Department2.University2.edu/UndergraduateStudent49, Y=http://www.Department2.University2.edu, Z=UndergraduateStudent49@Department2.University2.edu}, {X=http://www.Department2.University2.edu/GraduateStudent45, Y=http://www.Department2.University2.edu, Z=GraduateStudent45@Department2.University2.edu}, {X=http://www.Department2.University2.edu/UndergraduateStudent216, Y=http://www.Department2.University2.edu, Z=UndergraduateStudent216@Department2.University2.edu}, {X=http://www.Department2.University2.edu/UndergraduateStudent142, Y=http://www.Department2.University2.edu, Z=UndergraduateStudent142@Department2.University2.edu}, {X=http://www.Department2.University2.edu/UndergraduateStudent261, Y=http://www.Department2.University2.edu, Z=UndergraduateStudent261@Department2.University2.edu}, {X=http://www.Department2.University2.edu/GraduateStudent11, Y=http://www.Department2.University2.edu, Z=GraduateStudent11@Department2.University2.edu}, {X=http://www.Department2.University2.edu/UndergraduateStudent168, Y=http://www.Department2.University2.edu, Z=UndergraduateStudent168@Department2.University2.edu}, {X=http://www.Department2.University2.edu/UndergraduateStudent0, Y=http://www.Department2.University2.edu, Z=UndergraduateStudent0@Department2.University2.edu}, {X=http://www.Department2.University2.edu/UndergraduateStudent345, Y=http://www.Department2.University2.edu, Z=UndergraduateStudent345@Department2.University2.edu}, {X=http://www.Department2.University2.edu/UndergraduateStudent266, Y=http://www.Department2.University2.edu, Z=UndergraduateStudent266@Department2.University2.edu}, {X=http://www.Department2.University2.edu/GraduateStudent18, Y=http://www.Department2.University2.edu, Z=GraduateStudent18@Department2.University2.edu}, {X=http://www.Department2.University2.edu/GraduateStudent6, Y=http://www.Department2.University2.edu, Z=GraduateStudent6@Department2.University2.edu}, {X=http://www.Department2.University2.edu/UndergraduateStudent110, Y=http://www.Department2.University2.edu, Z=UndergraduateStudent110@Department2.University2.edu}, {X=http://www.Department2.University2.edu/UndergraduateStudent198, Y=http://www.Department2.University2.edu, Z=UndergraduateStudent198@Department2.University2.edu}, {X=http://www.Department2.University2.edu/UndergraduateStudent195, Y=http://www.Department2.University2.edu, Z=UndergraduateStudent195@Department2.University2.edu}, {X=http://www.Department2.University2.edu/UndergraduateStudent260, Y=http://www.Department2.University2.edu, Z=UndergraduateStudent260@Department2.University2.edu}, {X=http://www.Department2.University2.edu/UndergraduateStudent307, Y=http://www.Department2.University2.edu, Z=UndergraduateStudent307@Department2.University2.edu}, {X=http://www.Department2.University2.edu/UndergraduateStudent296, Y=http://www.Department2.University2.edu, Z=UndergraduateStudent296@Department2.University2.edu}, {X=http://www.Department2.University2.edu/GraduateStudent13, Y=http://www.Department2.University2.edu, Z=GraduateStudent13@Department2.University2.edu}, {X=http://www.Department2.University2.edu/UndergraduateStudent314, Y=http://www.Department2.University2.edu, Z=UndergraduateStudent314@Department2.University2.edu}, {X=http://www.Department2.University2.edu/UndergraduateStudent344, Y=http://www.Department2.University2.edu, Z=UndergraduateStudent344@Department2.University2.edu}, {X=http://www.Department2.University2.edu/UndergraduateStudent22, Y=http://www.Department2.University2.edu, Z=UndergraduateStudent22@Department2.University2.edu}, {X=http://www.Department2.University2.edu/UndergraduateStudent108, Y=http://www.Department2.University2.edu, Z=UndergraduateStudent108@Department2.University2.edu}, {X=http://www.Department2.University2.edu/UndergraduateStudent170, Y=http://www.Department2.University2.edu, Z=UndergraduateStudent170@Department2.University2.edu}, {X=http://www.Department2.University2.edu/UndergraduateStudent103, Y=http://www.Department2.University2.edu, Z=UndergraduateStudent103@Department2.University2.edu}, {X=http://www.Department2.University2.edu/UndergraduateStudent304, Y=http://www.Department2.University2.edu, Z=UndergraduateStudent304@Department2.University2.edu}, {X=http://www.Department2.University2.edu/GraduateStudent36, Y=http://www.Department2.University2.edu, Z=GraduateStudent36@Department2.University2.edu}, {X=http://www.Department2.University2.edu/UndergraduateStudent230, Y=http://www.Department2.University2.edu, Z=UndergraduateStudent230@Department2.University2.edu}, {X=http://www.Department2.University2.edu/UndergraduateStudent41, Y=http://www.Department2.University2.edu, Z=UndergraduateStudent41@Department2.University2.edu}, {X=http://www.Department2.University2.edu/UndergraduateStudent131, Y=http://www.Department2.University2.edu, Z=UndergraduateStudent131@Department2.University2.edu}, {X=http://www.Department2.University2.edu/UndergraduateStudent255, Y=http://www.Department2.University2.edu, Z=UndergraduateStudent255@Department2.University2.edu}, {X=http://www.Department2.University2.edu/GraduateStudent74, Y=http://www.Department2.University2.edu, Z=GraduateStudent74@Department2.University2.edu}, {X=http://www.Department2.University2.edu/GraduateStudent114, Y=http://www.Department2.University2.edu, Z=GraduateStudent114@Department2.University2.edu}, {X=http://www.Department2.University2.edu/UndergraduateStudent290, Y=http://www.Department2.University2.edu, Z=UndergraduateStudent290@Department2.University2.edu}, {X=http://www.Department2.University2.edu/UndergraduateStudent86, Y=http://www.Department2.University2.edu, Z=UndergraduateStudent86@Department2.University2.edu}, {X=http://www.Department2.University2.edu/UndergraduateStudent235, Y=http://www.Department2.University2.edu, Z=UndergraduateStudent235@Department2.University2.edu}, {X=http://www.Department2.University2.edu/GraduateStudent14, Y=http://www.Department2.University2.edu, Z=GraduateStudent14@Department2.University2.edu}, {X=http://www.Department2.University2.edu/UndergraduateStudent188, Y=http://www.Department2.University2.edu, Z=UndergraduateStudent188@Department2.University2.edu}, {X=http://www.Department2.University2.edu/UndergraduateStudent203, Y=http://www.Department2.University2.edu, Z=UndergraduateStudent203@Department2.University2.edu}, {X=http://www.Department2.University2.edu/UndergraduateStudent15, Y=http://www.Department2.University2.edu, Z=UndergraduateStudent15@Department2.University2.edu}, {X=http://www.Department2.University2.edu/UndergraduateStudent276, Y=http://www.Department2.University2.edu, Z=UndergraduateStudent276@Department2.University2.edu}, {X=http://www.Department2.University2.edu/UndergraduateStudent62, Y=http://www.Department2.University2.edu, Z=UndergraduateStudent62@Department2.University2.edu}, {X=http://www.Department2.University2.edu/UndergraduateStudent82, Y=http://www.Department2.University2.edu, Z=UndergraduateStudent82@Department2.University2.edu}, {X=http://www.Department2.University2.edu/UndergraduateStudent215, Y=http://www.Department2.University2.edu, Z=UndergraduateStudent215@Department2.University2.edu}, {X=http://www.Department2.University2.edu/UndergraduateStudent217, Y=http://www.Department2.University2.edu, Z=UndergraduateStudent217@Department2.University2.edu}, {X=http://www.Department2.University2.edu/UndergraduateStudent112, Y=http://www.Department2.University2.edu, Z=UndergraduateStudent112@Department2.University2.edu}, {X=http://www.Department2.University2.edu/GraduateStudent113, Y=http://www.Department2.University2.edu, Z=GraduateStudent113@Department2.University2.edu}, {X=http://www.Department2.University2.edu/UndergraduateStudent106, Y=http://www.Department2.University2.edu, Z=UndergraduateStudent106@Department2.University2.edu}, {X=http://www.Department2.University2.edu/GraduateStudent47, Y=http://www.Department2.University2.edu, Z=GraduateStudent47@Department2.University2.edu}, {X=http://www.Department2.University2.edu/UndergraduateStudent259, Y=http://www.Department2.University2.edu, Z=UndergraduateStudent259@Department2.University2.edu}, {X=http://www.Department2.University2.edu/UndergraduateStudent12, Y=http://www.Department2.University2.edu, Z=UndergraduateStudent12@Department2.University2.edu}, {X=http://www.Department2.University2.edu/GraduateStudent104, Y=http://www.Department2.University2.edu, Z=GraduateStudent104@Department2.University2.edu}, {X=http://www.Department2.University2.edu/UndergraduateStudent23, Y=http://www.Department2.University2.edu, Z=UndergraduateStudent23@Department2.University2.edu}, {X=http://www.Department2.University2.edu/GraduateStudent124, Y=http://www.Department2.University2.edu, Z=GraduateStudent124@Department2.University2.edu}, {X=http://www.Department2.University2.edu/UndergraduateStudent6, Y=http://www.Department2.University2.edu, Z=UndergraduateStudent6@Department2.University2.edu}, {X=http://www.Department2.University2.edu/UndergraduateStudent206, Y=http://www.Department2.University2.edu, Z=UndergraduateStudent206@Department2.University2.edu}, {X=http://www.Department2.University2.edu/GraduateStudent117, Y=http://www.Department2.University2.edu, Z=GraduateStudent117@Department2.University2.edu}, {X=http://www.Department2.University2.edu/UndergraduateStudent315, Y=http://www.Department2.University2.edu, Z=UndergraduateStudent315@Department2.University2.edu}, {X=http://www.Department2.University2.edu/UndergraduateStudent172, Y=http://www.Department2.University2.edu, Z=UndergraduateStudent172@Department2.University2.edu}, {X=http://www.Department2.University2.edu/UndergraduateStudent145, Y=http://www.Department2.University2.edu, Z=UndergraduateStudent145@Department2.University2.edu}, {X=http://www.Department2.University2.edu/UndergraduateStudent252, Y=http://www.Department2.University2.edu, Z=UndergraduateStudent252@Department2.University2.edu}, {X=http://www.Department2.University2.edu/UndergraduateStudent199, Y=http://www.Department2.University2.edu, Z=UndergraduateStudent199@Department2.University2.edu}, {X=http://www.Department2.University2.edu/UndergraduateStudent192, Y=http://www.Department2.University2.edu, Z=UndergraduateStudent192@Department2.University2.edu}, {X=http://www.Department2.University2.edu/GraduateStudent57, Y=http://www.Department2.University2.edu, Z=GraduateStudent57@Department2.University2.edu}, {X=http://www.Department2.University2.edu/GraduateStudent101, Y=http://www.Department2.University2.edu, Z=GraduateStudent101@Department2.University2.edu}, {X=http://www.Department2.University2.edu/UndergraduateStudent26, Y=http://www.Department2.University2.edu, Z=UndergraduateStudent26@Department2.University2.edu}, {X=http://www.Department2.University2.edu/UndergraduateStudent173, Y=http://www.Department2.University2.edu, Z=UndergraduateStudent173@Department2.University2.edu}, {X=http://www.Department2.University2.edu/GraduateStudent103, Y=http://www.Department2.University2.edu, Z=GraduateStudent103@Department2.University2.edu}, {X=http://www.Department2.University2.edu/UndergraduateStudent160, Y=http://www.Department2.University2.edu, Z=UndergraduateStudent160@Department2.University2.edu}, {X=http://www.Department2.University2.edu/UndergraduateStudent184, Y=http://www.Department2.University2.edu, Z=UndergraduateStudent184@Department2.University2.edu}, {X=http://www.Department2.University2.edu/UndergraduateStudent326, Y=http://www.Department2.University2.edu, Z=UndergraduateStudent326@Department2.University2.edu}, {X=http://www.Department2.University2.edu/GraduateStudent33, Y=http://www.Department2.University2.edu, Z=GraduateStudent33@Department2.University2.edu}, {X=http://www.Department2.University2.edu/GraduateStudent111, Y=http://www.Department2.University2.edu, Z=GraduateStudent111@Department2.University2.edu}, {X=http://www.Department2.University2.edu/UndergraduateStudent271, Y=http://www.Department2.University2.edu, Z=UndergraduateStudent271@Department2.University2.edu}, {X=http://www.Department2.University2.edu/UndergraduateStudent287, Y=http://www.Department2.University2.edu, Z=UndergraduateStudent287@Department2.University2.edu}, {X=http://www.Department2.University2.edu/GraduateStudent88, Y=http://www.Department2.University2.edu, Z=GraduateStudent88@Department2.University2.edu}, {X=http://www.Department2.University2.edu/UndergraduateStudent80, Y=http://www.Department2.University2.edu, Z=UndergraduateStudent80@Department2.University2.edu}, {X=http://www.Department2.University2.edu/UndergraduateStudent359, Y=http://www.Department2.University2.edu, Z=UndergraduateStudent359@Department2.University2.edu}, {X=http://www.Department2.University2.edu/GraduateStudent123, Y=http://www.Department2.University2.edu, Z=GraduateStudent123@Department2.University2.edu}, {X=http://www.Department2.University2.edu/GraduateStudent116, Y=http://www.Department2.University2.edu, Z=GraduateStudent116@Department2.University2.edu}, {X=http://www.Department2.University2.edu/UndergraduateStudent239, Y=http://www.Department2.University2.edu, Z=UndergraduateStudent239@Department2.University2.edu}, {X=http://www.Department2.University2.edu/GraduateStudent68, Y=http://www.Department2.University2.edu, Z=GraduateStudent68@Department2.University2.edu}, {X=http://www.Department2.University2.edu/UndergraduateStudent96, Y=http://www.Department2.University2.edu, Z=UndergraduateStudent96@Department2.University2.edu}, {X=http://www.Department2.University2.edu/UndergraduateStudent178, Y=http://www.Department2.University2.edu, Z=UndergraduateStudent178@Department2.University2.edu}, {X=http://www.Department2.University2.edu/UndergraduateStudent157, Y=http://www.Department2.University2.edu, Z=UndergraduateStudent157@Department2.University2.edu}, {X=http://www.Department2.University2.edu/UndergraduateStudent105, Y=http://www.Department2.University2.edu, Z=UndergraduateStudent105@Department2.University2.edu}, {X=http://www.Department2.University2.edu/GraduateStudent122, Y=http://www.Department2.University2.edu, Z=GraduateStudent122@Department2.University2.edu}, {X=http://www.Department2.University2.edu/UndergraduateStudent50, Y=http://www.Department2.University2.edu, Z=UndergraduateStudent50@Department2.University2.edu}, {X=http://www.Department2.University2.edu/UndergraduateStudent316, Y=http://www.Department2.University2.edu, Z=UndergraduateStudent316@Department2.University2.edu}, {X=http://www.Department2.University2.edu/UndergraduateStudent303, Y=http://www.Department2.University2.edu, Z=UndergraduateStudent303@Department2.University2.edu}, {X=http://www.Department2.University2.edu/UndergraduateStudent181, Y=http://www.Department2.University2.edu, Z=UndergraduateStudent181@Department2.University2.edu}, {X=http://www.Department2.University2.edu/UndergraduateStudent301, Y=http://www.Department2.University2.edu, Z=UndergraduateStudent301@Department2.University2.edu}, {X=http://www.Department2.University2.edu/UndergraduateStudent243, Y=http://www.Department2.University2.edu, Z=UndergraduateStudent243@Department2.University2.edu}, {X=http://www.Department2.University2.edu/UndergraduateStudent120, Y=http://www.Department2.University2.edu, Z=UndergraduateStudent120@Department2.University2.edu}, {X=http://www.Department2.University2.edu/UndergraduateStudent14, Y=http://www.Department2.University2.edu, Z=UndergraduateStudent14@Department2.University2.edu}, {X=http://www.Department2.University2.edu/GraduateStudent126, Y=http://www.Department2.University2.edu, Z=GraduateStudent126@Department2.University2.edu}, {X=http://www.Department2.University2.edu/GraduateStudent9, Y=http://www.Department2.University2.edu, Z=GraduateStudent9@Department2.University2.edu}, {X=http://www.Department2.University2.edu/GraduateStudent31, Y=http://www.Department2.University2.edu, Z=GraduateStudent31@Department2.University2.edu}, {X=http://www.Department2.University2.edu/UndergraduateStudent205, Y=http://www.Department2.University2.edu, Z=UndergraduateStudent205@Department2.University2.edu}, {X=http://www.Department2.University2.edu/UndergraduateStudent347, Y=http://www.Department2.University2.edu, Z=UndergraduateStudent347@Department2.University2.edu}, {X=http://www.Department2.University2.edu/UndergraduateStudent133, Y=http://www.Department2.University2.edu, Z=UndergraduateStudent133@Department2.University2.edu}, {X=http://www.Department2.University2.edu/UndergraduateStudent136, Y=http://www.Department2.University2.edu, Z=UndergraduateStudent136@Department2.University2.edu}, {X=http://www.Department2.University2.edu/UndergraduateStudent40, Y=http://www.Department2.University2.edu, Z=UndergraduateStudent40@Department2.University2.edu}, {X=http://www.Department2.University2.edu/GraduateStudent109, Y=http://www.Department2.University2.edu, Z=GraduateStudent109@Department2.University2.edu}, {X=http://www.Department2.University2.edu/UndergraduateStudent325, Y=http://www.Department2.University2.edu, Z=UndergraduateStudent325@Department2.University2.edu}, {X=http://www.Department2.University2.edu/UndergraduateStudent210, Y=http://www.Department2.University2.edu, Z=UndergraduateStudent210@Department2.University2.edu}, {X=http://www.Department2.University2.edu/UndergraduateStudent139, Y=http://www.Department2.University2.edu, Z=UndergraduateStudent139@Department2.University2.edu}, {X=http://www.Department2.University2.edu/GraduateStudent99, Y=http://www.Department2.University2.edu, Z=GraduateStudent99@Department2.University2.edu}, {X=http://www.Department2.University2.edu/UndergraduateStudent114, Y=http://www.Department2.University2.edu, Z=UndergraduateStudent114@Department2.University2.edu}, {X=http://www.Department2.University2.edu/GraduateStudent50, Y=http://www.Department2.University2.edu, Z=GraduateStudent50@Department2.University2.edu}, {X=http://www.Department2.University2.edu/UndergraduateStudent298, Y=http://www.Department2.University2.edu, Z=UndergraduateStudent298@Department2.University2.edu}, {X=http://www.Department2.University2.edu/UndergraduateStudent31, Y=http://www.Department2.University2.edu, Z=UndergraduateStudent31@Department2.University2.edu}, {X=http://www.Department2.University2.edu/UndergraduateStudent60, Y=http://www.Department2.University2.edu, Z=UndergraduateStudent60@Department2.University2.edu}, {X=http://www.Department2.University2.edu/UndergraduateStudent249, Y=http://www.Department2.University2.edu, Z=UndergraduateStudent249@Department2.University2.edu}, {X=http://www.Department2.University2.edu/UndergraduateStudent149, Y=http://www.Department2.University2.edu, Z=UndergraduateStudent149@Department2.University2.edu}, {X=http://www.Department2.University2.edu/UndergraduateStudent352, Y=http://www.Department2.University2.edu, Z=UndergraduateStudent352@Department2.University2.edu}, {X=http://www.Department2.University2.edu/UndergraduateStudent236, Y=http://www.Department2.University2.edu, Z=UndergraduateStudent236@Department2.University2.edu}, {X=http://www.Department2.University2.edu/UndergraduateStudent211, Y=http://www.Department2.University2.edu, Z=UndergraduateStudent211@Department2.University2.edu}, {X=http://www.Department2.University2.edu/GraduateStudent96, Y=http://www.Department2.University2.edu, Z=GraduateStudent96@Department2.University2.edu}, {X=http://www.Department2.University2.edu/UndergraduateStudent107, Y=http://www.Department2.University2.edu, Z=UndergraduateStudent107@Department2.University2.edu}, {X=http://www.Department2.University2.edu/GraduateStudent52, Y=http://www.Department2.University2.edu, Z=GraduateStudent52@Department2.University2.edu}, {X=http://www.Department2.University2.edu/GraduateStudent85, Y=http://www.Department2.University2.edu, Z=GraduateStudent85@Department2.University2.edu}, {X=http://www.Department2.University2.edu/UndergraduateStudent54, Y=http://www.Department2.University2.edu, Z=UndergraduateStudent54@Department2.University2.edu}, {X=http://www.Department2.University2.edu/GraduateStudent56, Y=http://www.Department2.University2.edu, Z=GraduateStudent56@Department2.University2.edu}, {X=http://www.Department2.University2.edu/UndergraduateStudent237, Y=http://www.Department2.University2.edu, Z=UndergraduateStudent237@Department2.University2.edu}, {X=http://www.Department2.University2.edu/UndergraduateStudent306, Y=http://www.Department2.University2.edu, Z=UndergraduateStudent306@Department2.University2.edu}, {X=http://www.Department2.University2.edu/GraduateStudent62, Y=http://www.Department2.University2.edu, Z=GraduateStudent62@Department2.University2.edu}, {X=http://www.Department2.University2.edu/GraduateStudent40, Y=http://www.Department2.University2.edu, Z=GraduateStudent40@Department2.University2.edu}, {X=http://www.Department2.University2.edu/GraduateStudent84, Y=http://www.Department2.University2.edu, Z=GraduateStudent84@Department2.University2.edu}, {X=http://www.Department2.University2.edu/UndergraduateStudent340, Y=http://www.Department2.University2.edu, Z=UndergraduateStudent340@Department2.University2.edu}, {X=http://www.Department2.University2.edu/UndergraduateStudent67, Y=http://www.Department2.University2.edu, Z=UndergraduateStudent67@Department2.University2.edu}, {X=http://www.Department2.University2.edu/UndergraduateStudent70, Y=http://www.Department2.University2.edu, Z=UndergraduateStudent70@Department2.University2.edu}, {X=http://www.Department2.University2.edu/UndergraduateStudent299, Y=http://www.Department2.University2.edu, Z=UndergraduateStudent299@Department2.University2.edu}, {X=http://www.Department2.University2.edu/UndergraduateStudent129, Y=http://www.Department2.University2.edu, Z=UndergraduateStudent129@Department2.University2.edu}, {X=http://www.Department2.University2.edu/UndergraduateStudent161, Y=http://www.Department2.University2.edu, Z=UndergraduateStudent161@Department2.University2.edu}, {X=http://www.Department2.University2.edu/UndergraduateStudent10, Y=http://www.Department2.University2.edu, Z=UndergraduateStudent10@Department2.University2.edu}, {X=http://www.Department2.University2.edu/UndergraduateStudent348, Y=http://www.Department2.University2.edu, Z=UndergraduateStudent348@Department2.University2.edu}, {X=http://www.Department2.University2.edu/UndergraduateStudent357, Y=http://www.Department2.University2.edu, Z=UndergraduateStudent357@Department2.University2.edu}, {X=http://www.Department2.University2.edu/GraduateStudent17, Y=http://www.Department2.University2.edu, Z=GraduateStudent17@Department2.University2.edu}, {X=http://www.Department2.University2.edu/UndergraduateStudent59, Y=http://www.Department2.University2.edu, Z=UndergraduateStudent59@Department2.University2.edu}, {X=http://www.Department2.University2.edu/UndergraduateStudent209, Y=http://www.Department2.University2.edu, Z=UndergraduateStudent209@Department2.University2.edu}, {X=http://www.Department2.University2.edu/UndergraduateStudent1, Y=http://www.Department2.University2.edu, Z=UndergraduateStudent1@Department2.University2.edu}, {X=http://www.Department2.University2.edu/UndergraduateStudent104, Y=http://www.Department2.University2.edu, Z=UndergraduateStudent104@Department2.University2.edu}, {X=http://www.Department2.University2.edu/GraduateStudent80, Y=http://www.Department2.University2.edu, Z=GraduateStudent80@Department2.University2.edu}, {X=http://www.Department2.University2.edu/UndergraduateStudent337, Y=http://www.Department2.University2.edu, Z=UndergraduateStudent337@Department2.University2.edu}, {X=http://www.Department2.University2.edu/GraduateStudent67, Y=http://www.Department2.University2.edu, Z=GraduateStudent67@Department2.University2.edu}, {X=http://www.Department2.University2.edu/UndergraduateStudent43, Y=http://www.Department2.University2.edu, Z=UndergraduateStudent43@Department2.University2.edu}, {X=http://www.Department2.University2.edu/GraduateStudent41, Y=http://www.Department2.University2.edu, Z=GraduateStudent41@Department2.University2.edu}, {X=http://www.Department2.University2.edu/UndergraduateStudent102, Y=http://www.Department2.University2.edu, Z=UndergraduateStudent102@Department2.University2.edu}, {X=http://www.Department2.University2.edu/UndergraduateStudent117, Y=http://www.Department2.University2.edu, Z=UndergraduateStudent117@Department2.University2.edu}, {X=http://www.Department2.University2.edu/UndergraduateStudent182, Y=http://www.Department2.University2.edu, Z=UndergraduateStudent182@Department2.University2.edu}, {X=http://www.Department2.University2.edu/UndergraduateStudent324, Y=http://www.Department2.University2.edu, Z=UndergraduateStudent324@Department2.University2.edu}, {X=http://www.Department2.University2.edu/UndergraduateStudent51, Y=http://www.Department2.University2.edu, Z=UndergraduateStudent51@Department2.University2.edu}, {X=http://www.Department2.University2.edu/GraduateStudent107, Y=http://www.Department2.University2.edu, Z=GraduateStudent107@Department2.University2.edu}, {X=http://www.Department2.University2.edu/UndergraduateStudent119, Y=http://www.Department2.University2.edu, Z=UndergraduateStudent119@Department2.University2.edu}, {X=http://www.Department2.University2.edu/GraduateStudent58, Y=http://www.Department2.University2.edu, Z=GraduateStudent58@Department2.University2.edu}, {X=http://www.Department2.University2.edu/UndergraduateStudent274, Y=http://www.Department2.University2.edu, Z=UndergraduateStudent274@Department2.University2.edu}, {X=http://www.Department2.University2.edu/UndergraduateStudent258, Y=http://www.Department2.University2.edu, Z=UndergraduateStudent258@Department2.University2.edu}, {X=http://www.Department2.University2.edu/UndergraduateStudent177, Y=http://www.Department2.University2.edu, Z=UndergraduateStudent177@Department2.University2.edu}, {X=http://www.Department2.University2.edu/GraduateStudent75, Y=http://www.Department2.University2.edu, Z=GraduateStudent75@Department2.University2.edu}, {X=http://www.Department2.University2.edu/UndergraduateStudent140, Y=http://www.Department2.University2.edu, Z=UndergraduateStudent140@Department2.University2.edu}, {X=http://www.Department2.University2.edu/UndergraduateStudent101, Y=http://www.Department2.University2.edu, Z=UndergraduateStudent101@Department2.University2.edu}, {X=http://www.Department2.University2.edu/UndergraduateStudent90, Y=http://www.Department2.University2.edu, Z=UndergraduateStudent90@Department2.University2.edu}, {X=http://www.Department2.University2.edu/UndergraduateStudent135, Y=http://www.Department2.University2.edu, Z=UndergraduateStudent135@Department2.University2.edu}, {X=http://www.Department2.University2.edu/GraduateStudent35, Y=http://www.Department2.University2.edu, Z=GraduateStudent35@Department2.University2.edu}, {X=http://www.Department2.University2.edu/GraduateStudent71, Y=http://www.Department2.University2.edu, Z=GraduateStudent71@Department2.University2.edu}, {X=http://www.Department2.University2.edu/UndergraduateStudent312, Y=http://www.Department2.University2.edu, Z=UndergraduateStudent312@Department2.University2.edu}, {X=http://www.Department2.University2.edu/UndergraduateStudent186, Y=http://www.Department2.University2.edu, Z=UndergraduateStudent186@Department2.University2.edu}, {X=http://www.Department2.University2.edu/UndergraduateStudent341, Y=http://www.Department2.University2.edu, Z=UndergraduateStudent341@Department2.University2.edu}, {X=http://www.Department2.University2.edu/UndergraduateStudent342, Y=http://www.Department2.University2.edu, Z=UndergraduateStudent342@Department2.University2.edu}, {X=http://www.Department2.University2.edu/UndergraduateStudent158, Y=http://www.Department2.University2.edu, Z=UndergraduateStudent158@Department2.University2.edu}, {X=http://www.Department2.University2.edu/UndergraduateStudent171, Y=http://www.Department2.University2.edu, Z=UndergraduateStudent171@Department2.University2.edu}, {X=http://www.Department2.University2.edu/UndergraduateStudent300, Y=http://www.Department2.University2.edu, Z=UndergraduateStudent300@Department2.University2.edu}, {X=http://www.Department2.University2.edu/UndergraduateStudent165, Y=http://www.Department2.University2.edu, Z=UndergraduateStudent165@Department2.University2.edu}, {X=http://www.Department2.University2.edu/UndergraduateStudent151, Y=http://www.Department2.University2.edu, Z=UndergraduateStudent151@Department2.University2.edu}, {X=http://www.Department2.University2.edu/UndergraduateStudent88, Y=http://www.Department2.University2.edu, Z=UndergraduateStudent88@Department2.University2.edu}, {X=http://www.Department2.University2.edu/UndergraduateStudent194, Y=http://www.Department2.University2.edu, Z=UndergraduateStudent194@Department2.University2.edu}, {X=http://www.Department2.University2.edu/UndergraduateStudent169, Y=http://www.Department2.University2.edu, Z=UndergraduateStudent169@Department2.University2.edu}, {X=http://www.Department2.University2.edu/GraduateStudent3, Y=http://www.Department2.University2.edu, Z=GraduateStudent3@Department2.University2.edu}, {X=http://www.Department2.University2.edu/UndergraduateStudent302, Y=http://www.Department2.University2.edu, Z=UndergraduateStudent302@Department2.University2.edu}, {X=http://www.Department2.University2.edu/UndergraduateStudent231, Y=http://www.Department2.University2.edu, Z=UndergraduateStudent231@Department2.University2.edu}, {X=http://www.Department2.University2.edu/UndergraduateStudent264, Y=http://www.Department2.University2.edu, Z=UndergraduateStudent264@Department2.University2.edu}, {X=http://www.Department2.University2.edu/UndergraduateStudent247, Y=http://www.Department2.University2.edu, Z=UndergraduateStudent247@Department2.University2.edu}, {X=http://www.Department2.University2.edu/GraduateStudent55, Y=http://www.Department2.University2.edu, Z=GraduateStudent55@Department2.University2.edu}, {X=http://www.Department2.University2.edu/GraduateStudent1, Y=http://www.Department2.University2.edu, Z=GraduateStudent1@Department2.University2.edu}, {X=http://www.Department2.University2.edu/UndergraduateStudent283, Y=http://www.Department2.University2.edu, Z=UndergraduateStudent283@Department2.University2.edu}, {X=http://www.Department2.University2.edu/UndergraduateStudent191, Y=http://www.Department2.University2.edu, Z=UndergraduateStudent191@Department2.University2.edu}, {X=http://www.Department2.University2.edu/UndergraduateStudent98, Y=http://www.Department2.University2.edu, Z=UndergraduateStudent98@Department2.University2.edu}, {X=http://www.Department2.University2.edu/GraduateStudent70, Y=http://www.Department2.University2.edu, Z=GraduateStudent70@Department2.University2.edu}, {X=http://www.Department2.University2.edu/UndergraduateStudent75, Y=http://www.Department2.University2.edu, Z=UndergraduateStudent75@Department2.University2.edu}, {X=http://www.Department2.University2.edu/UndergraduateStudent204, Y=http://www.Department2.University2.edu, Z=UndergraduateStudent204@Department2.University2.edu}, {X=http://www.Department2.University2.edu/GraduateStudent44, Y=http://www.Department2.University2.edu, Z=GraduateStudent44@Department2.University2.edu}, {X=http://www.Department2.University2.edu/UndergraduateStudent356, Y=http://www.Department2.University2.edu, Z=UndergraduateStudent356@Department2.University2.edu}, {X=http://www.Department2.University2.edu/UndergraduateStudent360, Y=http://www.Department2.University2.edu, Z=UndergraduateStudent360@Department2.University2.edu}, {X=http://www.Department2.University2.edu/UndergraduateStudent277, Y=http://www.Department2.University2.edu, Z=UndergraduateStudent277@Department2.University2.edu}, {X=http://www.Department2.University2.edu/UndergraduateStudent2, Y=http://www.Department2.University2.edu, Z=UndergraduateStudent2@Department2.University2.edu}, {X=http://www.Department2.University2.edu/UndergraduateStudent84, Y=http://www.Department2.University2.edu, Z=UndergraduateStudent84@Department2.University2.edu}, {X=http://www.Department2.University2.edu/UndergraduateStudent282, Y=http://www.Department2.University2.edu, Z=UndergraduateStudent282@Department2.University2.edu}, {X=http://www.Department2.University2.edu/UndergraduateStudent224, Y=http://www.Department2.University2.edu, Z=UndergraduateStudent224@Department2.University2.edu}, {X=http://www.Department2.University2.edu/GraduateStudent20, Y=http://www.Department2.University2.edu, Z=GraduateStudent20@Department2.University2.edu}, {X=http://www.Department2.University2.edu/UndergraduateStudent281, Y=http://www.Department2.University2.edu, Z=UndergraduateStudent281@Department2.University2.edu}, {X=http://www.Department2.University2.edu/GraduateStudent39, Y=http://www.Department2.University2.edu, Z=GraduateStudent39@Department2.University2.edu}, {X=http://www.Department2.University2.edu/UndergraduateStudent68, Y=http://www.Department2.University2.edu, Z=UndergraduateStudent68@Department2.University2.edu}, {X=http://www.Department2.University2.edu/UndergraduateStudent19, Y=http://www.Department2.University2.edu, Z=UndergraduateStudent19@Department2.University2.edu}, {X=http://www.Department2.University2.edu/UndergraduateStudent323, Y=http://www.Department2.University2.edu, Z=UndergraduateStudent323@Department2.University2.edu}, {X=http://www.Department2.University2.edu/GraduateStudent102, Y=http://www.Department2.University2.edu, Z=GraduateStudent102@Department2.University2.edu}, {X=http://www.Department2.University2.edu/GraduateStudent81, Y=http://www.Department2.University2.edu, Z=GraduateStudent81@Department2.University2.edu}, {X=http://www.Department2.University2.edu/UndergraduateStudent154, Y=http://www.Department2.University2.edu, Z=UndergraduateStudent154@Department2.University2.edu}, {X=http://www.Department2.University2.edu/GraduateStudent48, Y=http://www.Department2.University2.edu, Z=GraduateStudent48@Department2.University2.edu}, {X=http://www.Department2.University2.edu/UndergraduateStudent152, Y=http://www.Department2.University2.edu, Z=UndergraduateStudent152@Department2.University2.edu}, {X=http://www.Department2.University2.edu/UndergraduateStudent329, Y=http://www.Department2.University2.edu, Z=UndergraduateStudent329@Department2.University2.edu}, {X=http://www.Department2.University2.edu/UndergraduateStudent21, Y=http://www.Department2.University2.edu, Z=UndergraduateStudent21@Department2.University2.edu}, {X=http://www.Department2.University2.edu/UndergraduateStudent159, Y=http://www.Department2.University2.edu, Z=UndergraduateStudent159@Department2.University2.edu}, {X=http://www.Department2.University2.edu/GraduateStudent15, Y=http://www.Department2.University2.edu, Z=GraduateStudent15@Department2.University2.edu}, {X=http://www.Department2.University2.edu/UndergraduateStudent99, Y=http://www.Department2.University2.edu, Z=UndergraduateStudent99@Department2.University2.edu}, {X=http://www.Department2.University2.edu/UndergraduateStudent242, Y=http://www.Department2.University2.edu, Z=UndergraduateStudent242@Department2.University2.edu}, {X=http://www.Department2.University2.edu/UndergraduateStudent292, Y=http://www.Department2.University2.edu, Z=UndergraduateStudent292@Department2.University2.edu}, {X=http://www.Department2.University2.edu/UndergraduateStudent343, Y=http://www.Department2.University2.edu, Z=UndergraduateStudent343@Department2.University2.edu}, {X=http://www.Department2.University2.edu/UndergraduateStudent238, Y=http://www.Department2.University2.edu, Z=UndergraduateStudent238@Department2.University2.edu}, {X=http://www.Department2.University2.edu/GraduateStudent23, Y=http://www.Department2.University2.edu, Z=GraduateStudent23@Department2.University2.edu}, {X=http://www.Department2.University2.edu/UndergraduateStudent187, Y=http://www.Department2.University2.edu, Z=UndergraduateStudent187@Department2.University2.edu}, {X=http://www.Department2.University2.edu/GraduateStudent100, Y=http://www.Department2.University2.edu, Z=GraduateStudent100@Department2.University2.edu}, {X=http://www.Department2.University2.edu/UndergraduateStudent143, Y=http://www.Department2.University2.edu, Z=UndergraduateStudent143@Department2.University2.edu}, {X=http://www.Department2.University2.edu/UndergraduateStudent174, Y=http://www.Department2.University2.edu, Z=UndergraduateStudent174@Department2.University2.edu}, {X=http://www.Department2.University2.edu/GraduateStudent2, Y=http://www.Department2.University2.edu, Z=GraduateStudent2@Department2.University2.edu}, {X=http://www.Department2.University2.edu/UndergraduateStudent234, Y=http://www.Department2.University2.edu, Z=UndergraduateStudent234@Department2.University2.edu}, {X=http://www.Department2.University2.edu/UndergraduateStudent150, Y=http://www.Department2.University2.edu, Z=UndergraduateStudent150@Department2.University2.edu}, {X=http://www.Department2.University2.edu/UndergraduateStudent164, Y=http://www.Department2.University2.edu, Z=UndergraduateStudent164@Department2.University2.edu}, {X=http://www.Department2.University2.edu/UndergraduateStudent241, Y=http://www.Department2.University2.edu, Z=UndergraduateStudent241@Department2.University2.edu}, {X=http://www.Department2.University2.edu/UndergraduateStudent126, Y=http://www.Department2.University2.edu, Z=UndergraduateStudent126@Department2.University2.edu}, {X=http://www.Department2.University2.edu/UndergraduateStudent225, Y=http://www.Department2.University2.edu, Z=UndergraduateStudent225@Department2.University2.edu}, {X=http://www.Department2.University2.edu/UndergraduateStudent185, Y=http://www.Department2.University2.edu, Z=UndergraduateStudent185@Department2.University2.edu}, {X=http://www.Department2.University2.edu/UndergraduateStudent196, Y=http://www.Department2.University2.edu, Z=UndergraduateStudent196@Department2.University2.edu}, {X=http://www.Department2.University2.edu/GraduateStudent118, Y=http://www.Department2.University2.edu, Z=GraduateStudent118@Department2.University2.edu}, {X=http://www.Department2.University2.edu/UndergraduateStudent113, Y=http://www.Department2.University2.edu, Z=UndergraduateStudent113@Department2.University2.edu}, {X=http://www.Department2.University2.edu/UndergraduateStudent130, Y=http://www.Department2.University2.edu, Z=UndergraduateStudent130@Department2.University2.edu}, {X=http://www.Department2.University2.edu/UndergraduateStudent279, Y=http://www.Department2.University2.edu, Z=UndergraduateStudent279@Department2.University2.edu}, {X=http://www.Department2.University2.edu/UndergraduateStudent305, Y=http://www.Department2.University2.edu, Z=UndergraduateStudent305@Department2.University2.edu}, {X=http://www.Department2.University2.edu/GraduateStudent37, Y=http://www.Department2.University2.edu, Z=GraduateStudent37@Department2.University2.edu}, {X=http://www.Department2.University2.edu/GraduateStudent61, Y=http://www.Department2.University2.edu, Z=GraduateStudent61@Department2.University2.edu}, {X=http://www.Department2.University2.edu/UndergraduateStudent246, Y=http://www.Department2.University2.edu, Z=UndergraduateStudent246@Department2.University2.edu}, {X=http://www.Department2.University2.edu/GraduateStudent72, Y=http://www.Department2.University2.edu, Z=GraduateStudent72@Department2.University2.edu}, {X=http://www.Department2.University2.edu/UndergraduateStudent294, Y=http://www.Department2.University2.edu, Z=UndergraduateStudent294@Department2.University2.edu}, {X=http://www.Department2.University2.edu/UndergraduateStudent278, Y=http://www.Department2.University2.edu, Z=UndergraduateStudent278@Department2.University2.edu}, {X=http://www.Department2.University2.edu/UndergraduateStudent270, Y=http://www.Department2.University2.edu, Z=UndergraduateStudent270@Department2.University2.edu}, {X=http://www.Department2.University2.edu/UndergraduateStudent284, Y=http://www.Department2.University2.edu, Z=UndergraduateStudent284@Department2.University2.edu}, {X=http://www.Department2.University2.edu/UndergraduateStudent89, Y=http://www.Department2.University2.edu, Z=UndergraduateStudent89@Department2.University2.edu}, {X=http://www.Department2.University2.edu/GraduateStudent0, Y=http://www.Department2.University2.edu, Z=GraduateStudent0@Department2.University2.edu}, {X=http://www.Department2.University2.edu/UndergraduateStudent213, Y=http://www.Department2.University2.edu, Z=UndergraduateStudent213@Department2.University2.edu}, {X=http://www.Department2.University2.edu/UndergraduateStudent349, Y=http://www.Department2.University2.edu, Z=UndergraduateStudent349@Department2.University2.edu}, {X=http://www.Department2.University2.edu/UndergraduateStudent263, Y=http://www.Department2.University2.edu, Z=UndergraduateStudent263@Department2.University2.edu}, {X=http://www.Department2.University2.edu/GraduateStudent24, Y=http://www.Department2.University2.edu, Z=GraduateStudent24@Department2.University2.edu}, {X=http://www.Department2.University2.edu/UndergraduateStudent176, Y=http://www.Department2.University2.edu, Z=UndergraduateStudent176@Department2.University2.edu}, {X=http://www.Department2.University2.edu/UndergraduateStudent39, Y=http://www.Department2.University2.edu, Z=UndergraduateStudent39@Department2.University2.edu}, {X=http://www.Department2.University2.edu/UndergraduateStudent124, Y=http://www.Department2.University2.edu, Z=UndergraduateStudent124@Department2.University2.edu}, {X=http://www.Department2.University2.edu/UndergraduateStudent52, Y=http://www.Department2.University2.edu, Z=UndergraduateStudent52@Department2.University2.edu}, {X=http://www.Department2.University2.edu/UndergraduateStudent354, Y=http://www.Department2.University2.edu, Z=UndergraduateStudent354@Department2.University2.edu}, {X=http://www.Department2.University2.edu/GraduateStudent83, Y=http://www.Department2.University2.edu, Z=GraduateStudent83@Department2.University2.edu}, {X=http://www.Department2.University2.edu/UndergraduateStudent48, Y=http://www.Department2.University2.edu, Z=UndergraduateStudent48@Department2.University2.edu}, {X=http://www.Department2.University2.edu/GraduateStudent130, Y=http://www.Department2.University2.edu, Z=GraduateStudent130@Department2.University2.edu}, {X=http://www.Department2.University2.edu/UndergraduateStudent61, Y=http://www.Department2.University2.edu, Z=UndergraduateStudent61@Department2.University2.edu}, {X=http://www.Department2.University2.edu/UndergraduateStudent16, Y=http://www.Department2.University2.edu, Z=UndergraduateStudent16@Department2.University2.edu}, {X=http://www.Department2.University2.edu/UndergraduateStudent319, Y=http://www.Department2.University2.edu, Z=UndergraduateStudent319@Department2.University2.edu}, {X=http://www.Department2.University2.edu/GraduateStudent98, Y=http://www.Department2.University2.edu, Z=GraduateStudent98@Department2.University2.edu}, {X=http://www.Department2.University2.edu/UndergraduateStudent71, Y=http://www.Department2.University2.edu, Z=UndergraduateStudent71@Department2.University2.edu}, {X=http://www.Department2.University2.edu/UndergraduateStudent35, Y=http://www.Department2.University2.edu, Z=UndergraduateStudent35@Department2.University2.edu}, {X=http://www.Department2.University2.edu/GraduateStudent120, Y=http://www.Department2.University2.edu, Z=GraduateStudent120@Department2.University2.edu}, {X=http://www.Department2.University2.edu/UndergraduateStudent156, Y=http://www.Department2.University2.edu, Z=UndergraduateStudent156@Department2.University2.edu}, {X=http://www.Department2.University2.edu/UndergraduateStudent153, Y=http://www.Department2.University2.edu, Z=UndergraduateStudent153@Department2.University2.edu}, {X=http://www.Department2.University2.edu/UndergraduateStudent118, Y=http://www.Department2.University2.edu, Z=UndergraduateStudent118@Department2.University2.edu}, {X=http://www.Department2.University2.edu/GraduateStudent90, Y=http://www.Department2.University2.edu, Z=GraduateStudent90@Department2.University2.edu}, {X=http://www.Department2.University2.edu/GraduateStudent59, Y=http://www.Department2.University2.edu, Z=GraduateStudent59@Department2.University2.edu}, {X=http://www.Department2.University2.edu/GraduateStudent43, Y=http://www.Department2.University2.edu, Z=GraduateStudent43@Department2.University2.edu}, {X=http://www.Department2.University2.edu/UndergraduateStudent317, Y=http://www.Department2.University2.edu, Z=UndergraduateStudent317@Department2.University2.edu}, {X=http://www.Department2.University2.edu/UndergraduateStudent121, Y=http://www.Department2.University2.edu, Z=UndergraduateStudent121@Department2.University2.edu}, {X=http://www.Department2.University2.edu/UndergraduateStudent144, Y=http://www.Department2.University2.edu, Z=UndergraduateStudent144@Department2.University2.edu}, {X=http://www.Department2.University2.edu/UndergraduateStudent251, Y=http://www.Department2.University2.edu, Z=UndergraduateStudent251@Department2.University2.edu}, {X=http://www.Department2.University2.edu/UndergraduateStudent141, Y=http://www.Department2.University2.edu, Z=UndergraduateStudent141@Department2.University2.edu}, {X=http://www.Department2.University2.edu/UndergraduateStudent265, Y=http://www.Department2.University2.edu, Z=UndergraduateStudent265@Department2.University2.edu}, {X=http://www.Department2.University2.edu/GraduateStudent115, Y=http://www.Department2.University2.edu, Z=GraduateStudent115@Department2.University2.edu}, {X=http://www.Department2.University2.edu/UndergraduateStudent268, Y=http://www.Department2.University2.edu, Z=UndergraduateStudent268@Department2.University2.edu}, {X=http://www.Department2.University2.edu/GraduateStudent66, Y=http://www.Department2.University2.edu, Z=GraduateStudent66@Department2.University2.edu}, {X=http://www.Department2.University2.edu/GraduateStudent5, Y=http://www.Department2.University2.edu, Z=GraduateStudent5@Department2.University2.edu}, {X=http://www.Department2.University2.edu/UndergraduateStudent310, Y=http://www.Department2.University2.edu, Z=UndergraduateStudent310@Department2.University2.edu}, {X=http://www.Department2.University2.edu/UndergraduateStudent183, Y=http://www.Department2.University2.edu, Z=UndergraduateStudent183@Department2.University2.edu}, {X=http://www.Department2.University2.edu/UndergraduateStudent248, Y=http://www.Department2.University2.edu, Z=UndergraduateStudent248@Department2.University2.edu}, {X=http://www.Department2.University2.edu/GraduateStudent69, Y=http://www.Department2.University2.edu, Z=GraduateStudent69@Department2.University2.edu}, {X=http://www.Department2.University2.edu/UndergraduateStudent94, Y=http://www.Department2.University2.edu, Z=UndergraduateStudent94@Department2.University2.edu}, {X=http://www.Department2.University2.edu/GraduateStudent73, Y=http://www.Department2.University2.edu, Z=GraduateStudent73@Department2.University2.edu}, {X=http://www.Department2.University2.edu/UndergraduateStudent138, Y=http://www.Department2.University2.edu, Z=UndergraduateStudent138@Department2.University2.edu}, {X=http://www.Department2.University2.edu/UndergraduateStudent37, Y=http://www.Department2.University2.edu, Z=UndergraduateStudent37@Department2.University2.edu}, {X=http://www.Department2.University2.edu/UndergraduateStudent233, Y=http://www.Department2.University2.edu, Z=UndergraduateStudent233@Department2.University2.edu}, {X=http://www.Department2.University2.edu/UndergraduateStudent291, Y=http://www.Department2.University2.edu, Z=UndergraduateStudent291@Department2.University2.edu}, {X=http://www.Department2.University2.edu/UndergraduateStudent212, Y=http://www.Department2.University2.edu, Z=UndergraduateStudent212@Department2.University2.edu}, {X=http://www.Department2.University2.edu/UndergraduateStudent55, Y=http://www.Department2.University2.edu, Z=UndergraduateStudent55@Department2.University2.edu}, {X=http://www.Department2.University2.edu/UndergraduateStudent91, Y=http://www.Department2.University2.edu, Z=UndergraduateStudent91@Department2.University2.edu}, {X=http://www.Department2.University2.edu/UndergraduateStudent222, Y=http://www.Department2.University2.edu, Z=UndergraduateStudent222@Department2.University2.edu}, {X=http://www.Department2.University2.edu/UndergraduateStudent309, Y=http://www.Department2.University2.edu, Z=UndergraduateStudent309@Department2.University2.edu}, {X=http://www.Department2.University2.edu/UndergraduateStudent332, Y=http://www.Department2.University2.edu, Z=UndergraduateStudent332@Department2.University2.edu}, {X=http://www.Department2.University2.edu/GraduateStudent131, Y=http://www.Department2.University2.edu, Z=GraduateStudent131@Department2.University2.edu}, {X=http://www.Department2.University2.edu/GraduateStudent53, Y=http://www.Department2.University2.edu, Z=GraduateStudent53@Department2.University2.edu}, {X=http://www.Department2.University2.edu/GraduateStudent112, Y=http://www.Department2.University2.edu, Z=GraduateStudent112@Department2.University2.edu}, {X=http://www.Department2.University2.edu/UndergraduateStudent73, Y=http://www.Department2.University2.edu, Z=UndergraduateStudent73@Department2.University2.edu}, {X=http://www.Department2.University2.edu/UndergraduateStudent7, Y=http://www.Department2.University2.edu, Z=UndergraduateStudent7@Department2.University2.edu}, {X=http://www.Department2.University2.edu/UndergraduateStudent116, Y=http://www.Department2.University2.edu, Z=UndergraduateStudent116@Department2.University2.edu}, {X=http://www.Department2.University2.edu/UndergraduateStudent92, Y=http://www.Department2.University2.edu, Z=UndergraduateStudent92@Department2.University2.edu}, {X=http://www.Department2.University2.edu/UndergraduateStudent201, Y=http://www.Department2.University2.edu, Z=UndergraduateStudent201@Department2.University2.edu}, {X=http://www.Department2.University2.edu/GraduateStudent29, Y=http://www.Department2.University2.edu, Z=GraduateStudent29@Department2.University2.edu}, {X=http://www.Department2.University2.edu/UndergraduateStudent85, Y=http://www.Department2.University2.edu, Z=UndergraduateStudent85@Department2.University2.edu}, {X=http://www.Department2.University2.edu/UndergraduateStudent227, Y=http://www.Department2.University2.edu, Z=UndergraduateStudent227@Department2.University2.edu}, {X=http://www.Department2.University2.edu/UndergraduateStudent3, Y=http://www.Department2.University2.edu, Z=UndergraduateStudent3@Department2.University2.edu}, {X=http://www.Department2.University2.edu/UndergraduateStudent240, Y=http://www.Department2.University2.edu, Z=UndergraduateStudent240@Department2.University2.edu}, {X=http://www.Department2.University2.edu/UndergraduateStudent197, Y=http://www.Department2.University2.edu, Z=UndergraduateStudent197@Department2.University2.edu}, {X=http://www.Department2.University2.edu/UndergraduateStudent123, Y=http://www.Department2.University2.edu, Z=UndergraduateStudent123@Department2.University2.edu}, {X=http://www.Department2.University2.edu/UndergraduateStudent311, Y=http://www.Department2.University2.edu, Z=UndergraduateStudent311@Department2.University2.edu}, {X=http://www.Department2.University2.edu/GraduateStudent51, Y=http://www.Department2.University2.edu, Z=GraduateStudent51@Department2.University2.edu}, {X=http://www.Department2.University2.edu/UndergraduateStudent285, Y=http://www.Department2.University2.edu, Z=UndergraduateStudent285@Department2.University2.edu}, {X=http://www.Department2.University2.edu/UndergraduateStudent333, Y=http://www.Department2.University2.edu, Z=UndergraduateStudent333@Department2.University2.edu}, {X=http://www.Department2.University2.edu/GraduateStudent8, Y=http://www.Department2.University2.edu, Z=GraduateStudent8@Department2.University2.edu}, {X=http://www.Department2.University2.edu/GraduateStudent132, Y=http://www.Department2.University2.edu, Z=GraduateStudent132@Department2.University2.edu}, {X=http://www.Department2.University2.edu/UndergraduateStudent218, Y=http://www.Department2.University2.edu, Z=UndergraduateStudent218@Department2.University2.edu}, {X=http://www.Department2.University2.edu/GraduateStudent121, Y=http://www.Department2.University2.edu, Z=GraduateStudent121@Department2.University2.edu}, {X=http://www.Department2.University2.edu/GraduateStudent127, Y=http://www.Department2.University2.edu, Z=GraduateStudent127@Department2.University2.edu}, {X=http://www.Department2.University2.edu/UndergraduateStudent25, Y=http://www.Department2.University2.edu, Z=UndergraduateStudent25@Department2.University2.edu}, {X=http://www.Department2.University2.edu/UndergraduateStudent254, Y=http://www.Department2.University2.edu, Z=UndergraduateStudent254@Department2.University2.edu}, {X=http://www.Department2.University2.edu/GraduateStudent108, Y=http://www.Department2.University2.edu, Z=GraduateStudent108@Department2.University2.edu}, {X=http://www.Department2.University2.edu/UndergraduateStudent47, Y=http://www.Department2.University2.edu, Z=UndergraduateStudent47@Department2.University2.edu}, {X=http://www.Department2.University2.edu/GraduateStudent16, Y=http://www.Department2.University2.edu, Z=GraduateStudent16@Department2.University2.edu}, {X=http://www.Department2.University2.edu/GraduateStudent21, Y=http://www.Department2.University2.edu, Z=GraduateStudent21@Department2.University2.edu}, {X=http://www.Department2.University2.edu/UndergraduateStudent221, Y=http://www.Department2.University2.edu, Z=UndergraduateStudent221@Department2.University2.edu}, {X=http://www.Department2.University2.edu/GraduateStudent10, Y=http://www.Department2.University2.edu, Z=GraduateStudent10@Department2.University2.edu}, {X=http://www.Department2.University2.edu/UndergraduateStudent219, Y=http://www.Department2.University2.edu, Z=UndergraduateStudent219@Department2.University2.edu}, {X=http://www.Department2.University2.edu/UndergraduateStudent24, Y=http://www.Department2.University2.edu, Z=UndergraduateStudent24@Department2.University2.edu}, {X=http://www.Department2.University2.edu/UndergraduateStudent330, Y=http://www.Department2.University2.edu, Z=UndergraduateStudent330@Department2.University2.edu}, {X=http://www.Department2.University2.edu/UndergraduateStudent297, Y=http://www.Department2.University2.edu, Z=UndergraduateStudent297@Department2.University2.edu}, {X=http://www.Department2.University2.edu/UndergraduateStudent308, Y=http://www.Department2.University2.edu, Z=UndergraduateStudent308@Department2.University2.edu}, {X=http://www.Department2.University2.edu/UndergraduateStudent128, Y=http://www.Department2.University2.edu, Z=UndergraduateStudent128@Department2.University2.edu}, {X=http://www.Department2.University2.edu/UndergraduateStudent358, Y=http://www.Department2.University2.edu, Z=UndergraduateStudent358@Department2.University2.edu}, {X=http://www.Department2.University2.edu/UndergraduateStudent13, Y=http://www.Department2.University2.edu, Z=UndergraduateStudent13@Department2.University2.edu}, {X=http://www.Department2.University2.edu/GraduateStudent129, Y=http://www.Department2.University2.edu, Z=GraduateStudent129@Department2.University2.edu}, {X=http://www.Department2.University2.edu/UndergraduateStudent253, Y=http://www.Department2.University2.edu, Z=UndergraduateStudent253@Department2.University2.edu}, {X=http://www.Department2.University2.edu/UndergraduateStudent29, Y=http://www.Department2.University2.edu, Z=UndergraduateStudent29@Department2.University2.edu}, {X=http://www.Department2.University2.edu/UndergraduateStudent193, Y=http://www.Department2.University2.edu, Z=UndergraduateStudent193@Department2.University2.edu}, {X=http://www.Department2.University2.edu/GraduateStudent46, Y=http://www.Department2.University2.edu, Z=GraduateStudent46@Department2.University2.edu}, {X=http://www.Department2.University2.edu/UndergraduateStudent122, Y=http://www.Department2.University2.edu, Z=UndergraduateStudent122@Department2.University2.edu}, {X=http://www.Department2.University2.edu/UndergraduateStudent56, Y=http://www.Department2.University2.edu, Z=UndergraduateStudent56@Department2.University2.edu}, {X=http://www.Department2.University2.edu/GraduateStudent125, Y=http://www.Department2.University2.edu, Z=GraduateStudent125@Department2.University2.edu}, {X=http://www.Department2.University2.edu/UndergraduateStudent202, Y=http://www.Department2.University2.edu, Z=UndergraduateStudent202@Department2.University2.edu}, {X=http://www.Department2.University2.edu/GraduateStudent86, Y=http://www.Department2.University2.edu, Z=GraduateStudent86@Department2.University2.edu}, {X=http://www.Department2.University2.edu/UndergraduateStudent262, Y=http://www.Department2.University2.edu, Z=UndergraduateStudent262@Department2.University2.edu}, {X=http://www.Department2.University2.edu/UndergraduateStudent163, Y=http://www.Department2.University2.edu, Z=UndergraduateStudent163@Department2.University2.edu}, {X=http://www.Department2.University2.edu/UndergraduateStudent148, Y=http://www.Department2.University2.edu, Z=UndergraduateStudent148@Department2.University2.edu}, {X=http://www.Department2.University2.edu/UndergraduateStudent76, Y=http://www.Department2.University2.edu, Z=UndergraduateStudent76@Department2.University2.edu}, {X=http://www.Department2.University2.edu/GraduateStudent27, Y=http://www.Department2.University2.edu, Z=GraduateStudent27@Department2.University2.edu}, {X=http://www.Department2.University2.edu/GraduateStudent64, Y=http://www.Department2.University2.edu, Z=GraduateStudent64@Department2.University2.edu}, {X=http://www.Department2.University2.edu/UndergraduateStudent351, Y=http://www.Department2.University2.edu, Z=UndergraduateStudent351@Department2.University2.edu}, {X=http://www.Department2.University2.edu/UndergraduateStudent78, Y=http://www.Department2.University2.edu, Z=UndergraduateStudent78@Department2.University2.edu}, {X=http://www.Department2.University2.edu/GraduateStudent49, Y=http://www.Department2.University2.edu, Z=GraduateStudent49@Department2.University2.edu}, {X=http://www.Department2.University2.edu/UndergraduateStudent338, Y=http://www.Department2.University2.edu, Z=UndergraduateStudent338@Department2.University2.edu}, {X=http://www.Department2.University2.edu/UndergraduateStudent36, Y=http://www.Department2.University2.edu, Z=UndergraduateStudent36@Department2.University2.edu}, {X=http://www.Department2.University2.edu/UndergraduateStudent339, Y=http://www.Department2.University2.edu, Z=UndergraduateStudent339@Department2.University2.edu}, {X=http://www.Department2.University2.edu/GraduateStudent87, Y=http://www.Department2.University2.edu, Z=GraduateStudent87@Department2.University2.edu}, {X=http://www.Department2.University2.edu/UndergraduateStudent167, Y=http://www.Department2.University2.edu, Z=UndergraduateStudent167@Department2.University2.edu}, {X=http://www.Department2.University2.edu/GraduateStudent119, Y=http://www.Department2.University2.edu, Z=GraduateStudent119@Department2.University2.edu}, {X=http://www.Department2.University2.edu/UndergraduateStudent72, Y=http://www.Department2.University2.edu, Z=UndergraduateStudent72@Department2.University2.edu}, {X=http://www.Department2.University2.edu/UndergraduateStudent77, Y=http://www.Department2.University2.edu, Z=UndergraduateStudent77@Department2.University2.edu}, {X=http://www.Department2.University2.edu/GraduateStudent97, Y=http://www.Department2.University2.edu, Z=GraduateStudent97@Department2.University2.edu}, {X=http://www.Department2.University2.edu/GraduateStudent54, Y=http://www.Department2.University2.edu, Z=GraduateStudent54@Department2.University2.edu}, {X=http://www.Department2.University2.edu/UndergraduateStudent9, Y=http://www.Department2.University2.edu, Z=UndergraduateStudent9@Department2.University2.edu}, {X=http://www.Department2.University2.edu/UndergraduateStudent65, Y=http://www.Department2.University2.edu, Z=UndergraduateStudent65@Department2.University2.edu}, {X=http://www.Department2.University2.edu/UndergraduateStudent11, Y=http://www.Department2.University2.edu, Z=UndergraduateStudent11@Department2.University2.edu}, {X=http://www.Department2.University2.edu/UndergraduateStudent208, Y=http://www.Department2.University2.edu, Z=UndergraduateStudent208@Department2.University2.edu}, {X=http://www.Department2.University2.edu/GraduateStudent128, Y=http://www.Department2.University2.edu, Z=GraduateStudent128@Department2.University2.edu}, {X=http://www.Department2.University2.edu/UndergraduateStudent322, Y=http://www.Department2.University2.edu, Z=UndergraduateStudent322@Department2.University2.edu}, {X=http://www.Department2.University2.edu/GraduateStudent89, Y=http://www.Department2.University2.edu, Z=GraduateStudent89@Department2.University2.edu}, {X=http://www.Department2.University2.edu/UndergraduateStudent28, Y=http://www.Department2.University2.edu, Z=UndergraduateStudent28@Department2.University2.edu}, {X=http://www.Department2.University2.edu/GraduateStudent25, Y=http://www.Department2.University2.edu, Z=GraduateStudent25@Department2.University2.edu}, {X=http://www.Department2.University2.edu/UndergraduateStudent134, Y=http://www.Department2.University2.edu, Z=UndergraduateStudent134@Department2.University2.edu}, {X=http://www.Department2.University2.edu/UndergraduateStudent335, Y=http://www.Department2.University2.edu, Z=UndergraduateStudent335@Department2.University2.edu}, {X=http://www.Department2.University2.edu/UndergraduateStudent288, Y=http://www.Department2.University2.edu, Z=UndergraduateStudent288@Department2.University2.edu}, {X=http://www.Department2.University2.edu/UndergraduateStudent97, Y=http://www.Department2.University2.edu, Z=UndergraduateStudent97@Department2.University2.edu}, {X=http://www.Department2.University2.edu/UndergraduateStudent125, Y=http://www.Department2.University2.edu, Z=UndergraduateStudent125@Department2.University2.edu}, {X=http://www.Department2.University2.edu/GraduateStudent76, Y=http://www.Department2.University2.edu, Z=GraduateStudent76@Department2.University2.edu}, {X=http://www.Department2.University2.edu/GraduateStudent28, Y=http://www.Department2.University2.edu, Z=GraduateStudent28@Department2.University2.edu}, {X=http://www.Department2.University2.edu/UndergraduateStudent137, Y=http://www.Department2.University2.edu, Z=UndergraduateStudent137@Department2.University2.edu}, {X=http://www.Department2.University2.edu/UndergraduateStudent162, Y=http://www.Department2.University2.edu, Z=UndergraduateStudent162@Department2.University2.edu}, {X=http://www.Department2.University2.edu/UndergraduateStudent293, Y=http://www.Department2.University2.edu, Z=UndergraduateStudent293@Department2.University2.edu}, {X=http://www.Department2.University2.edu/UndergraduateStudent328, Y=http://www.Department2.University2.edu, Z=UndergraduateStudent328@Department2.University2.edu}, {X=http://www.Department2.University2.edu/UndergraduateStudent350, Y=http://www.Department2.University2.edu, Z=UndergraduateStudent350@Department2.University2.edu}, {X=http://www.Department2.University2.edu/UndergraduateStudent269, Y=http://www.Department2.University2.edu, Z=UndergraduateStudent269@Department2.University2.edu}, {X=http://www.Department2.University2.edu/UndergraduateStudent64, Y=http://www.Department2.University2.edu, Z=UndergraduateStudent64@Department2.University2.edu}, {X=http://www.Department2.University2.edu/UndergraduateStudent272, Y=http://www.Department2.University2.edu, Z=UndergraduateStudent272@Department2.University2.edu}, {X=http://www.Department2.University2.edu/UndergraduateStudent245, Y=http://www.Department2.University2.edu, Z=UndergraduateStudent245@Department2.University2.edu}, {X=http://www.Department2.University2.edu/UndergraduateStudent95, Y=http://www.Department2.University2.edu, Z=UndergraduateStudent95@Department2.University2.edu}, {X=http://www.Department2.University2.edu/UndergraduateStudent109, Y=http://www.Department2.University2.edu, Z=UndergraduateStudent109@Department2.University2.edu}, {X=http://www.Department2.University2.edu/UndergraduateStudent179, Y=http://www.Department2.University2.edu, Z=UndergraduateStudent179@Department2.University2.edu}, {X=http://www.Department2.University2.edu/GraduateStudent63, Y=http://www.Department2.University2.edu, Z=GraduateStudent63@Department2.University2.edu}, {X=http://www.Department2.University2.edu/GraduateStudent19, Y=http://www.Department2.University2.edu, Z=GraduateStudent19@Department2.University2.edu}, {X=http://www.Department2.University2.edu/GraduateStudent22, Y=http://www.Department2.University2.edu, Z=GraduateStudent22@Department2.University2.edu}, {X=http://www.Department2.University2.edu/UndergraduateStudent4, Y=http://www.Department2.University2.edu, Z=UndergraduateStudent4@Department2.University2.edu}, {X=http://www.Department2.University2.edu/UndergraduateStudent280, Y=http://www.Department2.University2.edu, Z=UndergraduateStudent280@Department2.University2.edu}, {X=http://www.Department2.University2.edu/GraduateStudent12, Y=http://www.Department2.University2.edu, Z=GraduateStudent12@Department2.University2.edu}, {X=http://www.Department2.University2.edu/UndergraduateStudent38, Y=http://www.Department2.University2.edu, Z=UndergraduateStudent38@Department2.University2.edu}, {X=http://www.Department2.University2.edu/UndergraduateStudent93, Y=http://www.Department2.University2.edu, Z=UndergraduateStudent93@Department2.University2.edu}, {X=http://www.Department2.University2.edu/UndergraduateStudent58, Y=http://www.Department2.University2.edu, Z=UndergraduateStudent58@Department2.University2.edu}, {X=http://www.Department2.University2.edu/UndergraduateStudent223, Y=http://www.Department2.University2.edu, Z=UndergraduateStudent223@Department2.University2.edu}, {X=http://www.Department2.University2.edu/UndergraduateStudent146, Y=http://www.Department2.University2.edu, Z=UndergraduateStudent146@Department2.University2.edu}, {X=http://www.Department2.University2.edu/UndergraduateStudent32, Y=http://www.Department2.University2.edu, Z=UndergraduateStudent32@Department2.University2.edu}, {X=http://www.Department2.University2.edu/UndergraduateStudent220, Y=http://www.Department2.University2.edu, Z=UndergraduateStudent220@Department2.University2.edu}, {X=http://www.Department2.University2.edu/GraduateStudent82, Y=http://www.Department2.University2.edu, Z=GraduateStudent82@Department2.University2.edu}, {X=http://www.Department2.University2.edu/UndergraduateStudent286, Y=http://www.Department2.University2.edu, Z=UndergraduateStudent286@Department2.University2.edu}, {X=http://www.Department2.University2.edu/UndergraduateStudent295, Y=http://www.Department2.University2.edu, Z=UndergraduateStudent295@Department2.University2.edu}, {X=http://www.Department2.University2.edu/UndergraduateStudent267, Y=http://www.Department2.University2.edu, Z=UndergraduateStudent267@Department2.University2.edu}, {X=http://www.Department2.University2.edu/UndergraduateStudent34, Y=http://www.Department2.University2.edu, Z=UndergraduateStudent34@Department2.University2.edu}, {X=http://www.Department2.University2.edu/UndergraduateStudent355, Y=http://www.Department2.University2.edu, Z=UndergraduateStudent355@Department2.University2.edu}, {X=http://www.Department2.University2.edu/GraduateStudent4, Y=http://www.Department2.University2.edu, Z=GraduateStudent4@Department2.University2.edu}, {X=http://www.Department2.University2.edu/UndergraduateStudent320, Y=http://www.Department2.University2.edu, Z=UndergraduateStudent320@Department2.University2.edu}, {X=http://www.Department2.University2.edu/UndergraduateStudent321, Y=http://www.Department2.University2.edu, Z=UndergraduateStudent321@Department2.University2.edu}, {X=http://www.Department2.University2.edu/GraduateStudent60, Y=http://www.Department2.University2.edu, Z=GraduateStudent60@Department2.University2.edu}, {X=http://www.Department2.University2.edu/UndergraduateStudent275, Y=http://www.Department2.University2.edu, Z=UndergraduateStudent275@Department2.University2.edu}, {X=http://www.Department2.University2.edu/GraduateStudent26, Y=http://www.Department2.University2.edu, Z=GraduateStudent26@Department2.University2.edu}, {X=http://www.Department2.University2.edu/UndergraduateStudent318, Y=http://www.Department2.University2.edu, Z=UndergraduateStudent318@Department2.University2.edu}, {X=http://www.Department2.University2.edu/UndergraduateStudent57, Y=http://www.Department2.University2.edu, Z=UndergraduateStudent57@Department2.University2.edu}, {X=http://www.Department2.University2.edu/UndergraduateStudent115, Y=http://www.Department2.University2.edu, Z=UndergraduateStudent115@Department2.University2.edu}, {X=http://www.Department2.University2.edu/GraduateStudent106, Y=http://www.Department2.University2.edu, Z=GraduateStudent106@Department2.University2.edu}, {X=http://www.Department2.University2.edu/GraduateStudent38, Y=http://www.Department2.University2.edu, Z=GraduateStudent38@Department2.University2.edu}, {X=http://www.Department2.University2.edu/GraduateStudent34, Y=http://www.Department2.University2.edu, Z=GraduateStudent34@Department2.University2.edu}, {X=http://www.Department2.University2.edu/UndergraduateStudent147, Y=http://www.Department2.University2.edu, Z=UndergraduateStudent147@Department2.University2.edu}, {X=http://www.Department2.University2.edu/UndergraduateStudent46, Y=http://www.Department2.University2.edu, Z=UndergraduateStudent46@Department2.University2.edu}, {X=http://www.Department2.University2.edu/UndergraduateStudent79, Y=http://www.Department2.University2.edu, Z=UndergraduateStudent79@Department2.University2.edu}, {X=http://www.Department2.University2.edu/UndergraduateStudent63, Y=http://www.Department2.University2.edu, Z=UndergraduateStudent63@Department2.University2.edu}, {X=http://www.Department2.University2.edu/UndergraduateStudent336, Y=http://www.Department2.University2.edu, Z=UndergraduateStudent336@Department2.University2.edu}, {X=http://www.Department2.University2.edu/UndergraduateStudent256, Y=http://www.Department2.University2.edu, Z=UndergraduateStudent256@Department2.University2.edu}, {X=http://www.Department2.University2.edu/GraduateStudent42, Y=http://www.Department2.University2.edu, Z=GraduateStudent42@Department2.University2.edu}, {X=http://www.Department2.University2.edu/UndergraduateStudent214, Y=http://www.Department2.University2.edu, Z=UndergraduateStudent214@Department2.University2.edu}, {X=http://www.Department2.University2.edu/GraduateStudent92, Y=http://www.Department2.University2.edu, Z=GraduateStudent92@Department2.University2.edu}, {X=http://www.Department2.University2.edu/UndergraduateStudent313, Y=http://www.Department2.University2.edu, Z=UndergraduateStudent313@Department2.University2.edu}, {X=http://www.Department2.University2.edu/UndergraduateStudent42, Y=http://www.Department2.University2.edu, Z=UndergraduateStudent42@Department2.University2.edu}, {X=http://www.Department2.University2.edu/UndergraduateStudent100, Y=http://www.Department2.University2.edu, Z=UndergraduateStudent100@Department2.University2.edu}, {X=http://www.Department2.University2.edu/UndergraduateStudent83, Y=http://www.Department2.University2.edu, Z=UndergraduateStudent83@Department2.University2.edu}, {X=http://www.Department2.University2.edu/UndergraduateStudent69, Y=http://www.Department2.University2.edu, Z=UndergraduateStudent69@Department2.University2.edu}, {X=http://www.Department2.University2.edu/GraduateStudent91, Y=http://www.Department2.University2.edu, Z=GraduateStudent91@Department2.University2.edu}, {X=http://www.Department2.University2.edu/UndergraduateStudent111, Y=http://www.Department2.University2.edu, Z=UndergraduateStudent111@Department2.University2.edu}, {X=http://www.Department2.University2.edu/UndergraduateStudent20, Y=http://www.Department2.University2.edu, Z=UndergraduateStudent20@Department2.University2.edu}, {X=http://www.Department2.University2.edu/UndergraduateStudent87, Y=http://www.Department2.University2.edu, Z=UndergraduateStudent87@Department2.University2.edu}, {X=http://www.Department2.University2.edu/UndergraduateStudent190, Y=http://www.Department2.University2.edu, Z=UndergraduateStudent190@Department2.University2.edu}, {X=http://www.Department2.University2.edu/UndergraduateStudent189, Y=http://www.Department2.University2.edu, Z=UndergraduateStudent189@Department2.University2.edu}, {X=http://www.Department2.University2.edu/UndergraduateStudent5, Y=http://www.Department2.University2.edu, Z=UndergraduateStudent5@Department2.University2.edu}, {X=http://www.Department2.University2.edu/GraduateStudent30, Y=http://www.Department2.University2.edu, Z=GraduateStudent30@Department2.University2.edu}, {X=http://www.Department2.University2.edu/GraduateStudent32, Y=http://www.Department2.University2.edu, Z=GraduateStudent32@Department2.University2.edu}, {X=http://www.Department2.University2.edu/UndergraduateStudent331, Y=http://www.Department2.University2.edu, Z=UndergraduateStudent331@Department2.University2.edu}, {X=http://www.Department2.University2.edu/GraduateStudent65, Y=http://www.Department2.University2.edu, Z=GraduateStudent65@Department2.University2.edu}, {X=http://www.Department2.University2.edu/UndergraduateStudent226, Y=http://www.Department2.University2.edu, Z=UndergraduateStudent226@Department2.University2.edu}, {X=http://www.Department2.University2.edu/UndergraduateStudent44, Y=http://www.Department2.University2.edu, Z=UndergraduateStudent44@Department2.University2.edu}, {X=http://www.Department2.University2.edu/UndergraduateStudent132, Y=http://www.Department2.University2.edu, Z=UndergraduateStudent132@Department2.University2.edu}, {X=http://www.Department2.University2.edu/UndergraduateStudent33, Y=http://www.Department2.University2.edu, Z=UndergraduateStudent33@Department2.University2.edu}, {X=http://www.Department2.University2.edu/GraduateStudent7, Y=http://www.Department2.University2.edu, Z=GraduateStudent7@Department2.University2.edu}, {X=http://www.Department2.University2.edu/UndergraduateStudent166, Y=http://www.Department2.University2.edu, Z=UndergraduateStudent166@Department2.University2.edu}, {X=http://www.Department2.University2.edu/UndergraduateStudent74, Y=http://www.Department2.University2.edu, Z=UndergraduateStudent74@Department2.University2.edu}, {X=http://www.Department2.University2.edu/UndergraduateStudent207, Y=http://www.Department2.University2.edu, Z=UndergraduateStudent207@Department2.University2.edu}, {X=http://www.Department2.University2.edu/UndergraduateStudent244, Y=http://www.Department2.University2.edu, Z=UndergraduateStudent244@Department2.University2.edu}, {X=http://www.Department2.University2.edu/UndergraduateStudent175, Y=http://www.Department2.University2.edu, Z=UndergraduateStudent175@Department2.University2.edu}, {X=http://www.Department2.University2.edu/UndergraduateStudent45, Y=http://www.Department2.University2.edu, Z=UndergraduateStudent45@Department2.University2.edu}, {X=http://www.Department2.University2.edu/UndergraduateStudent127, Y=http://www.Department2.University2.edu, Z=UndergraduateStudent127@Department2.University2.edu}, {X=http://www.Department2.University2.edu/GraduateStudent93, Y=http://www.Department2.University2.edu, Z=GraduateStudent93@Department2.University2.edu}, {X=http://www.Department2.University2.edu/UndergraduateStudent8, Y=http://www.Department2.University2.edu, Z=UndergraduateStudent8@Department2.University2.edu}, {X=http://www.Department2.University2.edu/UndergraduateStudent53, Y=http://www.Department2.University2.edu, Z=UndergraduateStudent53@Department2.University2.edu}, {X=http://www.Department2.University2.edu/UndergraduateStudent200, Y=http://www.Department2.University2.edu, Z=UndergraduateStudent200@Department2.University2.edu}, {X=http://www.Department2.University2.edu/UndergraduateStudent232, Y=http://www.Department2.University2.edu, Z=UndergraduateStudent232@Department2.University2.edu}, {X=http://www.Department2.University2.edu/UndergraduateStudent273, Y=http://www.Department2.University2.edu, Z=UndergraduateStudent273@Department2.University2.edu}, {X=http://www.Department2.University2.edu/GraduateStudent79, Y=http://www.Department2.University2.edu, Z=GraduateStudent79@Department2.University2.edu}, {X=http://www.Department2.University2.edu/GraduateStudent94, Y=http://www.Department2.University2.edu, Z=GraduateStudent94@Department2.University2.edu}, {X=http://www.Department2.University2.edu/GraduateStudent95, Y=http://www.Department2.University2.edu, Z=GraduateStudent95@Department2.University2.edu}, {X=http://www.Department2.University2.edu/UndergraduateStudent353, Y=http://www.Department2.University2.edu, Z=UndergraduateStudent353@Department2.University2.edu}, {X=http://www.Department2.University2.edu/UndergraduateStudent18, Y=http://www.Department2.University2.edu, Z=UndergraduateStudent18@Department2.University2.edu}, {X=http://www.Department2.University2.edu/GraduateStudent110, Y=http://www.Department2.University2.edu, Z=GraduateStudent110@Department2.University2.edu}, {X=http://www.Department2.University2.edu/UndergraduateStudent334, Y=http://www.Department2.University2.edu, Z=UndergraduateStudent334@Department2.University2.edu}, {X=http://www.Department2.University2.edu/UndergraduateStudent27, Y=http://www.Department2.University2.edu, Z=UndergraduateStudent27@Department2.University2.edu}, {X=http://www.Department2.University2.edu/UndergraduateStudent250, Y=http://www.Department2.University2.edu, Z=UndergraduateStudent250@Department2.University2.edu}, {X=http://www.Department2.University2.edu/UndergraduateStudent30, Y=http://www.Department2.University2.edu, Z=UndergraduateStudent30@Department2.University2.edu}, {X=http://www.Department2.University2.edu/UndergraduateStudent289, Y=http://www.Department2.University2.edu, Z=UndergraduateStudent289@Department2.University2.edu}, {X=http://www.Department2.University2.edu/UndergraduateStudent257, Y=http://www.Department2.University2.edu, Z=UndergraduateStudent257@Department2.University2.edu}, {X=http://www.Department2.University2.edu/UndergraduateStudent155, Y=http://www.Department2.University2.edu, Z=UndergraduateStudent155@Department2.University2.edu}, {X=http://www.Department2.University2.edu/UndergraduateStudent327, Y=http://www.Department2.University2.edu, Z=UndergraduateStudent327@Department2.University2.edu}, {X=http://www.Department2.University2.edu/UndergraduateStudent66, Y=http://www.Department2.University2.edu, Z=UndergraduateStudent66@Department2.University2.edu}, {X=http://www.Department2.University2.edu/UndergraduateStudent229, Y=http://www.Department2.University2.edu, Z=UndergraduateStudent229@Department2.University2.edu}, {X=http://www.Department2.University2.edu/UndergraduateStudent346, Y=http://www.Department2.University2.edu, Z=UndergraduateStudent346@Department2.University2.edu}, {X=http://www.Department2.University2.edu/UndergraduateStudent180, Y=http://www.Department2.University2.edu, Z=UndergraduateStudent180@Department2.University2.edu}, {X=http://www.Department2.University2.edu/GraduateStudent105, Y=http://www.Department2.University2.edu, Z=GraduateStudent105@Department2.University2.edu}, {X=http://www.Department2.University2.edu/GraduateStudent77, Y=http://www.Department2.University2.edu, Z=GraduateStudent77@Department2.University2.edu}, {X=http://www.Department2.University2.edu/UndergraduateStudent17, Y=http://www.Department2.University2.edu, Z=UndergraduateStudent17@Department2.University2.edu}, {X=http://www.Department2.University2.edu/GraduateStudent78, Y=http://www.Department2.University2.edu, Z=GraduateStudent78@Department2.University2.edu}, {X=http://www.Department2.University2.edu/UndergraduateStudent81, Y=http://www.Department2.University2.edu, Z=UndergraduateStudent81@Department2.University2.edu}, {X=http://www.Department2.University2.edu/UndergraduateStudent228, Y=http://www.Department2.University2.edu, Z=UndergraduateStudent228@Department2.University2.edu}, {X=http://www.Department2.University2.edu/UndergraduateStudent49, Y=http://www.Department2.University2.edu, Z=UndergraduateStudent49@Department2.University2.edu}, {X=http://www.Department2.University2.edu/GraduateStudent45, Y=http://www.Department2.University2.edu, Z=GraduateStudent45@Department2.University2.edu}, {X=http://www.Department2.University2.edu/UndergraduateStudent216, Y=http://www.Department2.University2.edu, Z=UndergraduateStudent216@Department2.University2.edu}, {X=http://www.Department2.University2.edu/UndergraduateStudent142, Y=http://www.Department2.University2.edu, Z=UndergraduateStudent142@Department2.University2.edu}, {X=http://www.Department2.University2.edu/UndergraduateStudent261, Y=http://www.Department2.University2.edu, Z=UndergraduateStudent261@Department2.University2.edu}, {X=http://www.Department2.University2.edu/GraduateStudent11, Y=http://www.Department2.University2.edu, Z=GraduateStudent11@Department2.University2.edu}, {X=http://www.Department2.University2.edu/UndergraduateStudent168, Y=http://www.Department2.University2.edu, Z=UndergraduateStudent168@Department2.University2.edu}, {X=http://www.Department2.University2.edu/UndergraduateStudent0, Y=http://www.Department2.University2.edu, Z=UndergraduateStudent0@Department2.University2.edu}, {X=http://www.Department2.University2.edu/UndergraduateStudent345, Y=http://www.Department2.University2.edu, Z=UndergraduateStudent345@Department2.University2.edu}, {X=http://www.Department2.University2.edu/UndergraduateStudent266, Y=http://www.Department2.University2.edu, Z=UndergraduateStudent266@Department2.University2.edu}, {X=http://www.Department2.University2.edu/GraduateStudent18, Y=http://www.Department2.University2.edu, Z=GraduateStudent18@Department2.University2.edu}, {X=http://www.Department2.University2.edu/GraduateStudent6, Y=http://www.Department2.University2.edu, Z=GraduateStudent6@Department2.University2.edu}, {X=http://www.Department2.University2.edu/UndergraduateStudent110, Y=http://www.Department2.University2.edu, Z=UndergraduateStudent110@Department2.University2.edu}, {X=http://www.Department2.University2.edu/UndergraduateStudent198, Y=http://www.Department2.University2.edu, Z=UndergraduateStudent198@Department2.University2.edu}, {X=http://www.Department2.University2.edu/UndergraduateStudent195, Y=http://www.Department2.University2.edu, Z=UndergraduateStudent195@Department2.University2.edu}, {X=http://www.Department2.University2.edu/UndergraduateStudent260, Y=http://www.Department2.University2.edu, Z=UndergraduateStudent260@Department2.University2.edu}, {X=http://www.Department2.University2.edu/UndergraduateStudent307, Y=http://www.Department2.University2.edu, Z=UndergraduateStudent307@Department2.University2.edu}, {X=http://www.Department2.University2.edu/UndergraduateStudent296, Y=http://www.Department2.University2.edu, Z=UndergraduateStudent296@Department2.University2.edu}, {X=http://www.Department2.University2.edu/GraduateStudent13, Y=http://www.Department2.University2.edu, Z=GraduateStudent13@Department2.University2.edu}, {X=http://www.Department2.University2.edu/UndergraduateStudent314, Y=http://www.Department2.University2.edu, Z=UndergraduateStudent314@Department2.University2.edu}, {X=http://www.Department2.University2.edu/UndergraduateStudent344, Y=http://www.Department2.University2.edu, Z=UndergraduateStudent344@Department2.University2.edu}, {X=http://www.Department2.University2.edu/UndergraduateStudent22, Y=http://www.Department2.University2.edu, Z=UndergraduateStudent22@Department2.University2.edu}, {X=http://www.Department2.University2.edu/UndergraduateStudent108, Y=http://www.Department2.University2.edu, Z=UndergraduateStudent108@Department2.University2.edu}, {X=http://www.Department2.University2.edu/UndergraduateStudent170, Y=http://www.Department2.University2.edu, Z=UndergraduateStudent170@Department2.University2.edu}, {X=http://www.Department2.University2.edu/UndergraduateStudent103, Y=http://www.Department2.University2.edu, Z=UndergraduateStudent103@Department2.University2.edu}, {X=http://www.Department2.University2.edu/UndergraduateStudent304, Y=http://www.Department2.University2.edu, Z=UndergraduateStudent304@Department2.University2.edu}, {X=http://www.Department2.University2.edu/GraduateStudent36, Y=http://www.Department2.University2.edu, Z=GraduateStudent36@Department2.University2.edu}, {X=http://www.Department2.University2.edu/UndergraduateStudent230, Y=http://www.Department2.University2.edu, Z=UndergraduateStudent230@Department2.University2.edu}, {X=http://www.Department2.University2.edu/UndergraduateStudent41, Y=http://www.Department2.University2.edu, Z=UndergraduateStudent41@Department2.University2.edu}, {X=http://www.Department2.University2.edu/UndergraduateStudent131, Y=http://www.Department2.University2.edu, Z=UndergraduateStudent131@Department2.University2.edu}, {X=http://www.Department2.University2.edu/UndergraduateStudent255, Y=http://www.Department2.University2.edu, Z=UndergraduateStudent255@Department2.University2.edu}, {X=http://www.Department2.University2.edu/GraduateStudent74, Y=http://www.Department2.University2.edu, Z=GraduateStudent74@Department2.University2.edu}, {X=http://www.Department2.University2.edu/GraduateStudent114, Y=http://www.Department2.University2.edu, Z=GraduateStudent114@Department2.University2.edu}, {X=http://www.Department2.University2.edu/UndergraduateStudent290, Y=http://www.Department2.University2.edu, Z=UndergraduateStudent290@Department2.University2.edu}, {X=http://www.Department2.University2.edu/UndergraduateStudent86, Y=http://www.Department2.University2.edu, Z=UndergraduateStudent86@Department2.University2.edu}, {X=http://www.Department2.University2.edu/UndergraduateStudent235, Y=http://www.Department2.University2.edu, Z=UndergraduateStudent235@Department2.University2.edu}, {X=http://www.Department2.University2.edu/GraduateStudent14, Y=http://www.Department2.University2.edu, Z=GraduateStudent14@Department2.University2.edu}, {X=http://www.Department2.University2.edu/UndergraduateStudent188, Y=http://www.Department2.University2.edu, Z=UndergraduateStudent188@Department2.University2.edu}, {X=http://www.Department2.University2.edu/UndergraduateStudent203, Y=http://www.Department2.University2.edu, Z=UndergraduateStudent203@Department2.University2.edu}, {X=http://www.Department2.University2.edu/UndergraduateStudent15, Y=http://www.Department2.University2.edu, Z=UndergraduateStudent15@Department2.University2.edu}, {X=http://www.Department2.University2.edu/UndergraduateStudent276, Y=http://www.Department2.University2.edu, Z=UndergraduateStudent276@Department2.University2.edu}, {X=http://www.Department2.University2.edu/UndergraduateStudent62, Y=http://www.Department2.University2.edu, Z=UndergraduateStudent62@Department2.University2.edu}, {X=http://www.Department2.University2.edu/UndergraduateStudent82, Y=http://www.Department2.University2.edu, Z=UndergraduateStudent82@Department2.University2.edu}, {X=http://www.Department2.University2.edu/UndergraduateStudent215, Y=http://www.Department2.University2.edu, Z=UndergraduateStudent215@Department2.University2.edu}, {X=http://www.Department2.University2.edu/UndergraduateStudent217, Y=http://www.Department2.University2.edu, Z=UndergraduateStudent217@Department2.University2.edu}, {X=http://www.Department2.University2.edu/UndergraduateStudent112, Y=http://www.Department2.University2.edu, Z=UndergraduateStudent112@Department2.University2.edu}, {X=http://www.Department2.University2.edu/GraduateStudent113, Y=http://www.Department2.University2.edu, Z=GraduateStudent113@Department2.University2.edu}, {X=http://www.Department2.University2.edu/UndergraduateStudent106, Y=http://www.Department2.University2.edu, Z=UndergraduateStudent106@Department2.University2.edu}, {X=http://www.Department2.University2.edu/GraduateStudent47, Y=http://www.Department2.University2.edu, Z=GraduateStudent47@Department2.University2.edu}, {X=http://www.Department2.University2.edu/UndergraduateStudent259, Y=http://www.Department2.University2.edu, Z=UndergraduateStudent259@Department2.University2.edu}, {X=http://www.Department2.University2.edu/UndergraduateStudent12, Y=http://www.Department2.University2.edu, Z=UndergraduateStudent12@Department2.University2.edu}, {X=http://www.Department2.University2.edu/GraduateStudent104, Y=http://www.Department2.University2.edu, Z=GraduateStudent104@Department2.University2.edu}, {X=http://www.Department2.University2.edu/UndergraduateStudent23, Y=http://www.Department2.University2.edu, Z=UndergraduateStudent23@Department2.University2.edu}, {X=http://www.Department2.University2.edu/GraduateStudent124, Y=http://www.Department2.University2.edu, Z=GraduateStudent124@Department2.University2.edu}, {X=http://www.Department2.University2.edu/UndergraduateStudent6, Y=http://www.Department2.University2.edu, Z=UndergraduateStudent6@Department2.University2.edu}, {X=http://www.Department2.University2.edu/UndergraduateStudent206, Y=http://www.Department2.University2.edu, Z=UndergraduateStudent206@Department2.University2.edu}, {X=http://www.Department2.University2.edu/GraduateStudent117, Y=http://www.Department2.University2.edu, Z=GraduateStudent117@Department2.University2.edu}, {X=http://www.Department2.University2.edu/UndergraduateStudent315, Y=http://www.Department2.University2.edu, Z=UndergraduateStudent315@Department2.University2.edu}, {X=http://www.Department2.University2.edu/UndergraduateStudent172, Y=http://www.Department2.University2.edu, Z=UndergraduateStudent172@Department2.University2.edu}, {X=http://www.Department2.University2.edu/UndergraduateStudent145, Y=http://www.Department2.University2.edu, Z=UndergraduateStudent145@Department2.University2.edu}, {X=http://www.Department2.University2.edu/UndergraduateStudent252, Y=http://www.Department2.University2.edu, Z=UndergraduateStudent252@Department2.University2.edu}, {X=http://www.Department2.University2.edu/UndergraduateStudent199, Y=http://www.Department2.University2.edu, Z=UndergraduateStudent199@Department2.University2.edu}, {X=http://www.Department2.University2.edu/UndergraduateStudent192, Y=http://www.Department2.University2.edu, Z=UndergraduateStudent192@Department2.University2.edu}, {X=http://www.Department2.University2.edu/GraduateStudent57, Y=http://www.Department2.University2.edu, Z=GraduateStudent57@Department2.University2.edu}, {X=http://www.Department2.University2.edu/GraduateStudent101, Y=http://www.Department2.University2.edu, Z=GraduateStudent101@Department2.University2.edu}, {X=http://www.Department2.University2.edu/UndergraduateStudent26, Y=http://www.Department2.University2.edu, Z=UndergraduateStudent26@Department2.University2.edu}, {X=http://www.Department2.University2.edu/UndergraduateStudent173, Y=http://www.Department2.University2.edu, Z=UndergraduateStudent173@Department2.University2.edu}, {X=http://www.Department2.University2.edu/GraduateStudent103, Y=http://www.Department2.University2.edu, Z=GraduateStudent103@Department2.University2.edu}, {X=http://www.Department2.University2.edu/UndergraduateStudent160, Y=http://www.Department2.University2.edu, Z=UndergraduateStudent160@Department2.University2.edu}, {X=http://www.Department2.University2.edu/UndergraduateStudent184, Y=http://www.Department2.University2.edu, Z=UndergraduateStudent184@Department2.University2.edu}, {X=http://www.Department2.University2.edu/UndergraduateStudent326, Y=http://www.Department2.University2.edu, Z=UndergraduateStudent326@Department2.University2.edu}, {X=http://www.Department2.University2.edu/GraduateStudent33, Y=http://www.Department2.University2.edu, Z=GraduateStudent33@Department2.University2.edu}, {X=http://www.Department2.University2.edu/GraduateStudent111, Y=http://www.Department2.University2.edu, Z=GraduateStudent111@Department2.University2.edu}, {X=http://www.Department2.University2.edu/UndergraduateStudent271, Y=http://www.Department2.University2.edu, Z=UndergraduateStudent271@Department2.University2.edu}, {X=http://www.Department2.University2.edu/UndergraduateStudent287, Y=http://www.Department2.University2.edu, Z=UndergraduateStudent287@Department2.University2.edu}, {X=http://www.Department2.University2.edu/GraduateStudent88, Y=http://www.Department2.University2.edu, Z=GraduateStudent88@Department2.University2.edu}, {X=http://www.Department2.University2.edu/UndergraduateStudent80, Y=http://www.Department2.University2.edu, Z=UndergraduateStudent80@Department2.University2.edu}, {X=http://www.Department2.University2.edu/UndergraduateStudent359, Y=http://www.Department2.University2.edu, Z=UndergraduateStudent359@Department2.University2.edu}, {X=http://www.Department2.University2.edu/GraduateStudent123, Y=http://www.Department2.University2.edu, Z=GraduateStudent123@Department2.University2.edu}, {X=http://www.Department2.University2.edu/GraduateStudent116, Y=http://www.Department2.University2.edu, Z=GraduateStudent116@Department2.University2.edu}, {X=http://www.Department2.University2.edu/UndergraduateStudent239, Y=http://www.Department2.University2.edu, Z=UndergraduateStudent239@Department2.University2.edu}, {X=http://www.Department2.University2.edu/GraduateStudent68, Y=http://www.Department2.University2.edu, Z=GraduateStudent68@Department2.University2.edu}, {X=http://www.Department2.University2.edu/UndergraduateStudent96, Y=http://www.Department2.University2.edu, Z=UndergraduateStudent96@Department2.University2.edu}, {X=http://www.Department2.University2.edu/UndergraduateStudent178, Y=http://www.Department2.University2.edu, Z=UndergraduateStudent178@Department2.University2.edu}, {X=http://www.Department2.University2.edu/UndergraduateStudent157, Y=http://www.Department2.University2.edu, Z=UndergraduateStudent157@Department2.University2.edu}, {X=http://www.Department2.University2.edu/UndergraduateStudent105, Y=http://www.Department2.University2.edu, Z=UndergraduateStudent105@Department2.University2.edu}, {X=http://www.Department2.University2.edu/GraduateStudent122, Y=http://www.Department2.University2.edu, Z=GraduateStudent122@Department2.University2.edu}, {X=http://www.Department2.University2.edu/UndergraduateStudent50, Y=http://www.Department2.University2.edu, Z=UndergraduateStudent50@Department2.University2.edu}, {X=http://www.Department2.University2.edu/UndergraduateStudent316, Y=http://www.Department2.University2.edu, Z=UndergraduateStudent316@Department2.University2.edu}, {X=http://www.Department2.University2.edu/UndergraduateStudent303, Y=http://www.Department2.University2.edu, Z=UndergraduateStudent303@Department2.University2.edu}, {X=http://www.Department2.University2.edu/UndergraduateStudent181, Y=http://www.Department2.University2.edu, Z=UndergraduateStudent181@Department2.University2.edu}, {X=http://www.Department2.University2.edu/UndergraduateStudent301, Y=http://www.Department2.University2.edu, Z=UndergraduateStudent301@Department2.University2.edu}, {X=http://www.Department2.University2.edu/UndergraduateStudent243, Y=http://www.Department2.University2.edu, Z=UndergraduateStudent243@Department2.University2.edu}, {X=http://www.Department2.University2.edu/UndergraduateStudent120, Y=http://www.Department2.University2.edu, Z=UndergraduateStudent120@Department2.University2.edu}, {X=http://www.Department2.University2.edu/UndergraduateStudent14, Y=http://www.Department2.University2.edu, Z=UndergraduateStudent14@Department2.University2.edu}, {X=http://www.Department2.University2.edu/GraduateStudent126, Y=http://www.Department2.University2.edu, Z=GraduateStudent126@Department2.University2.edu}, {X=http://www.Department2.University2.edu/GraduateStudent9, Y=http://www.Department2.University2.edu, Z=GraduateStudent9@Department2.University2.edu}, {X=http://www.Department2.University2.edu/GraduateStudent31, Y=http://www.Department2.University2.edu, Z=GraduateStudent31@Department2.University2.edu}, {X=http://www.Department2.University2.edu/UndergraduateStudent205, Y=http://www.Department2.University2.edu, Z=UndergraduateStudent205@Department2.University2.edu}, {X=http://www.Department2.University2.edu/UndergraduateStudent347, Y=http://www.Department2.University2.edu, Z=UndergraduateStudent347@Department2.University2.edu}, {X=http://www.Department2.University2.edu/UndergraduateStudent133, Y=http://www.Department2.University2.edu, Z=UndergraduateStudent133@Department2.University2.edu}, {X=http://www.Department2.University2.edu/UndergraduateStudent136, Y=http://www.Department2.University2.edu, Z=UndergraduateStudent136@Department2.University2.edu}, {X=http://www.Department2.University2.edu/UndergraduateStudent40, Y=http://www.Department2.University2.edu, Z=UndergraduateStudent40@Department2.University2.edu}, {X=http://www.Department2.University2.edu/GraduateStudent109, Y=http://www.Department2.University2.edu, Z=GraduateStudent109@Department2.University2.edu}, {X=http://www.Department2.University2.edu/UndergraduateStudent325, Y=http://www.Department2.University2.edu, Z=UndergraduateStudent325@Department2.University2.edu}, {X=http://www.Department2.University2.edu/UndergraduateStudent210, Y=http://www.Department2.University2.edu, Z=UndergraduateStudent210@Department2.University2.edu}, {X=http://www.Department2.University2.edu/UndergraduateStudent139, Y=http://www.Department2.University2.edu, Z=UndergraduateStudent139@Department2.University2.edu}, {X=http://www.Department2.University2.edu/GraduateStudent99, Y=http://www.Department2.University2.edu, Z=GraduateStudent99@Department2.University2.edu}, {X=http://www.Department2.University2.edu/UndergraduateStudent114, Y=http://www.Department2.University2.edu, Z=UndergraduateStudent114@Department2.University2.edu}, {X=http://www.Department2.University2.edu/GraduateStudent50, Y=http://www.Department2.University2.edu, Z=GraduateStudent50@Department2.University2.edu}, {X=http://www.Department2.University2.edu/UndergraduateStudent298, Y=http://www.Department2.University2.edu, Z=UndergraduateStudent298@Department2.University2.edu}, {X=http://www.Department2.University2.edu/UndergraduateStudent31, Y=http://www.Department2.University2.edu, Z=UndergraduateStudent31@Department2.University2.edu}, {X=http://www.Department2.University2.edu/UndergraduateStudent60, Y=http://www.Department2.University2.edu, Z=UndergraduateStudent60@Department2.University2.edu}, {X=http://www.Department2.University2.edu/UndergraduateStudent249, Y=http://www.Department2.University2.edu, Z=UndergraduateStudent249@Department2.University2.edu}, {X=http://www.Department2.University2.edu/UndergraduateStudent149, Y=http://www.Department2.University2.edu, Z=UndergraduateStudent149@Department2.University2.edu}, {X=http://www.Department2.University2.edu/UndergraduateStudent352, Y=http://www.Department2.University2.edu, Z=UndergraduateStudent352@Department2.University2.edu}, {X=http://www.Department2.University2.edu/UndergraduateStudent236, Y=http://www.Department2.University2.edu, Z=UndergraduateStudent236@Department2.University2.edu}, {X=http://www.Department2.University2.edu/UndergraduateStudent211, Y=http://www.Department2.University2.edu, Z=UndergraduateStudent211@Department2.University2.edu}, {X=http://www.Department2.University2.edu/GraduateStudent96, Y=http://www.Department2.University2.edu, Z=GraduateStudent96@Department2.University2.edu}, {X=http://www.Department2.University2.edu/UndergraduateStudent107, Y=http://www.Department2.University2.edu, Z=UndergraduateStudent107@Department2.University2.edu}, {X=http://www.Department2.University2.edu/GraduateStudent52, Y=http://www.Department2.University2.edu, Z=GraduateStudent52@Department2.University2.edu}, {X=http://www.Department2.University2.edu/GraduateStudent85, Y=http://www.Department2.University2.edu, Z=GraduateStudent85@Department2.University2.edu}, {X=http://www.Department2.University2.edu/UndergraduateStudent54, Y=http://www.Department2.University2.edu, Z=UndergraduateStudent54@Department2.University2.edu}, {X=http://www.Department2.University2.edu/GraduateStudent56, Y=http://www.Department2.University2.edu, Z=GraduateStudent56@Department2.University2.edu}, {X=http://www.Department2.University2.edu/UndergraduateStudent237, Y=http://www.Department2.University2.edu, Z=UndergraduateStudent237@Department2.University2.edu}, {X=http://www.Department2.University2.edu/UndergraduateStudent306, Y=http://www.Department2.University2.edu, Z=UndergraduateStudent306@Department2.University2.edu}, {X=http://www.Department2.University2.edu/GraduateStudent62, Y=http://www.Department2.University2.edu, Z=GraduateStudent62@Department2.University2.edu}, {X=http://www.Department2.University2.edu/GraduateStudent40, Y=http://www.Department2.University2.edu, Z=GraduateStudent40@Department2.University2.edu}, {X=http://www.Department2.University2.edu/GraduateStudent84, Y=http://www.Department2.University2.edu, Z=GraduateStudent84@Department2.University2.edu}, {X=http://www.Department2.University2.edu/UndergraduateStudent340, Y=http://www.Department2.University2.edu, Z=UndergraduateStudent340@Department2.University2.edu}, {X=http://www.Department2.University2.edu/UndergraduateStudent67, Y=http://www.Department2.University2.edu, Z=UndergraduateStudent67@Department2.University2.edu}, {X=http://www.Department2.University2.edu/UndergraduateStudent70, Y=http://www.Department2.University2.edu, Z=UndergraduateStudent70@Department2.University2.edu}, {X=http://www.Department2.University2.edu/UndergraduateStudent299, Y=http://www.Department2.University2.edu, Z=UndergraduateStudent299@Department2.University2.edu}, {X=http://www.Department2.University2.edu/UndergraduateStudent129, Y=http://www.Department2.University2.edu, Z=UndergraduateStudent129@Department2.University2.edu}, {X=http://www.Department2.University2.edu/UndergraduateStudent161, Y=http://www.Department2.University2.edu, Z=UndergraduateStudent161@Department2.University2.edu}, {X=http://www.Department2.University2.edu/UndergraduateStudent10, Y=http://www.Department2.University2.edu, Z=UndergraduateStudent10@Department2.University2.edu}, {X=http://www.Department2.University2.edu/UndergraduateStudent348, Y=http://www.Department2.University2.edu, Z=UndergraduateStudent348@Department2.University2.edu}, {X=http://www.Department2.University2.edu/UndergraduateStudent357, Y=http://www.Department2.University2.edu, Z=UndergraduateStudent357@Department2.University2.edu}, {X=http://www.Department2.University2.edu/GraduateStudent17, Y=http://www.Department2.University2.edu, Z=GraduateStudent17@Department2.University2.edu}, {X=http://www.Department2.University2.edu/UndergraduateStudent59, Y=http://www.Department2.University2.edu, Z=UndergraduateStudent59@Department2.University2.edu}, {X=http://www.Department2.University2.edu/UndergraduateStudent209, Y=http://www.Department2.University2.edu, Z=UndergraduateStudent209@Department2.University2.edu}, {X=http://www.Department2.University2.edu/UndergraduateStudent1, Y=http://www.Department2.University2.edu, Z=UndergraduateStudent1@Department2.University2.edu}, {X=http://www.Department2.University2.edu/UndergraduateStudent104, Y=http://www.Department2.University2.edu, Z=UndergraduateStudent104@Department2.University2.edu}, {X=http://www.Department2.University2.edu/GraduateStudent80, Y=http://www.Department2.University2.edu, Z=GraduateStudent80@Department2.University2.edu}, {X=http://www.Department2.University2.edu/UndergraduateStudent337, Y=http://www.Department2.University2.edu, Z=UndergraduateStudent337@Department2.University2.edu}, {X=http://www.Department2.University2.edu/GraduateStudent67, Y=http://www.Department2.University2.edu, Z=GraduateStudent67@Department2.University2.edu}, {X=http://www.Department2.University2.edu/UndergraduateStudent43, Y=http://www.Department2.University2.edu, Z=UndergraduateStudent43@Department2.University2.edu}, {X=http://www.Department2.University2.edu/GraduateStudent41, Y=http://www.Department2.University2.edu, Z=GraduateStudent41@Department2.University2.edu}, {X=http://www.Department2.University2.edu/UndergraduateStudent102, Y=http://www.Department2.University2.edu, Z=UndergraduateStudent102@Department2.University2.edu}, {X=http://www.Department2.University2.edu/UndergraduateStudent117, Y=http://www.Department2.University2.edu, Z=UndergraduateStudent117@Department2.University2.edu}, {X=http://www.Department2.University2.edu/UndergraduateStudent182, Y=http://www.Department2.University2.edu, Z=UndergraduateStudent182@Department2.University2.edu}, {X=http://www.Department2.University2.edu/UndergraduateStudent324, Y=http://www.Department2.University2.edu, Z=UndergraduateStudent324@Department2.University2.edu}, {X=http://www.Department2.University2.edu/UndergraduateStudent51, Y=http://www.Department2.University2.edu, Z=UndergraduateStudent51@Department2.University2.edu}, {X=http://www.Department2.University2.edu/GraduateStudent107, Y=http://www.Department2.University2.edu, Z=GraduateStudent107@Department2.University2.edu}, {X=http://www.Department2.University2.edu/UndergraduateStudent119, Y=http://www.Department2.University2.edu, Z=UndergraduateStudent119@Department2.University2.edu}, {X=http://www.Department2.University2.edu/GraduateStudent58, Y=http://www.Department2.University2.edu, Z=GraduateStudent58@Department2.University2.edu}, {X=http://www.Department2.University2.edu/UndergraduateStudent274, Y=http://www.Department2.University2.edu, Z=UndergraduateStudent274@Department2.University2.edu}, {X=http://www.Department2.University2.edu/UndergraduateStudent258, Y=http://www.Department2.University2.edu, Z=UndergraduateStudent258@Department2.University2.edu}, {X=http://www.Department2.University2.edu/UndergraduateStudent177, Y=http://www.Department2.University2.edu, Z=UndergraduateStudent177@Department2.University2.edu}, {X=http://www.Department2.University2.edu/GraduateStudent75, Y=http://www.Department2.University2.edu, Z=GraduateStudent75@Department2.University2.edu}, {X=http://www.Department2.University2.edu/UndergraduateStudent140, Y=http://www.Department2.University2.edu, Z=UndergraduateStudent140@Department2.University2.edu}, {X=http://www.Department2.University2.edu/UndergraduateStudent101, Y=http://www.Department2.University2.edu, Z=UndergraduateStudent101@Department2.University2.edu}, {X=http://www.Department2.University2.edu/UndergraduateStudent90, Y=http://www.Department2.University2.edu, Z=UndergraduateStudent90@Department2.University2.edu}, {X=http://www.Department2.University2.edu/UndergraduateStudent135, Y=http://www.Department2.University2.edu, Z=UndergraduateStudent135@Department2.University2.edu}, {X=http://www.Department2.University2.edu/GraduateStudent35, Y=http://www.Department2.University2.edu, Z=GraduateStudent35@Department2.University2.edu}, {X=http://www.Department2.University2.edu/GraduateStudent71, Y=http://www.Department2.University2.edu, Z=GraduateStudent71@Department2.University2.edu}, {X=http://www.Department2.University2.edu/UndergraduateStudent312, Y=http://www.Department2.University2.edu, Z=UndergraduateStudent312@Department2.University2.edu}, {X=http://www.Department2.University2.edu/UndergraduateStudent186, Y=http://www.Department2.University2.edu, Z=UndergraduateStudent186@Department2.University2.edu}, {X=http://www.Department2.University2.edu/UndergraduateStudent341, Y=http://www.Department2.University2.edu, Z=UndergraduateStudent341@Department2.University2.edu}, {X=http://www.Department2.University2.edu/UndergraduateStudent342, Y=http://www.Department2.University2.edu, Z=UndergraduateStudent342@Department2.University2.edu}, {X=http://www.Department2.University2.edu/UndergraduateStudent158, Y=http://www.Department2.University2.edu, Z=UndergraduateStudent158@Department2.University2.edu}, {X=http://www.Department2.University2.edu/UndergraduateStudent171, Y=http://www.Department2.University2.edu, Z=UndergraduateStudent171@Department2.University2.edu}, {X=http://www.Department2.University2.edu/UndergraduateStudent300, Y=http://www.Department2.University2.edu, Z=UndergraduateStudent300@Department2.University2.edu}, {X=http://www.Department2.University2.edu/UndergraduateStudent165, Y=http://www.Department2.University2.edu, Z=UndergraduateStudent165@Department2.University2.edu}, {X=http://www.Department2.University2.edu/UndergraduateStudent151, Y=http://www.Department2.University2.edu, Z=UndergraduateStudent151@Department2.University2.edu}, {X=http://www.Department2.University2.edu/UndergraduateStudent88, Y=http://www.Department2.University2.edu, Z=UndergraduateStudent88@Department2.University2.edu}, {X=http://www.Department2.University2.edu/UndergraduateStudent194, Y=http://www.Department2.University2.edu, Z=UndergraduateStudent194@Department2.University2.edu}, {X=http://www.Department2.University2.edu/UndergraduateStudent169, Y=http://www.Department2.University2.edu, Z=UndergraduateStudent169@Department2.University2.edu}, {X=http://www.Department2.University2.edu/GraduateStudent3, Y=http://www.Department2.University2.edu, Z=GraduateStudent3@Department2.University2.edu}, {X=http://www.Department2.University2.edu/UndergraduateStudent302, Y=http://www.Department2.University2.edu, Z=UndergraduateStudent302@Department2.University2.edu}, {X=http://www.Department2.University2.edu/UndergraduateStudent231, Y=http://www.Department2.University2.edu, Z=UndergraduateStudent231@Department2.University2.edu}, {X=http://www.Department2.University2.edu/UndergraduateStudent264, Y=http://www.Department2.University2.edu, Z=UndergraduateStudent264@Department2.University2.edu}, {X=http://www.Department2.University2.edu/UndergraduateStudent247, Y=http://www.Department2.University2.edu, Z=UndergraduateStudent247@Department2.University2.edu}, {X=http://www.Department2.University2.edu/GraduateStudent55, Y=http://www.Department2.University2.edu, Z=GraduateStudent55@Department2.University2.edu}, {X=http://www.Department2.University2.edu/GraduateStudent1, Y=http://www.Department2.University2.edu, Z=GraduateStudent1@Department2.University2.edu}, {X=http://www.Department2.University2.edu/UndergraduateStudent283, Y=http://www.Department2.University2.edu, Z=UndergraduateStudent283@Department2.University2.edu}, {X=http://www.Department2.University2.edu/UndergraduateStudent191, Y=http://www.Department2.University2.edu, Z=UndergraduateStudent191@Department2.University2.edu}, {X=http://www.Department2.University2.edu/UndergraduateStudent98, Y=http://www.Department2.University2.edu, Z=UndergraduateStudent98@Department2.University2.edu}, {X=http://www.Department2.University2.edu/GraduateStudent70, Y=http://www.Department2.University2.edu, Z=GraduateStudent70@Department2.University2.edu}, {X=http://www.Department2.University2.edu/UndergraduateStudent75, Y=http://www.Department2.University2.edu, Z=UndergraduateStudent75@Department2.University2.edu}, {X=http://www.Department2.University2.edu/UndergraduateStudent204, Y=http://www.Department2.University2.edu, Z=UndergraduateStudent204@Department2.University2.edu}, {X=http://www.Department2.University2.edu/GraduateStudent44, Y=http://www.Department2.University2.edu, Z=GraduateStudent44@Department2.University2.edu}, {X=http://www.Department2.University2.edu/UndergraduateStudent356, Y=http://www.Department2.University2.edu, Z=UndergraduateStudent356@Department2.University2.edu}, {X=http://www.Department2.University2.edu/UndergraduateStudent360, Y=http://www.Department2.University2.edu, Z=UndergraduateStudent360@Department2.University2.edu}, {X=http://www.Department2.University2.edu/UndergraduateStudent277, Y=http://www.Department2.University2.edu, Z=UndergraduateStudent277@Department2.University2.edu}, {X=http://www.Department2.University2.edu/UndergraduateStudent2, Y=http://www.Department2.University2.edu, Z=UndergraduateStudent2@Department2.University2.edu}, {X=http://www.Department2.University2.edu/UndergraduateStudent84, Y=http://www.Department2.University2.edu, Z=UndergraduateStudent84@Department2.University2.edu}, {X=http://www.Department2.University2.edu/UndergraduateStudent282, Y=http://www.Department2.University2.edu, Z=UndergraduateStudent282@Department2.University2.edu}, {X=http://www.Department2.University2.edu/UndergraduateStudent224, Y=http://www.Department2.University2.edu, Z=UndergraduateStudent224@Department2.University2.edu}, {X=http://www.Department2.University2.edu/GraduateStudent20, Y=http://www.Department2.University2.edu, Z=GraduateStudent20@Department2.University2.edu}, {X=http://www.Department2.University2.edu/UndergraduateStudent281, Y=http://www.Department2.University2.edu, Z=UndergraduateStudent281@Department2.University2.edu}, {X=http://www.Department2.University2.edu/GraduateStudent39, Y=http://www.Department2.University2.edu, Z=GraduateStudent39@Department2.University2.edu}, {X=http://www.Department2.University2.edu/UndergraduateStudent68, Y=http://www.Department2.University2.edu, Z=UndergraduateStudent68@Department2.University2.edu}, {X=http://www.Department2.University2.edu/UndergraduateStudent19, Y=http://www.Department2.University2.edu, Z=UndergraduateStudent19@Department2.University2.edu}, {X=http://www.Department2.University2.edu/UndergraduateStudent323, Y=http://www.Department2.University2.edu, Z=UndergraduateStudent323@Department2.University2.edu}, {X=http://www.Department2.University2.edu/GraduateStudent102, Y=http://www.Department2.University2.edu, Z=GraduateStudent102@Department2.University2.edu}, {X=http://www.Department2.University2.edu/GraduateStudent81, Y=http://www.Department2.University2.edu, Z=GraduateStudent81@Department2.University2.edu}, {X=http://www.Department2.University2.edu/UndergraduateStudent154, Y=http://www.Department2.University2.edu, Z=UndergraduateStudent154@Department2.University2.edu}, {X=http://www.Department2.University2.edu/GraduateStudent48, Y=http://www.Department2.University2.edu, Z=GraduateStudent48@Department2.University2.edu}, {X=http://www.Department2.University2.edu/UndergraduateStudent152, Y=http://www.Department2.University2.edu, Z=UndergraduateStudent152@Department2.University2.edu}, {X=http://www.Department2.University2.edu/UndergraduateStudent329, Y=http://www.Department2.University2.edu, Z=UndergraduateStudent329@Department2.University2.edu}, {X=http://www.Department2.University2.edu/UndergraduateStudent21, Y=http://www.Department2.University2.edu, Z=UndergraduateStudent21@Department2.University2.edu}, {X=http://www.Department2.University2.edu/UndergraduateStudent159, Y=http://www.Department2.University2.edu, Z=UndergraduateStudent159@Department2.University2.edu}, {X=http://www.Department2.University2.edu/GraduateStudent15, Y=http://www.Department2.University2.edu, Z=GraduateStudent15@Department2.University2.edu}, {X=http://www.Department2.University2.edu/UndergraduateStudent99, Y=http://www.Department2.University2.edu, Z=UndergraduateStudent99@Department2.University2.edu}, {X=http://www.Department2.University2.edu/UndergraduateStudent242, Y=http://www.Department2.University2.edu, Z=UndergraduateStudent242@Department2.University2.edu}, {X=http://www.Department2.University2.edu/UndergraduateStudent292, Y=http://www.Department2.University2.edu, Z=UndergraduateStudent292@Department2.University2.edu}, {X=http://www.Department2.University2.edu/UndergraduateStudent343, Y=http://www.Department2.University2.edu, Z=UndergraduateStudent343@Department2.University2.edu}, {X=http://www.Department2.University2.edu/UndergraduateStudent238, Y=http://www.Department2.University2.edu, Z=UndergraduateStudent238@Department2.University2.edu}, {X=http://www.Department2.University2.edu/GraduateStudent23, Y=http://www.Department2.University2.edu, Z=GraduateStudent23@Department2.University2.edu}, {X=http://www.Department2.University2.edu/UndergraduateStudent187, Y=http://www.Department2.University2.edu, Z=UndergraduateStudent187@Department2.University2.edu}, {X=http://www.Department2.University2.edu/GraduateStudent100, Y=http://www.Department2.University2.edu, Z=GraduateStudent100@Department2.University2.edu}, {X=http://www.Department2.University2.edu/UndergraduateStudent143, Y=http://www.Department2.University2.edu, Z=UndergraduateStudent143@Department2.University2.edu}, {X=http://www.Department2.University2.edu/UndergraduateStudent174, Y=http://www.Department2.University2.edu, Z=UndergraduateStudent174@Department2.University2.edu}, {X=http://www.Department2.University2.edu/GraduateStudent2, Y=http://www.Department2.University2.edu, Z=GraduateStudent2@Department2.University2.edu}, {X=http://www.Department2.University2.edu/UndergraduateStudent234, Y=http://www.Department2.University2.edu, Z=UndergraduateStudent234@Department2.University2.edu}, {X=http://www.Department2.University2.edu/UndergraduateStudent150, Y=http://www.Department2.University2.edu, Z=UndergraduateStudent150@Department2.University2.edu}, {X=http://www.Department2.University2.edu/UndergraduateStudent164, Y=http://www.Department2.University2.edu, Z=UndergraduateStudent164@Department2.University2.edu}, {X=http://www.Department2.University2.edu/UndergraduateStudent241, Y=http://www.Department2.University2.edu, Z=UndergraduateStudent241@Department2.University2.edu}, {X=http://www.Department2.University2.edu/UndergraduateStudent126, Y=http://www.Department2.University2.edu, Z=UndergraduateStudent126@Department2.University2.edu}, {X=http://www.Department2.University2.edu/UndergraduateStudent225, Y=http://www.Department2.University2.edu, Z=UndergraduateStudent225@Department2.University2.edu}, {X=http://www.Department2.University2.edu/UndergraduateStudent185, Y=http://www.Department2.University2.edu, Z=UndergraduateStudent185@Department2.University2.edu}, {X=http://www.Department2.University2.edu/UndergraduateStudent196, Y=http://www.Department2.University2.edu, Z=UndergraduateStudent196@Department2.University2.edu}, {X=http://www.Department2.University2.edu/GraduateStudent118, Y=http://www.Department2.University2.edu, Z=GraduateStudent118@Department2.University2.edu}, {X=http://www.Department2.University2.edu/UndergraduateStudent113, Y=http://www.Department2.University2.edu, Z=UndergraduateStudent113@Department2.University2.edu}, {X=http://www.Department2.University2.edu/UndergraduateStudent130, Y=http://www.Department2.University2.edu, Z=UndergraduateStudent130@Department2.University2.edu}, {X=http://www.Department2.University2.edu/UndergraduateStudent279, Y=http://www.Department2.University2.edu, Z=UndergraduateStudent279@Department2.University2.edu}, {X=http://www.Department2.University2.edu/UndergraduateStudent305, Y=http://www.Department2.University2.edu, Z=UndergraduateStudent305@Department2.University2.edu}, {X=http://www.Department2.University2.edu/GraduateStudent37, Y=http://www.Department2.University2.edu, Z=GraduateStudent37@Department2.University2.edu}, {X=http://www.Department2.University2.edu/GraduateStudent61, Y=http://www.Department2.University2.edu, Z=GraduateStudent61@Department2.University2.edu}, {X=http://www.Department2.University2.edu/UndergraduateStudent246, Y=http://www.Department2.University2.edu, Z=UndergraduateStudent246@Department2.University2.edu}, {X=http://www.Department2.University2.edu/GraduateStudent72, Y=http://www.Department2.University2.edu, Z=GraduateStudent72@Department2.University2.edu}, {X=http://www.Department2.University2.edu/UndergraduateStudent294, Y=http://www.Department2.University2.edu, Z=UndergraduateStudent294@Department2.University2.edu}, {X=http://www.Department2.University2.edu/UndergraduateStudent278, Y=http://www.Department2.University2.edu, Z=UndergraduateStudent278@Department2.University2.edu}, {X=http://www.Department2.University2.edu/UndergraduateStudent270, Y=http://www.Department2.University2.edu, Z=UndergraduateStudent270@Department2.University2.edu}, {X=http://www.Department2.University2.edu/UndergraduateStudent284, Y=http://www.Department2.University2.edu, Z=UndergraduateStudent284@Department2.University2.edu}, {X=http://www.Department2.University2.edu/UndergraduateStudent89, Y=http://www.Department2.University2.edu, Z=UndergraduateStudent89@Department2.University2.edu}, {X=http://www.Department2.University2.edu/GraduateStudent0, Y=http://www.Department2.University2.edu, Z=GraduateStudent0@Department2.University2.edu}, {X=http://www.Department2.University2.edu/UndergraduateStudent213, Y=http://www.Department2.University2.edu, Z=UndergraduateStudent213@Department2.University2.edu}, {X=http://www.Department2.University2.edu/UndergraduateStudent349, Y=http://www.Department2.University2.edu, Z=UndergraduateStudent349@Department2.University2.edu}, {X=http://www.Department2.University2.edu/UndergraduateStudent263, Y=http://www.Department2.University2.edu, Z=UndergraduateStudent263@Department2.University2.edu}, {X=http://www.Department2.University2.edu/GraduateStudent24, Y=http://www.Department2.University2.edu, Z=GraduateStudent24@Department2.University2.edu}, {X=http://www.Department2.University2.edu/UndergraduateStudent176, Y=http://www.Department2.University2.edu, Z=UndergraduateStudent176@Department2.University2.edu}, {X=http://www.Department2.University2.edu/UndergraduateStudent39, Y=http://www.Department2.University2.edu, Z=UndergraduateStudent39@Department2.University2.edu}, {X=http://www.Department2.University2.edu/UndergraduateStudent124, Y=http://www.Department2.University2.edu, Z=UndergraduateStudent124@Department2.University2.edu}, {X=http://www.Department2.University2.edu/UndergraduateStudent52, Y=http://www.Department2.University2.edu, Z=UndergraduateStudent52@Department2.University2.edu}, {X=http://www.Department2.University2.edu/UndergraduateStudent354, Y=http://www.Department2.University2.edu, Z=UndergraduateStudent354@Department2.University2.edu}, {X=http://www.Department2.University2.edu/GraduateStudent83, Y=http://www.Department2.University2.edu, Z=GraduateStudent83@Department2.University2.edu}, {X=http://www.Department2.University2.edu/UndergraduateStudent48, Y=http://www.Department2.University2.edu, Z=UndergraduateStudent48@Department2.University2.edu}, {X=http://www.Department2.University2.edu/GraduateStudent130, Y=http://www.Department2.University2.edu, Z=GraduateStudent130@Department2.University2.edu}, {X=http://www.Department2.University2.edu/UndergraduateStudent61, Y=http://www.Department2.University2.edu, Z=UndergraduateStudent61@Department2.University2.edu}, {X=http://www.Department2.University2.edu/UndergraduateStudent16, Y=http://www.Department2.University2.edu, Z=UndergraduateStudent16@Department2.University2.edu}, {X=http://www.Department2.University2.edu/UndergraduateStudent319, Y=http://www.Department2.University2.edu, Z=UndergraduateStudent319@Department2.University2.edu}, {X=http://www.Department2.University2.edu/GraduateStudent98, Y=http://www.Department2.University2.edu, Z=GraduateStudent98@Department2.University2.edu}, {X=http://www.Department2.University2.edu/UndergraduateStudent71, Y=http://www.Department2.University2.edu, Z=UndergraduateStudent71@Department2.University2.edu}, {X=http://www.Department2.University2.edu/UndergraduateStudent35, Y=http://www.Department2.University2.edu, Z=UndergraduateStudent35@Department2.University2.edu}, {X=http://www.Department2.University2.edu/GraduateStudent120, Y=http://www.Department2.University2.edu, Z=GraduateStudent120@Department2.University2.edu}, {X=http://www.Department2.University2.edu/UndergraduateStudent156, Y=http://www.Department2.University2.edu, Z=UndergraduateStudent156@Department2.University2.edu}, {X=http://www.Department2.University2.edu/UndergraduateStudent153, Y=http://www.Department2.University2.edu, Z=UndergraduateStudent153@Department2.University2.edu}, {X=http://www.Department2.University2.edu/UndergraduateStudent118, Y=http://www.Department2.University2.edu, Z=UndergraduateStudent118@Department2.University2.edu}, {X=http://www.Department2.University2.edu/GraduateStudent90, Y=http://www.Department2.University2.edu, Z=GraduateStudent90@Department2.University2.edu}, {X=http://www.Department2.University2.edu/GraduateStudent59, Y=http://www.Department2.University2.edu, Z=GraduateStudent59@Department2.University2.edu}, {X=http://www.Department2.University2.edu/GraduateStudent43, Y=http://www.Department2.University2.edu, Z=GraduateStudent43@Department2.University2.edu}, {X=http://www.Department2.University2.edu/UndergraduateStudent317, Y=http://www.Department2.University2.edu, Z=UndergraduateStudent317@Department2.University2.edu}, {X=http://www.Department2.University2.edu/UndergraduateStudent121, Y=http://www.Department2.University2.edu, Z=UndergraduateStudent121@Department2.University2.edu}, {X=http://www.Department2.University2.edu/UndergraduateStudent144, Y=http://www.Department2.University2.edu, Z=UndergraduateStudent144@Department2.University2.edu}, {X=http://www.Department2.University2.edu/UndergraduateStudent251, Y=http://www.Department2.University2.edu, Z=UndergraduateStudent251@Department2.University2.edu}, {X=http://www.Department2.University2.edu/UndergraduateStudent141, Y=http://www.Department2.University2.edu, Z=UndergraduateStudent141@Department2.University2.edu}, {X=http://www.Department2.University2.edu/UndergraduateStudent265, Y=http://www.Department2.University2.edu, Z=UndergraduateStudent265@Department2.University2.edu}, {X=http://www.Department2.University2.edu/GraduateStudent115, Y=http://www.Department2.University2.edu, Z=GraduateStudent115@Department2.University2.edu}, {X=http://www.Department2.University2.edu/UndergraduateStudent268, Y=http://www.Department2.University2.edu, Z=UndergraduateStudent268@Department2.University2.edu}, {X=http://www.Department2.University2.edu/GraduateStudent66, Y=http://www.Department2.University2.edu, Z=GraduateStudent66@Department2.University2.edu}, {X=http://www.Department2.University2.edu/GraduateStudent5, Y=http://www.Department2.University2.edu, Z=GraduateStudent5@Department2.University2.edu}, {X=http://www.Department2.University2.edu/UndergraduateStudent310, Y=http://www.Department2.University2.edu, Z=UndergraduateStudent310@Department2.University2.edu}, {X=http://www.Department2.University2.edu/UndergraduateStudent183, Y=http://www.Department2.University2.edu, Z=UndergraduateStudent183@Department2.University2.edu}, {X=http://www.Department2.University2.edu/UndergraduateStudent248, Y=http://www.Department2.University2.edu, Z=UndergraduateStudent248@Department2.University2.edu}, {X=http://www.Department2.University2.edu/GraduateStudent69, Y=http://www.Department2.University2.edu, Z=GraduateStudent69@Department2.University2.edu}, {X=http://www.Department2.University2.edu/UndergraduateStudent94, Y=http://www.Department2.University2.edu, Z=UndergraduateStudent94@Department2.University2.edu}, {X=http://www.Department2.University2.edu/GraduateStudent73, Y=http://www.Department2.University2.edu, Z=GraduateStudent73@Department2.University2.edu}, {X=http://www.Department2.University2.edu/UndergraduateStudent138, Y=http://www.Department2.University2.edu, Z=UndergraduateStudent138@Department2.University2.edu}, {X=http://www.Department2.University2.edu/UndergraduateStudent37, Y=http://www.Department2.University2.edu, Z=UndergraduateStudent37@Department2.University2.edu}, {X=http://www.Department2.University2.edu/UndergraduateStudent233, Y=http://www.Department2.University2.edu, Z=UndergraduateStudent233@Department2.University2.edu}, {X=http://www.Department2.University2.edu/UndergraduateStudent291, Y=http://www.Department2.University2.edu, Z=UndergraduateStudent291@Department2.University2.edu}, {X=http://www.Department2.University2.edu/UndergraduateStudent212, Y=http://www.Department2.University2.edu, Z=UndergraduateStudent212@Department2.University2.edu}, {X=http://www.Department2.University2.edu/UndergraduateStudent55, Y=http://www.Department2.University2.edu, Z=UndergraduateStudent55@Department2.University2.edu}, {X=http://www.Department2.University2.edu/UndergraduateStudent91, Y=http://www.Department2.University2.edu, Z=UndergraduateStudent91@Department2.University2.edu}, {X=http://www.Department2.University2.edu/UndergraduateStudent222, Y=http://www.Department2.University2.edu, Z=UndergraduateStudent222@Department2.University2.edu}, {X=http://www.Department2.University2.edu/UndergraduateStudent309, Y=http://www.Department2.University2.edu, Z=UndergraduateStudent309@Department2.University2.edu}, {X=http://www.Department2.University2.edu/UndergraduateStudent332, Y=http://www.Department2.University2.edu, Z=UndergraduateStudent332@Department2.University2.edu}, {X=http://www.Department2.University2.edu/GraduateStudent131, Y=http://www.Department2.University2.edu, Z=GraduateStudent131@Department2.University2.edu}, {X=http://www.Department2.University2.edu/GraduateStudent53, Y=http://www.Department2.University2.edu, Z=GraduateStudent53@Department2.University2.edu}, {X=http://www.Department2.University2.edu/GraduateStudent112, Y=http://www.Department2.University2.edu, Z=GraduateStudent112@Department2.University2.edu}, {X=http://www.Department2.University2.edu/UndergraduateStudent73, Y=http://www.Department2.University2.edu, Z=UndergraduateStudent73@Department2.University2.edu}, {X=http://www.Department2.University2.edu/UndergraduateStudent7, Y=http://www.Department2.University2.edu, Z=UndergraduateStudent7@Department2.University2.edu}, {X=http://www.Department2.University2.edu/UndergraduateStudent116, Y=http://www.Department2.University2.edu, Z=UndergraduateStudent116@Department2.University2.edu}, {X=http://www.Department2.University2.edu/UndergraduateStudent92, Y=http://www.Department2.University2.edu, Z=UndergraduateStudent92@Department2.University2.edu}, {X=http://www.Department2.University2.edu/UndergraduateStudent201, Y=http://www.Department2.University2.edu, Z=UndergraduateStudent201@Department2.University2.edu}, {X=http://www.Department2.University2.edu/GraduateStudent29, Y=http://www.Department2.University2.edu, Z=GraduateStudent29@Department2.University2.edu}, {X=http://www.Department2.University2.edu/UndergraduateStudent85, Y=http://www.Department2.University2.edu, Z=UndergraduateStudent85@Department2.University2.edu}, {X=http://www.Department2.University2.edu/UndergraduateStudent227, Y=http://www.Department2.University2.edu, Z=UndergraduateStudent227@Department2.University2.edu}, {X=http://www.Department2.University2.edu/UndergraduateStudent3, Y=http://www.Department2.University2.edu, Z=UndergraduateStudent3@Department2.University2.edu}, {X=http://www.Department2.University2.edu/UndergraduateStudent240, Y=http://www.Department2.University2.edu, Z=UndergraduateStudent240@Department2.University2.edu}, {X=http://www.Department2.University2.edu/UndergraduateStudent197, Y=http://www.Department2.University2.edu, Z=UndergraduateStudent197@Department2.University2.edu}, {X=http://www.Department2.University2.edu/UndergraduateStudent123, Y=http://www.Department2.University2.edu, Z=UndergraduateStudent123@Department2.University2.edu}, {X=http://www.Department2.University2.edu/UndergraduateStudent311, Y=http://www.Department2.University2.edu, Z=UndergraduateStudent311@Department2.University2.edu}, {X=http://www.Department2.University2.edu/GraduateStudent51, Y=http://www.Department2.University2.edu, Z=GraduateStudent51@Department2.University2.edu}, {X=http://www.Department2.University2.edu/UndergraduateStudent285, Y=http://www.Department2.University2.edu, Z=UndergraduateStudent285@Department2.University2.edu}, {X=http://www.Department2.University2.edu/UndergraduateStudent333, Y=http://www.Department2.University2.edu, Z=UndergraduateStudent333@Department2.University2.edu}, {X=http://www.Department2.University2.edu/GraduateStudent8, Y=http://www.Department2.University2.edu, Z=GraduateStudent8@Department2.University2.edu}, {X=http://www.Department2.University2.edu/GraduateStudent132, Y=http://www.Department2.University2.edu, Z=GraduateStudent132@Department2.University2.edu}, {X=http://www.Department2.University2.edu/UndergraduateStudent218, Y=http://www.Department2.University2.edu, Z=UndergraduateStudent218@Department2.University2.edu}, {X=http://www.Department2.University2.edu/GraduateStudent121, Y=http://www.Department2.University2.edu, Z=GraduateStudent121@Department2.University2.edu}, {X=http://www.Department2.University2.edu/GraduateStudent127, Y=http://www.Department2.University2.edu, Z=GraduateStudent127@Department2.University2.edu}, {X=http://www.Department2.University2.edu/UndergraduateStudent25, Y=http://www.Department2.University2.edu, Z=UndergraduateStudent25@Department2.University2.edu}, {X=http://www.Department2.University2.edu/UndergraduateStudent254, Y=http://www.Department2.University2.edu, Z=UndergraduateStudent254@Department2.University2.edu}, {X=http://www.Department2.University2.edu/GraduateStudent108, Y=http://www.Department2.University2.edu, Z=GraduateStudent108@Department2.University2.edu}, {X=http://www.Department2.University2.edu/UndergraduateStudent47, Y=http://www.Department2.University2.edu, Z=UndergraduateStudent47@Department2.University2.edu}, {X=http://www.Department2.University2.edu/GraduateStudent16, Y=http://www.Department2.University2.edu, Z=GraduateStudent16@Department2.University2.edu}, {X=http://www.Department2.University2.edu/GraduateStudent21, Y=http://www.Department2.University2.edu, Z=GraduateStudent21@Department2.University2.edu}, {X=http://www.Department2.University2.edu/UndergraduateStudent221, Y=http://www.Department2.University2.edu, Z=UndergraduateStudent221@Department2.University2.edu}, {X=http://www.Department2.University2.edu/GraduateStudent10, Y=http://www.Department2.University2.edu, Z=GraduateStudent10@Department2.University2.edu}, {X=http://www.Department2.University2.edu/UndergraduateStudent219, Y=http://www.Department2.University2.edu, Z=UndergraduateStudent219@Department2.University2.edu}, {X=http://www.Department2.University2.edu/UndergraduateStudent24, Y=http://www.Department2.University2.edu, Z=UndergraduateStudent24@Department2.University2.edu}, {X=http://www.Department2.University2.edu/UndergraduateStudent330, Y=http://www.Department2.University2.edu, Z=UndergraduateStudent330@Department2.University2.edu}, {X=http://www.Department2.University2.edu/UndergraduateStudent297, Y=http://www.Department2.University2.edu, Z=UndergraduateStudent297@Department2.University2.edu}, {X=http://www.Department2.University2.edu/UndergraduateStudent308, Y=http://www.Department2.University2.edu, Z=UndergraduateStudent308@Department2.University2.edu}, {X=http://www.Department2.University2.edu/UndergraduateStudent128, Y=http://www.Department2.University2.edu, Z=UndergraduateStudent128@Department2.University2.edu}, {X=http://www.Department2.University2.edu/UndergraduateStudent358, Y=http://www.Department2.University2.edu, Z=UndergraduateStudent358@Department2.University2.edu}, {X=http://www.Department2.University2.edu/UndergraduateStudent13, Y=http://www.Department2.University2.edu, Z=UndergraduateStudent13@Department2.University2.edu}, {X=http://www.Department2.University2.edu/GraduateStudent129, Y=http://www.Department2.University2.edu, Z=GraduateStudent129@Department2.University2.edu}, {X=http://www.Department2.University2.edu/UndergraduateStudent253, Y=http://www.Department2.University2.edu, Z=UndergraduateStudent253@Department2.University2.edu}, {X=http://www.Department2.University2.edu/UndergraduateStudent29, Y=http://www.Department2.University2.edu, Z=UndergraduateStudent29@Department2.University2.edu}, {X=http://www.Department2.University2.edu/UndergraduateStudent193, Y=http://www.Department2.University2.edu, Z=UndergraduateStudent193@Department2.University2.edu}, {X=http://www.Department2.University2.edu/GraduateStudent46, Y=http://www.Department2.University2.edu, Z=GraduateStudent46@Department2.University2.edu}, {X=http://www.Department2.University2.edu/UndergraduateStudent122, Y=http://www.Department2.University2.edu, Z=UndergraduateStudent122@Department2.University2.edu}, {X=http://www.Department2.University2.edu/UndergraduateStudent56, Y=http://www.Department2.University2.edu, Z=UndergraduateStudent56@Department2.University2.edu}, {X=http://www.Department2.University2.edu/GraduateStudent125, Y=http://www.Department2.University2.edu, Z=GraduateStudent125@Department2.University2.edu}, {X=http://www.Department2.University2.edu/UndergraduateStudent202, Y=http://www.Department2.University2.edu, Z=UndergraduateStudent202@Department2.University2.edu}, {X=http://www.Department2.University2.edu/GraduateStudent86, Y=http://www.Department2.University2.edu, Z=GraduateStudent86@Department2.University2.edu}, {X=http://www.Department2.University2.edu/UndergraduateStudent262, Y=http://www.Department2.University2.edu, Z=UndergraduateStudent262@Department2.University2.edu}, {X=http://www.Department2.University2.edu/UndergraduateStudent163, Y=http://www.Department2.University2.edu, Z=UndergraduateStudent163@Department2.University2.edu}, {X=http://www.Department2.University2.edu/UndergraduateStudent148, Y=http://www.Department2.University2.edu, Z=UndergraduateStudent148@Department2.University2.edu}, {X=http://www.Department2.University2.edu/UndergraduateStudent76, Y=http://www.Department2.University2.edu, Z=UndergraduateStudent76@Department2.University2.edu}, {X=http://www.Department2.University2.edu/GraduateStudent27, Y=http://www.Department2.University2.edu, Z=GraduateStudent27@Department2.University2.edu}, {X=http://www.Department2.University2.edu/GraduateStudent64, Y=http://www.Department2.University2.edu, Z=GraduateStudent64@Department2.University2.edu}, {X=http://www.Department2.University2.edu/UndergraduateStudent351, Y=http://www.Department2.University2.edu, Z=UndergraduateStudent351@Department2.University2.edu}, {X=http://www.Department2.University2.edu/UndergraduateStudent78, Y=http://www.Department2.University2.edu, Z=UndergraduateStudent78@Department2.University2.edu}, {X=http://www.Department2.University2.edu/GraduateStudent49, Y=http://www.Department2.University2.edu, Z=GraduateStudent49@Department2.University2.edu}, {X=http://www.Department2.University2.edu/UndergraduateStudent338, Y=http://www.Department2.University2.edu, Z=UndergraduateStudent338@Department2.University2.edu}, {X=http://www.Department2.University2.edu/UndergraduateStudent36, Y=http://www.Department2.University2.edu, Z=UndergraduateStudent36@Department2.University2.edu}, {X=http://www.Department2.University2.edu/UndergraduateStudent339, Y=http://www.Department2.University2.edu, Z=UndergraduateStudent339@Department2.University2.edu}, {X=http://www.Department2.University2.edu/GraduateStudent87, Y=http://www.Department2.University2.edu, Z=GraduateStudent87@Department2.University2.edu}, {X=http://www.Department2.University2.edu/UndergraduateStudent167, Y=http://www.Department2.University2.edu, Z=UndergraduateStudent167@Department2.University2.edu}, {X=http://www.Department2.University2.edu/GraduateStudent119, Y=http://www.Department2.University2.edu, Z=GraduateStudent119@Department2.University2.edu}, {X=http://www.Department2.University2.edu/UndergraduateStudent72, Y=http://www.Department2.University2.edu, Z=UndergraduateStudent72@Department2.University2.edu}, {X=http://www.Department2.University2.edu/UndergraduateStudent77, Y=http://www.Department2.University2.edu, Z=UndergraduateStudent77@Department2.University2.edu}, {X=http://www.Department2.University2.edu/GraduateStudent97, Y=http://www.Department2.University2.edu, Z=GraduateStudent97@Department2.University2.edu}, {X=http://www.Department2.University2.edu/GraduateStudent54, Y=http://www.Department2.University2.edu, Z=GraduateStudent54@Department2.University2.edu}, {X=http://www.Department2.University2.edu/UndergraduateStudent9, Y=http://www.Department2.University2.edu, Z=UndergraduateStudent9@Department2.University2.edu}, {X=http://www.Department2.University2.edu/UndergraduateStudent65, Y=http://www.Department2.University2.edu, Z=UndergraduateStudent65@Department2.University2.edu}, {X=http://www.Department2.University2.edu/UndergraduateStudent11, Y=http://www.Department2.University2.edu, Z=UndergraduateStudent11@Department2.University2.edu}, {X=http://www.Department2.University2.edu/UndergraduateStudent208, Y=http://www.Department2.University2.edu, Z=UndergraduateStudent208@Department2.University2.edu}, {X=http://www.Department2.University2.edu/GraduateStudent128, Y=http://www.Department2.University2.edu, Z=GraduateStudent128@Department2.University2.edu}, {X=http://www.Department2.University2.edu/UndergraduateStudent322, Y=http://www.Department2.University2.edu, Z=UndergraduateStudent322@Department2.University2.edu}, {X=http://www.Department2.University2.edu/GraduateStudent89, Y=http://www.Department2.University2.edu, Z=GraduateStudent89@Department2.University2.edu}, {X=http://www.Department2.University2.edu/UndergraduateStudent28, Y=http://www.Department2.University2.edu, Z=UndergraduateStudent28@Department2.University2.edu}, {X=http://www.Department2.University2.edu/GraduateStudent25, Y=http://www.Department2.University2.edu, Z=GraduateStudent25@Department2.University2.edu}, {X=http://www.Department2.University2.edu/UndergraduateStudent134, Y=http://www.Department2.University2.edu, Z=UndergraduateStudent134@Department2.University2.edu}, {X=http://www.Department2.University2.edu/UndergraduateStudent335, Y=http://www.Department2.University2.edu, Z=UndergraduateStudent335@Department2.University2.edu}, {X=http://www.Department2.University2.edu/UndergraduateStudent288, Y=http://www.Department2.University2.edu, Z=UndergraduateStudent288@Department2.University2.edu}, {X=http://www.Department2.University2.edu/UndergraduateStudent97, Y=http://www.Department2.University2.edu, Z=UndergraduateStudent97@Department2.University2.edu}, {X=http://www.Department2.University2.edu/UndergraduateStudent125, Y=http://www.Department2.University2.edu, Z=UndergraduateStudent125@Department2.University2.edu}, {X=http://www.Department2.University2.edu/GraduateStudent76, Y=http://www.Department2.University2.edu, Z=GraduateStudent76@Department2.University2.edu}, {X=http://www.Department2.University2.edu/GraduateStudent28, Y=http://www.Department2.University2.edu, Z=GraduateStudent28@Department2.University2.edu}, {X=http://www.Department2.University2.edu/UndergraduateStudent137, Y=http://www.Department2.University2.edu, Z=UndergraduateStudent137@Department2.University2.edu}, {X=http://www.Department2.University2.edu/UndergraduateStudent162, Y=http://www.Department2.University2.edu, Z=UndergraduateStudent162@Department2.University2.edu}, {X=http://www.Department2.University2.edu/UndergraduateStudent293, Y=http://www.Department2.University2.edu, Z=UndergraduateStudent293@Department2.University2.edu}, {X=http://www.Department2.University2.edu/UndergraduateStudent328, Y=http://www.Department2.University2.edu, Z=UndergraduateStudent328@Department2.University2.edu}, {X=http://www.Department2.University2.edu/UndergraduateStudent350, Y=http://www.Department2.University2.edu, Z=UndergraduateStudent350@Department2.University2.edu}, {X=http://www.Department2.University2.edu/UndergraduateStudent269, Y=http://www.Department2.University2.edu, Z=UndergraduateStudent269@Department2.University2.edu}, {X=http://www.Department2.University2.edu/UndergraduateStudent64, Y=http://www.Department2.University2.edu, Z=UndergraduateStudent64@Department2.University2.edu}, {X=http://www.Department2.University2.edu/UndergraduateStudent272, Y=http://www.Department2.University2.edu, Z=UndergraduateStudent272@Department2.University2.edu}, {X=http://www.Department2.University2.edu/UndergraduateStudent245, Y=http://www.Department2.University2.edu, Z=UndergraduateStudent245@Department2.University2.edu}, {X=http://www.Department2.University2.edu/UndergraduateStudent95, Y=http://www.Department2.University2.edu, Z=UndergraduateStudent95@Department2.University2.edu}, {X=http://www.Department2.University2.edu/UndergraduateStudent109, Y=http://www.Department2.University2.edu, Z=UndergraduateStudent109@Department2.University2.edu}, {X=http://www.Department2.University2.edu/UndergraduateStudent179, Y=http://www.Department2.University2.edu, Z=UndergraduateStudent179@Department2.University2.edu}, {X=http://www.Department2.University2.edu/GraduateStudent63, Y=http://www.Department2.University2.edu, Z=GraduateStudent63@Department2.University2.edu}, {X=http://www.Department2.University2.edu/GraduateStudent19, Y=http://www.Department2.University2.edu, Z=GraduateStudent19@Department2.University2.edu}, {X=http://www.Department2.University2.edu/GraduateStudent22, Y=http://www.Department2.University2.edu, Z=GraduateStudent22@Department2.University2.edu}, {X=http://www.Department2.University2.edu/UndergraduateStudent4, Y=http://www.Department2.University2.edu, Z=UndergraduateStudent4@Department2.University2.edu}, {X=http://www.Department2.University2.edu/UndergraduateStudent280, Y=http://www.Department2.University2.edu, Z=UndergraduateStudent280@Department2.University2.edu}, {X=http://www.Department2.University2.edu/GraduateStudent12, Y=http://www.Department2.University2.edu, Z=GraduateStudent12@Department2.University2.edu}, {X=http://www.Department2.University2.edu/UndergraduateStudent38, Y=http://www.Department2.University2.edu, Z=UndergraduateStudent38@Department2.University2.edu}, {X=http://www.Department2.University2.edu/UndergraduateStudent93, Y=http://www.Department2.University2.edu, Z=UndergraduateStudent93@Department2.University2.edu}, {X=http://www.Department2.University2.edu/UndergraduateStudent58, Y=http://www.Department2.University2.edu, Z=UndergraduateStudent58@Department2.University2.edu}, {X=http://www.Department2.University2.edu/UndergraduateStudent223, Y=http://www.Department2.University2.edu, Z=UndergraduateStudent223@Department2.University2.edu}, {X=http://www.Department2.University2.edu/UndergraduateStudent146, Y=http://www.Department2.University2.edu, Z=UndergraduateStudent146@Department2.University2.edu}, {X=http://www.Department2.University2.edu/UndergraduateStudent32, Y=http://www.Department2.University2.edu, Z=UndergraduateStudent32@Department2.University2.edu}, {X=http://www.Department2.University2.edu/UndergraduateStudent220, Y=http://www.Department2.University2.edu, Z=UndergraduateStudent220@Department2.University2.edu}, {X=http://www.Department2.University2.edu/GraduateStudent82, Y=http://www.Department2.University2.edu, Z=GraduateStudent82@Department2.University2.edu}, {X=http://www.Department2.University2.edu/UndergraduateStudent286, Y=http://www.Department2.University2.edu, Z=UndergraduateStudent286@Department2.University2.edu}, {X=http://www.Department2.University2.edu/UndergraduateStudent295, Y=http://www.Department2.University2.edu, Z=UndergraduateStudent295@Department2.University2.edu}, {X=http://www.Department2.University2.edu/UndergraduateStudent267, Y=http://www.Department2.University2.edu, Z=UndergraduateStudent267@Department2.University2.edu}, {X=http://www.Department2.University2.edu/UndergraduateStudent34, Y=http://www.Department2.University2.edu, Z=UndergraduateStudent34@Department2.University2.edu}, {X=http://www.Department2.University2.edu/UndergraduateStudent355, Y=http://www.Department2.University2.edu, Z=UndergraduateStudent355@Department2.University2.edu}, {X=http://www.Department2.University2.edu/GraduateStudent4, Y=http://www.Department2.University2.edu, Z=GraduateStudent4@Department2.University2.edu}, {X=http://www.Department2.University2.edu/UndergraduateStudent320, Y=http://www.Department2.University2.edu, Z=UndergraduateStudent320@Department2.University2.edu}, {X=http://www.Department2.University2.edu/UndergraduateStudent321, Y=http://www.Department2.University2.edu, Z=UndergraduateStudent321@Department2.University2.edu}, {X=http://www.Department2.University2.edu/GraduateStudent60, Y=http://www.Department2.University2.edu, Z=GraduateStudent60@Department2.University2.edu}, {X=http://www.Department2.University2.edu/UndergraduateStudent275, Y=http://www.Department2.University2.edu, Z=UndergraduateStudent275@Department2.University2.edu}, {X=http://www.Department2.University2.edu/GraduateStudent26, Y=http://www.Department2.University2.edu, Z=GraduateStudent26@Department2.University2.edu}, {X=http://www.Department2.University2.edu/UndergraduateStudent318, Y=http://www.Department2.University2.edu, Z=UndergraduateStudent318@Department2.University2.edu}, {X=http://www.Department2.University2.edu/UndergraduateStudent57, Y=http://www.Department2.University2.edu, Z=UndergraduateStudent57@Department2.University2.edu}, {X=http://www.Department2.University2.edu/UndergraduateStudent115, Y=http://www.Department2.University2.edu, Z=UndergraduateStudent115@Department2.University2.edu}, {X=http://www.Department2.University2.edu/GraduateStudent106, Y=http://www.Department2.University2.edu, Z=GraduateStudent106@Department2.University2.edu}, {X=http://www.Department2.University2.edu/GraduateStudent38, Y=http://www.Department2.University2.edu, Z=GraduateStudent38@Department2.University2.edu}, {X=http://www.Department2.University2.edu/GraduateStudent34, Y=http://www.Department2.University2.edu, Z=GraduateStudent34@Department2.University2.edu}, {X=http://www.Department2.University2.edu/UndergraduateStudent147, Y=http://www.Department2.University2.edu, Z=UndergraduateStudent147@Department2.University2.edu}, {X=http://www.Department2.University2.edu/UndergraduateStudent46, Y=http://www.Department2.University2.edu, Z=UndergraduateStudent46@Department2.University2.edu}, {X=http://www.Department2.University2.edu/UndergraduateStudent79, Y=http://www.Department2.University2.edu, Z=UndergraduateStudent79@Department2.University2.edu}, {X=http://www.Department2.University2.edu/UndergraduateStudent63, Y=http://www.Department2.University2.edu, Z=UndergraduateStudent63@Department2.University2.edu}, {X=http://www.Department2.University2.edu/UndergraduateStudent336, Y=http://www.Department2.University2.edu, Z=UndergraduateStudent336@Department2.University2.edu}, {X=http://www.Department2.University2.edu/UndergraduateStudent256, Y=http://www.Department2.University2.edu, Z=UndergraduateStudent256@Department2.University2.edu}, {X=http://www.Department2.University2.edu/GraduateStudent42, Y=http://www.Department2.University2.edu, Z=GraduateStudent42@Department2.University2.edu}, {X=http://www.Department2.University2.edu/UndergraduateStudent214, Y=http://www.Department2.University2.edu, Z=UndergraduateStudent214@Department2.University2.edu}, {X=http://www.Department2.University2.edu/GraduateStudent92, Y=http://www.Department2.University2.edu, Z=GraduateStudent92@Department2.University2.edu}, {X=http://www.Department2.University2.edu/UndergraduateStudent313, Y=http://www.Department2.University2.edu, Z=UndergraduateStudent313@Department2.University2.edu}, {X=http://www.Department2.University2.edu/UndergraduateStudent42, Y=http://www.Department2.University2.edu, Z=UndergraduateStudent42@Department2.University2.edu}, {X=http://www.Department2.University2.edu/UndergraduateStudent100, Y=http://www.Department2.University2.edu, Z=UndergraduateStudent100@Department2.University2.edu}, {X=http://www.Department2.University2.edu/UndergraduateStudent83, Y=http://www.Department2.University2.edu, Z=UndergraduateStudent83@Department2.University2.edu}, {X=http://www.Department2.University2.edu/UndergraduateStudent69, Y=http://www.Department2.University2.edu, Z=UndergraduateStudent69@Department2.University2.edu}, {X=http://www.Department2.University2.edu/GraduateStudent91, Y=http://www.Department2.University2.edu, Z=GraduateStudent91@Department2.University2.edu}, {X=http://www.Department2.University2.edu/UndergraduateStudent111, Y=http://www.Department2.University2.edu, Z=UndergraduateStudent111@Department2.University2.edu}, {X=http://www.Department2.University2.edu/UndergraduateStudent20, Y=http://www.Department2.University2.edu, Z=UndergraduateStudent20@Department2.University2.edu}, {X=http://www.Department2.University2.edu/UndergraduateStudent87, Y=http://www.Department2.University2.edu, Z=UndergraduateStudent87@Department2.University2.edu}, {X=http://www.Department2.University2.edu/UndergraduateStudent190, Y=http://www.Department2.University2.edu, Z=UndergraduateStudent190@Department2.University2.edu}, {X=http://www.Department2.University2.edu/UndergraduateStudent189, Y=http://www.Department2.University2.edu, Z=UndergraduateStudent189@Department2.University2.edu}, {X=http://www.Department2.University2.edu/UndergraduateStudent5, Y=http://www.Department2.University2.edu, Z=UndergraduateStudent5@Department2.University2.edu}, {X=http://www.Department2.University2.edu/GraduateStudent30, Y=http://www.Department2.University2.edu, Z=GraduateStudent30@Department2.University2.edu}, {X=http://www.Department2.University2.edu/GraduateStudent32, Y=http://www.Department2.University2.edu, Z=GraduateStudent32@Department2.University2.edu}, {X=http://www.Department2.University2.edu/UndergraduateStudent331, Y=http://www.Department2.University2.edu, Z=UndergraduateStudent331@Department2.University2.edu}, {X=http://www.Department2.University2.edu/GraduateStudent65, Y=http://www.Department2.University2.edu, Z=GraduateStudent65@Department2.University2.edu}, {X=http://www.Department2.University2.edu/UndergraduateStudent226, Y=http://www.Department2.University2.edu, Z=UndergraduateStudent226@Department2.University2.edu}, {X=http://www.Department2.University2.edu/UndergraduateStudent44, Y=http://www.Department2.University2.edu, Z=UndergraduateStudent44@Department2.University2.edu}, {X=http://www.Department2.University2.edu/UndergraduateStudent132, Y=http://www.Department2.University2.edu, Z=UndergraduateStudent132@Department2.University2.edu}, {X=http://www.Department2.University2.edu/UndergraduateStudent33, Y=http://www.Department2.University2.edu, Z=UndergraduateStudent33@Department2.University2.edu}, {X=http://www.Department2.University2.edu/GraduateStudent7, Y=http://www.Department2.University2.edu, Z=GraduateStudent7@Department2.University2.edu}, {X=http://www.Department2.University2.edu/UndergraduateStudent166, Y=http://www.Department2.University2.edu, Z=UndergraduateStudent166@Department2.University2.edu}, {X=http://www.Department2.University2.edu/UndergraduateStudent74, Y=http://www.Department2.University2.edu, Z=UndergraduateStudent74@Department2.University2.edu}, {X=http://www.Department2.University2.edu/UndergraduateStudent207, Y=http://www.Department2.University2.edu, Z=UndergraduateStudent207@Department2.University2.edu}, {X=http://www.Department2.University2.edu/UndergraduateStudent244, Y=http://www.Department2.University2.edu, Z=UndergraduateStudent244@Department2.University2.edu}, {X=http://www.Department2.University2.edu/UndergraduateStudent175, Y=http://www.Department2.University2.edu, Z=UndergraduateStudent175@Department2.University2.edu}, {X=http://www.Department2.University2.edu/UndergraduateStudent45, Y=http://www.Department2.University2.edu, Z=UndergraduateStudent45@Department2.University2.edu}, {X=http://www.Department2.University2.edu/UndergraduateStudent127, Y=http://www.Department2.University2.edu, Z=UndergraduateStudent127@Department2.University2.edu}, {X=http://www.Department2.University2.edu/GraduateStudent93, Y=http://www.Department2.University2.edu, Z=GraduateStudent93@Department2.University2.edu}, {X=http://www.Department2.University2.edu/UndergraduateStudent8, Y=http://www.Department2.University2.edu, Z=UndergraduateStudent8@Department2.University2.edu}, {X=http://www.Department2.University2.edu/UndergraduateStudent53, Y=http://www.Department2.University2.edu, Z=UndergraduateStudent53@Department2.University2.edu}, {X=http://www.Department2.University2.edu/UndergraduateStudent200, Y=http://www.Department2.University2.edu, Z=UndergraduateStudent200@Department2.University2.edu}, {X=http://www.Department2.University2.edu/UndergraduateStudent232, Y=http://www.Department2.University2.edu, Z=UndergraduateStudent232@Department2.University2.edu}, {X=http://www.Department2.University2.edu/UndergraduateStudent273, Y=http://www.Department2.University2.edu, Z=UndergraduateStudent273@Department2.University2.edu}, {X=http://www.Department2.University2.edu/GraduateStudent79, Y=http://www.Department2.University2.edu, Z=GraduateStudent79@Department2.University2.edu}, {X=http://www.Department2.University2.edu/GraduateStudent94, Y=http://www.Department2.University2.edu, Z=GraduateStudent94@Department2.University2.edu}, {X=http://www.Department2.University2.edu/GraduateStudent95, Y=http://www.Department2.University2.edu, Z=GraduateStudent95@Department2.University2.edu}, {X=http://www.Department2.University2.edu/UndergraduateStudent353, Y=http://www.Department2.University2.edu, Z=UndergraduateStudent353@Department2.University2.edu}, {X=http://www.Department2.University2.edu/UndergraduateStudent18, Y=http://www.Department2.University2.edu, Z=UndergraduateStudent18@Department2.University2.edu}, {X=http://www.Department2.University2.edu/GraduateStudent110, Y=http://www.Department2.University2.edu, Z=GraduateStudent110@Department2.University2.edu}, {X=http://www.Department2.University2.edu/UndergraduateStudent334, Y=http://www.Department2.University2.edu, Z=UndergraduateStudent334@Department2.University2.edu}, {X=http://www.Department2.University2.edu/UndergraduateStudent27, Y=http://www.Department2.University2.edu, Z=UndergraduateStudent27@Department2.University2.edu}, {X=http://www.Department2.University2.edu/UndergraduateStudent250, Y=http://www.Department2.University2.edu, Z=UndergraduateStudent250@Department2.University2.edu}, {X=http://www.Department2.University2.edu/UndergraduateStudent30, Y=http://www.Department2.University2.edu, Z=UndergraduateStudent30@Department2.University2.edu}, {X=http://www.Department2.University2.edu/UndergraduateStudent289, Y=http://www.Department2.University2.edu, Z=UndergraduateStudent289@Department2.University2.edu}, {X=http://www.Department2.University2.edu/UndergraduateStudent257, Y=http://www.Department2.University2.edu, Z=UndergraduateStudent257@Department2.University2.edu}, {X=http://www.Department2.University2.edu/UndergraduateStudent155, Y=http://www.Department2.University2.edu, Z=UndergraduateStudent155@Department2.University2.edu}, {X=http://www.Department2.University2.edu/UndergraduateStudent327, Y=http://www.Department2.University2.edu, Z=UndergraduateStudent327@Department2.University2.edu}, {X=http://www.Department2.University2.edu/UndergraduateStudent66, Y=http://www.Department2.University2.edu, Z=UndergraduateStudent66@Department2.University2.edu}, {X=http://www.Department2.University2.edu/UndergraduateStudent229, Y=http://www.Department2.University2.edu, Z=UndergraduateStudent229@Department2.University2.edu}, {X=http://www.Department2.University2.edu/UndergraduateStudent346, Y=http://www.Department2.University2.edu, Z=UndergraduateStudent346@Department2.University2.edu}, {X=http://www.Department2.University2.edu/UndergraduateStudent180, Y=http://www.Department2.University2.edu, Z=UndergraduateStudent180@Department2.University2.edu}, {X=http://www.Department2.University2.edu/GraduateStudent105, Y=http://www.Department2.University2.edu, Z=GraduateStudent105@Department2.University2.edu}, {X=http://www.Department2.University2.edu/GraduateStudent77, Y=http://www.Department2.University2.edu, Z=GraduateStudent77@Department2.University2.edu}, {X=http://www.Department2.University2.edu/UndergraduateStudent17, Y=http://www.Department2.University2.edu, Z=UndergraduateStudent17@Department2.University2.edu}, {X=http://www.Department2.University2.edu/GraduateStudent78, Y=http://www.Department2.University2.edu, Z=GraduateStudent78@Department2.University2.edu}, {X=http://www.Department2.University2.edu/UndergraduateStudent81, Y=http://www.Department2.University2.edu, Z=UndergraduateStudent81@Department2.University2.edu}, {X=http://www.Department2.University2.edu/UndergraduateStudent228, Y=http://www.Department2.University2.edu, Z=UndergraduateStudent228@Department2.University2.edu}, {X=http://www.Department2.University2.edu/UndergraduateStudent49, Y=http://www.Department2.University2.edu, Z=UndergraduateStudent49@Department2.University2.edu}, {X=http://www.Department2.University2.edu/GraduateStudent45, Y=http://www.Department2.University2.edu, Z=GraduateStudent45@Department2.University2.edu}, {X=http://www.Department2.University2.edu/UndergraduateStudent216, Y=http://www.Department2.University2.edu, Z=UndergraduateStudent216@Department2.University2.edu}, {X=http://www.Department2.University2.edu/UndergraduateStudent142, Y=http://www.Department2.University2.edu, Z=UndergraduateStudent142@Department2.University2.edu}, {X=http://www.Department2.University2.edu/UndergraduateStudent261, Y=http://www.Department2.University2.edu, Z=UndergraduateStudent261@Department2.University2.edu}, {X=http://www.Department2.University2.edu/GraduateStudent11, Y=http://www.Department2.University2.edu, Z=GraduateStudent11@Department2.University2.edu}, {X=http://www.Department2.University2.edu/UndergraduateStudent168, Y=http://www.Department2.University2.edu, Z=UndergraduateStudent168@Department2.University2.edu}, {X=http://www.Department2.University2.edu/UndergraduateStudent0, Y=http://www.Department2.University2.edu, Z=UndergraduateStudent0@Department2.University2.edu}, {X=http://www.Department2.University2.edu/UndergraduateStudent345, Y=http://www.Department2.University2.edu, Z=UndergraduateStudent345@Department2.University2.edu}, {X=http://www.Department2.University2.edu/UndergraduateStudent266, Y=http://www.Department2.University2.edu, Z=UndergraduateStudent266@Department2.University2.edu}, {X=http://www.Department2.University2.edu/GraduateStudent18, Y=http://www.Department2.University2.edu, Z=GraduateStudent18@Department2.University2.edu}, {X=http://www.Department2.University2.edu/GraduateStudent6, Y=http://www.Department2.University2.edu, Z=GraduateStudent6@Department2.University2.edu}, {X=http://www.Department2.University2.edu/UndergraduateStudent110, Y=http://www.Department2.University2.edu, Z=UndergraduateStudent110@Department2.University2.edu}, {X=http://www.Department2.University2.edu/UndergraduateStudent198, Y=http://www.Department2.University2.edu, Z=UndergraduateStudent198@Department2.University2.edu}, {X=http://www.Department2.University2.edu/UndergraduateStudent195, Y=http://www.Department2.University2.edu, Z=UndergraduateStudent195@Department2.University2.edu}, {X=http://www.Department2.University2.edu/UndergraduateStudent260, Y=http://www.Department2.University2.edu, Z=UndergraduateStudent260@Department2.University2.edu}, {X=http://www.Department2.University2.edu/UndergraduateStudent307, Y=http://www.Department2.University2.edu, Z=UndergraduateStudent307@Department2.University2.edu}, {X=http://www.Department2.University2.edu/UndergraduateStudent296, Y=http://www.Department2.University2.edu, Z=UndergraduateStudent296@Department2.University2.edu}, {X=http://www.Department2.University2.edu/GraduateStudent13, Y=http://www.Department2.University2.edu, Z=GraduateStudent13@Department2.University2.edu}, {X=http://www.Department2.University2.edu/UndergraduateStudent314, Y=http://www.Department2.University2.edu, Z=UndergraduateStudent314@Department2.University2.edu}, {X=http://www.Department2.University2.edu/UndergraduateStudent344, Y=http://www.Department2.University2.edu, Z=UndergraduateStudent344@Department2.University2.edu}, {X=http://www.Department2.University2.edu/UndergraduateStudent22, Y=http://www.Department2.University2.edu, Z=UndergraduateStudent22@Department2.University2.edu}, {X=http://www.Department2.University2.edu/UndergraduateStudent108, Y=http://www.Department2.University2.edu, Z=UndergraduateStudent108@Department2.University2.edu}, {X=http://www.Department2.University2.edu/UndergraduateStudent170, Y=http://www.Department2.University2.edu, Z=UndergraduateStudent170@Department2.University2.edu}, {X=http://www.Department2.University2.edu/UndergraduateStudent103, Y=http://www.Department2.University2.edu, Z=UndergraduateStudent103@Department2.University2.edu}, {X=http://www.Department2.University2.edu/UndergraduateStudent304, Y=http://www.Department2.University2.edu, Z=UndergraduateStudent304@Department2.University2.edu}, {X=http://www.Department2.University2.edu/GraduateStudent36, Y=http://www.Department2.University2.edu, Z=GraduateStudent36@Department2.University2.edu}, {X=http://www.Department2.University2.edu/UndergraduateStudent230, Y=http://www.Department2.University2.edu, Z=UndergraduateStudent230@Department2.University2.edu}, {X=http://www.Department2.University2.edu/UndergraduateStudent41, Y=http://www.Department2.University2.edu, Z=UndergraduateStudent41@Department2.University2.edu}, {X=http://www.Department2.University2.edu/UndergraduateStudent131, Y=http://www.Department2.University2.edu, Z=UndergraduateStudent131@Department2.University2.edu}, {X=http://www.Department2.University2.edu/UndergraduateStudent255, Y=http://www.Department2.University2.edu, Z=UndergraduateStudent255@Department2.University2.edu}, {X=http://www.Department2.University2.edu/GraduateStudent74, Y=http://www.Department2.University2.edu, Z=GraduateStudent74@Department2.University2.edu}, {X=http://www.Department2.University2.edu/GraduateStudent114, Y=http://www.Department2.University2.edu, Z=GraduateStudent114@Department2.University2.edu}, {X=http://www.Department2.University2.edu/UndergraduateStudent290, Y=http://www.Department2.University2.edu, Z=UndergraduateStudent290@Department2.University2.edu}, {X=http://www.Department2.University2.edu/UndergraduateStudent86, Y=http://www.Department2.University2.edu, Z=UndergraduateStudent86@Department2.University2.edu}, {X=http://www.Department2.University2.edu/UndergraduateStudent235, Y=http://www.Department2.University2.edu, Z=UndergraduateStudent235@Department2.University2.edu}, {X=http://www.Department2.University2.edu/GraduateStudent14, Y=http://www.Department2.University2.edu, Z=GraduateStudent14@Department2.University2.edu}, {X=http://www.Department2.University2.edu/UndergraduateStudent188, Y=http://www.Department2.University2.edu, Z=UndergraduateStudent188@Department2.University2.edu}, {X=http://www.Department2.University2.edu/UndergraduateStudent203, Y=http://www.Department2.University2.edu, Z=UndergraduateStudent203@Department2.University2.edu}, {X=http://www.Department2.University2.edu/UndergraduateStudent15, Y=http://www.Department2.University2.edu, Z=UndergraduateStudent15@Department2.University2.edu}, {X=http://www.Department2.University2.edu/UndergraduateStudent276, Y=http://www.Department2.University2.edu, Z=UndergraduateStudent276@Department2.University2.edu}, {X=http://www.Department2.University2.edu/UndergraduateStudent62, Y=http://www.Department2.University2.edu, Z=UndergraduateStudent62@Department2.University2.edu}, {X=http://www.Department2.University2.edu/UndergraduateStudent82, Y=http://www.Department2.University2.edu, Z=UndergraduateStudent82@Department2.University2.edu}, {X=http://www.Department2.University2.edu/UndergraduateStudent215, Y=http://www.Department2.University2.edu, Z=UndergraduateStudent215@Department2.University2.edu}, {X=http://www.Department2.University2.edu/UndergraduateStudent217, Y=http://www.Department2.University2.edu, Z=UndergraduateStudent217@Department2.University2.edu}, {X=http://www.Department2.University2.edu/UndergraduateStudent112, Y=http://www.Department2.University2.edu, Z=UndergraduateStudent112@Department2.University2.edu}, {X=http://www.Department2.University2.edu/GraduateStudent113, Y=http://www.Department2.University2.edu, Z=GraduateStudent113@Department2.University2.edu}, {X=http://www.Department2.University2.edu/UndergraduateStudent106, Y=http://www.Department2.University2.edu, Z=UndergraduateStudent106@Department2.University2.edu}, {X=http://www.Department2.University2.edu/GraduateStudent47, Y=http://www.Department2.University2.edu, Z=GraduateStudent47@Department2.University2.edu}, {X=http://www.Department2.University2.edu/UndergraduateStudent259, Y=http://www.Department2.University2.edu, Z=UndergraduateStudent259@Department2.University2.edu}, {X=http://www.Department2.University2.edu/UndergraduateStudent12, Y=http://www.Department2.University2.edu, Z=UndergraduateStudent12@Department2.University2.edu}, {X=http://www.Department2.University2.edu/GraduateStudent104, Y=http://www.Department2.University2.edu, Z=GraduateStudent104@Department2.University2.edu}, {X=http://www.Department2.University2.edu/UndergraduateStudent23, Y=http://www.Department2.University2.edu, Z=UndergraduateStudent23@Department2.University2.edu}, {X=http://www.Department2.University2.edu/GraduateStudent124, Y=http://www.Department2.University2.edu, Z=GraduateStudent124@Department2.University2.edu}, {X=http://www.Department2.University2.edu/UndergraduateStudent6, Y=http://www.Department2.University2.edu, Z=UndergraduateStudent6@Department2.University2.edu}, {X=http://www.Department2.University2.edu/UndergraduateStudent206, Y=http://www.Department2.University2.edu, Z=UndergraduateStudent206@Department2.University2.edu}, {X=http://www.Department2.University2.edu/GraduateStudent117, Y=http://www.Department2.University2.edu, Z=GraduateStudent117@Department2.University2.edu}, {X=http://www.Department2.University2.edu/UndergraduateStudent315, Y=http://www.Department2.University2.edu, Z=UndergraduateStudent315@Department2.University2.edu}, {X=http://www.Department2.University2.edu/UndergraduateStudent172, Y=http://www.Department2.University2.edu, Z=UndergraduateStudent172@Department2.University2.edu}, {X=http://www.Department2.University2.edu/UndergraduateStudent145, Y=http://www.Department2.University2.edu, Z=UndergraduateStudent145@Department2.University2.edu}, {X=http://www.Department2.University2.edu/UndergraduateStudent252, Y=http://www.Department2.University2.edu, Z=UndergraduateStudent252@Department2.University2.edu}, {X=http://www.Department2.University2.edu/UndergraduateStudent199, Y=http://www.Department2.University2.edu, Z=UndergraduateStudent199@Department2.University2.edu}, {X=http://www.Department2.University2.edu/UndergraduateStudent192, Y=http://www.Department2.University2.edu, Z=UndergraduateStudent192@Department2.University2.edu}, {X=http://www.Department2.University2.edu/GraduateStudent57, Y=http://www.Department2.University2.edu, Z=GraduateStudent57@Department2.University2.edu}, {X=http://www.Department2.University2.edu/GraduateStudent101, Y=http://www.Department2.University2.edu, Z=GraduateStudent101@Department2.University2.edu}, {X=http://www.Department2.University2.edu/UndergraduateStudent26, Y=http://www.Department2.University2.edu, Z=UndergraduateStudent26@Department2.University2.edu}, {X=http://www.Department2.University2.edu/UndergraduateStudent173, Y=http://www.Department2.University2.edu, Z=UndergraduateStudent173@Department2.University2.edu}, {X=http://www.Department2.University2.edu/GraduateStudent103, Y=http://www.Department2.University2.edu, Z=GraduateStudent103@Department2.University2.edu}, {X=http://www.Department2.University2.edu/UndergraduateStudent160, Y=http://www.Department2.University2.edu, Z=UndergraduateStudent160@Department2.University2.edu}, {X=http://www.Department2.University2.edu/UndergraduateStudent184, Y=http://www.Department2.University2.edu, Z=UndergraduateStudent184@Department2.University2.edu}, {X=http://www.Department2.University2.edu/UndergraduateStudent326, Y=http://www.Department2.University2.edu, Z=UndergraduateStudent326@Department2.University2.edu}, {X=http://www.Department2.University2.edu/GraduateStudent33, Y=http://www.Department2.University2.edu, Z=GraduateStudent33@Department2.University2.edu}, {X=http://www.Department2.University2.edu/GraduateStudent111, Y=http://www.Department2.University2.edu, Z=GraduateStudent111@Department2.University2.edu}, {X=http://www.Department2.University2.edu/UndergraduateStudent271, Y=http://www.Department2.University2.edu, Z=UndergraduateStudent271@Department2.University2.edu}, {X=http://www.Department2.University2.edu/UndergraduateStudent287, Y=http://www.Department2.University2.edu, Z=UndergraduateStudent287@Department2.University2.edu}, {X=http://www.Department2.University2.edu/GraduateStudent88, Y=http://www.Department2.University2.edu, Z=GraduateStudent88@Department2.University2.edu}, {X=http://www.Department2.University2.edu/UndergraduateStudent80, Y=http://www.Department2.University2.edu, Z=UndergraduateStudent80@Department2.University2.edu}, {X=http://www.Department2.University2.edu/UndergraduateStudent359, Y=http://www.Department2.University2.edu, Z=UndergraduateStudent359@Department2.University2.edu}, {X=http://www.Department2.University2.edu/GraduateStudent123, Y=http://www.Department2.University2.edu, Z=GraduateStudent123@Department2.University2.edu}, {X=http://www.Department2.University2.edu/GraduateStudent116, Y=http://www.Department2.University2.edu, Z=GraduateStudent116@Department2.University2.edu}, {X=http://www.Department2.University2.edu/UndergraduateStudent239, Y=http://www.Department2.University2.edu, Z=UndergraduateStudent239@Department2.University2.edu}, {X=http://www.Department2.University2.edu/GraduateStudent68, Y=http://www.Department2.University2.edu, Z=GraduateStudent68@Department2.University2.edu}, {X=http://www.Department2.University2.edu/UndergraduateStudent96, Y=http://www.Department2.University2.edu, Z=UndergraduateStudent96@Department2.University2.edu}, {X=http://www.Department2.University2.edu/UndergraduateStudent178, Y=http://www.Department2.University2.edu, Z=UndergraduateStudent178@Department2.University2.edu}, {X=http://www.Department2.University2.edu/UndergraduateStudent157, Y=http://www.Department2.University2.edu, Z=UndergraduateStudent157@Department2.University2.edu}, {X=http://www.Department2.University2.edu/UndergraduateStudent105, Y=http://www.Department2.University2.edu, Z=UndergraduateStudent105@Department2.University2.edu}, {X=http://www.Department2.University2.edu/GraduateStudent122, Y=http://www.Department2.University2.edu, Z=GraduateStudent122@Department2.University2.edu}, {X=http://www.Department2.University2.edu/UndergraduateStudent50, Y=http://www.Department2.University2.edu, Z=UndergraduateStudent50@Department2.University2.edu}, {X=http://www.Department2.University2.edu/UndergraduateStudent316, Y=http://www.Department2.University2.edu, Z=UndergraduateStudent316@Department2.University2.edu}, {X=http://www.Department2.University2.edu/UndergraduateStudent303, Y=http://www.Department2.University2.edu, Z=UndergraduateStudent303@Department2.University2.edu}, {X=http://www.Department2.University2.edu/UndergraduateStudent181, Y=http://www.Department2.University2.edu, Z=UndergraduateStudent181@Department2.University2.edu}, {X=http://www.Department2.University2.edu/UndergraduateStudent301, Y=http://www.Department2.University2.edu, Z=UndergraduateStudent301@Department2.University2.edu}, {X=http://www.Department2.University2.edu/UndergraduateStudent243, Y=http://www.Department2.University2.edu, Z=UndergraduateStudent243@Department2.University2.edu}, {X=http://www.Department2.University2.edu/UndergraduateStudent120, Y=http://www.Department2.University2.edu, Z=UndergraduateStudent120@Department2.University2.edu}, {X=http://www.Department2.University2.edu/UndergraduateStudent14, Y=http://www.Department2.University2.edu, Z=UndergraduateStudent14@Department2.University2.edu}, {X=http://www.Department2.University2.edu/GraduateStudent126, Y=http://www.Department2.University2.edu, Z=GraduateStudent126@Department2.University2.edu}, {X=http://www.Department2.University2.edu/GraduateStudent9, Y=http://www.Department2.University2.edu, Z=GraduateStudent9@Department2.University2.edu}, {X=http://www.Department2.University2.edu/GraduateStudent31, Y=http://www.Department2.University2.edu, Z=GraduateStudent31@Department2.University2.edu}, {X=http://www.Department2.University2.edu/UndergraduateStudent205, Y=http://www.Department2.University2.edu, Z=UndergraduateStudent205@Department2.University2.edu}, {X=http://www.Department2.University2.edu/UndergraduateStudent347, Y=http://www.Department2.University2.edu, Z=UndergraduateStudent347@Department2.University2.edu}, {X=http://www.Department2.University2.edu/UndergraduateStudent133, Y=http://www.Department2.University2.edu, Z=UndergraduateStudent133@Department2.University2.edu}, {X=http://www.Department2.University2.edu/UndergraduateStudent136, Y=http://www.Department2.University2.edu, Z=UndergraduateStudent136@Department2.University2.edu}, {X=http://www.Department2.University2.edu/UndergraduateStudent40, Y=http://www.Department2.University2.edu, Z=UndergraduateStudent40@Department2.University2.edu}, {X=http://www.Department2.University2.edu/GraduateStudent109, Y=http://www.Department2.University2.edu, Z=GraduateStudent109@Department2.University2.edu}, {X=http://www.Department2.University2.edu/UndergraduateStudent325, Y=http://www.Department2.University2.edu, Z=UndergraduateStudent325@Department2.University2.edu}, {X=http://www.Department2.University2.edu/UndergraduateStudent210, Y=http://www.Department2.University2.edu, Z=UndergraduateStudent210@Department2.University2.edu}, {X=http://www.Department2.University2.edu/UndergraduateStudent139, Y=http://www.Department2.University2.edu, Z=UndergraduateStudent139@Department2.University2.edu}, {X=http://www.Department2.University2.edu/GraduateStudent99, Y=http://www.Department2.University2.edu, Z=GraduateStudent99@Department2.University2.edu}, {X=http://www.Department2.University2.edu/UndergraduateStudent114, Y=http://www.Department2.University2.edu, Z=UndergraduateStudent114@Department2.University2.edu}, {X=http://www.Department2.University2.edu/GraduateStudent50, Y=http://www.Department2.University2.edu, Z=GraduateStudent50@Department2.University2.edu}, {X=http://www.Department2.University2.edu/UndergraduateStudent298, Y=http://www.Department2.University2.edu, Z=UndergraduateStudent298@Department2.University2.edu}, {X=http://www.Department2.University2.edu/UndergraduateStudent31, Y=http://www.Department2.University2.edu, Z=UndergraduateStudent31@Department2.University2.edu}, {X=http://www.Department2.University2.edu/UndergraduateStudent60, Y=http://www.Department2.University2.edu, Z=UndergraduateStudent60@Department2.University2.edu}, {X=http://www.Department2.University2.edu/UndergraduateStudent249, Y=http://www.Department2.University2.edu, Z=UndergraduateStudent249@Department2.University2.edu}, {X=http://www.Department2.University2.edu/UndergraduateStudent149, Y=http://www.Department2.University2.edu, Z=UndergraduateStudent149@Department2.University2.edu}, {X=http://www.Department2.University2.edu/UndergraduateStudent352, Y=http://www.Department2.University2.edu, Z=UndergraduateStudent352@Department2.University2.edu}, {X=http://www.Department2.University2.edu/UndergraduateStudent236, Y=http://www.Department2.University2.edu, Z=UndergraduateStudent236@Department2.University2.edu}, {X=http://www.Department2.University2.edu/UndergraduateStudent211, Y=http://www.Department2.University2.edu, Z=UndergraduateStudent211@Department2.University2.edu}, {X=http://www.Department2.University2.edu/GraduateStudent96, Y=http://www.Department2.University2.edu, Z=GraduateStudent96@Department2.University2.edu}, {X=http://www.Department2.University2.edu/UndergraduateStudent107, Y=http://www.Department2.University2.edu, Z=UndergraduateStudent107@Department2.University2.edu}, {X=http://www.Department2.University2.edu/GraduateStudent52, Y=http://www.Department2.University2.edu, Z=GraduateStudent52@Department2.University2.edu}, {X=http://www.Department2.University2.edu/GraduateStudent85, Y=http://www.Department2.University2.edu, Z=GraduateStudent85@Department2.University2.edu}, {X=http://www.Department2.University2.edu/UndergraduateStudent54, Y=http://www.Department2.University2.edu, Z=UndergraduateStudent54@Department2.University2.edu}, {X=http://www.Department2.University2.edu/GraduateStudent56, Y=http://www.Department2.University2.edu, Z=GraduateStudent56@Department2.University2.edu}, {X=http://www.Department2.University2.edu/UndergraduateStudent237, Y=http://www.Department2.University2.edu, Z=UndergraduateStudent237@Department2.University2.edu}, {X=http://www.Department2.University2.edu/UndergraduateStudent306, Y=http://www.Department2.University2.edu, Z=UndergraduateStudent306@Department2.University2.edu}, {X=http://www.Department2.University2.edu/GraduateStudent62, Y=http://www.Department2.University2.edu, Z=GraduateStudent62@Department2.University2.edu}, {X=http://www.Department2.University2.edu/GraduateStudent40, Y=http://www.Department2.University2.edu, Z=GraduateStudent40@Department2.University2.edu}, {X=http://www.Department2.University2.edu/GraduateStudent84, Y=http://www.Department2.University2.edu, Z=GraduateStudent84@Department2.University2.edu}, {X=http://www.Department2.University2.edu/UndergraduateStudent340, Y=http://www.Department2.University2.edu, Z=UndergraduateStudent340@Department2.University2.edu}, {X=http://www.Department2.University2.edu/UndergraduateStudent67, Y=http://www.Department2.University2.edu, Z=UndergraduateStudent67@Department2.University2.edu}, {X=http://www.Department2.University2.edu/UndergraduateStudent70, Y=http://www.Department2.University2.edu, Z=UndergraduateStudent70@Department2.University2.edu}, {X=http://www.Department2.University2.edu/UndergraduateStudent299, Y=http://www.Department2.University2.edu, Z=UndergraduateStudent299@Department2.University2.edu}, {X=http://www.Department2.University2.edu/UndergraduateStudent129, Y=http://www.Department2.University2.edu, Z=UndergraduateStudent129@Department2.University2.edu}, {X=http://www.Department2.University2.edu/UndergraduateStudent161, Y=http://www.Department2.University2.edu, Z=UndergraduateStudent161@Department2.University2.edu}, {X=http://www.Department2.University2.edu/UndergraduateStudent10, Y=http://www.Department2.University2.edu, Z=UndergraduateStudent10@Department2.University2.edu}, {X=http://www.Department2.University2.edu/UndergraduateStudent348, Y=http://www.Department2.University2.edu, Z=UndergraduateStudent348@Department2.University2.edu}, {X=http://www.Department2.University2.edu/UndergraduateStudent357, Y=http://www.Department2.University2.edu, Z=UndergraduateStudent357@Department2.University2.edu}, {X=http://www.Department2.University2.edu/GraduateStudent17, Y=http://www.Department2.University2.edu, Z=GraduateStudent17@Department2.University2.edu}, {X=http://www.Department2.University2.edu/UndergraduateStudent59, Y=http://www.Department2.University2.edu, Z=UndergraduateStudent59@Department2.University2.edu}, {X=http://www.Department2.University2.edu/UndergraduateStudent209, Y=http://www.Department2.University2.edu, Z=UndergraduateStudent209@Department2.University2.edu}, {X=http://www.Department2.University2.edu/UndergraduateStudent1, Y=http://www.Department2.University2.edu, Z=UndergraduateStudent1@Department2.University2.edu}, {X=http://www.Department2.University2.edu/UndergraduateStudent104, Y=http://www.Department2.University2.edu, Z=UndergraduateStudent104@Department2.University2.edu}, {X=http://www.Department2.University2.edu/GraduateStudent80, Y=http://www.Department2.University2.edu, Z=GraduateStudent80@Department2.University2.edu}, {X=http://www.Department2.University2.edu/UndergraduateStudent337, Y=http://www.Department2.University2.edu, Z=UndergraduateStudent337@Department2.University2.edu}, {X=http://www.Department2.University2.edu/GraduateStudent67, Y=http://www.Department2.University2.edu, Z=GraduateStudent67@Department2.University2.edu}, {X=http://www.Department2.University2.edu/UndergraduateStudent43, Y=http://www.Department2.University2.edu, Z=UndergraduateStudent43@Department2.University2.edu}, {X=http://www.Department2.University2.edu/GraduateStudent41, Y=http://www.Department2.University2.edu, Z=GraduateStudent41@Department2.University2.edu}, {X=http://www.Department2.University2.edu/UndergraduateStudent102, Y=http://www.Department2.University2.edu, Z=UndergraduateStudent102@Department2.University2.edu}, {X=http://www.Department2.University2.edu/UndergraduateStudent117, Y=http://www.Department2.University2.edu, Z=UndergraduateStudent117@Department2.University2.edu}, {X=http://www.Department2.University2.edu/UndergraduateStudent182, Y=http://www.Department2.University2.edu, Z=UndergraduateStudent182@Department2.University2.edu}, {X=http://www.Department2.University2.edu/UndergraduateStudent324, Y=http://www.Department2.University2.edu, Z=UndergraduateStudent324@Department2.University2.edu}, {X=http://www.Department2.University2.edu/UndergraduateStudent51, Y=http://www.Department2.University2.edu, Z=UndergraduateStudent51@Department2.University2.edu}, {X=http://www.Department2.University2.edu/GraduateStudent107, Y=http://www.Department2.University2.edu, Z=GraduateStudent107@Department2.University2.edu}, {X=http://www.Department2.University2.edu/UndergraduateStudent119, Y=http://www.Department2.University2.edu, Z=UndergraduateStudent119@Department2.University2.edu}, {X=http://www.Department2.University2.edu/GraduateStudent58, Y=http://www.Department2.University2.edu, Z=GraduateStudent58@Department2.University2.edu}, {X=http://www.Department2.University2.edu/UndergraduateStudent274, Y=http://www.Department2.University2.edu, Z=UndergraduateStudent274@Department2.University2.edu}, {X=http://www.Department2.University2.edu/UndergraduateStudent258, Y=http://www.Department2.University2.edu, Z=UndergraduateStudent258@Department2.University2.edu}, {X=http://www.Department2.University2.edu/UndergraduateStudent177, Y=http://www.Department2.University2.edu, Z=UndergraduateStudent177@Department2.University2.edu}, {X=http://www.Department2.University2.edu/GraduateStudent75, Y=http://www.Department2.University2.edu, Z=GraduateStudent75@Department2.University2.edu}, {X=http://www.Department2.University2.edu/UndergraduateStudent140, Y=http://www.Department2.University2.edu, Z=UndergraduateStudent140@Department2.University2.edu}, {X=http://www.Department2.University2.edu/UndergraduateStudent101, Y=http://www.Department2.University2.edu, Z=UndergraduateStudent101@Department2.University2.edu}, {X=http://www.Department2.University2.edu/UndergraduateStudent90, Y=http://www.Department2.University2.edu, Z=UndergraduateStudent90@Department2.University2.edu}, {X=http://www.Department2.University2.edu/UndergraduateStudent135, Y=http://www.Department2.University2.edu, Z=UndergraduateStudent135@Department2.University2.edu}, {X=http://www.Department2.University2.edu/GraduateStudent35, Y=http://www.Department2.University2.edu, Z=GraduateStudent35@Department2.University2.edu}, {X=http://www.Department2.University2.edu/GraduateStudent71, Y=http://www.Department2.University2.edu, Z=GraduateStudent71@Department2.University2.edu}, {X=http://www.Department2.University2.edu/UndergraduateStudent312, Y=http://www.Department2.University2.edu, Z=UndergraduateStudent312@Department2.University2.edu}, {X=http://www.Department2.University2.edu/UndergraduateStudent186, Y=http://www.Department2.University2.edu, Z=UndergraduateStudent186@Department2.University2.edu}, {X=http://www.Department2.University2.edu/UndergraduateStudent341, Y=http://www.Department2.University2.edu, Z=UndergraduateStudent341@Department2.University2.edu}, {X=http://www.Department2.University2.edu/UndergraduateStudent342, Y=http://www.Department2.University2.edu, Z=UndergraduateStudent342@Department2.University2.edu}, {X=http://www.Department2.University2.edu/UndergraduateStudent158, Y=http://www.Department2.University2.edu, Z=UndergraduateStudent158@Department2.University2.edu}, {X=http://www.Department2.University2.edu/UndergraduateStudent171, Y=http://www.Department2.University2.edu, Z=UndergraduateStudent171@Department2.University2.edu}, {X=http://www.Department2.University2.edu/UndergraduateStudent300, Y=http://www.Department2.University2.edu, Z=UndergraduateStudent300@Department2.University2.edu}, {X=http://www.Department2.University2.edu/UndergraduateStudent165, Y=http://www.Department2.University2.edu, Z=UndergraduateStudent165@Department2.University2.edu}, {X=http://www.Department2.University2.edu/UndergraduateStudent151, Y=http://www.Department2.University2.edu, Z=UndergraduateStudent151@Department2.University2.edu}, {X=http://www.Department2.University2.edu/UndergraduateStudent88, Y=http://www.Department2.University2.edu, Z=UndergraduateStudent88@Department2.University2.edu}, {X=http://www.Department2.University2.edu/UndergraduateStudent194, Y=http://www.Department2.University2.edu, Z=UndergraduateStudent194@Department2.University2.edu}, {X=http://www.Department2.University2.edu/UndergraduateStudent169, Y=http://www.Department2.University2.edu, Z=UndergraduateStudent169@Department2.University2.edu}, {X=http://www.Department2.University2.edu/GraduateStudent3, Y=http://www.Department2.University2.edu, Z=GraduateStudent3@Department2.University2.edu}, {X=http://www.Department2.University2.edu/UndergraduateStudent302, Y=http://www.Department2.University2.edu, Z=UndergraduateStudent302@Department2.University2.edu}, {X=http://www.Department2.University2.edu/UndergraduateStudent231, Y=http://www.Department2.University2.edu, Z=UndergraduateStudent231@Department2.University2.edu}, {X=http://www.Department2.University2.edu/UndergraduateStudent264, Y=http://www.Department2.University2.edu, Z=UndergraduateStudent264@Department2.University2.edu}, {X=http://www.Department2.University2.edu/UndergraduateStudent247, Y=http://www.Department2.University2.edu, Z=UndergraduateStudent247@Department2.University2.edu}, {X=http://www.Department2.University2.edu/GraduateStudent55, Y=http://www.Department2.University2.edu, Z=GraduateStudent55@Department2.University2.edu}, {X=http://www.Department2.University2.edu/GraduateStudent1, Y=http://www.Department2.University2.edu, Z=GraduateStudent1@Department2.University2.edu}, {X=http://www.Department2.University2.edu/UndergraduateStudent283, Y=http://www.Department2.University2.edu, Z=UndergraduateStudent283@Department2.University2.edu}, {X=http://www.Department2.University2.edu/UndergraduateStudent191, Y=http://www.Department2.University2.edu, Z=UndergraduateStudent191@Department2.University2.edu}, {X=http://www.Department2.University2.edu/UndergraduateStudent98, Y=http://www.Department2.University2.edu, Z=UndergraduateStudent98@Department2.University2.edu}, {X=http://www.Department2.University2.edu/GraduateStudent70, Y=http://www.Department2.University2.edu, Z=GraduateStudent70@Department2.University2.edu}, {X=http://www.Department2.University2.edu/UndergraduateStudent75, Y=http://www.Department2.University2.edu, Z=UndergraduateStudent75@Department2.University2.edu}, {X=http://www.Department2.University2.edu/UndergraduateStudent204, Y=http://www.Department2.University2.edu, Z=UndergraduateStudent204@Department2.University2.edu}, {X=http://www.Department2.University2.edu/GraduateStudent44, Y=http://www.Department2.University2.edu, Z=GraduateStudent44@Department2.University2.edu}, {X=http://www.Department2.University2.edu/UndergraduateStudent356, Y=http://www.Department2.University2.edu, Z=UndergraduateStudent356@Department2.University2.edu}, {X=http://www.Department2.University2.edu/UndergraduateStudent360, Y=http://www.Department2.University2.edu, Z=UndergraduateStudent360@Department2.University2.edu}, {X=http://www.Department2.University2.edu/UndergraduateStudent277, Y=http://www.Department2.University2.edu, Z=UndergraduateStudent277@Department2.University2.edu}, {X=http://www.Department2.University2.edu/UndergraduateStudent2, Y=http://www.Department2.University2.edu, Z=UndergraduateStudent2@Department2.University2.edu}, {X=http://www.Department2.University2.edu/UndergraduateStudent84, Y=http://www.Department2.University2.edu, Z=UndergraduateStudent84@Department2.University2.edu}, {X=http://www.Department2.University2.edu/UndergraduateStudent282, Y=http://www.Department2.University2.edu, Z=UndergraduateStudent282@Department2.University2.edu}, {X=http://www.Department2.University2.edu/UndergraduateStudent224, Y=http://www.Department2.University2.edu, Z=UndergraduateStudent224@Department2.University2.edu}, {X=http://www.Department2.University2.edu/GraduateStudent20, Y=http://www.Department2.University2.edu, Z=GraduateStudent20@Department2.University2.edu}, {X=http://www.Department2.University2.edu/UndergraduateStudent281, Y=http://www.Department2.University2.edu, Z=UndergraduateStudent281@Department2.University2.edu}, {X=http://www.Department2.University2.edu/GraduateStudent39, Y=http://www.Department2.University2.edu, Z=GraduateStudent39@Department2.University2.edu}, {X=http://www.Department2.University2.edu/UndergraduateStudent68, Y=http://www.Department2.University2.edu, Z=UndergraduateStudent68@Department2.University2.edu}, {X=http://www.Department2.University2.edu/UndergraduateStudent19, Y=http://www.Department2.University2.edu, Z=UndergraduateStudent19@Department2.University2.edu}, {X=http://www.Department2.University2.edu/UndergraduateStudent323, Y=http://www.Department2.University2.edu, Z=UndergraduateStudent323@Department2.University2.edu}, {X=http://www.Department2.University2.edu/GraduateStudent102, Y=http://www.Department2.University2.edu, Z=GraduateStudent102@Department2.University2.edu}, {X=http://www.Department2.University2.edu/GraduateStudent81, Y=http://www.Department2.University2.edu, Z=GraduateStudent81@Department2.University2.edu}, {X=http://www.Department2.University2.edu/UndergraduateStudent154, Y=http://www.Department2.University2.edu, Z=UndergraduateStudent154@Department2.University2.edu}, {X=http://www.Department2.University2.edu/GraduateStudent48, Y=http://www.Department2.University2.edu, Z=GraduateStudent48@Department2.University2.edu}, {X=http://www.Department2.University2.edu/UndergraduateStudent152, Y=http://www.Department2.University2.edu, Z=UndergraduateStudent152@Department2.University2.edu}, {X=http://www.Department2.University2.edu/UndergraduateStudent329, Y=http://www.Department2.University2.edu, Z=UndergraduateStudent329@Department2.University2.edu}, {X=http://www.Department2.University2.edu/UndergraduateStudent21, Y=http://www.Department2.University2.edu, Z=UndergraduateStudent21@Department2.University2.edu}, {X=http://www.Department2.University2.edu/UndergraduateStudent159, Y=http://www.Department2.University2.edu, Z=UndergraduateStudent159@Department2.University2.edu}, {X=http://www.Department2.University2.edu/GraduateStudent15, Y=http://www.Department2.University2.edu, Z=GraduateStudent15@Department2.University2.edu}, {X=http://www.Department2.University2.edu/UndergraduateStudent99, Y=http://www.Department2.University2.edu, Z=UndergraduateStudent99@Department2.University2.edu}, {X=http://www.Department2.University2.edu/UndergraduateStudent242, Y=http://www.Department2.University2.edu, Z=UndergraduateStudent242@Department2.University2.edu}, {X=http://www.Department2.University2.edu/UndergraduateStudent292, Y=http://www.Department2.University2.edu, Z=UndergraduateStudent292@Department2.University2.edu}, {X=http://www.Department2.University2.edu/UndergraduateStudent343, Y=http://www.Department2.University2.edu, Z=UndergraduateStudent343@Department2.University2.edu}, {X=http://www.Department2.University2.edu/UndergraduateStudent238, Y=http://www.Department2.University2.edu, Z=UndergraduateStudent238@Department2.University2.edu}, {X=http://www.Department2.University2.edu/GraduateStudent23, Y=http://www.Department2.University2.edu, Z=GraduateStudent23@Department2.University2.edu}, {X=http://www.Department2.University2.edu/UndergraduateStudent187, Y=http://www.Department2.University2.edu, Z=UndergraduateStudent187@Department2.University2.edu}, {X=http://www.Department2.University2.edu/GraduateStudent100, Y=http://www.Department2.University2.edu, Z=GraduateStudent100@Department2.University2.edu}, {X=http://www.Department2.University2.edu/UndergraduateStudent143, Y=http://www.Department2.University2.edu, Z=UndergraduateStudent143@Department2.University2.edu}, {X=http://www.Department2.University2.edu/UndergraduateStudent174, Y=http://www.Department2.University2.edu, Z=UndergraduateStudent174@Department2.University2.edu}, {X=http://www.Department2.University2.edu/GraduateStudent2, Y=http://www.Department2.University2.edu, Z=GraduateStudent2@Department2.University2.edu}, {X=http://www.Department2.University2.edu/UndergraduateStudent234, Y=http://www.Department2.University2.edu, Z=UndergraduateStudent234@Department2.University2.edu}, {X=http://www.Department2.University2.edu/UndergraduateStudent150, Y=http://www.Department2.University2.edu, Z=UndergraduateStudent150@Department2.University2.edu}, {X=http://www.Department2.University2.edu/UndergraduateStudent164, Y=http://www.Department2.University2.edu, Z=UndergraduateStudent164@Department2.University2.edu}, {X=http://www.Department2.University2.edu/UndergraduateStudent241, Y=http://www.Department2.University2.edu, Z=UndergraduateStudent241@Department2.University2.edu}, {X=http://www.Department2.University2.edu/UndergraduateStudent126, Y=http://www.Department2.University2.edu, Z=UndergraduateStudent126@Department2.University2.edu}, {X=http://www.Department2.University2.edu/UndergraduateStudent225, Y=http://www.Department2.University2.edu, Z=UndergraduateStudent225@Department2.University2.edu}, {X=http://www.Department2.University2.edu/UndergraduateStudent185, Y=http://www.Department2.University2.edu, Z=UndergraduateStudent185@Department2.University2.edu}, {X=http://www.Department2.University2.edu/UndergraduateStudent196, Y=http://www.Department2.University2.edu, Z=UndergraduateStudent196@Department2.University2.edu}, {X=http://www.Department2.University2.edu/GraduateStudent118, Y=http://www.Department2.University2.edu, Z=GraduateStudent118@Department2.University2.edu}, {X=http://www.Department2.University2.edu/UndergraduateStudent113, Y=http://www.Department2.University2.edu, Z=UndergraduateStudent113@Department2.University2.edu}, {X=http://www.Department2.University2.edu/UndergraduateStudent130, Y=http://www.Department2.University2.edu, Z=UndergraduateStudent130@Department2.University2.edu}, {X=http://www.Department2.University2.edu/UndergraduateStudent279, Y=http://www.Department2.University2.edu, Z=UndergraduateStudent279@Department2.University2.edu}, {X=http://www.Department2.University2.edu/UndergraduateStudent305, Y=http://www.Department2.University2.edu, Z=UndergraduateStudent305@Department2.University2.edu}, {X=http://www.Department2.University2.edu/GraduateStudent37, Y=http://www.Department2.University2.edu, Z=GraduateStudent37@Department2.University2.edu}, {X=http://www.Department2.University2.edu/GraduateStudent61, Y=http://www.Department2.University2.edu, Z=GraduateStudent61@Department2.University2.edu}, {X=http://www.Department2.University2.edu/UndergraduateStudent246, Y=http://www.Department2.University2.edu, Z=UndergraduateStudent246@Department2.University2.edu}, {X=http://www.Department2.University2.edu/GraduateStudent72, Y=http://www.Department2.University2.edu, Z=GraduateStudent72@Department2.University2.edu}, {X=http://www.Department2.University2.edu/UndergraduateStudent294, Y=http://www.Department2.University2.edu, Z=UndergraduateStudent294@Department2.University2.edu}, {X=http://www.Department2.University2.edu/UndergraduateStudent278, Y=http://www.Department2.University2.edu, Z=UndergraduateStudent278@Department2.University2.edu}, {X=http://www.Department2.University2.edu/UndergraduateStudent270, Y=http://www.Department2.University2.edu, Z=UndergraduateStudent270@Department2.University2.edu}, {X=http://www.Department2.University2.edu/UndergraduateStudent284, Y=http://www.Department2.University2.edu, Z=UndergraduateStudent284@Department2.University2.edu}, {X=http://www.Department2.University2.edu/UndergraduateStudent89, Y=http://www.Department2.University2.edu, Z=UndergraduateStudent89@Department2.University2.edu}, {X=http://www.Department2.University2.edu/GraduateStudent0, Y=http://www.Department2.University2.edu, Z=GraduateStudent0@Department2.University2.edu}, {X=http://www.Department2.University2.edu/UndergraduateStudent213, Y=http://www.Department2.University2.edu, Z=UndergraduateStudent213@Department2.University2.edu}, {X=http://www.Department2.University2.edu/UndergraduateStudent349, Y=http://www.Department2.University2.edu, Z=UndergraduateStudent349@Department2.University2.edu}, {X=http://www.Department2.University2.edu/UndergraduateStudent263, Y=http://www.Department2.University2.edu, Z=UndergraduateStudent263@Department2.University2.edu}, {X=http://www.Department2.University2.edu/GraduateStudent24, Y=http://www.Department2.University2.edu, Z=GraduateStudent24@Department2.University2.edu}, {X=http://www.Department2.University2.edu/UndergraduateStudent176, Y=http://www.Department2.University2.edu, Z=UndergraduateStudent176@Department2.University2.edu}, {X=http://www.Department2.University2.edu/UndergraduateStudent39, Y=http://www.Department2.University2.edu, Z=UndergraduateStudent39@Department2.University2.edu}, {X=http://www.Department2.University2.edu/UndergraduateStudent124, Y=http://www.Department2.University2.edu, Z=UndergraduateStudent124@Department2.University2.edu}, {X=http://www.Department2.University2.edu/UndergraduateStudent52, Y=http://www.Department2.University2.edu, Z=UndergraduateStudent52@Department2.University2.edu}, {X=http://www.Department2.University2.edu/UndergraduateStudent354, Y=http://www.Department2.University2.edu, Z=UndergraduateStudent354@Department2.University2.edu}, {X=http://www.Department2.University2.edu/GraduateStudent83, Y=http://www.Department2.University2.edu, Z=GraduateStudent83@Department2.University2.edu}, {X=http://www.Department2.University2.edu/UndergraduateStudent48, Y=http://www.Department2.University2.edu, Z=UndergraduateStudent48@Department2.University2.edu}, {X=http://www.Department2.University2.edu/GraduateStudent130, Y=http://www.Department2.University2.edu, Z=GraduateStudent130@Department2.University2.edu}, {X=http://www.Department2.University2.edu/UndergraduateStudent61, Y=http://www.Department2.University2.edu, Z=UndergraduateStudent61@Department2.University2.edu}, {X=http://www.Department2.University2.edu/UndergraduateStudent16, Y=http://www.Department2.University2.edu, Z=UndergraduateStudent16@Department2.University2.edu}, {X=http://www.Department2.University2.edu/UndergraduateStudent319, Y=http://www.Department2.University2.edu, Z=UndergraduateStudent319@Department2.University2.edu}, {X=http://www.Department2.University2.edu/GraduateStudent98, Y=http://www.Department2.University2.edu, Z=GraduateStudent98@Department2.University2.edu}, {X=http://www.Department2.University2.edu/UndergraduateStudent71, Y=http://www.Department2.University2.edu, Z=UndergraduateStudent71@Department2.University2.edu}, {X=http://www.Department2.University2.edu/UndergraduateStudent35, Y=http://www.Department2.University2.edu, Z=UndergraduateStudent35@Department2.University2.edu}, {X=http://www.Department2.University2.edu/GraduateStudent120, Y=http://www.Department2.University2.edu, Z=GraduateStudent120@Department2.University2.edu}, {X=http://www.Department2.University2.edu/UndergraduateStudent156, Y=http://www.Department2.University2.edu, Z=UndergraduateStudent156@Department2.University2.edu}, {X=http://www.Department2.University2.edu/UndergraduateStudent153, Y=http://www.Department2.University2.edu, Z=UndergraduateStudent153@Department2.University2.edu}, {X=http://www.Department2.University2.edu/UndergraduateStudent118, Y=http://www.Department2.University2.edu, Z=UndergraduateStudent118@Department2.University2.edu}, {X=http://www.Department2.University2.edu/GraduateStudent90, Y=http://www.Department2.University2.edu, Z=GraduateStudent90@Department2.University2.edu}, {X=http://www.Department2.University2.edu/GraduateStudent59, Y=http://www.Department2.University2.edu, Z=GraduateStudent59@Department2.University2.edu}, {X=http://www.Department2.University2.edu/GraduateStudent43, Y=http://www.Department2.University2.edu, Z=GraduateStudent43@Department2.University2.edu}, {X=http://www.Department2.University2.edu/UndergraduateStudent317, Y=http://www.Department2.University2.edu, Z=UndergraduateStudent317@Department2.University2.edu}, {X=http://www.Department2.University2.edu/UndergraduateStudent121, Y=http://www.Department2.University2.edu, Z=UndergraduateStudent121@Department2.University2.edu}, {X=http://www.Department2.University2.edu/UndergraduateStudent144, Y=http://www.Department2.University2.edu, Z=UndergraduateStudent144@Department2.University2.edu}, {X=http://www.Department2.University2.edu/UndergraduateStudent251, Y=http://www.Department2.University2.edu, Z=UndergraduateStudent251@Department2.University2.edu}, {X=http://www.Department2.University2.edu/UndergraduateStudent141, Y=http://www.Department2.University2.edu, Z=UndergraduateStudent141@Department2.University2.edu}, {X=http://www.Department2.University2.edu/UndergraduateStudent265, Y=http://www.Department2.University2.edu, Z=UndergraduateStudent265@Department2.University2.edu}, {X=http://www.Department2.University2.edu/GraduateStudent115, Y=http://www.Department2.University2.edu, Z=GraduateStudent115@Department2.University2.edu}, {X=http://www.Department2.University2.edu/UndergraduateStudent268, Y=http://www.Department2.University2.edu, Z=UndergraduateStudent268@Department2.University2.edu}, {X=http://www.Department2.University2.edu/GraduateStudent66, Y=http://www.Department2.University2.edu, Z=GraduateStudent66@Department2.University2.edu}, {X=http://www.Department2.University2.edu/GraduateStudent5, Y=http://www.Department2.University2.edu, Z=GraduateStudent5@Department2.University2.edu}, {X=http://www.Department2.University2.edu/UndergraduateStudent310, Y=http://www.Department2.University2.edu, Z=UndergraduateStudent310@Department2.University2.edu}, {X=http://www.Department2.University2.edu/UndergraduateStudent183, Y=http://www.Department2.University2.edu, Z=UndergraduateStudent183@Department2.University2.edu}, {X=http://www.Department2.University2.edu/UndergraduateStudent248, Y=http://www.Department2.University2.edu, Z=UndergraduateStudent248@Department2.University2.edu}, {X=http://www.Department2.University2.edu/GraduateStudent69, Y=http://www.Department2.University2.edu, Z=GraduateStudent69@Department2.University2.edu}, {X=http://www.Department2.University2.edu/UndergraduateStudent94, Y=http://www.Department2.University2.edu, Z=UndergraduateStudent94@Department2.University2.edu}, {X=http://www.Department2.University2.edu/GraduateStudent73, Y=http://www.Department2.University2.edu, Z=GraduateStudent73@Department2.University2.edu}, {X=http://www.Department2.University2.edu/UndergraduateStudent138, Y=http://www.Department2.University2.edu, Z=UndergraduateStudent138@Department2.University2.edu}, {X=http://www.Department2.University2.edu/UndergraduateStudent37, Y=http://www.Department2.University2.edu, Z=UndergraduateStudent37@Department2.University2.edu}, {X=http://www.Department2.University2.edu/UndergraduateStudent233, Y=http://www.Department2.University2.edu, Z=UndergraduateStudent233@Department2.University2.edu}, {X=http://www.Department2.University2.edu/UndergraduateStudent291, Y=http://www.Department2.University2.edu, Z=UndergraduateStudent291@Department2.University2.edu}, {X=http://www.Department2.University2.edu/UndergraduateStudent212, Y=http://www.Department2.University2.edu, Z=UndergraduateStudent212@Department2.University2.edu}, {X=http://www.Department2.University2.edu/UndergraduateStudent55, Y=http://www.Department2.University2.edu, Z=UndergraduateStudent55@Department2.University2.edu}, {X=http://www.Department2.University2.edu/UndergraduateStudent91, Y=http://www.Department2.University2.edu, Z=UndergraduateStudent91@Department2.University2.edu}, {X=http://www.Department2.University2.edu/UndergraduateStudent222, Y=http://www.Department2.University2.edu, Z=UndergraduateStudent222@Department2.University2.edu}, {X=http://www.Department2.University2.edu/UndergraduateStudent309, Y=http://www.Department2.University2.edu, Z=UndergraduateStudent309@Department2.University2.edu}, {X=http://www.Department2.University2.edu/UndergraduateStudent332, Y=http://www.Department2.University2.edu, Z=UndergraduateStudent332@Department2.University2.edu}, {X=http://www.Department2.University2.edu/GraduateStudent131, Y=http://www.Department2.University2.edu, Z=GraduateStudent131@Department2.University2.edu}, {X=http://www.Department2.University2.edu/GraduateStudent53, Y=http://www.Department2.University2.edu, Z=GraduateStudent53@Department2.University2.edu}, {X=http://www.Department2.University2.edu/GraduateStudent112, Y=http://www.Department2.University2.edu, Z=GraduateStudent112@Department2.University2.edu}, {X=http://www.Department2.University2.edu/UndergraduateStudent73, Y=http://www.Department2.University2.edu, Z=UndergraduateStudent73@Department2.University2.edu}, {X=http://www.Department2.University2.edu/UndergraduateStudent7, Y=http://www.Department2.University2.edu, Z=UndergraduateStudent7@Department2.University2.edu}, {X=http://www.Department2.University2.edu/UndergraduateStudent116, Y=http://www.Department2.University2.edu, Z=UndergraduateStudent116@Department2.University2.edu}, {X=http://www.Department2.University2.edu/UndergraduateStudent92, Y=http://www.Department2.University2.edu, Z=UndergraduateStudent92@Department2.University2.edu}, {X=http://www.Department2.University2.edu/UndergraduateStudent201, Y=http://www.Department2.University2.edu, Z=UndergraduateStudent201@Department2.University2.edu}, {X=http://www.Department2.University2.edu/GraduateStudent29, Y=http://www.Department2.University2.edu, Z=GraduateStudent29@Department2.University2.edu}, {X=http://www.Department2.University2.edu/UndergraduateStudent85, Y=http://www.Department2.University2.edu, Z=UndergraduateStudent85@Department2.University2.edu}, {X=http://www.Department2.University2.edu/UndergraduateStudent227, Y=http://www.Department2.University2.edu, Z=UndergraduateStudent227@Department2.University2.edu}, {X=http://www.Department2.University2.edu/UndergraduateStudent3, Y=http://www.Department2.University2.edu, Z=UndergraduateStudent3@Department2.University2.edu}, {X=http://www.Department2.University2.edu/UndergraduateStudent240, Y=http://www.Department2.University2.edu, Z=UndergraduateStudent240@Department2.University2.edu}, {X=http://www.Department2.University2.edu/UndergraduateStudent197, Y=http://www.Department2.University2.edu, Z=UndergraduateStudent197@Department2.University2.edu}, {X=http://www.Department2.University2.edu/UndergraduateStudent123, Y=http://www.Department2.University2.edu, Z=UndergraduateStudent123@Department2.University2.edu}, {X=http://www.Department2.University2.edu/UndergraduateStudent311, Y=http://www.Department2.University2.edu, Z=UndergraduateStudent311@Department2.University2.edu}, {X=http://www.Department2.University2.edu/GraduateStudent51, Y=http://www.Department2.University2.edu, Z=GraduateStudent51@Department2.University2.edu}, {X=http://www.Department2.University2.edu/UndergraduateStudent285, Y=http://www.Department2.University2.edu, Z=UndergraduateStudent285@Department2.University2.edu}, {X=http://www.Department2.University2.edu/UndergraduateStudent333, Y=http://www.Department2.University2.edu, Z=UndergraduateStudent333@Department2.University2.edu}, {X=http://www.Department2.University2.edu/GraduateStudent8, Y=http://www.Department2.University2.edu, Z=GraduateStudent8@Department2.University2.edu}, {X=http://www.Department2.University2.edu/GraduateStudent132, Y=http://www.Department2.University2.edu, Z=GraduateStudent132@Department2.University2.edu}, {X=http://www.Department2.University2.edu/UndergraduateStudent218, Y=http://www.Department2.University2.edu, Z=UndergraduateStudent218@Department2.University2.edu}, {X=http://www.Department2.University2.edu/GraduateStudent121, Y=http://www.Department2.University2.edu, Z=GraduateStudent121@Department2.University2.edu}, {X=http://www.Department2.University2.edu/GraduateStudent127, Y=http://www.Department2.University2.edu, Z=GraduateStudent127@Department2.University2.edu}, {X=http://www.Department2.University2.edu/UndergraduateStudent25, Y=http://www.Department2.University2.edu, Z=UndergraduateStudent25@Department2.University2.edu}, {X=http://www.Department2.University2.edu/UndergraduateStudent254, Y=http://www.Department2.University2.edu, Z=UndergraduateStudent254@Department2.University2.edu}, {X=http://www.Department2.University2.edu/GraduateStudent108, Y=http://www.Department2.University2.edu, Z=GraduateStudent108@Department2.University2.edu}, {X=http://www.Department2.University2.edu/UndergraduateStudent47, Y=http://www.Department2.University2.edu, Z=UndergraduateStudent47@Department2.University2.edu}, {X=http://www.Department2.University2.edu/GraduateStudent16, Y=http://www.Department2.University2.edu, Z=GraduateStudent16@Department2.University2.edu}, {X=http://www.Department2.University2.edu/GraduateStudent21, Y=http://www.Department2.University2.edu, Z=GraduateStudent21@Department2.University2.edu}, {X=http://www.Department2.University2.edu/UndergraduateStudent221, Y=http://www.Department2.University2.edu, Z=UndergraduateStudent221@Department2.University2.edu}, {X=http://www.Department2.University2.edu/GraduateStudent10, Y=http://www.Department2.University2.edu, Z=GraduateStudent10@Department2.University2.edu}, {X=http://www.Department2.University2.edu/UndergraduateStudent219, Y=http://www.Department2.University2.edu, Z=UndergraduateStudent219@Department2.University2.edu}, {X=http://www.Department2.University2.edu/UndergraduateStudent24, Y=http://www.Department2.University2.edu, Z=UndergraduateStudent24@Department2.University2.edu}, {X=http://www.Department2.University2.edu/UndergraduateStudent330, Y=http://www.Department2.University2.edu, Z=UndergraduateStudent330@Department2.University2.edu}, {X=http://www.Department2.University2.edu/UndergraduateStudent297, Y=http://www.Department2.University2.edu, Z=UndergraduateStudent297@Department2.University2.edu}, {X=http://www.Department2.University2.edu/UndergraduateStudent308, Y=http://www.Department2.University2.edu, Z=UndergraduateStudent308@Department2.University2.edu}, {X=http://www.Department2.University2.edu/UndergraduateStudent128, Y=http://www.Department2.University2.edu, Z=UndergraduateStudent128@Department2.University2.edu}, {X=http://www.Department2.University2.edu/UndergraduateStudent358, Y=http://www.Department2.University2.edu, Z=UndergraduateStudent358@Department2.University2.edu}, {X=http://www.Department2.University2.edu/UndergraduateStudent13, Y=http://www.Department2.University2.edu, Z=UndergraduateStudent13@Department2.University2.edu}, {X=http://www.Department2.University2.edu/GraduateStudent129, Y=http://www.Department2.University2.edu, Z=GraduateStudent129@Department2.University2.edu}, {X=http://www.Department2.University2.edu/UndergraduateStudent253, Y=http://www.Department2.University2.edu, Z=UndergraduateStudent253@Department2.University2.edu}, {X=http://www.Department2.University2.edu/UndergraduateStudent29, Y=http://www.Department2.University2.edu, Z=UndergraduateStudent29@Department2.University2.edu}, {X=http://www.Department2.University2.edu/UndergraduateStudent193, Y=http://www.Department2.University2.edu, Z=UndergraduateStudent193@Department2.University2.edu}, {X=http://www.Department2.University2.edu/GraduateStudent46, Y=http://www.Department2.University2.edu, Z=GraduateStudent46@Department2.University2.edu}, {X=http://www.Department2.University2.edu/UndergraduateStudent122, Y=http://www.Department2.University2.edu, Z=UndergraduateStudent122@Department2.University2.edu}, {X=http://www.Department2.University2.edu/UndergraduateStudent56, Y=http://www.Department2.University2.edu, Z=UndergraduateStudent56@Department2.University2.edu}, {X=http://www.Department2.University2.edu/GraduateStudent125, Y=http://www.Department2.University2.edu, Z=GraduateStudent125@Department2.University2.edu}, {X=http://www.Department2.University2.edu/UndergraduateStudent202, Y=http://www.Department2.University2.edu, Z=UndergraduateStudent202@Department2.University2.edu}, {X=http://www.Department2.University2.edu/GraduateStudent86, Y=http://www.Department2.University2.edu, Z=GraduateStudent86@Department2.University2.edu}, {X=http://www.Department2.University2.edu/UndergraduateStudent262, Y=http://www.Department2.University2.edu, Z=UndergraduateStudent262@Department2.University2.edu}, {X=http://www.Department2.University2.edu/UndergraduateStudent163, Y=http://www.Department2.University2.edu, Z=UndergraduateStudent163@Department2.University2.edu}, {X=http://www.Department2.University2.edu/UndergraduateStudent148, Y=http://www.Department2.University2.edu, Z=UndergraduateStudent148@Department2.University2.edu}, {X=http://www.Department2.University2.edu/UndergraduateStudent76, Y=http://www.Department2.University2.edu, Z=UndergraduateStudent76@Department2.University2.edu}, {X=http://www.Department2.University2.edu/GraduateStudent27, Y=http://www.Department2.University2.edu, Z=GraduateStudent27@Department2.University2.edu}, {X=http://www.Department2.University2.edu/GraduateStudent64, Y=http://www.Department2.University2.edu, Z=GraduateStudent64@Department2.University2.edu}, {X=http://www.Department2.University2.edu/UndergraduateStudent351, Y=http://www.Department2.University2.edu, Z=UndergraduateStudent351@Department2.University2.edu}, {X=http://www.Department2.University2.edu/UndergraduateStudent78, Y=http://www.Department2.University2.edu, Z=UndergraduateStudent78@Department2.University2.edu}, {X=http://www.Department2.University2.edu/GraduateStudent49, Y=http://www.Department2.University2.edu, Z=GraduateStudent49@Department2.University2.edu}, {X=http://www.Department2.University2.edu/UndergraduateStudent338, Y=http://www.Department2.University2.edu, Z=UndergraduateStudent338@Department2.University2.edu}, {X=http://www.Department2.University2.edu/UndergraduateStudent36, Y=http://www.Department2.University2.edu, Z=UndergraduateStudent36@Department2.University2.edu}, {X=http://www.Department2.University2.edu/UndergraduateStudent339, Y=http://www.Department2.University2.edu, Z=UndergraduateStudent339@Department2.University2.edu}, {X=http://www.Department2.University2.edu/GraduateStudent87, Y=http://www.Department2.University2.edu, Z=GraduateStudent87@Department2.University2.edu}, {X=http://www.Department2.University2.edu/UndergraduateStudent167, Y=http://www.Department2.University2.edu, Z=UndergraduateStudent167@Department2.University2.edu}, {X=http://www.Department2.University2.edu/GraduateStudent119, Y=http://www.Department2.University2.edu, Z=GraduateStudent119@Department2.University2.edu}, {X=http://www.Department2.University2.edu/UndergraduateStudent72, Y=http://www.Department2.University2.edu, Z=UndergraduateStudent72@Department2.University2.edu}, {X=http://www.Department2.University2.edu/UndergraduateStudent77, Y=http://www.Department2.University2.edu, Z=UndergraduateStudent77@Department2.University2.edu}, {X=http://www.Department2.University2.edu/GraduateStudent97, Y=http://www.Department2.University2.edu, Z=GraduateStudent97@Department2.University2.edu}, {X=http://www.Department2.University2.edu/GraduateStudent54, Y=http://www.Department2.University2.edu, Z=GraduateStudent54@Department2.University2.edu}, {X=http://www.Department2.University2.edu/UndergraduateStudent9, Y=http://www.Department2.University2.edu, Z=UndergraduateStudent9@Department2.University2.edu}, {X=http://www.Department2.University2.edu/UndergraduateStudent65, Y=http://www.Department2.University2.edu, Z=UndergraduateStudent65@Department2.University2.edu}, {X=http://www.Department2.University2.edu/UndergraduateStudent11, Y=http://www.Department2.University2.edu, Z=UndergraduateStudent11@Department2.University2.edu}, {X=http://www.Department2.University2.edu/UndergraduateStudent208, Y=http://www.Department2.University2.edu, Z=UndergraduateStudent208@Department2.University2.edu}, {X=http://www.Department2.University2.edu/GraduateStudent128, Y=http://www.Department2.University2.edu, Z=GraduateStudent128@Department2.University2.edu}, {X=http://www.Department2.University2.edu/UndergraduateStudent322, Y=http://www.Department2.University2.edu, Z=UndergraduateStudent322@Department2.University2.edu}, {X=http://www.Department2.University2.edu/GraduateStudent89, Y=http://www.Department2.University2.edu, Z=GraduateStudent89@Department2.University2.edu}, {X=http://www.Department2.University2.edu/UndergraduateStudent28, Y=http://www.Department2.University2.edu, Z=UndergraduateStudent28@Department2.University2.edu}, {X=http://www.Department2.University2.edu/GraduateStudent25, Y=http://www.Department2.University2.edu, Z=GraduateStudent25@Department2.University2.edu}, {X=http://www.Department2.University2.edu/UndergraduateStudent134, Y=http://www.Department2.University2.edu, Z=UndergraduateStudent134@Department2.University2.edu}, {X=http://www.Department2.University2.edu/UndergraduateStudent335, Y=http://www.Department2.University2.edu, Z=UndergraduateStudent335@Department2.University2.edu}, {X=http://www.Department2.University2.edu/UndergraduateStudent288, Y=http://www.Department2.University2.edu, Z=UndergraduateStudent288@Department2.University2.edu}, {X=http://www.Department2.University2.edu/UndergraduateStudent97, Y=http://www.Department2.University2.edu, Z=UndergraduateStudent97@Department2.University2.edu}, {X=http://www.Department2.University2.edu/UndergraduateStudent125, Y=http://www.Department2.University2.edu, Z=UndergraduateStudent125@Department2.University2.edu}, {X=http://www.Department2.University2.edu/GraduateStudent76, Y=http://www.Department2.University2.edu, Z=GraduateStudent76@Department2.University2.edu}, {X=http://www.Department2.University2.edu/GraduateStudent28, Y=http://www.Department2.University2.edu, Z=GraduateStudent28@Department2.University2.edu}, {X=http://www.Department2.University2.edu/UndergraduateStudent137, Y=http://www.Department2.University2.edu, Z=UndergraduateStudent137@Department2.University2.edu}, {X=http://www.Department2.University2.edu/UndergraduateStudent162, Y=http://www.Department2.University2.edu, Z=UndergraduateStudent162@Department2.University2.edu}, {X=http://www.Department2.University2.edu/UndergraduateStudent293, Y=http://www.Department2.University2.edu, Z=UndergraduateStudent293@Department2.University2.edu}, {X=http://www.Department2.University2.edu/UndergraduateStudent328, Y=http://www.Department2.University2.edu, Z=UndergraduateStudent328@Department2.University2.edu}, {X=http://www.Department2.University2.edu/UndergraduateStudent350, Y=http://www.Department2.University2.edu, Z=UndergraduateStudent350@Department2.University2.edu}, {X=http://www.Department2.University2.edu/UndergraduateStudent269, Y=http://www.Department2.University2.edu, Z=UndergraduateStudent269@Department2.University2.edu}, {X=http://www.Department2.University2.edu/UndergraduateStudent64, Y=http://www.Department2.University2.edu, Z=UndergraduateStudent64@Department2.University2.edu}, {X=http://www.Department2.University2.edu/UndergraduateStudent272, Y=http://www.Department2.University2.edu, Z=UndergraduateStudent272@Department2.University2.edu}, {X=http://www.Department2.University2.edu/UndergraduateStudent245, Y=http://www.Department2.University2.edu, Z=UndergraduateStudent245@Department2.University2.edu}, {X=http://www.Department2.University2.edu/UndergraduateStudent95, Y=http://www.Department2.University2.edu, Z=UndergraduateStudent95@Department2.University2.edu}, {X=http://www.Department2.University2.edu/UndergraduateStudent109, Y=http://www.Department2.University2.edu, Z=UndergraduateStudent109@Department2.University2.edu}, {X=http://www.Department2.University2.edu/UndergraduateStudent179, Y=http://www.Department2.University2.edu, Z=UndergraduateStudent179@Department2.University2.edu}, {X=http://www.Department2.University2.edu/GraduateStudent63, Y=http://www.Department2.University2.edu, Z=GraduateStudent63@Department2.University2.edu}, {X=http://www.Department2.University2.edu/GraduateStudent19, Y=http://www.Department2.University2.edu, Z=GraduateStudent19@Department2.University2.edu}, {X=http://www.Department2.University2.edu/GraduateStudent22, Y=http://www.Department2.University2.edu, Z=GraduateStudent22@Department2.University2.edu}, {X=http://www.Department2.University2.edu/UndergraduateStudent4, Y=http://www.Department2.University2.edu, Z=UndergraduateStudent4@Department2.University2.edu}, {X=http://www.Department2.University2.edu/UndergraduateStudent280, Y=http://www.Department2.University2.edu, Z=UndergraduateStudent280@Department2.University2.edu}, {X=http://www.Department2.University2.edu/GraduateStudent12, Y=http://www.Department2.University2.edu, Z=GraduateStudent12@Department2.University2.edu}, {X=http://www.Department2.University2.edu/UndergraduateStudent38, Y=http://www.Department2.University2.edu, Z=UndergraduateStudent38@Department2.University2.edu}, {X=http://www.Department2.University2.edu/UndergraduateStudent93, Y=http://www.Department2.University2.edu, Z=UndergraduateStudent93@Department2.University2.edu}, {X=http://www.Department2.University2.edu/UndergraduateStudent58, Y=http://www.Department2.University2.edu, Z=UndergraduateStudent58@Department2.University2.edu}, {X=http://www.Department2.University2.edu/UndergraduateStudent223, Y=http://www.Department2.University2.edu, Z=UndergraduateStudent223@Department2.University2.edu}, {X=http://www.Department2.University2.edu/UndergraduateStudent146, Y=http://www.Department2.University2.edu, Z=UndergraduateStudent146@Department2.University2.edu}, {X=http://www.Department2.University2.edu/UndergraduateStudent32, Y=http://www.Department2.University2.edu, Z=UndergraduateStudent32@Department2.University2.edu}, {X=http://www.Department2.University2.edu/UndergraduateStudent220, Y=http://www.Department2.University2.edu, Z=UndergraduateStudent220@Department2.University2.edu}, {X=http://www.Department2.University2.edu/GraduateStudent82, Y=http://www.Department2.University2.edu, Z=GraduateStudent82@Department2.University2.edu}, {X=http://www.Department2.University2.edu/UndergraduateStudent286, Y=http://www.Department2.University2.edu, Z=UndergraduateStudent286@Department2.University2.edu}, {X=http://www.Department2.University2.edu/UndergraduateStudent295, Y=http://www.Department2.University2.edu, Z=UndergraduateStudent295@Department2.University2.edu}, {X=http://www.Department2.University2.edu/UndergraduateStudent267, Y=http://www.Department2.University2.edu, Z=UndergraduateStudent267@Department2.University2.edu}, {X=http://www.Department2.University2.edu/UndergraduateStudent34, Y=http://www.Department2.University2.edu, Z=UndergraduateStudent34@Department2.University2.edu}, {X=http://www.Department2.University2.edu/UndergraduateStudent355, Y=http://www.Department2.University2.edu, Z=UndergraduateStudent355@Department2.University2.edu}, {X=http://www.Department2.University2.edu/GraduateStudent4, Y=http://www.Department2.University2.edu, Z=GraduateStudent4@Department2.University2.edu}, {X=http://www.Department2.University2.edu/UndergraduateStudent320, Y=http://www.Department2.University2.edu, Z=UndergraduateStudent320@Department2.University2.edu}, {X=http://www.Department2.University2.edu/UndergraduateStudent321, Y=http://www.Department2.University2.edu, Z=UndergraduateStudent321@Department2.University2.edu}, {X=http://www.Department2.University2.edu/GraduateStudent60, Y=http://www.Department2.University2.edu, Z=GraduateStudent60@Department2.University2.edu}, {X=http://www.Department2.University2.edu/UndergraduateStudent275, Y=http://www.Department2.University2.edu, Z=UndergraduateStudent275@Department2.University2.edu}, {X=http://www.Department2.University2.edu/GraduateStudent26, Y=http://www.Department2.University2.edu, Z=GraduateStudent26@Department2.University2.edu}, {X=http://www.Department2.University2.edu/UndergraduateStudent318, Y=http://www.Department2.University2.edu, Z=UndergraduateStudent318@Department2.University2.edu}, {X=http://www.Department2.University2.edu/UndergraduateStudent57, Y=http://www.Department2.University2.edu, Z=UndergraduateStudent57@Department2.University2.edu}, {X=http://www.Department2.University2.edu/UndergraduateStudent115, Y=http://www.Department2.University2.edu, Z=UndergraduateStudent115@Department2.University2.edu}, {X=http://www.Department2.University2.edu/GraduateStudent106, Y=http://www.Department2.University2.edu, Z=GraduateStudent106@Department2.University2.edu}, {X=http://www.Department2.University2.edu/GraduateStudent38, Y=http://www.Department2.University2.edu, Z=GraduateStudent38@Department2.University2.edu}, {X=http://www.Department2.University2.edu/GraduateStudent34, Y=http://www.Department2.University2.edu, Z=GraduateStudent34@Department2.University2.edu}, {X=http://www.Department2.University2.edu/UndergraduateStudent147, Y=http://www.Department2.University2.edu, Z=UndergraduateStudent147@Department2.University2.edu}, {X=http://www.Department2.University2.edu/UndergraduateStudent46, Y=http://www.Department2.University2.edu, Z=UndergraduateStudent46@Department2.University2.edu}, {X=http://www.Department2.University2.edu/UndergraduateStudent79, Y=http://www.Department2.University2.edu, Z=UndergraduateStudent79@Department2.University2.edu}, {X=http://www.Department2.University2.edu/UndergraduateStudent63, Y=http://www.Department2.University2.edu, Z=UndergraduateStudent63@Department2.University2.edu}, {X=http://www.Department2.University2.edu/UndergraduateStudent336, Y=http://www.Department2.University2.edu, Z=UndergraduateStudent336@Department2.University2.edu}, {X=http://www.Department2.University2.edu/UndergraduateStudent256, Y=http://www.Department2.University2.edu, Z=UndergraduateStudent256@Department2.University2.edu}, {X=http://www.Department2.University2.edu/GraduateStudent42, Y=http://www.Department2.University2.edu, Z=GraduateStudent42@Department2.University2.edu}, {X=http://www.Department2.University2.edu/UndergraduateStudent214, Y=http://www.Department2.University2.edu, Z=UndergraduateStudent214@Department2.University2.edu}, {X=http://www.Department2.University2.edu/GraduateStudent92, Y=http://www.Department2.University2.edu, Z=GraduateStudent92@Department2.University2.edu}, {X=http://www.Department2.University2.edu/UndergraduateStudent313, Y=http://www.Department2.University2.edu, Z=UndergraduateStudent313@Department2.University2.edu}, {X=http://www.Department2.University2.edu/UndergraduateStudent42, Y=http://www.Department2.University2.edu, Z=UndergraduateStudent42@Department2.University2.edu}, {X=http://www.Department2.University2.edu/UndergraduateStudent100, Y=http://www.Department2.University2.edu, Z=UndergraduateStudent100@Department2.University2.edu}, {X=http://www.Department2.University2.edu/UndergraduateStudent83, Y=http://www.Department2.University2.edu, Z=UndergraduateStudent83@Department2.University2.edu}, {X=http://www.Department2.University2.edu/UndergraduateStudent69, Y=http://www.Department2.University2.edu, Z=UndergraduateStudent69@Department2.University2.edu}, {X=http://www.Department2.University2.edu/GraduateStudent91, Y=http://www.Department2.University2.edu, Z=GraduateStudent91@Department2.University2.edu}, {X=http://www.Department2.University2.edu/UndergraduateStudent111, Y=http://www.Department2.University2.edu, Z=UndergraduateStudent111@Department2.University2.edu}, {X=http://www.Department2.University2.edu/UndergraduateStudent20, Y=http://www.Department2.University2.edu, Z=UndergraduateStudent20@Department2.University2.edu}, {X=http://www.Department2.University2.edu/UndergraduateStudent87, Y=http://www.Department2.University2.edu, Z=UndergraduateStudent87@Department2.University2.edu}, {X=http://www.Department2.University2.edu/UndergraduateStudent190, Y=http://www.Department2.University2.edu, Z=UndergraduateStudent190@Department2.University2.edu}, {X=http://www.Department2.University2.edu/UndergraduateStudent189, Y=http://www.Department2.University2.edu, Z=UndergraduateStudent189@Department2.University2.edu}, {X=http://www.Department2.University2.edu/UndergraduateStudent5, Y=http://www.Department2.University2.edu, Z=UndergraduateStudent5@Department2.University2.edu}, {X=http://www.Department2.University2.edu/GraduateStudent30, Y=http://www.Department2.University2.edu, Z=GraduateStudent30@Department2.University2.edu}, {X=http://www.Department2.University2.edu/GraduateStudent32, Y=http://www.Department2.University2.edu, Z=GraduateStudent32@Department2.University2.edu}, {X=http://www.Department2.University2.edu/UndergraduateStudent331, Y=http://www.Department2.University2.edu, Z=UndergraduateStudent331@Department2.University2.edu}, {X=http://www.Department2.University2.edu/GraduateStudent65, Y=http://www.Department2.University2.edu, Z=GraduateStudent65@Department2.University2.edu}, {X=http://www.Department2.University2.edu/UndergraduateStudent226, Y=http://www.Department2.University2.edu, Z=UndergraduateStudent226@Department2.University2.edu}, {X=http://www.Department2.University2.edu/UndergraduateStudent44, Y=http://www.Department2.University2.edu, Z=UndergraduateStudent44@Department2.University2.edu}, {X=http://www.Department2.University2.edu/UndergraduateStudent132, Y=http://www.Department2.University2.edu, Z=UndergraduateStudent132@Department2.University2.edu}, {X=http://www.Department2.University2.edu/UndergraduateStudent33, Y=http://www.Department2.University2.edu, Z=UndergraduateStudent33@Department2.University2.edu}, {X=http://www.Department2.University2.edu/GraduateStudent7, Y=http://www.Department2.University2.edu, Z=GraduateStudent7@Department2.University2.edu}, {X=http://www.Department2.University2.edu/UndergraduateStudent166, Y=http://www.Department2.University2.edu, Z=UndergraduateStudent166@Department2.University2.edu}, {X=http://www.Department2.University2.edu/UndergraduateStudent74, Y=http://www.Department2.University2.edu, Z=UndergraduateStudent74@Department2.University2.edu}, {X=http://www.Department2.University2.edu/UndergraduateStudent207, Y=http://www.Department2.University2.edu, Z=UndergraduateStudent207@Department2.University2.edu}, {X=http://www.Department2.University2.edu/UndergraduateStudent244, Y=http://www.Department2.University2.edu, Z=UndergraduateStudent244@Department2.University2.edu}, {X=http://www.Department2.University2.edu/UndergraduateStudent175, Y=http://www.Department2.University2.edu, Z=UndergraduateStudent175@Department2.University2.edu}, {X=http://www.Department2.University2.edu/UndergraduateStudent45, Y=http://www.Department2.University2.edu, Z=UndergraduateStudent45@Department2.University2.edu}, {X=http://www.Department2.University2.edu/UndergraduateStudent127, Y=http://www.Department2.University2.edu, Z=UndergraduateStudent127@Department2.University2.edu}, {X=http://www.Department2.University2.edu/GraduateStudent93, Y=http://www.Department2.University2.edu, Z=GraduateStudent93@Department2.University2.edu}, {X=http://www.Department2.University2.edu/UndergraduateStudent8, Y=http://www.Department2.University2.edu, Z=UndergraduateStudent8@Department2.University2.edu}, {X=http://www.Department2.University2.edu/UndergraduateStudent53, Y=http://www.Department2.University2.edu, Z=UndergraduateStudent53@Department2.University2.edu}, {X=http://www.Department2.University2.edu/UndergraduateStudent200, Y=http://www.Department2.University2.edu, Z=UndergraduateStudent200@Department2.University2.edu}, {X=http://www.Department2.University2.edu/UndergraduateStudent232, Y=http://www.Department2.University2.edu, Z=UndergraduateStudent232@Department2.University2.edu}, {X=http://www.Department2.University2.edu/UndergraduateStudent273, Y=http://www.Department2.University2.edu, Z=UndergraduateStudent273@Department2.University2.edu}, {X=http://www.Department2.University2.edu/GraduateStudent79, Y=http://www.Department2.University2.edu, Z=GraduateStudent79@Department2.University2.edu}, {X=http://www.Department2.University2.edu/GraduateStudent94, Y=http://www.Department2.University2.edu, Z=GraduateStudent94@Department2.University2.edu}, {X=http://www.Department2.University2.edu/GraduateStudent95, Y=http://www.Department2.University2.edu, Z=GraduateStudent95@Department2.University2.edu}, {X=http://www.Department2.University2.edu/UndergraduateStudent353, Y=http://www.Department2.University2.edu, Z=UndergraduateStudent353@Department2.University2.edu}, {X=http://www.Department2.University2.edu/UndergraduateStudent18, Y=http://www.Department2.University2.edu, Z=UndergraduateStudent18@Department2.University2.edu}, {X=http://www.Department2.University2.edu/GraduateStudent110, Y=http://www.Department2.University2.edu, Z=GraduateStudent110@Department2.University2.edu}, {X=http://www.Department2.University2.edu/UndergraduateStudent334, Y=http://www.Department2.University2.edu, Z=UndergraduateStudent334@Department2.University2.edu}, {X=http://www.Department2.University2.edu/UndergraduateStudent27, Y=http://www.Department2.University2.edu, Z=UndergraduateStudent27@Department2.University2.edu}, {X=http://www.Department2.University2.edu/UndergraduateStudent250, Y=http://www.Department2.University2.edu, Z=UndergraduateStudent250@Department2.University2.edu}, {X=http://www.Department2.University2.edu/UndergraduateStudent30, Y=http://www.Department2.University2.edu, Z=UndergraduateStudent30@Department2.University2.edu}, {X=http://www.Department2.University2.edu/UndergraduateStudent289, Y=http://www.Department2.University2.edu, Z=UndergraduateStudent289@Department2.University2.edu}, {X=http://www.Department2.University2.edu/UndergraduateStudent257, Y=http://www.Department2.University2.edu, Z=UndergraduateStudent257@Department2.University2.edu}, {X=http://www.Department2.University2.edu/UndergraduateStudent155, Y=http://www.Department2.University2.edu, Z=UndergraduateStudent155@Department2.University2.edu}, {X=http://www.Department2.University2.edu/UndergraduateStudent327, Y=http://www.Department2.University2.edu, Z=UndergraduateStudent327@Department2.University2.edu}, {X=http://www.Department2.University2.edu/UndergraduateStudent66, Y=http://www.Department2.University2.edu, Z=UndergraduateStudent66@Department2.University2.edu}, {X=http://www.Department2.University2.edu/UndergraduateStudent229, Y=http://www.Department2.University2.edu, Z=UndergraduateStudent229@Department2.University2.edu}, {X=http://www.Department2.University2.edu/UndergraduateStudent346, Y=http://www.Department2.University2.edu, Z=UndergraduateStudent346@Department2.University2.edu}, {X=http://www.Department2.University2.edu/UndergraduateStudent180, Y=http://www.Department2.University2.edu, Z=UndergraduateStudent180@Department2.University2.edu}, {X=http://www.Department2.University2.edu/GraduateStudent105, Y=http://www.Department2.University2.edu, Z=GraduateStudent105@Department2.University2.edu}, {X=http://www.Department2.University2.edu/GraduateStudent77, Y=http://www.Department2.University2.edu, Z=GraduateStudent77@Department2.University2.edu}, {X=http://www.Department2.University2.edu/UndergraduateStudent17, Y=http://www.Department2.University2.edu, Z=UndergraduateStudent17@Department2.University2.edu}, {X=http://www.Department2.University2.edu/GraduateStudent78, Y=http://www.Department2.University2.edu, Z=GraduateStudent78@Department2.University2.edu}, {X=http://www.Department2.University2.edu/UndergraduateStudent81, Y=http://www.Department2.University2.edu, Z=UndergraduateStudent81@Department2.University2.edu}, {X=http://www.Department2.University2.edu/UndergraduateStudent228, Y=http://www.Department2.University2.edu, Z=UndergraduateStudent228@Department2.University2.edu}, {X=http://www.Department2.University2.edu/UndergraduateStudent49, Y=http://www.Department2.University2.edu, Z=UndergraduateStudent49@Department2.University2.edu}, {X=http://www.Department2.University2.edu/GraduateStudent45, Y=http://www.Department2.University2.edu, Z=GraduateStudent45@Department2.University2.edu}, {X=http://www.Department2.University2.edu/UndergraduateStudent216, Y=http://www.Department2.University2.edu, Z=UndergraduateStudent216@Department2.University2.edu}, {X=http://www.Department2.University2.edu/UndergraduateStudent142, Y=http://www.Department2.University2.edu, Z=UndergraduateStudent142@Department2.University2.edu}, {X=http://www.Department2.University2.edu/UndergraduateStudent261, Y=http://www.Department2.University2.edu, Z=UndergraduateStudent261@Department2.University2.edu}, {X=http://www.Department2.University2.edu/GraduateStudent11, Y=http://www.Department2.University2.edu, Z=GraduateStudent11@Department2.University2.edu}, {X=http://www.Department2.University2.edu/UndergraduateStudent168, Y=http://www.Department2.University2.edu, Z=UndergraduateStudent168@Department2.University2.edu}, {X=http://www.Department2.University2.edu/UndergraduateStudent0, Y=http://www.Department2.University2.edu, Z=UndergraduateStudent0@Department2.University2.edu}, {X=http://www.Department2.University2.edu/UndergraduateStudent345, Y=http://www.Department2.University2.edu, Z=UndergraduateStudent345@Department2.University2.edu}, {X=http://www.Department2.University2.edu/UndergraduateStudent266, Y=http://www.Department2.University2.edu, Z=UndergraduateStudent266@Department2.University2.edu}, {X=http://www.Department2.University2.edu/GraduateStudent18, Y=http://www.Department2.University2.edu, Z=GraduateStudent18@Department2.University2.edu}, {X=http://www.Department2.University2.edu/GraduateStudent6, Y=http://www.Department2.University2.edu, Z=GraduateStudent6@Department2.University2.edu}, {X=http://www.Department2.University2.edu/UndergraduateStudent110, Y=http://www.Department2.University2.edu, Z=UndergraduateStudent110@Department2.University2.edu}, {X=http://www.Department2.University2.edu/UndergraduateStudent198, Y=http://www.Department2.University2.edu, Z=UndergraduateStudent198@Department2.University2.edu}, {X=http://www.Department2.University2.edu/UndergraduateStudent195, Y=http://www.Department2.University2.edu, Z=UndergraduateStudent195@Department2.University2.edu}, {X=http://www.Department2.University2.edu/UndergraduateStudent260, Y=http://www.Department2.University2.edu, Z=UndergraduateStudent260@Department2.University2.edu}, {X=http://www.Department2.University2.edu/UndergraduateStudent307, Y=http://www.Department2.University2.edu, Z=UndergraduateStudent307@Department2.University2.edu}, {X=http://www.Department2.University2.edu/UndergraduateStudent296, Y=http://www.Department2.University2.edu, Z=UndergraduateStudent296@Department2.University2.edu}, {X=http://www.Department2.University2.edu/GraduateStudent13, Y=http://www.Department2.University2.edu, Z=GraduateStudent13@Department2.University2.edu}, {X=http://www.Department2.University2.edu/UndergraduateStudent314, Y=http://www.Department2.University2.edu, Z=UndergraduateStudent314@Department2.University2.edu}, {X=http://www.Department2.University2.edu/UndergraduateStudent344, Y=http://www.Department2.University2.edu, Z=UndergraduateStudent344@Department2.University2.edu}, {X=http://www.Department2.University2.edu/UndergraduateStudent22, Y=http://www.Department2.University2.edu, Z=UndergraduateStudent22@Department2.University2.edu}, {X=http://www.Department2.University2.edu/UndergraduateStudent108, Y=http://www.Department2.University2.edu, Z=UndergraduateStudent108@Department2.University2.edu}, {X=http://www.Department2.University2.edu/UndergraduateStudent170, Y=http://www.Department2.University2.edu, Z=UndergraduateStudent170@Department2.University2.edu}, {X=http://www.Department2.University2.edu/UndergraduateStudent103, Y=http://www.Department2.University2.edu, Z=UndergraduateStudent103@Department2.University2.edu}, {X=http://www.Department2.University2.edu/UndergraduateStudent304, Y=http://www.Department2.University2.edu, Z=UndergraduateStudent304@Department2.University2.edu}, {X=http://www.Department2.University2.edu/GraduateStudent36, Y=http://www.Department2.University2.edu, Z=GraduateStudent36@Department2.University2.edu}, {X=http://www.Department2.University2.edu/UndergraduateStudent230, Y=http://www.Department2.University2.edu, Z=UndergraduateStudent230@Department2.University2.edu}, {X=http://www.Department2.University2.edu/UndergraduateStudent41, Y=http://www.Department2.University2.edu, Z=UndergraduateStudent41@Department2.University2.edu}, {X=http://www.Department2.University2.edu/UndergraduateStudent131, Y=http://www.Department2.University2.edu, Z=UndergraduateStudent131@Department2.University2.edu}, {X=http://www.Department2.University2.edu/UndergraduateStudent255, Y=http://www.Department2.University2.edu, Z=UndergraduateStudent255@Department2.University2.edu}, {X=http://www.Department2.University2.edu/GraduateStudent74, Y=http://www.Department2.University2.edu, Z=GraduateStudent74@Department2.University2.edu}, {X=http://www.Department2.University2.edu/GraduateStudent114, Y=http://www.Department2.University2.edu, Z=GraduateStudent114@Department2.University2.edu}, {X=http://www.Department2.University2.edu/UndergraduateStudent290, Y=http://www.Department2.University2.edu, Z=UndergraduateStudent290@Department2.University2.edu}, {X=http://www.Department2.University2.edu/UndergraduateStudent86, Y=http://www.Department2.University2.edu, Z=UndergraduateStudent86@Department2.University2.edu}, {X=http://www.Department2.University2.edu/UndergraduateStudent235, Y=http://www.Department2.University2.edu, Z=UndergraduateStudent235@Department2.University2.edu}, {X=http://www.Department2.University2.edu/GraduateStudent14, Y=http://www.Department2.University2.edu, Z=GraduateStudent14@Department2.University2.edu}, {X=http://www.Department2.University2.edu/UndergraduateStudent188, Y=http://www.Department2.University2.edu, Z=UndergraduateStudent188@Department2.University2.edu}, {X=http://www.Department2.University2.edu/UndergraduateStudent203, Y=http://www.Department2.University2.edu, Z=UndergraduateStudent203@Department2.University2.edu}, {X=http://www.Department2.University2.edu/UndergraduateStudent15, Y=http://www.Department2.University2.edu, Z=UndergraduateStudent15@Department2.University2.edu}, {X=http://www.Department2.University2.edu/UndergraduateStudent276, Y=http://www.Department2.University2.edu, Z=UndergraduateStudent276@Department2.University2.edu}, {X=http://www.Department2.University2.edu/UndergraduateStudent62, Y=http://www.Department2.University2.edu, Z=UndergraduateStudent62@Department2.University2.edu}, {X=http://www.Department2.University2.edu/UndergraduateStudent82, Y=http://www.Department2.University2.edu, Z=UndergraduateStudent82@Department2.University2.edu}, {X=http://www.Department2.University2.edu/UndergraduateStudent215, Y=http://www.Department2.University2.edu, Z=UndergraduateStudent215@Department2.University2.edu}, {X=http://www.Department2.University2.edu/UndergraduateStudent217, Y=http://www.Department2.University2.edu, Z=UndergraduateStudent217@Department2.University2.edu}, {X=http://www.Department2.University2.edu/UndergraduateStudent112, Y=http://www.Department2.University2.edu, Z=UndergraduateStudent112@Department2.University2.edu}, {X=http://www.Department2.University2.edu/GraduateStudent113, Y=http://www.Department2.University2.edu, Z=GraduateStudent113@Department2.University2.edu}, {X=http://www.Department2.University2.edu/UndergraduateStudent106, Y=http://www.Department2.University2.edu, Z=UndergraduateStudent106@Department2.University2.edu}, {X=http://www.Department2.University2.edu/GraduateStudent47, Y=http://www.Department2.University2.edu, Z=GraduateStudent47@Department2.University2.edu}, {X=http://www.Department2.University2.edu/UndergraduateStudent259, Y=http://www.Department2.University2.edu, Z=UndergraduateStudent259@Department2.University2.edu}, {X=http://www.Department2.University2.edu/UndergraduateStudent12, Y=http://www.Department2.University2.edu, Z=UndergraduateStudent12@Department2.University2.edu}, {X=http://www.Department2.University2.edu/GraduateStudent104, Y=http://www.Department2.University2.edu, Z=GraduateStudent104@Department2.University2.edu}, {X=http://www.Department2.University2.edu/UndergraduateStudent23, Y=http://www.Department2.University2.edu, Z=UndergraduateStudent23@Department2.University2.edu}, {X=http://www.Department2.University2.edu/GraduateStudent124, Y=http://www.Department2.University2.edu, Z=GraduateStudent124@Department2.University2.edu}, {X=http://www.Department2.University2.edu/UndergraduateStudent6, Y=http://www.Department2.University2.edu, Z=UndergraduateStudent6@Department2.University2.edu}, {X=http://www.Department2.University2.edu/UndergraduateStudent206, Y=http://www.Department2.University2.edu, Z=UndergraduateStudent206@Department2.University2.edu}, {X=http://www.Department2.University2.edu/GraduateStudent117, Y=http://www.Department2.University2.edu, Z=GraduateStudent117@Department2.University2.edu}, {X=http://www.Department2.University2.edu/UndergraduateStudent315, Y=http://www.Department2.University2.edu, Z=UndergraduateStudent315@Department2.University2.edu}, {X=http://www.Department2.University2.edu/UndergraduateStudent172, Y=http://www.Department2.University2.edu, Z=UndergraduateStudent172@Department2.University2.edu}, {X=http://www.Department2.University2.edu/UndergraduateStudent145, Y=http://www.Department2.University2.edu, Z=UndergraduateStudent145@Department2.University2.edu}, {X=http://www.Department2.University2.edu/UndergraduateStudent252, Y=http://www.Department2.University2.edu, Z=UndergraduateStudent252@Department2.University2.edu}, {X=http://www.Department2.University2.edu/UndergraduateStudent199, Y=http://www.Department2.University2.edu, Z=UndergraduateStudent199@Department2.University2.edu}, {X=http://www.Department2.University2.edu/UndergraduateStudent192, Y=http://www.Department2.University2.edu, Z=UndergraduateStudent192@Department2.University2.edu}, {X=http://www.Department2.University2.edu/GraduateStudent57, Y=http://www.Department2.University2.edu, Z=GraduateStudent57@Department2.University2.edu}, {X=http://www.Department2.University2.edu/GraduateStudent101, Y=http://www.Department2.University2.edu, Z=GraduateStudent101@Department2.University2.edu}, {X=http://www.Department2.University2.edu/UndergraduateStudent26, Y=http://www.Department2.University2.edu, Z=UndergraduateStudent26@Department2.University2.edu}, {X=http://www.Department2.University2.edu/UndergraduateStudent173, Y=http://www.Department2.University2.edu, Z=UndergraduateStudent173@Department2.University2.edu}, {X=http://www.Department2.University2.edu/GraduateStudent103, Y=http://www.Department2.University2.edu, Z=GraduateStudent103@Department2.University2.edu}, {X=http://www.Department2.University2.edu/UndergraduateStudent160, Y=http://www.Department2.University2.edu, Z=UndergraduateStudent160@Department2.University2.edu}, {X=http://www.Department2.University2.edu/UndergraduateStudent184, Y=http://www.Department2.University2.edu, Z=UndergraduateStudent184@Department2.University2.edu}, {X=http://www.Department2.University2.edu/UndergraduateStudent326, Y=http://www.Department2.University2.edu, Z=UndergraduateStudent326@Department2.University2.edu}, {X=http://www.Department2.University2.edu/GraduateStudent33, Y=http://www.Department2.University2.edu, Z=GraduateStudent33@Department2.University2.edu}, {X=http://www.Department2.University2.edu/GraduateStudent111, Y=http://www.Department2.University2.edu, Z=GraduateStudent111@Department2.University2.edu}, {X=http://www.Department2.University2.edu/UndergraduateStudent271, Y=http://www.Department2.University2.edu, Z=UndergraduateStudent271@Department2.University2.edu}, {X=http://www.Department2.University2.edu/UndergraduateStudent287, Y=http://www.Department2.University2.edu, Z=UndergraduateStudent287@Department2.University2.edu}, {X=http://www.Department2.University2.edu/GraduateStudent88, Y=http://www.Department2.University2.edu, Z=GraduateStudent88@Department2.University2.edu}, {X=http://www.Department2.University2.edu/UndergraduateStudent80, Y=http://www.Department2.University2.edu, Z=UndergraduateStudent80@Department2.University2.edu}, {X=http://www.Department2.University2.edu/UndergraduateStudent359, Y=http://www.Department2.University2.edu, Z=UndergraduateStudent359@Department2.University2.edu}, {X=http://www.Department2.University2.edu/GraduateStudent123, Y=http://www.Department2.University2.edu, Z=GraduateStudent123@Department2.University2.edu}, {X=http://www.Department2.University2.edu/GraduateStudent116, Y=http://www.Department2.University2.edu, Z=GraduateStudent116@Department2.University2.edu}, {X=http://www.Department2.University2.edu/UndergraduateStudent239, Y=http://www.Department2.University2.edu, Z=UndergraduateStudent239@Department2.University2.edu}, {X=http://www.Department2.University2.edu/GraduateStudent68, Y=http://www.Department2.University2.edu, Z=GraduateStudent68@Department2.University2.edu}, {X=http://www.Department2.University2.edu/UndergraduateStudent96, Y=http://www.Department2.University2.edu, Z=UndergraduateStudent96@Department2.University2.edu}, {X=http://www.Department2.University2.edu/UndergraduateStudent178, Y=http://www.Department2.University2.edu, Z=UndergraduateStudent178@Department2.University2.edu}, {X=http://www.Department2.University2.edu/UndergraduateStudent157, Y=http://www.Department2.University2.edu, Z=UndergraduateStudent157@Department2.University2.edu}, {X=http://www.Department2.University2.edu/UndergraduateStudent105, Y=http://www.Department2.University2.edu, Z=UndergraduateStudent105@Department2.University2.edu}, {X=http://www.Department2.University2.edu/GraduateStudent122, Y=http://www.Department2.University2.edu, Z=GraduateStudent122@Department2.University2.edu}, {X=http://www.Department2.University2.edu/UndergraduateStudent50, Y=http://www.Department2.University2.edu, Z=UndergraduateStudent50@Department2.University2.edu}, {X=http://www.Department2.University2.edu/UndergraduateStudent316, Y=http://www.Department2.University2.edu, Z=UndergraduateStudent316@Department2.University2.edu}, {X=http://www.Department2.University2.edu/UndergraduateStudent303, Y=http://www.Department2.University2.edu, Z=UndergraduateStudent303@Department2.University2.edu}, {X=http://www.Department2.University2.edu/UndergraduateStudent181, Y=http://www.Department2.University2.edu, Z=UndergraduateStudent181@Department2.University2.edu}, {X=http://www.Department2.University2.edu/UndergraduateStudent301, Y=http://www.Department2.University2.edu, Z=UndergraduateStudent301@Department2.University2.edu}, {X=http://www.Department2.University2.edu/UndergraduateStudent243, Y=http://www.Department2.University2.edu, Z=UndergraduateStudent243@Department2.University2.edu}, {X=http://www.Department2.University2.edu/UndergraduateStudent120, Y=http://www.Department2.University2.edu, Z=UndergraduateStudent120@Department2.University2.edu}, {X=http://www.Department2.University2.edu/UndergraduateStudent14, Y=http://www.Department2.University2.edu, Z=UndergraduateStudent14@Department2.University2.edu}, {X=http://www.Department2.University2.edu/GraduateStudent126, Y=http://www.Department2.University2.edu, Z=GraduateStudent126@Department2.University2.edu}, {X=http://www.Department2.University2.edu/GraduateStudent9, Y=http://www.Department2.University2.edu, Z=GraduateStudent9@Department2.University2.edu}, {X=http://www.Department2.University2.edu/GraduateStudent31, Y=http://www.Department2.University2.edu, Z=GraduateStudent31@Department2.University2.edu}, {X=http://www.Department2.University2.edu/UndergraduateStudent205, Y=http://www.Department2.University2.edu, Z=UndergraduateStudent205@Department2.University2.edu}, {X=http://www.Department2.University2.edu/UndergraduateStudent347, Y=http://www.Department2.University2.edu, Z=UndergraduateStudent347@Department2.University2.edu}, {X=http://www.Department2.University2.edu/UndergraduateStudent133, Y=http://www.Department2.University2.edu, Z=UndergraduateStudent133@Department2.University2.edu}, {X=http://www.Department2.University2.edu/UndergraduateStudent136, Y=http://www.Department2.University2.edu, Z=UndergraduateStudent136@Department2.University2.edu}, {X=http://www.Department2.University2.edu/UndergraduateStudent40, Y=http://www.Department2.University2.edu, Z=UndergraduateStudent40@Department2.University2.edu}, {X=http://www.Department2.University2.edu/GraduateStudent109, Y=http://www.Department2.University2.edu, Z=GraduateStudent109@Department2.University2.edu}, {X=http://www.Department2.University2.edu/UndergraduateStudent325, Y=http://www.Department2.University2.edu, Z=UndergraduateStudent325@Department2.University2.edu}, {X=http://www.Department2.University2.edu/UndergraduateStudent210, Y=http://www.Department2.University2.edu, Z=UndergraduateStudent210@Department2.University2.edu}, {X=http://www.Department2.University2.edu/UndergraduateStudent139, Y=http://www.Department2.University2.edu, Z=UndergraduateStudent139@Department2.University2.edu}, {X=http://www.Department2.University2.edu/GraduateStudent99, Y=http://www.Department2.University2.edu, Z=GraduateStudent99@Department2.University2.edu}, {X=http://www.Department2.University2.edu/UndergraduateStudent114, Y=http://www.Department2.University2.edu, Z=UndergraduateStudent114@Department2.University2.edu}, {X=http://www.Department2.University2.edu/GraduateStudent50, Y=http://www.Department2.University2.edu, Z=GraduateStudent50@Department2.University2.edu}, {X=http://www.Department2.University2.edu/UndergraduateStudent298, Y=http://www.Department2.University2.edu, Z=UndergraduateStudent298@Department2.University2.edu}, {X=http://www.Department2.University2.edu/UndergraduateStudent31, Y=http://www.Department2.University2.edu, Z=UndergraduateStudent31@Department2.University2.edu}, {X=http://www.Department2.University2.edu/UndergraduateStudent60, Y=http://www.Department2.University2.edu, Z=UndergraduateStudent60@Department2.University2.edu}, {X=http://www.Department2.University2.edu/UndergraduateStudent249, Y=http://www.Department2.University2.edu, Z=UndergraduateStudent249@Department2.University2.edu}, {X=http://www.Department2.University2.edu/UndergraduateStudent149, Y=http://www.Department2.University2.edu, Z=UndergraduateStudent149@Department2.University2.edu}, {X=http://www.Department2.University2.edu/UndergraduateStudent352, Y=http://www.Department2.University2.edu, Z=UndergraduateStudent352@Department2.University2.edu}, {X=http://www.Department2.University2.edu/UndergraduateStudent236, Y=http://www.Department2.University2.edu, Z=UndergraduateStudent236@Department2.University2.edu}, {X=http://www.Department2.University2.edu/UndergraduateStudent211, Y=http://www.Department2.University2.edu, Z=UndergraduateStudent211@Department2.University2.edu}, {X=http://www.Department2.University2.edu/GraduateStudent96, Y=http://www.Department2.University2.edu, Z=GraduateStudent96@Department2.University2.edu}, {X=http://www.Department2.University2.edu/UndergraduateStudent107, Y=http://www.Department2.University2.edu, Z=UndergraduateStudent107@Department2.University2.edu}, {X=http://www.Department2.University2.edu/GraduateStudent52, Y=http://www.Department2.University2.edu, Z=GraduateStudent52@Department2.University2.edu}, {X=http://www.Department2.University2.edu/GraduateStudent85, Y=http://www.Department2.University2.edu, Z=GraduateStudent85@Department2.University2.edu}, {X=http://www.Department2.University2.edu/UndergraduateStudent54, Y=http://www.Department2.University2.edu, Z=UndergraduateStudent54@Department2.University2.edu}, {X=http://www.Department2.University2.edu/GraduateStudent56, Y=http://www.Department2.University2.edu, Z=GraduateStudent56@Department2.University2.edu}, {X=http://www.Department2.University2.edu/UndergraduateStudent237, Y=http://www.Department2.University2.edu, Z=UndergraduateStudent237@Department2.University2.edu}, {X=http://www.Department2.University2.edu/UndergraduateStudent306, Y=http://www.Department2.University2.edu, Z=UndergraduateStudent306@Department2.University2.edu}, {X=http://www.Department2.University2.edu/GraduateStudent62, Y=http://www.Department2.University2.edu, Z=GraduateStudent62@Department2.University2.edu}, {X=http://www.Department2.University2.edu/GraduateStudent40, Y=http://www.Department2.University2.edu, Z=GraduateStudent40@Department2.University2.edu}, {X=http://www.Department2.University2.edu/GraduateStudent84, Y=http://www.Department2.University2.edu, Z=GraduateStudent84@Department2.University2.edu}, {X=http://www.Department2.University2.edu/UndergraduateStudent340, Y=http://www.Department2.University2.edu, Z=UndergraduateStudent340@Department2.University2.edu}, {X=http://www.Department2.University2.edu/UndergraduateStudent67, Y=http://www.Department2.University2.edu, Z=UndergraduateStudent67@Department2.University2.edu}, {X=http://www.Department2.University2.edu/UndergraduateStudent70, Y=http://www.Department2.University2.edu, Z=UndergraduateStudent70@Department2.University2.edu}, {X=http://www.Department2.University2.edu/UndergraduateStudent299, Y=http://www.Department2.University2.edu, Z=UndergraduateStudent299@Department2.University2.edu}, {X=http://www.Department2.University2.edu/UndergraduateStudent129, Y=http://www.Department2.University2.edu, Z=UndergraduateStudent129@Department2.University2.edu}, {X=http://www.Department2.University2.edu/UndergraduateStudent161, Y=http://www.Department2.University2.edu, Z=UndergraduateStudent161@Department2.University2.edu}, {X=http://www.Department2.University2.edu/UndergraduateStudent10, Y=http://www.Department2.University2.edu, Z=UndergraduateStudent10@Department2.University2.edu}, {X=http://www.Department2.University2.edu/UndergraduateStudent348, Y=http://www.Department2.University2.edu, Z=UndergraduateStudent348@Department2.University2.edu}, {X=http://www.Department2.University2.edu/UndergraduateStudent357, Y=http://www.Department2.University2.edu, Z=UndergraduateStudent357@Department2.University2.edu}, {X=http://www.Department2.University2.edu/GraduateStudent17, Y=http://www.Department2.University2.edu, Z=GraduateStudent17@Department2.University2.edu}, {X=http://www.Department2.University2.edu/UndergraduateStudent59, Y=http://www.Department2.University2.edu, Z=UndergraduateStudent59@Department2.University2.edu}, {X=http://www.Department2.University2.edu/UndergraduateStudent209, Y=http://www.Department2.University2.edu, Z=UndergraduateStudent209@Department2.University2.edu}, {X=http://www.Department2.University2.edu/UndergraduateStudent1, Y=http://www.Department2.University2.edu, Z=UndergraduateStudent1@Department2.University2.edu}, {X=http://www.Department2.University2.edu/UndergraduateStudent104, Y=http://www.Department2.University2.edu, Z=UndergraduateStudent104@Department2.University2.edu}, {X=http://www.Department2.University2.edu/GraduateStudent80, Y=http://www.Department2.University2.edu, Z=GraduateStudent80@Department2.University2.edu}, {X=http://www.Department2.University2.edu/UndergraduateStudent337, Y=http://www.Department2.University2.edu, Z=UndergraduateStudent337@Department2.University2.edu}, {X=http://www.Department2.University2.edu/GraduateStudent67, Y=http://www.Department2.University2.edu, Z=GraduateStudent67@Department2.University2.edu}, {X=http://www.Department2.University2.edu/UndergraduateStudent43, Y=http://www.Department2.University2.edu, Z=UndergraduateStudent43@Department2.University2.edu}, {X=http://www.Department2.University2.edu/GraduateStudent41, Y=http://www.Department2.University2.edu, Z=GraduateStudent41@Department2.University2.edu}, {X=http://www.Department2.University2.edu/UndergraduateStudent102, Y=http://www.Department2.University2.edu, Z=UndergraduateStudent102@Department2.University2.edu}, {X=http://www.Department2.University2.edu/UndergraduateStudent117, Y=http://www.Department2.University2.edu, Z=UndergraduateStudent117@Department2.University2.edu}, {X=http://www.Department2.University2.edu/UndergraduateStudent182, Y=http://www.Department2.University2.edu, Z=UndergraduateStudent182@Department2.University2.edu}, {X=http://www.Department2.University2.edu/UndergraduateStudent324, Y=http://www.Department2.University2.edu, Z=UndergraduateStudent324@Department2.University2.edu}, {X=http://www.Department2.University2.edu/UndergraduateStudent51, Y=http://www.Department2.University2.edu, Z=UndergraduateStudent51@Department2.University2.edu}, {X=http://www.Department2.University2.edu/GraduateStudent107, Y=http://www.Department2.University2.edu, Z=GraduateStudent107@Department2.University2.edu}, {X=http://www.Department2.University2.edu/UndergraduateStudent119, Y=http://www.Department2.University2.edu, Z=UndergraduateStudent119@Department2.University2.edu}, {X=http://www.Department2.University2.edu/GraduateStudent58, Y=http://www.Department2.University2.edu, Z=GraduateStudent58@Department2.University2.edu}, {X=http://www.Department2.University2.edu/UndergraduateStudent274, Y=http://www.Department2.University2.edu, Z=UndergraduateStudent274@Department2.University2.edu}, {X=http://www.Department2.University2.edu/UndergraduateStudent258, Y=http://www.Department2.University2.edu, Z=UndergraduateStudent258@Department2.University2.edu}, {X=http://www.Department2.University2.edu/UndergraduateStudent177, Y=http://www.Department2.University2.edu, Z=UndergraduateStudent177@Department2.University2.edu}, {X=http://www.Department2.University2.edu/GraduateStudent75, Y=http://www.Department2.University2.edu, Z=GraduateStudent75@Department2.University2.edu}, {X=http://www.Department2.University2.edu/UndergraduateStudent140, Y=http://www.Department2.University2.edu, Z=UndergraduateStudent140@Department2.University2.edu}, {X=http://www.Department2.University2.edu/UndergraduateStudent101, Y=http://www.Department2.University2.edu, Z=UndergraduateStudent101@Department2.University2.edu}, {X=http://www.Department2.University2.edu/UndergraduateStudent90, Y=http://www.Department2.University2.edu, Z=UndergraduateStudent90@Department2.University2.edu}, {X=http://www.Department2.University2.edu/UndergraduateStudent135, Y=http://www.Department2.University2.edu, Z=UndergraduateStudent135@Department2.University2.edu}, {X=http://www.Department2.University2.edu/GraduateStudent35, Y=http://www.Department2.University2.edu, Z=GraduateStudent35@Department2.University2.edu}, {X=http://www.Department2.University2.edu/GraduateStudent71, Y=http://www.Department2.University2.edu, Z=GraduateStudent71@Department2.University2.edu}, {X=http://www.Department2.University2.edu/UndergraduateStudent312, Y=http://www.Department2.University2.edu, Z=UndergraduateStudent312@Department2.University2.edu}, {X=http://www.Department2.University2.edu/UndergraduateStudent186, Y=http://www.Department2.University2.edu, Z=UndergraduateStudent186@Department2.University2.edu}, {X=http://www.Department2.University2.edu/UndergraduateStudent341, Y=http://www.Department2.University2.edu, Z=UndergraduateStudent341@Department2.University2.edu}, {X=http://www.Department2.University2.edu/UndergraduateStudent342, Y=http://www.Department2.University2.edu, Z=UndergraduateStudent342@Department2.University2.edu}, {X=http://www.Department2.University2.edu/UndergraduateStudent158, Y=http://www.Department2.University2.edu, Z=UndergraduateStudent158@Department2.University2.edu}, {X=http://www.Department2.University2.edu/UndergraduateStudent171, Y=http://www.Department2.University2.edu, Z=UndergraduateStudent171@Department2.University2.edu}, {X=http://www.Department2.University2.edu/UndergraduateStudent300, Y=http://www.Department2.University2.edu, Z=UndergraduateStudent300@Department2.University2.edu}, {X=http://www.Department2.University2.edu/UndergraduateStudent165, Y=http://www.Department2.University2.edu, Z=UndergraduateStudent165@Department2.University2.edu}, {X=http://www.Department2.University2.edu/UndergraduateStudent151, Y=http://www.Department2.University2.edu, Z=UndergraduateStudent151@Department2.University2.edu}, {X=http://www.Department2.University2.edu/UndergraduateStudent88, Y=http://www.Department2.University2.edu, Z=UndergraduateStudent88@Department2.University2.edu}, {X=http://www.Department2.University2.edu/UndergraduateStudent194, Y=http://www.Department2.University2.edu, Z=UndergraduateStudent194@Department2.University2.edu}, {X=http://www.Department2.University2.edu/UndergraduateStudent169, Y=http://www.Department2.University2.edu, Z=UndergraduateStudent169@Department2.University2.edu}, {X=http://www.Department2.University2.edu/GraduateStudent3, Y=http://www.Department2.University2.edu, Z=GraduateStudent3@Department2.University2.edu}, {X=http://www.Department2.University2.edu/UndergraduateStudent302, Y=http://www.Department2.University2.edu, Z=UndergraduateStudent302@Department2.University2.edu}, {X=http://www.Department2.University2.edu/UndergraduateStudent231, Y=http://www.Department2.University2.edu, Z=UndergraduateStudent231@Department2.University2.edu}, {X=http://www.Department2.University2.edu/UndergraduateStudent264, Y=http://www.Department2.University2.edu, Z=UndergraduateStudent264@Department2.University2.edu}, {X=http://www.Department2.University2.edu/UndergraduateStudent247, Y=http://www.Department2.University2.edu, Z=UndergraduateStudent247@Department2.University2.edu}, {X=http://www.Department2.University2.edu/GraduateStudent55, Y=http://www.Department2.University2.edu, Z=GraduateStudent55@Department2.University2.edu}, {X=http://www.Department2.University2.edu/GraduateStudent1, Y=http://www.Department2.University2.edu, Z=GraduateStudent1@Department2.University2.edu}, {X=http://www.Department2.University2.edu/UndergraduateStudent283, Y=http://www.Department2.University2.edu, Z=UndergraduateStudent283@Department2.University2.edu}, {X=http://www.Department2.University2.edu/UndergraduateStudent191, Y=http://www.Department2.University2.edu, Z=UndergraduateStudent191@Department2.University2.edu}, {X=http://www.Department2.University2.edu/UndergraduateStudent98, Y=http://www.Department2.University2.edu, Z=UndergraduateStudent98@Department2.University2.edu}, {X=http://www.Department2.University2.edu/GraduateStudent70, Y=http://www.Department2.University2.edu, Z=GraduateStudent70@Department2.University2.edu}, {X=http://www.Department2.University2.edu/UndergraduateStudent75, Y=http://www.Department2.University2.edu, Z=UndergraduateStudent75@Department2.University2.edu}, {X=http://www.Department2.University2.edu/UndergraduateStudent204, Y=http://www.Department2.University2.edu, Z=UndergraduateStudent204@Department2.University2.edu}, {X=http://www.Department2.University2.edu/GraduateStudent44, Y=http://www.Department2.University2.edu, Z=GraduateStudent44@Department2.University2.edu}, {X=http://www.Department2.University2.edu/UndergraduateStudent356, Y=http://www.Department2.University2.edu, Z=UndergraduateStudent356@Department2.University2.edu}, {X=http://www.Department2.University2.edu/UndergraduateStudent360, Y=http://www.Department2.University2.edu, Z=UndergraduateStudent360@Department2.University2.edu}, {X=http://www.Department2.University2.edu/UndergraduateStudent277, Y=http://www.Department2.University2.edu, Z=UndergraduateStudent277@Department2.University2.edu}, {X=http://www.Department2.University2.edu/UndergraduateStudent2, Y=http://www.Department2.University2.edu, Z=UndergraduateStudent2@Department2.University2.edu}, {X=http://www.Department2.University2.edu/UndergraduateStudent84, Y=http://www.Department2.University2.edu, Z=UndergraduateStudent84@Department2.University2.edu}, {X=http://www.Department2.University2.edu/UndergraduateStudent282, Y=http://www.Department2.University2.edu, Z=UndergraduateStudent282@Department2.University2.edu}, {X=http://www.Department2.University2.edu/UndergraduateStudent224, Y=http://www.Department2.University2.edu, Z=UndergraduateStudent224@Department2.University2.edu}, {X=http://www.Department2.University2.edu/GraduateStudent20, Y=http://www.Department2.University2.edu, Z=GraduateStudent20@Department2.University2.edu}, {X=http://www.Department2.University2.edu/UndergraduateStudent281, Y=http://www.Department2.University2.edu, Z=UndergraduateStudent281@Department2.University2.edu}, {X=http://www.Department2.University2.edu/GraduateStudent39, Y=http://www.Department2.University2.edu, Z=GraduateStudent39@Department2.University2.edu}, {X=http://www.Department2.University2.edu/UndergraduateStudent68, Y=http://www.Department2.University2.edu, Z=UndergraduateStudent68@Department2.University2.edu}, {X=http://www.Department2.University2.edu/UndergraduateStudent19, Y=http://www.Department2.University2.edu, Z=UndergraduateStudent19@Department2.University2.edu}, {X=http://www.Department2.University2.edu/UndergraduateStudent323, Y=http://www.Department2.University2.edu, Z=UndergraduateStudent323@Department2.University2.edu}, {X=http://www.Department2.University2.edu/GraduateStudent102, Y=http://www.Department2.University2.edu, Z=GraduateStudent102@Department2.University2.edu}, {X=http://www.Department2.University2.edu/GraduateStudent81, Y=http://www.Department2.University2.edu, Z=GraduateStudent81@Department2.University2.edu}, {X=http://www.Department2.University2.edu/UndergraduateStudent154, Y=http://www.Department2.University2.edu, Z=UndergraduateStudent154@Department2.University2.edu}, {X=http://www.Department2.University2.edu/GraduateStudent48, Y=http://www.Department2.University2.edu, Z=GraduateStudent48@Department2.University2.edu}, {X=http://www.Department2.University2.edu/UndergraduateStudent152, Y=http://www.Department2.University2.edu, Z=UndergraduateStudent152@Department2.University2.edu}, {X=http://www.Department2.University2.edu/UndergraduateStudent329, Y=http://www.Department2.University2.edu, Z=UndergraduateStudent329@Department2.University2.edu}, {X=http://www.Department2.University2.edu/UndergraduateStudent21, Y=http://www.Department2.University2.edu, Z=UndergraduateStudent21@Department2.University2.edu}, {X=http://www.Department2.University2.edu/UndergraduateStudent159, Y=http://www.Department2.University2.edu, Z=UndergraduateStudent159@Department2.University2.edu}, {X=http://www.Department2.University2.edu/GraduateStudent15, Y=http://www.Department2.University2.edu, Z=GraduateStudent15@Department2.University2.edu}, {X=http://www.Department2.University2.edu/UndergraduateStudent99, Y=http://www.Department2.University2.edu, Z=UndergraduateStudent99@Department2.University2.edu}, {X=http://www.Department2.University2.edu/UndergraduateStudent242, Y=http://www.Department2.University2.edu, Z=UndergraduateStudent242@Department2.University2.edu}, {X=http://www.Department2.University2.edu/UndergraduateStudent292, Y=http://www.Department2.University2.edu, Z=UndergraduateStudent292@Department2.University2.edu}, {X=http://www.Department2.University2.edu/UndergraduateStudent343, Y=http://www.Department2.University2.edu, Z=UndergraduateStudent343@Department2.University2.edu}, {X=http://www.Department2.University2.edu/UndergraduateStudent238, Y=http://www.Department2.University2.edu, Z=UndergraduateStudent238@Department2.University2.edu}, {X=http://www.Department2.University2.edu/GraduateStudent23, Y=http://www.Department2.University2.edu, Z=GraduateStudent23@Department2.University2.edu}, {X=http://www.Department2.University2.edu/UndergraduateStudent187, Y=http://www.Department2.University2.edu, Z=UndergraduateStudent187@Department2.University2.edu}, {X=http://www.Department2.University2.edu/GraduateStudent100, Y=http://www.Department2.University2.edu, Z=GraduateStudent100@Department2.University2.edu}, {X=http://www.Department2.University2.edu/UndergraduateStudent143, Y=http://www.Department2.University2.edu, Z=UndergraduateStudent143@Department2.University2.edu}, {X=http://www.Department2.University2.edu/UndergraduateStudent174, Y=http://www.Department2.University2.edu, Z=UndergraduateStudent174@Department2.University2.edu}, {X=http://www.Department2.University2.edu/GraduateStudent2, Y=http://www.Department2.University2.edu, Z=GraduateStudent2@Department2.University2.edu}, {X=http://www.Department2.University2.edu/UndergraduateStudent234, Y=http://www.Department2.University2.edu, Z=UndergraduateStudent234@Department2.University2.edu}, {X=http://www.Department2.University2.edu/UndergraduateStudent150, Y=http://www.Department2.University2.edu, Z=UndergraduateStudent150@Department2.University2.edu}, {X=http://www.Department2.University2.edu/UndergraduateStudent164, Y=http://www.Department2.University2.edu, Z=UndergraduateStudent164@Department2.University2.edu}, {X=http://www.Department2.University2.edu/UndergraduateStudent241, Y=http://www.Department2.University2.edu, Z=UndergraduateStudent241@Department2.University2.edu}, {X=http://www.Department2.University2.edu/UndergraduateStudent126, Y=http://www.Department2.University2.edu, Z=UndergraduateStudent126@Department2.University2.edu}, {X=http://www.Department2.University2.edu/UndergraduateStudent225, Y=http://www.Department2.University2.edu, Z=UndergraduateStudent225@Department2.University2.edu}, {X=http://www.Department2.University2.edu/UndergraduateStudent185, Y=http://www.Department2.University2.edu, Z=UndergraduateStudent185@Department2.University2.edu}, {X=http://www.Department2.University2.edu/UndergraduateStudent196, Y=http://www.Department2.University2.edu, Z=UndergraduateStudent196@Department2.University2.edu}, {X=http://www.Department2.University2.edu/GraduateStudent118, Y=http://www.Department2.University2.edu, Z=GraduateStudent118@Department2.University2.edu}, {X=http://www.Department2.University2.edu/UndergraduateStudent113, Y=http://www.Department2.University2.edu, Z=UndergraduateStudent113@Department2.University2.edu}, {X=http://www.Department2.University2.edu/UndergraduateStudent130, Y=http://www.Department2.University2.edu, Z=UndergraduateStudent130@Department2.University2.edu}, {X=http://www.Department2.University2.edu/UndergraduateStudent279, Y=http://www.Department2.University2.edu, Z=UndergraduateStudent279@Department2.University2.edu}, {X=http://www.Department2.University2.edu/UndergraduateStudent305, Y=http://www.Department2.University2.edu, Z=UndergraduateStudent305@Department2.University2.edu}, {X=http://www.Department2.University2.edu/GraduateStudent37, Y=http://www.Department2.University2.edu, Z=GraduateStudent37@Department2.University2.edu}, {X=http://www.Department2.University2.edu/GraduateStudent61, Y=http://www.Department2.University2.edu, Z=GraduateStudent61@Department2.University2.edu}, {X=http://www.Department2.University2.edu/UndergraduateStudent246, Y=http://www.Department2.University2.edu, Z=UndergraduateStudent246@Department2.University2.edu}, {X=http://www.Department2.University2.edu/GraduateStudent72, Y=http://www.Department2.University2.edu, Z=GraduateStudent72@Department2.University2.edu}, {X=http://www.Department2.University2.edu/UndergraduateStudent294, Y=http://www.Department2.University2.edu, Z=UndergraduateStudent294@Department2.University2.edu}, {X=http://www.Department2.University2.edu/UndergraduateStudent278, Y=http://www.Department2.University2.edu, Z=UndergraduateStudent278@Department2.University2.edu}, {X=http://www.Department2.University2.edu/UndergraduateStudent270, Y=http://www.Department2.University2.edu, Z=UndergraduateStudent270@Department2.University2.edu}, {X=http://www.Department2.University2.edu/UndergraduateStudent284, Y=http://www.Department2.University2.edu, Z=UndergraduateStudent284@Department2.University2.edu}, {X=http://www.Department2.University2.edu/UndergraduateStudent89, Y=http://www.Department2.University2.edu, Z=UndergraduateStudent89@Department2.University2.edu}, {X=http://www.Department2.University2.edu/GraduateStudent0, Y=http://www.Department2.University2.edu, Z=GraduateStudent0@Department2.University2.edu}, {X=http://www.Department2.University2.edu/UndergraduateStudent213, Y=http://www.Department2.University2.edu, Z=UndergraduateStudent213@Department2.University2.edu}, {X=http://www.Department2.University2.edu/UndergraduateStudent349, Y=http://www.Department2.University2.edu, Z=UndergraduateStudent349@Department2.University2.edu}, {X=http://www.Department2.University2.edu/UndergraduateStudent263, Y=http://www.Department2.University2.edu, Z=UndergraduateStudent263@Department2.University2.edu}, {X=http://www.Department2.University2.edu/GraduateStudent24, Y=http://www.Department2.University2.edu, Z=GraduateStudent24@Department2.University2.edu}, {X=http://www.Department2.University2.edu/UndergraduateStudent176, Y=http://www.Department2.University2.edu, Z=UndergraduateStudent176@Department2.University2.edu}, {X=http://www.Department2.University2.edu/UndergraduateStudent39, Y=http://www.Department2.University2.edu, Z=UndergraduateStudent39@Department2.University2.edu}, {X=http://www.Department2.University2.edu/UndergraduateStudent124, Y=http://www.Department2.University2.edu, Z=UndergraduateStudent124@Department2.University2.edu}, {X=http://www.Department2.University2.edu/UndergraduateStudent52, Y=http://www.Department2.University2.edu, Z=UndergraduateStudent52@Department2.University2.edu}, {X=http://www.Department2.University2.edu/UndergraduateStudent354, Y=http://www.Department2.University2.edu, Z=UndergraduateStudent354@Department2.University2.edu}, {X=http://www.Department2.University2.edu/GraduateStudent83, Y=http://www.Department2.University2.edu, Z=GraduateStudent83@Department2.University2.edu}, {X=http://www.Department2.University2.edu/UndergraduateStudent48, Y=http://www.Department2.University2.edu, Z=UndergraduateStudent48@Department2.University2.edu}, {X=http://www.Department2.University2.edu/GraduateStudent130, Y=http://www.Department2.University2.edu, Z=GraduateStudent130@Department2.University2.edu}, {X=http://www.Department2.University2.edu/UndergraduateStudent61, Y=http://www.Department2.University2.edu, Z=UndergraduateStudent61@Department2.University2.edu}, {X=http://www.Department2.University2.edu/UndergraduateStudent16, Y=http://www.Department2.University2.edu, Z=UndergraduateStudent16@Department2.University2.edu}, {X=http://www.Department2.University2.edu/UndergraduateStudent319, Y=http://www.Department2.University2.edu, Z=UndergraduateStudent319@Department2.University2.edu}, {X=http://www.Department2.University2.edu/GraduateStudent98, Y=http://www.Department2.University2.edu, Z=GraduateStudent98@Department2.University2.edu}, {X=http://www.Department2.University2.edu/UndergraduateStudent71, Y=http://www.Department2.University2.edu, Z=UndergraduateStudent71@Department2.University2.edu}, {X=http://www.Department2.University2.edu/UndergraduateStudent35, Y=http://www.Department2.University2.edu, Z=UndergraduateStudent35@Department2.University2.edu}, {X=http://www.Department2.University2.edu/GraduateStudent120, Y=http://www.Department2.University2.edu, Z=GraduateStudent120@Department2.University2.edu}, {X=http://www.Department2.University2.edu/UndergraduateStudent156, Y=http://www.Department2.University2.edu, Z=UndergraduateStudent156@Department2.University2.edu}, {X=http://www.Department2.University2.edu/UndergraduateStudent153, Y=http://www.Department2.University2.edu, Z=UndergraduateStudent153@Department2.University2.edu}, {X=http://www.Department2.University2.edu/UndergraduateStudent118, Y=http://www.Department2.University2.edu, Z=UndergraduateStudent118@Department2.University2.edu}, {X=http://www.Department2.University2.edu/GraduateStudent90, Y=http://www.Department2.University2.edu, Z=GraduateStudent90@Department2.University2.edu}, {X=http://www.Department2.University2.edu/GraduateStudent59, Y=http://www.Department2.University2.edu, Z=GraduateStudent59@Department2.University2.edu}, {X=http://www.Department2.University2.edu/GraduateStudent43, Y=http://www.Department2.University2.edu, Z=GraduateStudent43@Department2.University2.edu}, {X=http://www.Department2.University2.edu/UndergraduateStudent317, Y=http://www.Department2.University2.edu, Z=UndergraduateStudent317@Department2.University2.edu}, {X=http://www.Department2.University2.edu/UndergraduateStudent121, Y=http://www.Department2.University2.edu, Z=UndergraduateStudent121@Department2.University2.edu}, {X=http://www.Department2.University2.edu/UndergraduateStudent144, Y=http://www.Department2.University2.edu, Z=UndergraduateStudent144@Department2.University2.edu}, {X=http://www.Department2.University2.edu/UndergraduateStudent251, Y=http://www.Department2.University2.edu, Z=UndergraduateStudent251@Department2.University2.edu}, {X=http://www.Department2.University2.edu/UndergraduateStudent141, Y=http://www.Department2.University2.edu, Z=UndergraduateStudent141@Department2.University2.edu}, {X=http://www.Department2.University2.edu/UndergraduateStudent265, Y=http://www.Department2.University2.edu, Z=UndergraduateStudent265@Department2.University2.edu}, {X=http://www.Department2.University2.edu/GraduateStudent115, Y=http://www.Department2.University2.edu, Z=GraduateStudent115@Department2.University2.edu}, {X=http://www.Department2.University2.edu/UndergraduateStudent268, Y=http://www.Department2.University2.edu, Z=UndergraduateStudent268@Department2.University2.edu}, {X=http://www.Department2.University2.edu/GraduateStudent66, Y=http://www.Department2.University2.edu, Z=GraduateStudent66@Department2.University2.edu}, {X=http://www.Department2.University2.edu/GraduateStudent5, Y=http://www.Department2.University2.edu, Z=GraduateStudent5@Department2.University2.edu}, {X=http://www.Department2.University2.edu/UndergraduateStudent310, Y=http://www.Department2.University2.edu, Z=UndergraduateStudent310@Department2.University2.edu}, {X=http://www.Department2.University2.edu/UndergraduateStudent183, Y=http://www.Department2.University2.edu, Z=UndergraduateStudent183@Department2.University2.edu}, {X=http://www.Department2.University2.edu/UndergraduateStudent248, Y=http://www.Department2.University2.edu, Z=UndergraduateStudent248@Department2.University2.edu}, {X=http://www.Department2.University2.edu/GraduateStudent69, Y=http://www.Department2.University2.edu, Z=GraduateStudent69@Department2.University2.edu}, {X=http://www.Department2.University2.edu/UndergraduateStudent94, Y=http://www.Department2.University2.edu, Z=UndergraduateStudent94@Department2.University2.edu}, {X=http://www.Department2.University2.edu/GraduateStudent73, Y=http://www.Department2.University2.edu, Z=GraduateStudent73@Department2.University2.edu}, {X=http://www.Department2.University2.edu/UndergraduateStudent138, Y=http://www.Department2.University2.edu, Z=UndergraduateStudent138@Department2.University2.edu}, {X=http://www.Department2.University2.edu/UndergraduateStudent37, Y=http://www.Department2.University2.edu, Z=UndergraduateStudent37@Department2.University2.edu}, {X=http://www.Department2.University2.edu/UndergraduateStudent233, Y=http://www.Department2.University2.edu, Z=UndergraduateStudent233@Department2.University2.edu}, {X=http://www.Department2.University2.edu/UndergraduateStudent291, Y=http://www.Department2.University2.edu, Z=UndergraduateStudent291@Department2.University2.edu}, {X=http://www.Department2.University2.edu/UndergraduateStudent212, Y=http://www.Department2.University2.edu, Z=UndergraduateStudent212@Department2.University2.edu}, {X=http://www.Department2.University2.edu/UndergraduateStudent55, Y=http://www.Department2.University2.edu, Z=UndergraduateStudent55@Department2.University2.edu}, {X=http://www.Department2.University2.edu/UndergraduateStudent91, Y=http://www.Department2.University2.edu, Z=UndergraduateStudent91@Department2.University2.edu}, {X=http://www.Department2.University2.edu/UndergraduateStudent222, Y=http://www.Department2.University2.edu, Z=UndergraduateStudent222@Department2.University2.edu}, {X=http://www.Department2.University2.edu/UndergraduateStudent309, Y=http://www.Department2.University2.edu, Z=UndergraduateStudent309@Department2.University2.edu}, {X=http://www.Department2.University2.edu/UndergraduateStudent332, Y=http://www.Department2.University2.edu, Z=UndergraduateStudent332@Department2.University2.edu}, {X=http://www.Department2.University2.edu/GraduateStudent131, Y=http://www.Department2.University2.edu, Z=GraduateStudent131@Department2.University2.edu}, {X=http://www.Department2.University2.edu/GraduateStudent53, Y=http://www.Department2.University2.edu, Z=GraduateStudent53@Department2.University2.edu}, {X=http://www.Department2.University2.edu/GraduateStudent112, Y=http://www.Department2.University2.edu, Z=GraduateStudent112@Department2.University2.edu}, {X=http://www.Department2.University2.edu/UndergraduateStudent73, Y=http://www.Department2.University2.edu, Z=UndergraduateStudent73@Department2.University2.edu}, {X=http://www.Department2.University2.edu/UndergraduateStudent7, Y=http://www.Department2.University2.edu, Z=UndergraduateStudent7@Department2.University2.edu}, {X=http://www.Department2.University2.edu/UndergraduateStudent116, Y=http://www.Department2.University2.edu, Z=UndergraduateStudent116@Department2.University2.edu}, {X=http://www.Department2.University2.edu/UndergraduateStudent92, Y=http://www.Department2.University2.edu, Z=UndergraduateStudent92@Department2.University2.edu}, {X=http://www.Department2.University2.edu/UndergraduateStudent201, Y=http://www.Department2.University2.edu, Z=UndergraduateStudent201@Department2.University2.edu}, {X=http://www.Department2.University2.edu/GraduateStudent29, Y=http://www.Department2.University2.edu, Z=GraduateStudent29@Department2.University2.edu}, {X=http://www.Department2.University2.edu/UndergraduateStudent85, Y=http://www.Department2.University2.edu, Z=UndergraduateStudent85@Department2.University2.edu}, {X=http://www.Department2.University2.edu/UndergraduateStudent227, Y=http://www.Department2.University2.edu, Z=UndergraduateStudent227@Department2.University2.edu}, {X=http://www.Department2.University2.edu/UndergraduateStudent3, Y=http://www.Department2.University2.edu, Z=UndergraduateStudent3@Department2.University2.edu}, {X=http://www.Department2.University2.edu/UndergraduateStudent240, Y=http://www.Department2.University2.edu, Z=UndergraduateStudent240@Department2.University2.edu}, {X=http://www.Department2.University2.edu/UndergraduateStudent197, Y=http://www.Department2.University2.edu, Z=UndergraduateStudent197@Department2.University2.edu}, {X=http://www.Department2.University2.edu/UndergraduateStudent123, Y=http://www.Department2.University2.edu, Z=UndergraduateStudent123@Department2.University2.edu}, {X=http://www.Department2.University2.edu/UndergraduateStudent311, Y=http://www.Department2.University2.edu, Z=UndergraduateStudent311@Department2.University2.edu}, {X=http://www.Department2.University2.edu/GraduateStudent51, Y=http://www.Department2.University2.edu, Z=GraduateStudent51@Department2.University2.edu}, {X=http://www.Department2.University2.edu/UndergraduateStudent285, Y=http://www.Department2.University2.edu, Z=UndergraduateStudent285@Department2.University2.edu}, {X=http://www.Department2.University2.edu/UndergraduateStudent333, Y=http://www.Department2.University2.edu, Z=UndergraduateStudent333@Department2.University2.edu}, {X=http://www.Department2.University2.edu/GraduateStudent8, Y=http://www.Department2.University2.edu, Z=GraduateStudent8@Department2.University2.edu}, {X=http://www.Department2.University2.edu/GraduateStudent132, Y=http://www.Department2.University2.edu, Z=GraduateStudent132@Department2.University2.edu}, {X=http://www.Department2.University2.edu/UndergraduateStudent218, Y=http://www.Department2.University2.edu, Z=UndergraduateStudent218@Department2.University2.edu}, {X=http://www.Department2.University2.edu/GraduateStudent121, Y=http://www.Department2.University2.edu, Z=GraduateStudent121@Department2.University2.edu}, {X=http://www.Department2.University2.edu/GraduateStudent127, Y=http://www.Department2.University2.edu, Z=GraduateStudent127@Department2.University2.edu}, {X=http://www.Department2.University2.edu/UndergraduateStudent25, Y=http://www.Department2.University2.edu, Z=UndergraduateStudent25@Department2.University2.edu}, {X=http://www.Department2.University2.edu/UndergraduateStudent254, Y=http://www.Department2.University2.edu, Z=UndergraduateStudent254@Department2.University2.edu}, {X=http://www.Department2.University2.edu/GraduateStudent108, Y=http://www.Department2.University2.edu, Z=GraduateStudent108@Department2.University2.edu}, {X=http://www.Department2.University2.edu/UndergraduateStudent47, Y=http://www.Department2.University2.edu, Z=UndergraduateStudent47@Department2.University2.edu}, {X=http://www.Department2.University2.edu/GraduateStudent16, Y=http://www.Department2.University2.edu, Z=GraduateStudent16@Department2.University2.edu}, {X=http://www.Department2.University2.edu/GraduateStudent21, Y=http://www.Department2.University2.edu, Z=GraduateStudent21@Department2.University2.edu}, {X=http://www.Department2.University2.edu/UndergraduateStudent221, Y=http://www.Department2.University2.edu, Z=UndergraduateStudent221@Department2.University2.edu}, {X=http://www.Department2.University2.edu/GraduateStudent10, Y=http://www.Department2.University2.edu, Z=GraduateStudent10@Department2.University2.edu}, {X=http://www.Department2.University2.edu/UndergraduateStudent219, Y=http://www.Department2.University2.edu, Z=UndergraduateStudent219@Department2.University2.edu}, {X=http://www.Department2.University2.edu/UndergraduateStudent24, Y=http://www.Department2.University2.edu, Z=UndergraduateStudent24@Department2.University2.edu}, {X=http://www.Department2.University2.edu/UndergraduateStudent330, Y=http://www.Department2.University2.edu, Z=UndergraduateStudent330@Department2.University2.edu}, {X=http://www.Department2.University2.edu/UndergraduateStudent297, Y=http://www.Department2.University2.edu, Z=UndergraduateStudent297@Department2.University2.edu}, {X=http://www.Department2.University2.edu/UndergraduateStudent308, Y=http://www.Department2.University2.edu, Z=UndergraduateStudent308@Department2.University2.edu}, {X=http://www.Department2.University2.edu/UndergraduateStudent128, Y=http://www.Department2.University2.edu, Z=UndergraduateStudent128@Department2.University2.edu}, {X=http://www.Department2.University2.edu/UndergraduateStudent358, Y=http://www.Department2.University2.edu, Z=UndergraduateStudent358@Department2.University2.edu}, {X=http://www.Department2.University2.edu/UndergraduateStudent13, Y=http://www.Department2.University2.edu, Z=UndergraduateStudent13@Department2.University2.edu}, {X=http://www.Department2.University2.edu/GraduateStudent129, Y=http://www.Department2.University2.edu, Z=GraduateStudent129@Department2.University2.edu}, {X=http://www.Department2.University2.edu/UndergraduateStudent253, Y=http://www.Department2.University2.edu, Z=UndergraduateStudent253@Department2.University2.edu}, {X=http://www.Department2.University2.edu/UndergraduateStudent29, Y=http://www.Department2.University2.edu, Z=UndergraduateStudent29@Department2.University2.edu}, {X=http://www.Department2.University2.edu/UndergraduateStudent193, Y=http://www.Department2.University2.edu, Z=UndergraduateStudent193@Department2.University2.edu}, {X=http://www.Department2.University2.edu/GraduateStudent46, Y=http://www.Department2.University2.edu, Z=GraduateStudent46@Department2.University2.edu}, {X=http://www.Department2.University2.edu/UndergraduateStudent122, Y=http://www.Department2.University2.edu, Z=UndergraduateStudent122@Department2.University2.edu}, {X=http://www.Department2.University2.edu/UndergraduateStudent56, Y=http://www.Department2.University2.edu, Z=UndergraduateStudent56@Department2.University2.edu}, {X=http://www.Department2.University2.edu/GraduateStudent125, Y=http://www.Department2.University2.edu, Z=GraduateStudent125@Department2.University2.edu}, {X=http://www.Department2.University2.edu/UndergraduateStudent202, Y=http://www.Department2.University2.edu, Z=UndergraduateStudent202@Department2.University2.edu}, {X=http://www.Department2.University2.edu/GraduateStudent86, Y=http://www.Department2.University2.edu, Z=GraduateStudent86@Department2.University2.edu}, {X=http://www.Department2.University2.edu/UndergraduateStudent262, Y=http://www.Department2.University2.edu, Z=UndergraduateStudent262@Department2.University2.edu}, {X=http://www.Department2.University2.edu/UndergraduateStudent163, Y=http://www.Department2.University2.edu, Z=UndergraduateStudent163@Department2.University2.edu}, {X=http://www.Department2.University2.edu/UndergraduateStudent148, Y=http://www.Department2.University2.edu, Z=UndergraduateStudent148@Department2.University2.edu}, {X=http://www.Department2.University2.edu/UndergraduateStudent76, Y=http://www.Department2.University2.edu, Z=UndergraduateStudent76@Department2.University2.edu}, {X=http://www.Department2.University2.edu/GraduateStudent27, Y=http://www.Department2.University2.edu, Z=GraduateStudent27@Department2.University2.edu}, {X=http://www.Department2.University2.edu/GraduateStudent64, Y=http://www.Department2.University2.edu, Z=GraduateStudent64@Department2.University2.edu}, {X=http://www.Department2.University2.edu/UndergraduateStudent351, Y=http://www.Department2.University2.edu, Z=UndergraduateStudent351@Department2.University2.edu}, {X=http://www.Department2.University2.edu/UndergraduateStudent78, Y=http://www.Department2.University2.edu, Z=UndergraduateStudent78@Department2.University2.edu}, {X=http://www.Department2.University2.edu/GraduateStudent49, Y=http://www.Department2.University2.edu, Z=GraduateStudent49@Department2.University2.edu}, {X=http://www.Department2.University2.edu/UndergraduateStudent338, Y=http://www.Department2.University2.edu, Z=UndergraduateStudent338@Department2.University2.edu}, {X=http://www.Department2.University2.edu/UndergraduateStudent36, Y=http://www.Department2.University2.edu, Z=UndergraduateStudent36@Department2.University2.edu}, {X=http://www.Department2.University2.edu/UndergraduateStudent339, Y=http://www.Department2.University2.edu, Z=UndergraduateStudent339@Department2.University2.edu}, {X=http://www.Department2.University2.edu/GraduateStudent87, Y=http://www.Department2.University2.edu, Z=GraduateStudent87@Department2.University2.edu}, {X=http://www.Department2.University2.edu/UndergraduateStudent167, Y=http://www.Department2.University2.edu, Z=UndergraduateStudent167@Department2.University2.edu}, {X=http://www.Department2.University2.edu/GraduateStudent119, Y=http://www.Department2.University2.edu, Z=GraduateStudent119@Department2.University2.edu}, {X=http://www.Department2.University2.edu/UndergraduateStudent72, Y=http://www.Department2.University2.edu, Z=UndergraduateStudent72@Department2.University2.edu}, {X=http://www.Department2.University2.edu/UndergraduateStudent77, Y=http://www.Department2.University2.edu, Z=UndergraduateStudent77@Department2.University2.edu}, {X=http://www.Department2.University2.edu/GraduateStudent97, Y=http://www.Department2.University2.edu, Z=GraduateStudent97@Department2.University2.edu}, {X=http://www.Department2.University2.edu/GraduateStudent54, Y=http://www.Department2.University2.edu, Z=GraduateStudent54@Department2.University2.edu}, {X=http://www.Department2.University2.edu/UndergraduateStudent9, Y=http://www.Department2.University2.edu, Z=UndergraduateStudent9@Department2.University2.edu}, {X=http://www.Department2.University2.edu/UndergraduateStudent65, Y=http://www.Department2.University2.edu, Z=UndergraduateStudent65@Department2.University2.edu}, {X=http://www.Department2.University2.edu/UndergraduateStudent11, Y=http://www.Department2.University2.edu, Z=UndergraduateStudent11@Department2.University2.edu}, {X=http://www.Department2.University2.edu/UndergraduateStudent208, Y=http://www.Department2.University2.edu, Z=UndergraduateStudent208@Department2.University2.edu}, {X=http://www.Department2.University2.edu/GraduateStudent128, Y=http://www.Department2.University2.edu, Z=GraduateStudent128@Department2.University2.edu}, {X=http://www.Department2.University2.edu/UndergraduateStudent322, Y=http://www.Department2.University2.edu, Z=UndergraduateStudent322@Department2.University2.edu}, {X=http://www.Department2.University2.edu/GraduateStudent89, Y=http://www.Department2.University2.edu, Z=GraduateStudent89@Department2.University2.edu}, {X=http://www.Department2.University2.edu/UndergraduateStudent28, Y=http://www.Department2.University2.edu, Z=UndergraduateStudent28@Department2.University2.edu}, {X=http://www.Department2.University2.edu/GraduateStudent25, Y=http://www.Department2.University2.edu, Z=GraduateStudent25@Department2.University2.edu}, {X=http://www.Department2.University2.edu/UndergraduateStudent134, Y=http://www.Department2.University2.edu, Z=UndergraduateStudent134@Department2.University2.edu}, {X=http://www.Department2.University2.edu/UndergraduateStudent335, Y=http://www.Department2.University2.edu, Z=UndergraduateStudent335@Department2.University2.edu}, {X=http://www.Department2.University2.edu/UndergraduateStudent288, Y=http://www.Department2.University2.edu, Z=UndergraduateStudent288@Department2.University2.edu}, {X=http://www.Department2.University2.edu/UndergraduateStudent97, Y=http://www.Department2.University2.edu, Z=UndergraduateStudent97@Department2.University2.edu}, {X=http://www.Department2.University2.edu/UndergraduateStudent125, Y=http://www.Department2.University2.edu, Z=UndergraduateStudent125@Department2.University2.edu}, {X=http://www.Department2.University2.edu/GraduateStudent76, Y=http://www.Department2.University2.edu, Z=GraduateStudent76@Department2.University2.edu}, {X=http://www.Department2.University2.edu/GraduateStudent28, Y=http://www.Department2.University2.edu, Z=GraduateStudent28@Department2.University2.edu}, {X=http://www.Department2.University2.edu/UndergraduateStudent137, Y=http://www.Department2.University2.edu, Z=UndergraduateStudent137@Department2.University2.edu}, {X=http://www.Department2.University2.edu/UndergraduateStudent162, Y=http://www.Department2.University2.edu, Z=UndergraduateStudent162@Department2.University2.edu}, {X=http://www.Department2.University2.edu/UndergraduateStudent293, Y=http://www.Department2.University2.edu, Z=UndergraduateStudent293@Department2.University2.edu}, {X=http://www.Department2.University2.edu/UndergraduateStudent328, Y=http://www.Department2.University2.edu, Z=UndergraduateStudent328@Department2.University2.edu}, {X=http://www.Department2.University2.edu/UndergraduateStudent350, Y=http://www.Department2.University2.edu, Z=UndergraduateStudent350@Department2.University2.edu}, {X=http://www.Department2.University2.edu/UndergraduateStudent269, Y=http://www.Department2.University2.edu, Z=UndergraduateStudent269@Department2.University2.edu}, {X=http://www.Department2.University2.edu/UndergraduateStudent64, Y=http://www.Department2.University2.edu, Z=UndergraduateStudent64@Department2.University2.edu}, {X=http://www.Department2.University2.edu/UndergraduateStudent272, Y=http://www.Department2.University2.edu, Z=UndergraduateStudent272@Department2.University2.edu}, {X=http://www.Department2.University2.edu/UndergraduateStudent245, Y=http://www.Department2.University2.edu, Z=UndergraduateStudent245@Department2.University2.edu}, {X=http://www.Department2.University2.edu/UndergraduateStudent95, Y=http://www.Department2.University2.edu, Z=UndergraduateStudent95@Department2.University2.edu}, {X=http://www.Department2.University2.edu/UndergraduateStudent109, Y=http://www.Department2.University2.edu, Z=UndergraduateStudent109@Department2.University2.edu}, {X=http://www.Department2.University2.edu/UndergraduateStudent179, Y=http://www.Department2.University2.edu, Z=UndergraduateStudent179@Department2.University2.edu}, {X=http://www.Department2.University2.edu/GraduateStudent63, Y=http://www.Department2.University2.edu, Z=GraduateStudent63@Department2.University2.edu}, {X=http://www.Department2.University2.edu/GraduateStudent19, Y=http://www.Department2.University2.edu, Z=GraduateStudent19@Department2.University2.edu}, {X=http://www.Department2.University2.edu/GraduateStudent22, Y=http://www.Department2.University2.edu, Z=GraduateStudent22@Department2.University2.edu}, {X=http://www.Department2.University2.edu/UndergraduateStudent4, Y=http://www.Department2.University2.edu, Z=UndergraduateStudent4@Department2.University2.edu}, {X=http://www.Department2.University2.edu/UndergraduateStudent280, Y=http://www.Department2.University2.edu, Z=UndergraduateStudent280@Department2.University2.edu}, {X=http://www.Department2.University2.edu/GraduateStudent12, Y=http://www.Department2.University2.edu, Z=GraduateStudent12@Department2.University2.edu}, {X=http://www.Department2.University2.edu/UndergraduateStudent38, Y=http://www.Department2.University2.edu, Z=UndergraduateStudent38@Department2.University2.edu}, {X=http://www.Department2.University2.edu/UndergraduateStudent93, Y=http://www.Department2.University2.edu, Z=UndergraduateStudent93@Department2.University2.edu}, {X=http://www.Department2.University2.edu/UndergraduateStudent58, Y=http://www.Department2.University2.edu, Z=UndergraduateStudent58@Department2.University2.edu}, {X=http://www.Department2.University2.edu/UndergraduateStudent223, Y=http://www.Department2.University2.edu, Z=UndergraduateStudent223@Department2.University2.edu}, {X=http://www.Department2.University2.edu/UndergraduateStudent146, Y=http://www.Department2.University2.edu, Z=UndergraduateStudent146@Department2.University2.edu}, {X=http://www.Department2.University2.edu/UndergraduateStudent32, Y=http://www.Department2.University2.edu, Z=UndergraduateStudent32@Department2.University2.edu}, {X=http://www.Department2.University2.edu/UndergraduateStudent220, Y=http://www.Department2.University2.edu, Z=UndergraduateStudent220@Department2.University2.edu}, {X=http://www.Department2.University2.edu/GraduateStudent82, Y=http://www.Department2.University2.edu, Z=GraduateStudent82@Department2.University2.edu}, {X=http://www.Department2.University2.edu/UndergraduateStudent286, Y=http://www.Department2.University2.edu, Z=UndergraduateStudent286@Department2.University2.edu}, {X=http://www.Department2.University2.edu/UndergraduateStudent295, Y=http://www.Department2.University2.edu, Z=UndergraduateStudent295@Department2.University2.edu}, {X=http://www.Department2.University2.edu/UndergraduateStudent267, Y=http://www.Department2.University2.edu, Z=UndergraduateStudent267@Department2.University2.edu}, {X=http://www.Department2.University2.edu/UndergraduateStudent34, Y=http://www.Department2.University2.edu, Z=UndergraduateStudent34@Department2.University2.edu}, {X=http://www.Department2.University2.edu/UndergraduateStudent355, Y=http://www.Department2.University2.edu, Z=UndergraduateStudent355@Department2.University2.edu}, {X=http://www.Department2.University2.edu/GraduateStudent4, Y=http://www.Department2.University2.edu, Z=GraduateStudent4@Department2.University2.edu}, {X=http://www.Department2.University2.edu/UndergraduateStudent320, Y=http://www.Department2.University2.edu, Z=UndergraduateStudent320@Department2.University2.edu}, {X=http://www.Department2.University2.edu/UndergraduateStudent321, Y=http://www.Department2.University2.edu, Z=UndergraduateStudent321@Department2.University2.edu}, {X=http://www.Department2.University2.edu/GraduateStudent60, Y=http://www.Department2.University2.edu, Z=GraduateStudent60@Department2.University2.edu}, {X=http://www.Department2.University2.edu/UndergraduateStudent275, Y=http://www.Department2.University2.edu, Z=UndergraduateStudent275@Department2.University2.edu}, {X=http://www.Department2.University2.edu/GraduateStudent26, Y=http://www.Department2.University2.edu, Z=GraduateStudent26@Department2.University2.edu}, {X=http://www.Department2.University2.edu/UndergraduateStudent318, Y=http://www.Department2.University2.edu, Z=UndergraduateStudent318@Department2.University2.edu}, {X=http://www.Department2.University2.edu/UndergraduateStudent57, Y=http://www.Department2.University2.edu, Z=UndergraduateStudent57@Department2.University2.edu}, {X=http://www.Department2.University2.edu/UndergraduateStudent115, Y=http://www.Department2.University2.edu, Z=UndergraduateStudent115@Department2.University2.edu}, {X=http://www.Department2.University2.edu/GraduateStudent106, Y=http://www.Department2.University2.edu, Z=GraduateStudent106@Department2.University2.edu}, {X=http://www.Department2.University2.edu/GraduateStudent38, Y=http://www.Department2.University2.edu, Z=GraduateStudent38@Department2.University2.edu}, {X=http://www.Department2.University2.edu/GraduateStudent34, Y=http://www.Department2.University2.edu, Z=GraduateStudent34@Department2.University2.edu}, {X=http://www.Department2.University2.edu/UndergraduateStudent147, Y=http://www.Department2.University2.edu, Z=UndergraduateStudent147@Department2.University2.edu}, {X=http://www.Department2.University2.edu/UndergraduateStudent46, Y=http://www.Department2.University2.edu, Z=UndergraduateStudent46@Department2.University2.edu}, {X=http://www.Department2.University2.edu/UndergraduateStudent79, Y=http://www.Department2.University2.edu, Z=UndergraduateStudent79@Department2.University2.edu}, {X=http://www.Department2.University2.edu/UndergraduateStudent63, Y=http://www.Department2.University2.edu, Z=UndergraduateStudent63@Department2.University2.edu}, {X=http://www.Department2.University2.edu/UndergraduateStudent336, Y=http://www.Department2.University2.edu, Z=UndergraduateStudent336@Department2.University2.edu}, {X=http://www.Department2.University2.edu/UndergraduateStudent256, Y=http://www.Department2.University2.edu, Z=UndergraduateStudent256@Department2.University2.edu}, {X=http://www.Department2.University2.edu/GraduateStudent42, Y=http://www.Department2.University2.edu, Z=GraduateStudent42@Department2.University2.edu}, {X=http://www.Department2.University2.edu/UndergraduateStudent214, Y=http://www.Department2.University2.edu, Z=UndergraduateStudent214@Department2.University2.edu}, {X=http://www.Department2.University2.edu/GraduateStudent92, Y=http://www.Department2.University2.edu, Z=GraduateStudent92@Department2.University2.edu}, {X=http://www.Department2.University2.edu/UndergraduateStudent313, Y=http://www.Department2.University2.edu, Z=UndergraduateStudent313@Department2.University2.edu}, {X=http://www.Department2.University2.edu/UndergraduateStudent42, Y=http://www.Department2.University2.edu, Z=UndergraduateStudent42@Department2.University2.edu}, {X=http://www.Department2.University2.edu/UndergraduateStudent100, Y=http://www.Department2.University2.edu, Z=UndergraduateStudent100@Department2.University2.edu}, {X=http://www.Department2.University2.edu/UndergraduateStudent83, Y=http://www.Department2.University2.edu, Z=UndergraduateStudent83@Department2.University2.edu}, {X=http://www.Department2.University2.edu/UndergraduateStudent69, Y=http://www.Department2.University2.edu, Z=UndergraduateStudent69@Department2.University2.edu}, {X=http://www.Department2.University2.edu/GraduateStudent91, Y=http://www.Department2.University2.edu, Z=GraduateStudent91@Department2.University2.edu}, {X=http://www.Department2.University2.edu/UndergraduateStudent111, Y=http://www.Department2.University2.edu, Z=UndergraduateStudent111@Department2.University2.edu}, {X=http://www.Department2.University2.edu/UndergraduateStudent20, Y=http://www.Department2.University2.edu, Z=UndergraduateStudent20@Department2.University2.edu}, {X=http://www.Department2.University2.edu/UndergraduateStudent87, Y=http://www.Department2.University2.edu, Z=UndergraduateStudent87@Department2.University2.edu}, {X=http://www.Department2.University2.edu/UndergraduateStudent190, Y=http://www.Department2.University2.edu, Z=UndergraduateStudent190@Department2.University2.edu}, {X=http://www.Department2.University2.edu/UndergraduateStudent189, Y=http://www.Department2.University2.edu, Z=UndergraduateStudent189@Department2.University2.edu}, {X=http://www.Department2.University2.edu/UndergraduateStudent5, Y=http://www.Department2.University2.edu, Z=UndergraduateStudent5@Department2.University2.edu}, {X=http://www.Department2.University2.edu/GraduateStudent30, Y=http://www.Department2.University2.edu, Z=GraduateStudent30@Department2.University2.edu}, {X=http://www.Department2.University2.edu/GraduateStudent32, Y=http://www.Department2.University2.edu, Z=GraduateStudent32@Department2.University2.edu}, {X=http://www.Department2.University2.edu/UndergraduateStudent331, Y=http://www.Department2.University2.edu, Z=UndergraduateStudent331@Department2.University2.edu}, {X=http://www.Department2.University2.edu/GraduateStudent65, Y=http://www.Department2.University2.edu, Z=GraduateStudent65@Department2.University2.edu}, {X=http://www.Department2.University2.edu/UndergraduateStudent226, Y=http://www.Department2.University2.edu, Z=UndergraduateStudent226@Department2.University2.edu}, {X=http://www.Department2.University2.edu/UndergraduateStudent44, Y=http://www.Department2.University2.edu, Z=UndergraduateStudent44@Department2.University2.edu}, {X=http://www.Department2.University2.edu/UndergraduateStudent132, Y=http://www.Department2.University2.edu, Z=UndergraduateStudent132@Department2.University2.edu}, {X=http://www.Department2.University2.edu/UndergraduateStudent33, Y=http://www.Department2.University2.edu, Z=UndergraduateStudent33@Department2.University2.edu}, {X=http://www.Department2.University2.edu/GraduateStudent7, Y=http://www.Department2.University2.edu, Z=GraduateStudent7@Department2.University2.edu}, {X=http://www.Department2.University2.edu/UndergraduateStudent166, Y=http://www.Department2.University2.edu, Z=UndergraduateStudent166@Department2.University2.edu}, {X=http://www.Department2.University2.edu/UndergraduateStudent74, Y=http://www.Department2.University2.edu, Z=UndergraduateStudent74@Department2.University2.edu}, {X=http://www.Department2.University2.edu/UndergraduateStudent207, Y=http://www.Department2.University2.edu, Z=UndergraduateStudent207@Department2.University2.edu}, {X=http://www.Department2.University2.edu/UndergraduateStudent244, Y=http://www.Department2.University2.edu, Z=UndergraduateStudent244@Department2.University2.edu}, {X=http://www.Department2.University2.edu/UndergraduateStudent175, Y=http://www.Department2.University2.edu, Z=UndergraduateStudent175@Department2.University2.edu}, {X=http://www.Department2.University2.edu/UndergraduateStudent45, Y=http://www.Department2.University2.edu, Z=UndergraduateStudent45@Department2.University2.edu}, {X=http://www.Department2.University2.edu/UndergraduateStudent127, Y=http://www.Department2.University2.edu, Z=UndergraduateStudent127@Department2.University2.edu}, {X=http://www.Department2.University2.edu/GraduateStudent93, Y=http://www.Department2.University2.edu, Z=GraduateStudent93@Department2.University2.edu}, {X=http://www.Department2.University2.edu/UndergraduateStudent8, Y=http://www.Department2.University2.edu, Z=UndergraduateStudent8@Department2.University2.edu}, {X=http://www.Department2.University2.edu/UndergraduateStudent53, Y=http://www.Department2.University2.edu, Z=UndergraduateStudent53@Department2.University2.edu}, {X=http://www.Department2.University2.edu/UndergraduateStudent200, Y=http://www.Department2.University2.edu, Z=UndergraduateStudent200@Department2.University2.edu}, {X=http://www.Department2.University2.edu/UndergraduateStudent232, Y=http://www.Department2.University2.edu, Z=UndergraduateStudent232@Department2.University2.edu}, {X=http://www.Department2.University2.edu/UndergraduateStudent273, Y=http://www.Department2.University2.edu, Z=UndergraduateStudent273@Department2.University2.edu}, {X=http://www.Department2.University2.edu/GraduateStudent79, Y=http://www.Department2.University2.edu, Z=GraduateStudent79@Department2.University2.edu}, {X=http://www.Department2.University2.edu/GraduateStudent94, Y=http://www.Department2.University2.edu, Z=GraduateStudent94@Department2.University2.edu}, {X=http://www.Department2.University2.edu/GraduateStudent95, Y=http://www.Department2.University2.edu, Z=GraduateStudent95@Department2.University2.edu}, {X=http://www.Department2.University2.edu/UndergraduateStudent353, Y=http://www.Department2.University2.edu, Z=UndergraduateStudent353@Department2.University2.edu}, {X=http://www.Department2.University2.edu/UndergraduateStudent18, Y=http://www.Department2.University2.edu, Z=UndergraduateStudent18@Department2.University2.edu}, {X=http://www.Department2.University2.edu/GraduateStudent110, Y=http://www.Department2.University2.edu, Z=GraduateStudent110@Department2.University2.edu}, {X=http://www.Department2.University2.edu/UndergraduateStudent334, Y=http://www.Department2.University2.edu, Z=UndergraduateStudent334@Department2.University2.edu}, {X=http://www.Department2.University2.edu/UndergraduateStudent27, Y=http://www.Department2.University2.edu, Z=UndergraduateStudent27@Department2.University2.edu}, {X=http://www.Department2.University2.edu/UndergraduateStudent250, Y=http://www.Department2.University2.edu, Z=UndergraduateStudent250@Department2.University2.edu}, {X=http://www.Department2.University2.edu/UndergraduateStudent30, Y=http://www.Department2.University2.edu, Z=UndergraduateStudent30@Department2.University2.edu}, {X=http://www.Department2.University2.edu/UndergraduateStudent289, Y=http://www.Department2.University2.edu, Z=UndergraduateStudent289@Department2.University2.edu}, {X=http://www.Department2.University2.edu/UndergraduateStudent257, Y=http://www.Department2.University2.edu, Z=UndergraduateStudent257@Department2.University2.edu}, {X=http://www.Department2.University2.edu/UndergraduateStudent155, Y=http://www.Department2.University2.edu, Z=UndergraduateStudent155@Department2.University2.edu}, {X=http://www.Department2.University2.edu/UndergraduateStudent327, Y=http://www.Department2.University2.edu, Z=UndergraduateStudent327@Department2.University2.edu}, {X=http://www.Department2.University2.edu/UndergraduateStudent66, Y=http://www.Department2.University2.edu, Z=UndergraduateStudent66@Department2.University2.edu}, {X=http://www.Department2.University2.edu/UndergraduateStudent229, Y=http://www.Department2.University2.edu, Z=UndergraduateStudent229@Department2.University2.edu}, {X=http://www.Department2.University2.edu/UndergraduateStudent346, Y=http://www.Department2.University2.edu, Z=UndergraduateStudent346@Department2.University2.edu}, {X=http://www.Department2.University2.edu/UndergraduateStudent180, Y=http://www.Department2.University2.edu, Z=UndergraduateStudent180@Department2.University2.edu}, {X=http://www.Department2.University2.edu/GraduateStudent105, Y=http://www.Department2.University2.edu, Z=GraduateStudent105@Department2.University2.edu}, {X=http://www.Department2.University2.edu/GraduateStudent77, Y=http://www.Department2.University2.edu, Z=GraduateStudent77@Department2.University2.edu}, {X=http://www.Department2.University2.edu/UndergraduateStudent17, Y=http://www.Department2.University2.edu, Z=UndergraduateStudent17@Department2.University2.edu}, {X=http://www.Department2.University2.edu/GraduateStudent78, Y=http://www.Department2.University2.edu, Z=GraduateStudent78@Department2.University2.edu}, {X=http://www.Department2.University2.edu/UndergraduateStudent81, Y=http://www.Department2.University2.edu, Z=UndergraduateStudent81@Department2.University2.edu}, {X=http://www.Department2.University2.edu/UndergraduateStudent228, Y=http://www.Department2.University2.edu, Z=UndergraduateStudent228@Department2.University2.edu}, {X=http://www.Department2.University2.edu/UndergraduateStudent49, Y=http://www.Department2.University2.edu, Z=UndergraduateStudent49@Department2.University2.edu}, {X=http://www.Department2.University2.edu/GraduateStudent45, Y=http://www.Department2.University2.edu, Z=GraduateStudent45@Department2.University2.edu}, {X=http://www.Department2.University2.edu/UndergraduateStudent216, Y=http://www.Department2.University2.edu, Z=UndergraduateStudent216@Department2.University2.edu}, {X=http://www.Department2.University2.edu/UndergraduateStudent142, Y=http://www.Department2.University2.edu, Z=UndergraduateStudent142@Department2.University2.edu}, {X=http://www.Department2.University2.edu/UndergraduateStudent261, Y=http://www.Department2.University2.edu, Z=UndergraduateStudent261@Department2.University2.edu}, {X=http://www.Department2.University2.edu/GraduateStudent11, Y=http://www.Department2.University2.edu, Z=GraduateStudent11@Department2.University2.edu}, {X=http://www.Department2.University2.edu/UndergraduateStudent168, Y=http://www.Department2.University2.edu, Z=UndergraduateStudent168@Department2.University2.edu}, {X=http://www.Department2.University2.edu/UndergraduateStudent0, Y=http://www.Department2.University2.edu, Z=UndergraduateStudent0@Department2.University2.edu}, {X=http://www.Department2.University2.edu/UndergraduateStudent345, Y=http://www.Department2.University2.edu, Z=UndergraduateStudent345@Department2.University2.edu}, {X=http://www.Department2.University2.edu/UndergraduateStudent266, Y=http://www.Department2.University2.edu, Z=UndergraduateStudent266@Department2.University2.edu}, {X=http://www.Department2.University2.edu/GraduateStudent18, Y=http://www.Department2.University2.edu, Z=GraduateStudent18@Department2.University2.edu}, {X=http://www.Department2.University2.edu/GraduateStudent6, Y=http://www.Department2.University2.edu, Z=GraduateStudent6@Department2.University2.edu}, {X=http://www.Department2.University2.edu/UndergraduateStudent110, Y=http://www.Department2.University2.edu, Z=UndergraduateStudent110@Department2.University2.edu}, {X=http://www.Department2.University2.edu/UndergraduateStudent198, Y=http://www.Department2.University2.edu, Z=UndergraduateStudent198@Department2.University2.edu}, {X=http://www.Department2.University2.edu/UndergraduateStudent195, Y=http://www.Department2.University2.edu, Z=UndergraduateStudent195@Department2.University2.edu}, {X=http://www.Department2.University2.edu/UndergraduateStudent260, Y=http://www.Department2.University2.edu, Z=UndergraduateStudent260@Department2.University2.edu}, {X=http://www.Department2.University2.edu/UndergraduateStudent307, Y=http://www.Department2.University2.edu, Z=UndergraduateStudent307@Department2.University2.edu}, {X=http://www.Department2.University2.edu/UndergraduateStudent296, Y=http://www.Department2.University2.edu, Z=UndergraduateStudent296@Department2.University2.edu}, {X=http://www.Department2.University2.edu/GraduateStudent13, Y=http://www.Department2.University2.edu, Z=GraduateStudent13@Department2.University2.edu}, {X=http://www.Department2.University2.edu/UndergraduateStudent314, Y=http://www.Department2.University2.edu, Z=UndergraduateStudent314@Department2.University2.edu}, {X=http://www.Department2.University2.edu/UndergraduateStudent344, Y=http://www.Department2.University2.edu, Z=UndergraduateStudent344@Department2.University2.edu}, {X=http://www.Department2.University2.edu/UndergraduateStudent22, Y=http://www.Department2.University2.edu, Z=UndergraduateStudent22@Department2.University2.edu}, {X=http://www.Department2.University2.edu/UndergraduateStudent108, Y=http://www.Department2.University2.edu, Z=UndergraduateStudent108@Department2.University2.edu}, {X=http://www.Department2.University2.edu/UndergraduateStudent170, Y=http://www.Department2.University2.edu, Z=UndergraduateStudent170@Department2.University2.edu}, {X=http://www.Department2.University2.edu/UndergraduateStudent103, Y=http://www.Department2.University2.edu, Z=UndergraduateStudent103@Department2.University2.edu}, {X=http://www.Department2.University2.edu/UndergraduateStudent304, Y=http://www.Department2.University2.edu, Z=UndergraduateStudent304@Department2.University2.edu}, {X=http://www.Department2.University2.edu/GraduateStudent36, Y=http://www.Department2.University2.edu, Z=GraduateStudent36@Department2.University2.edu}, {X=http://www.Department2.University2.edu/UndergraduateStudent230, Y=http://www.Department2.University2.edu, Z=UndergraduateStudent230@Department2.University2.edu}, {X=http://www.Department2.University2.edu/UndergraduateStudent41, Y=http://www.Department2.University2.edu, Z=UndergraduateStudent41@Department2.University2.edu}, {X=http://www.Department2.University2.edu/UndergraduateStudent131, Y=http://www.Department2.University2.edu, Z=UndergraduateStudent131@Department2.University2.edu}, {X=http://www.Department2.University2.edu/UndergraduateStudent255, Y=http://www.Department2.University2.edu, Z=UndergraduateStudent255@Department2.University2.edu}, {X=http://www.Department2.University2.edu/GraduateStudent74, Y=http://www.Department2.University2.edu, Z=GraduateStudent74@Department2.University2.edu}, {X=http://www.Department2.University2.edu/GraduateStudent114, Y=http://www.Department2.University2.edu, Z=GraduateStudent114@Department2.University2.edu}, {X=http://www.Department2.University2.edu/UndergraduateStudent290, Y=http://www.Department2.University2.edu, Z=UndergraduateStudent290@Department2.University2.edu}, {X=http://www.Department2.University2.edu/UndergraduateStudent86, Y=http://www.Department2.University2.edu, Z=UndergraduateStudent86@Department2.University2.edu}, {X=http://www.Department2.University2.edu/UndergraduateStudent235, Y=http://www.Department2.University2.edu, Z=UndergraduateStudent235@Department2.University2.edu}, {X=http://www.Department2.University2.edu/GraduateStudent14, Y=http://www.Department2.University2.edu, Z=GraduateStudent14@Department2.University2.edu}, {X=http://www.Department2.University2.edu/UndergraduateStudent188, Y=http://www.Department2.University2.edu, Z=UndergraduateStudent188@Department2.University2.edu}, {X=http://www.Department2.University2.edu/UndergraduateStudent203, Y=http://www.Department2.University2.edu, Z=UndergraduateStudent203@Department2.University2.edu}, {X=http://www.Department2.University2.edu/UndergraduateStudent15, Y=http://www.Department2.University2.edu, Z=UndergraduateStudent15@Department2.University2.edu}, {X=http://www.Department2.University2.edu/UndergraduateStudent276, Y=http://www.Department2.University2.edu, Z=UndergraduateStudent276@Department2.University2.edu}, {X=http://www.Department2.University2.edu/UndergraduateStudent62, Y=http://www.Department2.University2.edu, Z=UndergraduateStudent62@Department2.University2.edu}, {X=http://www.Department2.University2.edu/UndergraduateStudent82, Y=http://www.Department2.University2.edu, Z=UndergraduateStudent82@Department2.University2.edu}, {X=http://www.Department2.University2.edu/UndergraduateStudent215, Y=http://www.Department2.University2.edu, Z=UndergraduateStudent215@Department2.University2.edu}, {X=http://www.Department2.University2.edu/UndergraduateStudent217, Y=http://www.Department2.University2.edu, Z=UndergraduateStudent217@Department2.University2.edu}, {X=http://www.Department2.University2.edu/UndergraduateStudent112, Y=http://www.Department2.University2.edu, Z=UndergraduateStudent112@Department2.University2.edu}, {X=http://www.Department2.University2.edu/GraduateStudent113, Y=http://www.Department2.University2.edu, Z=GraduateStudent113@Department2.University2.edu}, {X=http://www.Department2.University2.edu/UndergraduateStudent106, Y=http://www.Department2.University2.edu, Z=UndergraduateStudent106@Department2.University2.edu}, {X=http://www.Department2.University2.edu/GraduateStudent47, Y=http://www.Department2.University2.edu, Z=GraduateStudent47@Department2.University2.edu}, {X=http://www.Department2.University2.edu/UndergraduateStudent259, Y=http://www.Department2.University2.edu, Z=UndergraduateStudent259@Department2.University2.edu}, {X=http://www.Department2.University2.edu/UndergraduateStudent12, Y=http://www.Department2.University2.edu, Z=UndergraduateStudent12@Department2.University2.edu}, {X=http://www.Department2.University2.edu/GraduateStudent104, Y=http://www.Department2.University2.edu, Z=GraduateStudent104@Department2.University2.edu}, {X=http://www.Department2.University2.edu/UndergraduateStudent23, Y=http://www.Department2.University2.edu, Z=UndergraduateStudent23@Department2.University2.edu}, {X=http://www.Department2.University2.edu/GraduateStudent124, Y=http://www.Department2.University2.edu, Z=GraduateStudent124@Department2.University2.edu}, {X=http://www.Department2.University2.edu/UndergraduateStudent6, Y=http://www.Department2.University2.edu, Z=UndergraduateStudent6@Department2.University2.edu}, {X=http://www.Department2.University2.edu/UndergraduateStudent206, Y=http://www.Department2.University2.edu, Z=UndergraduateStudent206@Department2.University2.edu}, {X=http://www.Department2.University2.edu/GraduateStudent117, Y=http://www.Department2.University2.edu, Z=GraduateStudent117@Department2.University2.edu}, {X=http://www.Department2.University2.edu/UndergraduateStudent315, Y=http://www.Department2.University2.edu, Z=UndergraduateStudent315@Department2.University2.edu}, {X=http://www.Department2.University2.edu/UndergraduateStudent172, Y=http://www.Department2.University2.edu, Z=UndergraduateStudent172@Department2.University2.edu}, {X=http://www.Department2.University2.edu/UndergraduateStudent145, Y=http://www.Department2.University2.edu, Z=UndergraduateStudent145@Department2.University2.edu}, {X=http://www.Department2.University2.edu/UndergraduateStudent252, Y=http://www.Department2.University2.edu, Z=UndergraduateStudent252@Department2.University2.edu}, {X=http://www.Department2.University2.edu/UndergraduateStudent199, Y=http://www.Department2.University2.edu, Z=UndergraduateStudent199@Department2.University2.edu}, {X=http://www.Department2.University2.edu/UndergraduateStudent192, Y=http://www.Department2.University2.edu, Z=UndergraduateStudent192@Department2.University2.edu}, {X=http://www.Department2.University2.edu/GraduateStudent57, Y=http://www.Department2.University2.edu, Z=GraduateStudent57@Department2.University2.edu}, {X=http://www.Department2.University2.edu/GraduateStudent101, Y=http://www.Department2.University2.edu, Z=GraduateStudent101@Department2.University2.edu}, {X=http://www.Department2.University2.edu/UndergraduateStudent26, Y=http://www.Department2.University2.edu, Z=UndergraduateStudent26@Department2.University2.edu}, {X=http://www.Department2.University2.edu/UndergraduateStudent173, Y=http://www.Department2.University2.edu, Z=UndergraduateStudent173@Department2.University2.edu}, {X=http://www.Department2.University2.edu/GraduateStudent103, Y=http://www.Department2.University2.edu, Z=GraduateStudent103@Department2.University2.edu}, {X=http://www.Department2.University2.edu/UndergraduateStudent160, Y=http://www.Department2.University2.edu, Z=UndergraduateStudent160@Department2.University2.edu}, {X=http://www.Department2.University2.edu/UndergraduateStudent184, Y=http://www.Department2.University2.edu, Z=UndergraduateStudent184@Department2.University2.edu}, {X=http://www.Department2.University2.edu/UndergraduateStudent326, Y=http://www.Department2.University2.edu, Z=UndergraduateStudent326@Department2.University2.edu}, {X=http://www.Department2.University2.edu/GraduateStudent33, Y=http://www.Department2.University2.edu, Z=GraduateStudent33@Department2.University2.edu}, {X=http://www.Department2.University2.edu/GraduateStudent111, Y=http://www.Department2.University2.edu, Z=GraduateStudent111@Department2.University2.edu}, {X=http://www.Department2.University2.edu/UndergraduateStudent271, Y=http://www.Department2.University2.edu, Z=UndergraduateStudent271@Department2.University2.edu}, {X=http://www.Department2.University2.edu/UndergraduateStudent287, Y=http://www.Department2.University2.edu, Z=UndergraduateStudent287@Department2.University2.edu}, {X=http://www.Department2.University2.edu/GraduateStudent88, Y=http://www.Department2.University2.edu, Z=GraduateStudent88@Department2.University2.edu}, {X=http://www.Department2.University2.edu/UndergraduateStudent80, Y=http://www.Department2.University2.edu, Z=UndergraduateStudent80@Department2.University2.edu}, {X=http://www.Department2.University2.edu/UndergraduateStudent359, Y=http://www.Department2.University2.edu, Z=UndergraduateStudent359@Department2.University2.edu}, {X=http://www.Department2.University2.edu/GraduateStudent123, Y=http://www.Department2.University2.edu, Z=GraduateStudent123@Department2.University2.edu}, {X=http://www.Department2.University2.edu/GraduateStudent116, Y=http://www.Department2.University2.edu, Z=GraduateStudent116@Department2.University2.edu}, {X=http://www.Department2.University2.edu/UndergraduateStudent239, Y=http://www.Department2.University2.edu, Z=UndergraduateStudent239@Department2.University2.edu}, {X=http://www.Department2.University2.edu/GraduateStudent68, Y=http://www.Department2.University2.edu, Z=GraduateStudent68@Department2.University2.edu}, {X=http://www.Department2.University2.edu/UndergraduateStudent96, Y=http://www.Department2.University2.edu, Z=UndergraduateStudent96@Department2.University2.edu}, {X=http://www.Department2.University2.edu/UndergraduateStudent178, Y=http://www.Department2.University2.edu, Z=UndergraduateStudent178@Department2.University2.edu}, {X=http://www.Department2.University2.edu/UndergraduateStudent157, Y=http://www.Department2.University2.edu, Z=UndergraduateStudent157@Department2.University2.edu}, {X=http://www.Department2.University2.edu/UndergraduateStudent105, Y=http://www.Department2.University2.edu, Z=UndergraduateStudent105@Department2.University2.edu}, {X=http://www.Department2.University2.edu/GraduateStudent122, Y=http://www.Department2.University2.edu, Z=GraduateStudent122@Department2.University2.edu}, {X=http://www.Department2.University2.edu/UndergraduateStudent50, Y=http://www.Department2.University2.edu, Z=UndergraduateStudent50@Department2.University2.edu}, {X=http://www.Department2.University2.edu/UndergraduateStudent316, Y=http://www.Department2.University2.edu, Z=UndergraduateStudent316@Department2.University2.edu}, {X=http://www.Department2.University2.edu/UndergraduateStudent303, Y=http://www.Department2.University2.edu, Z=UndergraduateStudent303@Department2.University2.edu}, {X=http://www.Department2.University2.edu/UndergraduateStudent181, Y=http://www.Department2.University2.edu, Z=UndergraduateStudent181@Department2.University2.edu}, {X=http://www.Department2.University2.edu/UndergraduateStudent301, Y=http://www.Department2.University2.edu, Z=UndergraduateStudent301@Department2.University2.edu}, {X=http://www.Department2.University2.edu/UndergraduateStudent243, Y=http://www.Department2.University2.edu, Z=UndergraduateStudent243@Department2.University2.edu}, {X=http://www.Department2.University2.edu/UndergraduateStudent120, Y=http://www.Department2.University2.edu, Z=UndergraduateStudent120@Department2.University2.edu}, {X=http://www.Department2.University2.edu/UndergraduateStudent14, Y=http://www.Department2.University2.edu, Z=UndergraduateStudent14@Department2.University2.edu}, {X=http://www.Department2.University2.edu/GraduateStudent126, Y=http://www.Department2.University2.edu, Z=GraduateStudent126@Department2.University2.edu}, {X=http://www.Department2.University2.edu/GraduateStudent9, Y=http://www.Department2.University2.edu, Z=GraduateStudent9@Department2.University2.edu}, {X=http://www.Department2.University2.edu/GraduateStudent31, Y=http://www.Department2.University2.edu, Z=GraduateStudent31@Department2.University2.edu}, {X=http://www.Department2.University2.edu/UndergraduateStudent205, Y=http://www.Department2.University2.edu, Z=UndergraduateStudent205@Department2.University2.edu}, {X=http://www.Department2.University2.edu/UndergraduateStudent347, Y=http://www.Department2.University2.edu, Z=UndergraduateStudent347@Department2.University2.edu}, {X=http://www.Department2.University2.edu/UndergraduateStudent133, Y=http://www.Department2.University2.edu, Z=UndergraduateStudent133@Department2.University2.edu}, {X=http://www.Department2.University2.edu/UndergraduateStudent136, Y=http://www.Department2.University2.edu, Z=UndergraduateStudent136@Department2.University2.edu}, {X=http://www.Department2.University2.edu/UndergraduateStudent40, Y=http://www.Department2.University2.edu, Z=UndergraduateStudent40@Department2.University2.edu}, {X=http://www.Department2.University2.edu/GraduateStudent109, Y=http://www.Department2.University2.edu, Z=GraduateStudent109@Department2.University2.edu}, {X=http://www.Department2.University2.edu/UndergraduateStudent325, Y=http://www.Department2.University2.edu, Z=UndergraduateStudent325@Department2.University2.edu}, {X=http://www.Department2.University2.edu/UndergraduateStudent210, Y=http://www.Department2.University2.edu, Z=UndergraduateStudent210@Department2.University2.edu}, {X=http://www.Department2.University2.edu/UndergraduateStudent139, Y=http://www.Department2.University2.edu, Z=UndergraduateStudent139@Department2.University2.edu}, {X=http://www.Department2.University2.edu/GraduateStudent99, Y=http://www.Department2.University2.edu, Z=GraduateStudent99@Department2.University2.edu}, {X=http://www.Department2.University2.edu/UndergraduateStudent114, Y=http://www.Department2.University2.edu, Z=UndergraduateStudent114@Department2.University2.edu}, {X=http://www.Department2.University2.edu/GraduateStudent50, Y=http://www.Department2.University2.edu, Z=GraduateStudent50@Department2.University2.edu}, {X=http://www.Department2.University2.edu/UndergraduateStudent298, Y=http://www.Department2.University2.edu, Z=UndergraduateStudent298@Department2.University2.edu}, {X=http://www.Department2.University2.edu/UndergraduateStudent31, Y=http://www.Department2.University2.edu, Z=UndergraduateStudent31@Department2.University2.edu}, {X=http://www.Department2.University2.edu/UndergraduateStudent60, Y=http://www.Department2.University2.edu, Z=UndergraduateStudent60@Department2.University2.edu}, {X=http://www.Department2.University2.edu/UndergraduateStudent249, Y=http://www.Department2.University2.edu, Z=UndergraduateStudent249@Department2.University2.edu}, {X=http://www.Department2.University2.edu/UndergraduateStudent149, Y=http://www.Department2.University2.edu, Z=UndergraduateStudent149@Department2.University2.edu}, {X=http://www.Department2.University2.edu/UndergraduateStudent352, Y=http://www.Department2.University2.edu, Z=UndergraduateStudent352@Department2.University2.edu}, {X=http://www.Department2.University2.edu/UndergraduateStudent236, Y=http://www.Department2.University2.edu, Z=UndergraduateStudent236@Department2.University2.edu}, {X=http://www.Department2.University2.edu/UndergraduateStudent211, Y=http://www.Department2.University2.edu, Z=UndergraduateStudent211@Department2.University2.edu}, {X=http://www.Department2.University2.edu/GraduateStudent96, Y=http://www.Department2.University2.edu, Z=GraduateStudent96@Department2.University2.edu}, {X=http://www.Department2.University2.edu/UndergraduateStudent107, Y=http://www.Department2.University2.edu, Z=UndergraduateStudent107@Department2.University2.edu}, {X=http://www.Department2.University2.edu/GraduateStudent52, Y=http://www.Department2.University2.edu, Z=GraduateStudent52@Department2.University2.edu}, {X=http://www.Department2.University2.edu/GraduateStudent85, Y=http://www.Department2.University2.edu, Z=GraduateStudent85@Department2.University2.edu}, {X=http://www.Department2.University2.edu/UndergraduateStudent54, Y=http://www.Department2.University2.edu, Z=UndergraduateStudent54@Department2.University2.edu}, {X=http://www.Department2.University2.edu/GraduateStudent56, Y=http://www.Department2.University2.edu, Z=GraduateStudent56@Department2.University2.edu}, {X=http://www.Department2.University2.edu/UndergraduateStudent237, Y=http://www.Department2.University2.edu, Z=UndergraduateStudent237@Department2.University2.edu}, {X=http://www.Department2.University2.edu/UndergraduateStudent306, Y=http://www.Department2.University2.edu, Z=UndergraduateStudent306@Department2.University2.edu}, {X=http://www.Department2.University2.edu/GraduateStudent62, Y=http://www.Department2.University2.edu, Z=GraduateStudent62@Department2.University2.edu}, {X=http://www.Department2.University2.edu/GraduateStudent40, Y=http://www.Department2.University2.edu, Z=GraduateStudent40@Department2.University2.edu}, {X=http://www.Department2.University2.edu/GraduateStudent84, Y=http://www.Department2.University2.edu, Z=GraduateStudent84@Department2.University2.edu}, {X=http://www.Department2.University2.edu/UndergraduateStudent340, Y=http://www.Department2.University2.edu, Z=UndergraduateStudent340@Department2.University2.edu}, {X=http://www.Department2.University2.edu/UndergraduateStudent67, Y=http://www.Department2.University2.edu, Z=UndergraduateStudent67@Department2.University2.edu}, {X=http://www.Department2.University2.edu/UndergraduateStudent70, Y=http://www.Department2.University2.edu, Z=UndergraduateStudent70@Department2.University2.edu}, {X=http://www.Department2.University2.edu/UndergraduateStudent299, Y=http://www.Department2.University2.edu, Z=UndergraduateStudent299@Department2.University2.edu}, {X=http://www.Department2.University2.edu/UndergraduateStudent129, Y=http://www.Department2.University2.edu, Z=UndergraduateStudent129@Department2.University2.edu}, {X=http://www.Department2.University2.edu/UndergraduateStudent161, Y=http://www.Department2.University2.edu, Z=UndergraduateStudent161@Department2.University2.edu}, {X=http://www.Department2.University2.edu/UndergraduateStudent10, Y=http://www.Department2.University2.edu, Z=UndergraduateStudent10@Department2.University2.edu}, {X=http://www.Department2.University2.edu/UndergraduateStudent348, Y=http://www.Department2.University2.edu, Z=UndergraduateStudent348@Department2.University2.edu}, {X=http://www.Department2.University2.edu/UndergraduateStudent357, Y=http://www.Department2.University2.edu, Z=UndergraduateStudent357@Department2.University2.edu}, {X=http://www.Department2.University2.edu/GraduateStudent17, Y=http://www.Department2.University2.edu, Z=GraduateStudent17@Department2.University2.edu}, {X=http://www.Department2.University2.edu/UndergraduateStudent59, Y=http://www.Department2.University2.edu, Z=UndergraduateStudent59@Department2.University2.edu}, {X=http://www.Department2.University2.edu/UndergraduateStudent209, Y=http://www.Department2.University2.edu, Z=UndergraduateStudent209@Department2.University2.edu}, {X=http://www.Department2.University2.edu/UndergraduateStudent1, Y=http://www.Department2.University2.edu, Z=UndergraduateStudent1@Department2.University2.edu}, {X=http://www.Department2.University2.edu/UndergraduateStudent104, Y=http://www.Department2.University2.edu, Z=UndergraduateStudent104@Department2.University2.edu}, {X=http://www.Department2.University2.edu/GraduateStudent80, Y=http://www.Department2.University2.edu, Z=GraduateStudent80@Department2.University2.edu}, {X=http://www.Department2.University2.edu/UndergraduateStudent337, Y=http://www.Department2.University2.edu, Z=UndergraduateStudent337@Department2.University2.edu}, {X=http://www.Department2.University2.edu/GraduateStudent67, Y=http://www.Department2.University2.edu, Z=GraduateStudent67@Department2.University2.edu}, {X=http://www.Department2.University2.edu/UndergraduateStudent43, Y=http://www.Department2.University2.edu, Z=UndergraduateStudent43@Department2.University2.edu}, {X=http://www.Department2.University2.edu/GraduateStudent41, Y=http://www.Department2.University2.edu, Z=GraduateStudent41@Department2.University2.edu}, {X=http://www.Department2.University2.edu/UndergraduateStudent102, Y=http://www.Department2.University2.edu, Z=UndergraduateStudent102@Department2.University2.edu}, {X=http://www.Department2.University2.edu/UndergraduateStudent117, Y=http://www.Department2.University2.edu, Z=UndergraduateStudent117@Department2.University2.edu}, {X=http://www.Department2.University2.edu/UndergraduateStudent182, Y=http://www.Department2.University2.edu, Z=UndergraduateStudent182@Department2.University2.edu}, {X=http://www.Department2.University2.edu/UndergraduateStudent324, Y=http://www.Department2.University2.edu, Z=UndergraduateStudent324@Department2.University2.edu}, {X=http://www.Department2.University2.edu/UndergraduateStudent51, Y=http://www.Department2.University2.edu, Z=UndergraduateStudent51@Department2.University2.edu}, {X=http://www.Department2.University2.edu/GraduateStudent107, Y=http://www.Department2.University2.edu, Z=GraduateStudent107@Department2.University2.edu}, {X=http://www.Department2.University2.edu/UndergraduateStudent119, Y=http://www.Department2.University2.edu, Z=UndergraduateStudent119@Department2.University2.edu}, {X=http://www.Department2.University2.edu/GraduateStudent58, Y=http://www.Department2.University2.edu, Z=GraduateStudent58@Department2.University2.edu}, {X=http://www.Department2.University2.edu/UndergraduateStudent274, Y=http://www.Department2.University2.edu, Z=UndergraduateStudent274@Department2.University2.edu}, {X=http://www.Department2.University2.edu/UndergraduateStudent258, Y=http://www.Department2.University2.edu, Z=UndergraduateStudent258@Department2.University2.edu}, {X=http://www.Department2.University2.edu/UndergraduateStudent177, Y=http://www.Department2.University2.edu, Z=UndergraduateStudent177@Department2.University2.edu}, {X=http://www.Department2.University2.edu/GraduateStudent75, Y=http://www.Department2.University2.edu, Z=GraduateStudent75@Department2.University2.edu}, {X=http://www.Department2.University2.edu/UndergraduateStudent140, Y=http://www.Department2.University2.edu, Z=UndergraduateStudent140@Department2.University2.edu}, {X=http://www.Department2.University2.edu/UndergraduateStudent101, Y=http://www.Department2.University2.edu, Z=UndergraduateStudent101@Department2.University2.edu}, {X=http://www.Department2.University2.edu/UndergraduateStudent90, Y=http://www.Department2.University2.edu, Z=UndergraduateStudent90@Department2.University2.edu}, {X=http://www.Department2.University2.edu/UndergraduateStudent135, Y=http://www.Department2.University2.edu, Z=UndergraduateStudent135@Department2.University2.edu}, {X=http://www.Department2.University2.edu/GraduateStudent35, Y=http://www.Department2.University2.edu, Z=GraduateStudent35@Department2.University2.edu}, {X=http://www.Department2.University2.edu/GraduateStudent71, Y=http://www.Department2.University2.edu, Z=GraduateStudent71@Department2.University2.edu}, {X=http://www.Department2.University2.edu/UndergraduateStudent312, Y=http://www.Department2.University2.edu, Z=UndergraduateStudent312@Department2.University2.edu}, {X=http://www.Department2.University2.edu/UndergraduateStudent186, Y=http://www.Department2.University2.edu, Z=UndergraduateStudent186@Department2.University2.edu}, {X=http://www.Department2.University2.edu/UndergraduateStudent341, Y=http://www.Department2.University2.edu, Z=UndergraduateStudent341@Department2.University2.edu}, {X=http://www.Department2.University2.edu/UndergraduateStudent342, Y=http://www.Department2.University2.edu, Z=UndergraduateStudent342@Department2.University2.edu}, {X=http://www.Department2.University2.edu/UndergraduateStudent158, Y=http://www.Department2.University2.edu, Z=UndergraduateStudent158@Department2.University2.edu}, {X=http://www.Department2.University2.edu/UndergraduateStudent171, Y=http://www.Department2.University2.edu, Z=UndergraduateStudent171@Department2.University2.edu}, {X=http://www.Department2.University2.edu/UndergraduateStudent300, Y=http://www.Department2.University2.edu, Z=UndergraduateStudent300@Department2.University2.edu}, {X=http://www.Department2.University2.edu/UndergraduateStudent165, Y=http://www.Department2.University2.edu, Z=UndergraduateStudent165@Department2.University2.edu}, {X=http://www.Department2.University2.edu/UndergraduateStudent151, Y=http://www.Department2.University2.edu, Z=UndergraduateStudent151@Department2.University2.edu}, {X=http://www.Department2.University2.edu/UndergraduateStudent88, Y=http://www.Department2.University2.edu, Z=UndergraduateStudent88@Department2.University2.edu}, {X=http://www.Department2.University2.edu/UndergraduateStudent194, Y=http://www.Department2.University2.edu, Z=UndergraduateStudent194@Department2.University2.edu}, {X=http://www.Department2.University2.edu/UndergraduateStudent169, Y=http://www.Department2.University2.edu, Z=UndergraduateStudent169@Department2.University2.edu}, {X=http://www.Department2.University2.edu/GraduateStudent3, Y=http://www.Department2.University2.edu, Z=GraduateStudent3@Department2.University2.edu}, {X=http://www.Department2.University2.edu/UndergraduateStudent302, Y=http://www.Department2.University2.edu, Z=UndergraduateStudent302@Department2.University2.edu}, {X=http://www.Department2.University2.edu/UndergraduateStudent231, Y=http://www.Department2.University2.edu, Z=UndergraduateStudent231@Department2.University2.edu}, {X=http://www.Department2.University2.edu/UndergraduateStudent264, Y=http://www.Department2.University2.edu, Z=UndergraduateStudent264@Department2.University2.edu}, {X=http://www.Department2.University2.edu/UndergraduateStudent247, Y=http://www.Department2.University2.edu, Z=UndergraduateStudent247@Department2.University2.edu}, {X=http://www.Department2.University2.edu/GraduateStudent55, Y=http://www.Department2.University2.edu, Z=GraduateStudent55@Department2.University2.edu}, {X=http://www.Department2.University2.edu/GraduateStudent1, Y=http://www.Department2.University2.edu, Z=GraduateStudent1@Department2.University2.edu}, {X=http://www.Department2.University2.edu/UndergraduateStudent283, Y=http://www.Department2.University2.edu, Z=UndergraduateStudent283@Department2.University2.edu}, {X=http://www.Department2.University2.edu/UndergraduateStudent191, Y=http://www.Department2.University2.edu, Z=UndergraduateStudent191@Department2.University2.edu}, {X=http://www.Department2.University2.edu/UndergraduateStudent98, Y=http://www.Department2.University2.edu, Z=UndergraduateStudent98@Department2.University2.edu}, {X=http://www.Department2.University2.edu/GraduateStudent70, Y=http://www.Department2.University2.edu, Z=GraduateStudent70@Department2.University2.edu}, {X=http://www.Department2.University2.edu/UndergraduateStudent75, Y=http://www.Department2.University2.edu, Z=UndergraduateStudent75@Department2.University2.edu}, {X=http://www.Department2.University2.edu/UndergraduateStudent204, Y=http://www.Department2.University2.edu, Z=UndergraduateStudent204@Department2.University2.edu}, {X=http://www.Department2.University2.edu/GraduateStudent44, Y=http://www.Department2.University2.edu, Z=GraduateStudent44@Department2.University2.edu}, {X=http://www.Department2.University2.edu/UndergraduateStudent356, Y=http://www.Department2.University2.edu, Z=UndergraduateStudent356@Department2.University2.edu}, {X=http://www.Department2.University2.edu/UndergraduateStudent360, Y=http://www.Department2.University2.edu, Z=UndergraduateStudent360@Department2.University2.edu}, {X=http://www.Department2.University2.edu/UndergraduateStudent277, Y=http://www.Department2.University2.edu, Z=UndergraduateStudent277@Department2.University2.edu}, {X=http://www.Department2.University2.edu/UndergraduateStudent2, Y=http://www.Department2.University2.edu, Z=UndergraduateStudent2@Department2.University2.edu}, {X=http://www.Department2.University2.edu/UndergraduateStudent84, Y=http://www.Department2.University2.edu, Z=UndergraduateStudent84@Department2.University2.edu}, {X=http://www.Department2.University2.edu/UndergraduateStudent282, Y=http://www.Department2.University2.edu, Z=UndergraduateStudent282@Department2.University2.edu}, {X=http://www.Department2.University2.edu/UndergraduateStudent224, Y=http://www.Department2.University2.edu, Z=UndergraduateStudent224@Department2.University2.edu}, {X=http://www.Department2.University2.edu/GraduateStudent20, Y=http://www.Department2.University2.edu, Z=GraduateStudent20@Department2.University2.edu}, {X=http://www.Department2.University2.edu/UndergraduateStudent281, Y=http://www.Department2.University2.edu, Z=UndergraduateStudent281@Department2.University2.edu}, {X=http://www.Department2.University2.edu/GraduateStudent39, Y=http://www.Department2.University2.edu, Z=GraduateStudent39@Department2.University2.edu}, {X=http://www.Department2.University2.edu/UndergraduateStudent68, Y=http://www.Department2.University2.edu, Z=UndergraduateStudent68@Department2.University2.edu}, {X=http://www.Department2.University2.edu/UndergraduateStudent19, Y=http://www.Department2.University2.edu, Z=UndergraduateStudent19@Department2.University2.edu}, {X=http://www.Department2.University2.edu/UndergraduateStudent323, Y=http://www.Department2.University2.edu, Z=UndergraduateStudent323@Department2.University2.edu}, {X=http://www.Department2.University2.edu/GraduateStudent102, Y=http://www.Department2.University2.edu, Z=GraduateStudent102@Department2.University2.edu}, {X=http://www.Department2.University2.edu/GraduateStudent81, Y=http://www.Department2.University2.edu, Z=GraduateStudent81@Department2.University2.edu}, {X=http://www.Department2.University2.edu/UndergraduateStudent154, Y=http://www.Department2.University2.edu, Z=UndergraduateStudent154@Department2.University2.edu}, {X=http://www.Department2.University2.edu/GraduateStudent48, Y=http://www.Department2.University2.edu, Z=GraduateStudent48@Department2.University2.edu}, {X=http://www.Department2.University2.edu/UndergraduateStudent152, Y=http://www.Department2.University2.edu, Z=UndergraduateStudent152@Department2.University2.edu}, {X=http://www.Department2.University2.edu/UndergraduateStudent329, Y=http://www.Department2.University2.edu, Z=UndergraduateStudent329@Department2.University2.edu}, {X=http://www.Department2.University2.edu/UndergraduateStudent21, Y=http://www.Department2.University2.edu, Z=UndergraduateStudent21@Department2.University2.edu}, {X=http://www.Department2.University2.edu/UndergraduateStudent159, Y=http://www.Department2.University2.edu, Z=UndergraduateStudent159@Department2.University2.edu}, {X=http://www.Department2.University2.edu/GraduateStudent15, Y=http://www.Department2.University2.edu, Z=GraduateStudent15@Department2.University2.edu}, {X=http://www.Department2.University2.edu/UndergraduateStudent99, Y=http://www.Department2.University2.edu, Z=UndergraduateStudent99@Department2.University2.edu}, {X=http://www.Department2.University2.edu/UndergraduateStudent242, Y=http://www.Department2.University2.edu, Z=UndergraduateStudent242@Department2.University2.edu}, {X=http://www.Department2.University2.edu/UndergraduateStudent292, Y=http://www.Department2.University2.edu, Z=UndergraduateStudent292@Department2.University2.edu}, {X=http://www.Department2.University2.edu/UndergraduateStudent343, Y=http://www.Department2.University2.edu, Z=UndergraduateStudent343@Department2.University2.edu}, {X=http://www.Department2.University2.edu/UndergraduateStudent238, Y=http://www.Department2.University2.edu, Z=UndergraduateStudent238@Department2.University2.edu}, {X=http://www.Department2.University2.edu/GraduateStudent23, Y=http://www.Department2.University2.edu, Z=GraduateStudent23@Department2.University2.edu}, {X=http://www.Department2.University2.edu/UndergraduateStudent187, Y=http://www.Department2.University2.edu, Z=UndergraduateStudent187@Department2.University2.edu}, {X=http://www.Department2.University2.edu/GraduateStudent100, Y=http://www.Department2.University2.edu, Z=GraduateStudent100@Department2.University2.edu}, {X=http://www.Department2.University2.edu/UndergraduateStudent143, Y=http://www.Department2.University2.edu, Z=UndergraduateStudent143@Department2.University2.edu}, {X=http://www.Department2.University2.edu/UndergraduateStudent174, Y=http://www.Department2.University2.edu, Z=UndergraduateStudent174@Department2.University2.edu}, {X=http://www.Department2.University2.edu/GraduateStudent2, Y=http://www.Department2.University2.edu, Z=GraduateStudent2@Department2.University2.edu}, {X=http://www.Department2.University2.edu/UndergraduateStudent234, Y=http://www.Department2.University2.edu, Z=UndergraduateStudent234@Department2.University2.edu}, {X=http://www.Department2.University2.edu/UndergraduateStudent150, Y=http://www.Department2.University2.edu, Z=UndergraduateStudent150@Department2.University2.edu}, {X=http://www.Department2.University2.edu/UndergraduateStudent164, Y=http://www.Department2.University2.edu, Z=UndergraduateStudent164@Department2.University2.edu}, {X=http://www.Department2.University2.edu/UndergraduateStudent241, Y=http://www.Department2.University2.edu, Z=UndergraduateStudent241@Department2.University2.edu}, {X=http://www.Department2.University2.edu/UndergraduateStudent126, Y=http://www.Department2.University2.edu, Z=UndergraduateStudent126@Department2.University2.edu}, {X=http://www.Department2.University2.edu/UndergraduateStudent225, Y=http://www.Department2.University2.edu, Z=UndergraduateStudent225@Department2.University2.edu}, {X=http://www.Department2.University2.edu/UndergraduateStudent185, Y=http://www.Department2.University2.edu, Z=UndergraduateStudent185@Department2.University2.edu}, {X=http://www.Department2.University2.edu/UndergraduateStudent196, Y=http://www.Department2.University2.edu, Z=UndergraduateStudent196@Department2.University2.edu}, {X=http://www.Department2.University2.edu/GraduateStudent118, Y=http://www.Department2.University2.edu, Z=GraduateStudent118@Department2.University2.edu}, {X=http://www.Department2.University2.edu/UndergraduateStudent113, Y=http://www.Department2.University2.edu, Z=UndergraduateStudent113@Department2.University2.edu}, {X=http://www.Department2.University2.edu/UndergraduateStudent130, Y=http://www.Department2.University2.edu, Z=UndergraduateStudent130@Department2.University2.edu}, {X=http://www.Department2.University2.edu/UndergraduateStudent279, Y=http://www.Department2.University2.edu, Z=UndergraduateStudent279@Department2.University2.edu}, {X=http://www.Department2.University2.edu/UndergraduateStudent305, Y=http://www.Department2.University2.edu, Z=UndergraduateStudent305@Department2.University2.edu}, {X=http://www.Department2.University2.edu/GraduateStudent37, Y=http://www.Department2.University2.edu, Z=GraduateStudent37@Department2.University2.edu}, {X=http://www.Department2.University2.edu/GraduateStudent61, Y=http://www.Department2.University2.edu, Z=GraduateStudent61@Department2.University2.edu}, {X=http://www.Department2.University2.edu/UndergraduateStudent246, Y=http://www.Department2.University2.edu, Z=UndergraduateStudent246@Department2.University2.edu}, {X=http://www.Department2.University2.edu/GraduateStudent72, Y=http://www.Department2.University2.edu, Z=GraduateStudent72@Department2.University2.edu}, {X=http://www.Department2.University2.edu/UndergraduateStudent294, Y=http://www.Department2.University2.edu, Z=UndergraduateStudent294@Department2.University2.edu}, {X=http://www.Department2.University2.edu/UndergraduateStudent278, Y=http://www.Department2.University2.edu, Z=UndergraduateStudent278@Department2.University2.edu}, {X=http://www.Department2.University2.edu/UndergraduateStudent270, Y=http://www.Department2.University2.edu, Z=UndergraduateStudent270@Department2.University2.edu}, {X=http://www.Department2.University2.edu/UndergraduateStudent284, Y=http://www.Department2.University2.edu, Z=UndergraduateStudent284@Department2.University2.edu}, {X=http://www.Department2.University2.edu/UndergraduateStudent89, Y=http://www.Department2.University2.edu, Z=UndergraduateStudent89@Department2.University2.edu}, {X=http://www.Department2.University2.edu/GraduateStudent0, Y=http://www.Department2.University2.edu, Z=GraduateStudent0@Department2.University2.edu}, {X=http://www.Department2.University2.edu/UndergraduateStudent213, Y=http://www.Department2.University2.edu, Z=UndergraduateStudent213@Department2.University2.edu}, {X=http://www.Department2.University2.edu/UndergraduateStudent349, Y=http://www.Department2.University2.edu, Z=UndergraduateStudent349@Department2.University2.edu}, {X=http://www.Department2.University2.edu/UndergraduateStudent263, Y=http://www.Department2.University2.edu, Z=UndergraduateStudent263@Department2.University2.edu}, {X=http://www.Department2.University2.edu/GraduateStudent24, Y=http://www.Department2.University2.edu, Z=GraduateStudent24@Department2.University2.edu}, {X=http://www.Department2.University2.edu/UndergraduateStudent176, Y=http://www.Department2.University2.edu, Z=UndergraduateStudent176@Department2.University2.edu}, {X=http://www.Department2.University2.edu/UndergraduateStudent39, Y=http://www.Department2.University2.edu, Z=UndergraduateStudent39@Department2.University2.edu}, {X=http://www.Department2.University2.edu/UndergraduateStudent124, Y=http://www.Department2.University2.edu, Z=UndergraduateStudent124@Department2.University2.edu}, {X=http://www.Department2.University2.edu/UndergraduateStudent52, Y=http://www.Department2.University2.edu, Z=UndergraduateStudent52@Department2.University2.edu}, {X=http://www.Department2.University2.edu/UndergraduateStudent354, Y=http://www.Department2.University2.edu, Z=UndergraduateStudent354@Department2.University2.edu}, {X=http://www.Department2.University2.edu/GraduateStudent83, Y=http://www.Department2.University2.edu, Z=GraduateStudent83@Department2.University2.edu}, {X=http://www.Department2.University2.edu/UndergraduateStudent48, Y=http://www.Department2.University2.edu, Z=UndergraduateStudent48@Department2.University2.edu}, {X=http://www.Department2.University2.edu/GraduateStudent130, Y=http://www.Department2.University2.edu, Z=GraduateStudent130@Department2.University2.edu}, {X=http://www.Department2.University2.edu/UndergraduateStudent61, Y=http://www.Department2.University2.edu, Z=UndergraduateStudent61@Department2.University2.edu}, {X=http://www.Department2.University2.edu/UndergraduateStudent16, Y=http://www.Department2.University2.edu, Z=UndergraduateStudent16@Department2.University2.edu}, {X=http://www.Department2.University2.edu/UndergraduateStudent319, Y=http://www.Department2.University2.edu, Z=UndergraduateStudent319@Department2.University2.edu}, {X=http://www.Department2.University2.edu/GraduateStudent98, Y=http://www.Department2.University2.edu, Z=GraduateStudent98@Department2.University2.edu}, {X=http://www.Department2.University2.edu/UndergraduateStudent71, Y=http://www.Department2.University2.edu, Z=UndergraduateStudent71@Department2.University2.edu}, {X=http://www.Department2.University2.edu/UndergraduateStudent35, Y=http://www.Department2.University2.edu, Z=UndergraduateStudent35@Department2.University2.edu}, {X=http://www.Department2.University2.edu/GraduateStudent120, Y=http://www.Department2.University2.edu, Z=GraduateStudent120@Department2.University2.edu}, {X=http://www.Department2.University2.edu/UndergraduateStudent156, Y=http://www.Department2.University2.edu, Z=UndergraduateStudent156@Department2.University2.edu}, {X=http://www.Department2.University2.edu/UndergraduateStudent153, Y=http://www.Department2.University2.edu, Z=UndergraduateStudent153@Department2.University2.edu}, {X=http://www.Department2.University2.edu/UndergraduateStudent118, Y=http://www.Department2.University2.edu, Z=UndergraduateStudent118@Department2.University2.edu}, {X=http://www.Department2.University2.edu/GraduateStudent90, Y=http://www.Department2.University2.edu, Z=GraduateStudent90@Department2.University2.edu}, {X=http://www.Department2.University2.edu/GraduateStudent59, Y=http://www.Department2.University2.edu, Z=GraduateStudent59@Department2.University2.edu}, {X=http://www.Department2.University2.edu/GraduateStudent43, Y=http://www.Department2.University2.edu, Z=GraduateStudent43@Department2.University2.edu}, {X=http://www.Department2.University2.edu/UndergraduateStudent317, Y=http://www.Department2.University2.edu, Z=UndergraduateStudent317@Department2.University2.edu}, {X=http://www.Department2.University2.edu/UndergraduateStudent121, Y=http://www.Department2.University2.edu, Z=UndergraduateStudent121@Department2.University2.edu}, {X=http://www.Department2.University2.edu/UndergraduateStudent144, Y=http://www.Department2.University2.edu, Z=UndergraduateStudent144@Department2.University2.edu}, {X=http://www.Department2.University2.edu/UndergraduateStudent251, Y=http://www.Department2.University2.edu, Z=UndergraduateStudent251@Department2.University2.edu}, {X=http://www.Department2.University2.edu/UndergraduateStudent141, Y=http://www.Department2.University2.edu, Z=UndergraduateStudent141@Department2.University2.edu}, {X=http://www.Department2.University2.edu/UndergraduateStudent265, Y=http://www.Department2.University2.edu, Z=UndergraduateStudent265@Department2.University2.edu}, {X=http://www.Department2.University2.edu/GraduateStudent115, Y=http://www.Department2.University2.edu, Z=GraduateStudent115@Department2.University2.edu}, {X=http://www.Department2.University2.edu/UndergraduateStudent268, Y=http://www.Department2.University2.edu, Z=UndergraduateStudent268@Department2.University2.edu}, {X=http://www.Department2.University2.edu/GraduateStudent66, Y=http://www.Department2.University2.edu, Z=GraduateStudent66@Department2.University2.edu}, {X=http://www.Department2.University2.edu/GraduateStudent5, Y=http://www.Department2.University2.edu, Z=GraduateStudent5@Department2.University2.edu}, {X=http://www.Department2.University2.edu/UndergraduateStudent310, Y=http://www.Department2.University2.edu, Z=UndergraduateStudent310@Department2.University2.edu}, {X=http://www.Department2.University2.edu/UndergraduateStudent183, Y=http://www.Department2.University2.edu, Z=UndergraduateStudent183@Department2.University2.edu}, {X=http://www.Department2.University2.edu/UndergraduateStudent248, Y=http://www.Department2.University2.edu, Z=UndergraduateStudent248@Department2.University2.edu}, {X=http://www.Department2.University2.edu/GraduateStudent69, Y=http://www.Department2.University2.edu, Z=GraduateStudent69@Department2.University2.edu}, {X=http://www.Department2.University2.edu/UndergraduateStudent94, Y=http://www.Department2.University2.edu, Z=UndergraduateStudent94@Department2.University2.edu}, {X=http://www.Department2.University2.edu/GraduateStudent73, Y=http://www.Department2.University2.edu, Z=GraduateStudent73@Department2.University2.edu}, {X=http://www.Department2.University2.edu/UndergraduateStudent138, Y=http://www.Department2.University2.edu, Z=UndergraduateStudent138@Department2.University2.edu}, {X=http://www.Department2.University2.edu/UndergraduateStudent37, Y=http://www.Department2.University2.edu, Z=UndergraduateStudent37@Department2.University2.edu}, {X=http://www.Department2.University2.edu/UndergraduateStudent233, Y=http://www.Department2.University2.edu, Z=UndergraduateStudent233@Department2.University2.edu}, {X=http://www.Department2.University2.edu/UndergraduateStudent291, Y=http://www.Department2.University2.edu, Z=UndergraduateStudent291@Department2.University2.edu}, {X=http://www.Department2.University2.edu/UndergraduateStudent212, Y=http://www.Department2.University2.edu, Z=UndergraduateStudent212@Department2.University2.edu}, {X=http://www.Department2.University2.edu/UndergraduateStudent55, Y=http://www.Department2.University2.edu, Z=UndergraduateStudent55@Department2.University2.edu}, {X=http://www.Department2.University2.edu/UndergraduateStudent91, Y=http://www.Department2.University2.edu, Z=UndergraduateStudent91@Department2.University2.edu}, {X=http://www.Department2.University2.edu/UndergraduateStudent222, Y=http://www.Department2.University2.edu, Z=UndergraduateStudent222@Department2.University2.edu}, {X=http://www.Department2.University2.edu/UndergraduateStudent309, Y=http://www.Department2.University2.edu, Z=UndergraduateStudent309@Department2.University2.edu}, {X=http://www.Department2.University2.edu/UndergraduateStudent332, Y=http://www.Department2.University2.edu, Z=UndergraduateStudent332@Department2.University2.edu}, {X=http://www.Department2.University2.edu/GraduateStudent131, Y=http://www.Department2.University2.edu, Z=GraduateStudent131@Department2.University2.edu}, {X=http://www.Department2.University2.edu/GraduateStudent53, Y=http://www.Department2.University2.edu, Z=GraduateStudent53@Department2.University2.edu}, {X=http://www.Department2.University2.edu/GraduateStudent112, Y=http://www.Department2.University2.edu, Z=GraduateStudent112@Department2.University2.edu}, {X=http://www.Department2.University2.edu/UndergraduateStudent73, Y=http://www.Department2.University2.edu, Z=UndergraduateStudent73@Department2.University2.edu}, {X=http://www.Department2.University2.edu/UndergraduateStudent7, Y=http://www.Department2.University2.edu, Z=UndergraduateStudent7@Department2.University2.edu}, {X=http://www.Department2.University2.edu/UndergraduateStudent116, Y=http://www.Department2.University2.edu, Z=UndergraduateStudent116@Department2.University2.edu}, {X=http://www.Department2.University2.edu/UndergraduateStudent92, Y=http://www.Department2.University2.edu, Z=UndergraduateStudent92@Department2.University2.edu}, {X=http://www.Department2.University2.edu/UndergraduateStudent201, Y=http://www.Department2.University2.edu, Z=UndergraduateStudent201@Department2.University2.edu}, {X=http://www.Department2.University2.edu/GraduateStudent29, Y=http://www.Department2.University2.edu, Z=GraduateStudent29@Department2.University2.edu}, {X=http://www.Department2.University2.edu/UndergraduateStudent85, Y=http://www.Department2.University2.edu, Z=UndergraduateStudent85@Department2.University2.edu}, {X=http://www.Department2.University2.edu/UndergraduateStudent227, Y=http://www.Department2.University2.edu, Z=UndergraduateStudent227@Department2.University2.edu}, {X=http://www.Department2.University2.edu/UndergraduateStudent3, Y=http://www.Department2.University2.edu, Z=UndergraduateStudent3@Department2.University2.edu}, {X=http://www.Department2.University2.edu/UndergraduateStudent240, Y=http://www.Department2.University2.edu, Z=UndergraduateStudent240@Department2.University2.edu}, {X=http://www.Department2.University2.edu/UndergraduateStudent197, Y=http://www.Department2.University2.edu, Z=UndergraduateStudent197@Department2.University2.edu}, {X=http://www.Department2.University2.edu/UndergraduateStudent123, Y=http://www.Department2.University2.edu, Z=UndergraduateStudent123@Department2.University2.edu}, {X=http://www.Department2.University2.edu/UndergraduateStudent311, Y=http://www.Department2.University2.edu, Z=UndergraduateStudent311@Department2.University2.edu}, {X=http://www.Department2.University2.edu/GraduateStudent51, Y=http://www.Department2.University2.edu, Z=GraduateStudent51@Department2.University2.edu}, {X=http://www.Department2.University2.edu/UndergraduateStudent285, Y=http://www.Department2.University2.edu, Z=UndergraduateStudent285@Department2.University2.edu}, {X=http://www.Department2.University2.edu/UndergraduateStudent333, Y=http://www.Department2.University2.edu, Z=UndergraduateStudent333@Department2.University2.edu}, {X=http://www.Department2.University2.edu/GraduateStudent8, Y=http://www.Department2.University2.edu, Z=GraduateStudent8@Department2.University2.edu}, {X=http://www.Department2.University2.edu/GraduateStudent132, Y=http://www.Department2.University2.edu, Z=GraduateStudent132@Department2.University2.edu}, {X=http://www.Department2.University2.edu/UndergraduateStudent218, Y=http://www.Department2.University2.edu, Z=UndergraduateStudent218@Department2.University2.edu}, {X=http://www.Department2.University2.edu/GraduateStudent121, Y=http://www.Department2.University2.edu, Z=GraduateStudent121@Department2.University2.edu}, {X=http://www.Department2.University2.edu/GraduateStudent127, Y=http://www.Department2.University2.edu, Z=GraduateStudent127@Department2.University2.edu}, {X=http://www.Department2.University2.edu/UndergraduateStudent25, Y=http://www.Department2.University2.edu, Z=UndergraduateStudent25@Department2.University2.edu}, {X=http://www.Department2.University2.edu/UndergraduateStudent254, Y=http://www.Department2.University2.edu, Z=UndergraduateStudent254@Department2.University2.edu}, {X=http://www.Department2.University2.edu/GraduateStudent108, Y=http://www.Department2.University2.edu, Z=GraduateStudent108@Department2.University2.edu}, {X=http://www.Department2.University2.edu/UndergraduateStudent47, Y=http://www.Department2.University2.edu, Z=UndergraduateStudent47@Department2.University2.edu}, {X=http://www.Department2.University2.edu/GraduateStudent16, Y=http://www.Department2.University2.edu, Z=GraduateStudent16@Department2.University2.edu}, {X=http://www.Department2.University2.edu/GraduateStudent21, Y=http://www.Department2.University2.edu, Z=GraduateStudent21@Department2.University2.edu}, {X=http://www.Department2.University2.edu/UndergraduateStudent221, Y=http://www.Department2.University2.edu, Z=UndergraduateStudent221@Department2.University2.edu}, {X=http://www.Department2.University2.edu/GraduateStudent10, Y=http://www.Department2.University2.edu, Z=GraduateStudent10@Department2.University2.edu}, {X=http://www.Department2.University2.edu/UndergraduateStudent219, Y=http://www.Department2.University2.edu, Z=UndergraduateStudent219@Department2.University2.edu}, {X=http://www.Department2.University2.edu/UndergraduateStudent24, Y=http://www.Department2.University2.edu, Z=UndergraduateStudent24@Department2.University2.edu}, {X=http://www.Department2.University2.edu/UndergraduateStudent330, Y=http://www.Department2.University2.edu, Z=UndergraduateStudent330@Department2.University2.edu}, {X=http://www.Department2.University2.edu/UndergraduateStudent297, Y=http://www.Department2.University2.edu, Z=UndergraduateStudent297@Department2.University2.edu}, {X=http://www.Department2.University2.edu/UndergraduateStudent308, Y=http://www.Department2.University2.edu, Z=UndergraduateStudent308@Department2.University2.edu}, {X=http://www.Department2.University2.edu/UndergraduateStudent128, Y=http://www.Department2.University2.edu, Z=UndergraduateStudent128@Department2.University2.edu}, {X=http://www.Department2.University2.edu/UndergraduateStudent358, Y=http://www.Department2.University2.edu, Z=UndergraduateStudent358@Department2.University2.edu}, {X=http://www.Department2.University2.edu/UndergraduateStudent13, Y=http://www.Department2.University2.edu, Z=UndergraduateStudent13@Department2.University2.edu}, {X=http://www.Department2.University2.edu/GraduateStudent129, Y=http://www.Department2.University2.edu, Z=GraduateStudent129@Department2.University2.edu}, {X=http://www.Department2.University2.edu/UndergraduateStudent253, Y=http://www.Department2.University2.edu, Z=UndergraduateStudent253@Department2.University2.edu}, {X=http://www.Department2.University2.edu/UndergraduateStudent29, Y=http://www.Department2.University2.edu, Z=UndergraduateStudent29@Department2.University2.edu}, {X=http://www.Department2.University2.edu/UndergraduateStudent193, Y=http://www.Department2.University2.edu, Z=UndergraduateStudent193@Department2.University2.edu}, {X=http://www.Department2.University2.edu/GraduateStudent46, Y=http://www.Department2.University2.edu, Z=GraduateStudent46@Department2.University2.edu}, {X=http://www.Department2.University2.edu/UndergraduateStudent122, Y=http://www.Department2.University2.edu, Z=UndergraduateStudent122@Department2.University2.edu}, {X=http://www.Department2.University2.edu/UndergraduateStudent56, Y=http://www.Department2.University2.edu, Z=UndergraduateStudent56@Department2.University2.edu}, {X=http://www.Department2.University2.edu/GraduateStudent125, Y=http://www.Department2.University2.edu, Z=GraduateStudent125@Department2.University2.edu}, {X=http://www.Department2.University2.edu/UndergraduateStudent202, Y=http://www.Department2.University2.edu, Z=UndergraduateStudent202@Department2.University2.edu}, {X=http://www.Department2.University2.edu/GraduateStudent86, Y=http://www.Department2.University2.edu, Z=GraduateStudent86@Department2.University2.edu}, {X=http://www.Department2.University2.edu/UndergraduateStudent262, Y=http://www.Department2.University2.edu, Z=UndergraduateStudent262@Department2.University2.edu}, {X=http://www.Department2.University2.edu/UndergraduateStudent163, Y=http://www.Department2.University2.edu, Z=UndergraduateStudent163@Department2.University2.edu}, {X=http://www.Department2.University2.edu/UndergraduateStudent148, Y=http://www.Department2.University2.edu, Z=UndergraduateStudent148@Department2.University2.edu}, {X=http://www.Department2.University2.edu/UndergraduateStudent76, Y=http://www.Department2.University2.edu, Z=UndergraduateStudent76@Department2.University2.edu}, {X=http://www.Department2.University2.edu/GraduateStudent27, Y=http://www.Department2.University2.edu, Z=GraduateStudent27@Department2.University2.edu}, {X=http://www.Department2.University2.edu/GraduateStudent64, Y=http://www.Department2.University2.edu, Z=GraduateStudent64@Department2.University2.edu}, {X=http://www.Department2.University2.edu/UndergraduateStudent351, Y=http://www.Department2.University2.edu, Z=UndergraduateStudent351@Department2.University2.edu}, {X=http://www.Department2.University2.edu/UndergraduateStudent78, Y=http://www.Department2.University2.edu, Z=UndergraduateStudent78@Department2.University2.edu}, {X=http://www.Department2.University2.edu/GraduateStudent49, Y=http://www.Department2.University2.edu, Z=GraduateStudent49@Department2.University2.edu}, {X=http://www.Department2.University2.edu/UndergraduateStudent338, Y=http://www.Department2.University2.edu, Z=UndergraduateStudent338@Department2.University2.edu}, {X=http://www.Department2.University2.edu/UndergraduateStudent36, Y=http://www.Department2.University2.edu, Z=UndergraduateStudent36@Department2.University2.edu}, {X=http://www.Department2.University2.edu/UndergraduateStudent339, Y=http://www.Department2.University2.edu, Z=UndergraduateStudent339@Department2.University2.edu}, {X=http://www.Department2.University2.edu/GraduateStudent87, Y=http://www.Department2.University2.edu, Z=GraduateStudent87@Department2.University2.edu}, {X=http://www.Department2.University2.edu/UndergraduateStudent167, Y=http://www.Department2.University2.edu, Z=UndergraduateStudent167@Department2.University2.edu}, {X=http://www.Department2.University2.edu/GraduateStudent119, Y=http://www.Department2.University2.edu, Z=GraduateStudent119@Department2.University2.edu}, {X=http://www.Department2.University2.edu/UndergraduateStudent72, Y=http://www.Department2.University2.edu, Z=UndergraduateStudent72@Department2.University2.edu}, {X=http://www.Department2.University2.edu/UndergraduateStudent77, Y=http://www.Department2.University2.edu, Z=UndergraduateStudent77@Department2.University2.edu}, {X=http://www.Department2.University2.edu/GraduateStudent97, Y=http://www.Department2.University2.edu, Z=GraduateStudent97@Department2.University2.edu}, {X=http://www.Department2.University2.edu/GraduateStudent54, Y=http://www.Department2.University2.edu, Z=GraduateStudent54@Department2.University2.edu}, {X=http://www.Department2.University2.edu/UndergraduateStudent9, Y=http://www.Department2.University2.edu, Z=UndergraduateStudent9@Department2.University2.edu}, {X=http://www.Department2.University2.edu/UndergraduateStudent65, Y=http://www.Department2.University2.edu, Z=UndergraduateStudent65@Department2.University2.edu}, {X=http://www.Department2.University2.edu/UndergraduateStudent11, Y=http://www.Department2.University2.edu, Z=UndergraduateStudent11@Department2.University2.edu}, {X=http://www.Department2.University2.edu/UndergraduateStudent208, Y=http://www.Department2.University2.edu, Z=UndergraduateStudent208@Department2.University2.edu}, {X=http://www.Department2.University2.edu/GraduateStudent128, Y=http://www.Department2.University2.edu, Z=GraduateStudent128@Department2.University2.edu}, {X=http://www.Department2.University2.edu/UndergraduateStudent322, Y=http://www.Department2.University2.edu, Z=UndergraduateStudent322@Department2.University2.edu}, {X=http://www.Department2.University2.edu/GraduateStudent89, Y=http://www.Department2.University2.edu, Z=GraduateStudent89@Department2.University2.edu}, {X=http://www.Department2.University2.edu/UndergraduateStudent28, Y=http://www.Department2.University2.edu, Z=UndergraduateStudent28@Department2.University2.edu}, {X=http://www.Department2.University2.edu/GraduateStudent25, Y=http://www.Department2.University2.edu, Z=GraduateStudent25@Department2.University2.edu}, {X=http://www.Department2.University2.edu/UndergraduateStudent134, Y=http://www.Department2.University2.edu, Z=UndergraduateStudent134@Department2.University2.edu}, {X=http://www.Department2.University2.edu/UndergraduateStudent335, Y=http://www.Department2.University2.edu, Z=UndergraduateStudent335@Department2.University2.edu}, {X=http://www.Department2.University2.edu/UndergraduateStudent288, Y=http://www.Department2.University2.edu, Z=UndergraduateStudent288@Department2.University2.edu}, {X=http://www.Department2.University2.edu/UndergraduateStudent97, Y=http://www.Department2.University2.edu, Z=UndergraduateStudent97@Department2.University2.edu}, {X=http://www.Department2.University2.edu/UndergraduateStudent125, Y=http://www.Department2.University2.edu, Z=UndergraduateStudent125@Department2.University2.edu}, {X=http://www.Department2.University2.edu/GraduateStudent76, Y=http://www.Department2.University2.edu, Z=GraduateStudent76@Department2.University2.edu}, {X=http://www.Department2.University2.edu/GraduateStudent28, Y=http://www.Department2.University2.edu, Z=GraduateStudent28@Department2.University2.edu}, {X=http://www.Department2.University2.edu/UndergraduateStudent137, Y=http://www.Department2.University2.edu, Z=UndergraduateStudent137@Department2.University2.edu}, {X=http://www.Department2.University2.edu/UndergraduateStudent162, Y=http://www.Department2.University2.edu, Z=UndergraduateStudent162@Department2.University2.edu}, {X=http://www.Department2.University2.edu/UndergraduateStudent293, Y=http://www.Department2.University2.edu, Z=UndergraduateStudent293@Department2.University2.edu}, {X=http://www.Department2.University2.edu/UndergraduateStudent328, Y=http://www.Department2.University2.edu, Z=UndergraduateStudent328@Department2.University2.edu}, {X=http://www.Department2.University2.edu/UndergraduateStudent350, Y=http://www.Department2.University2.edu, Z=UndergraduateStudent350@Department2.University2.edu}, {X=http://www.Department2.University2.edu/UndergraduateStudent269, Y=http://www.Department2.University2.edu, Z=UndergraduateStudent269@Department2.University2.edu}, {X=http://www.Department2.University2.edu/UndergraduateStudent64, Y=http://www.Department2.University2.edu, Z=UndergraduateStudent64@Department2.University2.edu}, {X=http://www.Department2.University2.edu/UndergraduateStudent272, Y=http://www.Department2.University2.edu, Z=UndergraduateStudent272@Department2.University2.edu}, {X=http://www.Department2.University2.edu/UndergraduateStudent245, Y=http://www.Department2.University2.edu, Z=UndergraduateStudent245@Department2.University2.edu}, {X=http://www.Department2.University2.edu/UndergraduateStudent95, Y=http://www.Department2.University2.edu, Z=UndergraduateStudent95@Department2.University2.edu}, {X=http://www.Department2.University2.edu/UndergraduateStudent109, Y=http://www.Department2.University2.edu, Z=UndergraduateStudent109@Department2.University2.edu}, {X=http://www.Department2.University2.edu/UndergraduateStudent179, Y=http://www.Department2.University2.edu, Z=UndergraduateStudent179@Department2.University2.edu}, {X=http://www.Department2.University2.edu/GraduateStudent63, Y=http://www.Department2.University2.edu, Z=GraduateStudent63@Department2.University2.edu}, {X=http://www.Department2.University2.edu/GraduateStudent19, Y=http://www.Department2.University2.edu, Z=GraduateStudent19@Department2.University2.edu}, {X=http://www.Department2.University2.edu/GraduateStudent22, Y=http://www.Department2.University2.edu, Z=GraduateStudent22@Department2.University2.edu}, {X=http://www.Department2.University2.edu/UndergraduateStudent4, Y=http://www.Department2.University2.edu, Z=UndergraduateStudent4@Department2.University2.edu}, {X=http://www.Department2.University2.edu/UndergraduateStudent280, Y=http://www.Department2.University2.edu, Z=UndergraduateStudent280@Department2.University2.edu}, {X=http://www.Department2.University2.edu/GraduateStudent12, Y=http://www.Department2.University2.edu, Z=GraduateStudent12@Department2.University2.edu}, {X=http://www.Department2.University2.edu/UndergraduateStudent38, Y=http://www.Department2.University2.edu, Z=UndergraduateStudent38@Department2.University2.edu}, {X=http://www.Department2.University2.edu/UndergraduateStudent93, Y=http://www.Department2.University2.edu, Z=UndergraduateStudent93@Department2.University2.edu}, {X=http://www.Department2.University2.edu/UndergraduateStudent58, Y=http://www.Department2.University2.edu, Z=UndergraduateStudent58@Department2.University2.edu}, {X=http://www.Department2.University2.edu/UndergraduateStudent223, Y=http://www.Department2.University2.edu, Z=UndergraduateStudent223@Department2.University2.edu}, {X=http://www.Department2.University2.edu/UndergraduateStudent146, Y=http://www.Department2.University2.edu, Z=UndergraduateStudent146@Department2.University2.edu}, {X=http://www.Department2.University2.edu/UndergraduateStudent32, Y=http://www.Department2.University2.edu, Z=UndergraduateStudent32@Department2.University2.edu}, {X=http://www.Department2.University2.edu/UndergraduateStudent220, Y=http://www.Department2.University2.edu, Z=UndergraduateStudent220@Department2.University2.edu}, {X=http://www.Department2.University2.edu/GraduateStudent82, Y=http://www.Department2.University2.edu, Z=GraduateStudent82@Department2.University2.edu}, {X=http://www.Department2.University2.edu/UndergraduateStudent286, Y=http://www.Department2.University2.edu, Z=UndergraduateStudent286@Department2.University2.edu}, {X=http://www.Department2.University2.edu/UndergraduateStudent295, Y=http://www.Department2.University2.edu, Z=UndergraduateStudent295@Department2.University2.edu}, {X=http://www.Department2.University2.edu/UndergraduateStudent267, Y=http://www.Department2.University2.edu, Z=UndergraduateStudent267@Department2.University2.edu}, {X=http://www.Department2.University2.edu/UndergraduateStudent34, Y=http://www.Department2.University2.edu, Z=UndergraduateStudent34@Department2.University2.edu}, {X=http://www.Department2.University2.edu/UndergraduateStudent355, Y=http://www.Department2.University2.edu, Z=UndergraduateStudent355@Department2.University2.edu}, {X=http://www.Department2.University2.edu/GraduateStudent4, Y=http://www.Department2.University2.edu, Z=GraduateStudent4@Department2.University2.edu}, {X=http://www.Department2.University2.edu/UndergraduateStudent320, Y=http://www.Department2.University2.edu, Z=UndergraduateStudent320@Department2.University2.edu}, {X=http://www.Department2.University2.edu/UndergraduateStudent321, Y=http://www.Department2.University2.edu, Z=UndergraduateStudent321@Department2.University2.edu}, {X=http://www.Department2.University2.edu/GraduateStudent60, Y=http://www.Department2.University2.edu, Z=GraduateStudent60@Department2.University2.edu}, {X=http://www.Department2.University2.edu/UndergraduateStudent275, Y=http://www.Department2.University2.edu, Z=UndergraduateStudent275@Department2.University2.edu}, {X=http://www.Department2.University2.edu/GraduateStudent26, Y=http://www.Department2.University2.edu, Z=GraduateStudent26@Department2.University2.edu}, {X=http://www.Department2.University2.edu/UndergraduateStudent318, Y=http://www.Department2.University2.edu, Z=UndergraduateStudent318@Department2.University2.edu}, {X=http://www.Department2.University2.edu/UndergraduateStudent57, Y=http://www.Department2.University2.edu, Z=UndergraduateStudent57@Department2.University2.edu}, {X=http://www.Department2.University2.edu/UndergraduateStudent115, Y=http://www.Department2.University2.edu, Z=UndergraduateStudent115@Department2.University2.edu}, {X=http://www.Department2.University2.edu/GraduateStudent106, Y=http://www.Department2.University2.edu, Z=GraduateStudent106@Department2.University2.edu}, {X=http://www.Department2.University2.edu/GraduateStudent38, Y=http://www.Department2.University2.edu, Z=GraduateStudent38@Department2.University2.edu}, {X=http://www.Department2.University2.edu/GraduateStudent34, Y=http://www.Department2.University2.edu, Z=GraduateStudent34@Department2.University2.edu}, {X=http://www.Department2.University2.edu/UndergraduateStudent147, Y=http://www.Department2.University2.edu, Z=UndergraduateStudent147@Department2.University2.edu}, {X=http://www.Department2.University2.edu/UndergraduateStudent46, Y=http://www.Department2.University2.edu, Z=UndergraduateStudent46@Department2.University2.edu}, {X=http://www.Department2.University2.edu/UndergraduateStudent79, Y=http://www.Department2.University2.edu, Z=UndergraduateStudent79@Department2.University2.edu}, {X=http://www.Department2.University2.edu/UndergraduateStudent63, Y=http://www.Department2.University2.edu, Z=UndergraduateStudent63@Department2.University2.edu}, {X=http://www.Department2.University2.edu/UndergraduateStudent336, Y=http://www.Department2.University2.edu, Z=UndergraduateStudent336@Department2.University2.edu}, {X=http://www.Department2.University2.edu/UndergraduateStudent256, Y=http://www.Department2.University2.edu, Z=UndergraduateStudent256@Department2.University2.edu}, {X=http://www.Department2.University2.edu/GraduateStudent42, Y=http://www.Department2.University2.edu, Z=GraduateStudent42@Department2.University2.edu}, {X=http://www.Department2.University2.edu/UndergraduateStudent214, Y=http://www.Department2.University2.edu, Z=UndergraduateStudent214@Department2.University2.edu}, {X=http://www.Department2.University2.edu/GraduateStudent92, Y=http://www.Department2.University2.edu, Z=GraduateStudent92@Department2.University2.edu}, {X=http://www.Department2.University2.edu/UndergraduateStudent313, Y=http://www.Department2.University2.edu, Z=UndergraduateStudent313@Department2.University2.edu}, {X=http://www.Department2.University2.edu/UndergraduateStudent42, Y=http://www.Department2.University2.edu, Z=UndergraduateStudent42@Department2.University2.edu}, {X=http://www.Department2.University2.edu/UndergraduateStudent100, Y=http://www.Department2.University2.edu, Z=UndergraduateStudent100@Department2.University2.edu}, {X=http://www.Department2.University2.edu/UndergraduateStudent83, Y=http://www.Department2.University2.edu, Z=UndergraduateStudent83@Department2.University2.edu}, {X=http://www.Department2.University2.edu/UndergraduateStudent69, Y=http://www.Department2.University2.edu, Z=UndergraduateStudent69@Department2.University2.edu}, {X=http://www.Department2.University2.edu/GraduateStudent91, Y=http://www.Department2.University2.edu, Z=GraduateStudent91@Department2.University2.edu}, {X=http://www.Department2.University2.edu/UndergraduateStudent111, Y=http://www.Department2.University2.edu, Z=UndergraduateStudent111@Department2.University2.edu}, {X=http://www.Department2.University2.edu/UndergraduateStudent20, Y=http://www.Department2.University2.edu, Z=UndergraduateStudent20@Department2.University2.edu}, {X=http://www.Department2.University2.edu/UndergraduateStudent87, Y=http://www.Department2.University2.edu, Z=UndergraduateStudent87@Department2.University2.edu}, {X=http://www.Department2.University2.edu/UndergraduateStudent190, Y=http://www.Department2.University2.edu, Z=UndergraduateStudent190@Department2.University2.edu}, {X=http://www.Department2.University2.edu/UndergraduateStudent189, Y=http://www.Department2.University2.edu, Z=UndergraduateStudent189@Department2.University2.edu}, {X=http://www.Department2.University2.edu/UndergraduateStudent5, Y=http://www.Department2.University2.edu, Z=UndergraduateStudent5@Department2.University2.edu}, {X=http://www.Department2.University2.edu/GraduateStudent30, Y=http://www.Department2.University2.edu, Z=GraduateStudent30@Department2.University2.edu}, {X=http://www.Department2.University2.edu/GraduateStudent32, Y=http://www.Department2.University2.edu, Z=GraduateStudent32@Department2.University2.edu}, {X=http://www.Department2.University2.edu/UndergraduateStudent331, Y=http://www.Department2.University2.edu, Z=UndergraduateStudent331@Department2.University2.edu}, {X=http://www.Department2.University2.edu/GraduateStudent65, Y=http://www.Department2.University2.edu, Z=GraduateStudent65@Department2.University2.edu}, {X=http://www.Department2.University2.edu/UndergraduateStudent226, Y=http://www.Department2.University2.edu, Z=UndergraduateStudent226@Department2.University2.edu}, {X=http://www.Department2.University2.edu/UndergraduateStudent44, Y=http://www.Department2.University2.edu, Z=UndergraduateStudent44@Department2.University2.edu}, {X=http://www.Department2.University2.edu/UndergraduateStudent132, Y=http://www.Department2.University2.edu, Z=UndergraduateStudent132@Department2.University2.edu}, {X=http://www.Department2.University2.edu/UndergraduateStudent33, Y=http://www.Department2.University2.edu, Z=UndergraduateStudent33@Department2.University2.edu}, {X=http://www.Department2.University2.edu/GraduateStudent7, Y=http://www.Department2.University2.edu, Z=GraduateStudent7@Department2.University2.edu}, {X=http://www.Department2.University2.edu/UndergraduateStudent166, Y=http://www.Department2.University2.edu, Z=UndergraduateStudent166@Department2.University2.edu}, {X=http://www.Department2.University2.edu/UndergraduateStudent74, Y=http://www.Department2.University2.edu, Z=UndergraduateStudent74@Department2.University2.edu}, {X=http://www.Department2.University2.edu/UndergraduateStudent207, Y=http://www.Department2.University2.edu, Z=UndergraduateStudent207@Department2.University2.edu}, {X=http://www.Department2.University2.edu/UndergraduateStudent244, Y=http://www.Department2.University2.edu, Z=UndergraduateStudent244@Department2.University2.edu}, {X=http://www.Department2.University2.edu/UndergraduateStudent175, Y=http://www.Department2.University2.edu, Z=UndergraduateStudent175@Department2.University2.edu}, {X=http://www.Department2.University2.edu/UndergraduateStudent45, Y=http://www.Department2.University2.edu, Z=UndergraduateStudent45@Department2.University2.edu}, {X=http://www.Department2.University2.edu/UndergraduateStudent127, Y=http://www.Department2.University2.edu, Z=UndergraduateStudent127@Department2.University2.edu}, {X=http://www.Department2.University2.edu/GraduateStudent93, Y=http://www.Department2.University2.edu, Z=GraduateStudent93@Department2.University2.edu}, {X=http://www.Department2.University2.edu/UndergraduateStudent8, Y=http://www.Department2.University2.edu, Z=UndergraduateStudent8@Department2.University2.edu}, {X=http://www.Department2.University2.edu/UndergraduateStudent53, Y=http://www.Department2.University2.edu, Z=UndergraduateStudent53@Department2.University2.edu}, {X=http://www.Department2.University2.edu/UndergraduateStudent200, Y=http://www.Department2.University2.edu, Z=UndergraduateStudent200@Department2.University2.edu}, {X=http://www.Department2.University2.edu/UndergraduateStudent232, Y=http://www.Department2.University2.edu, Z=UndergraduateStudent232@Department2.University2.edu}, {X=http://www.Department2.University2.edu/UndergraduateStudent273, Y=http://www.Department2.University2.edu, Z=UndergraduateStudent273@Department2.University2.edu}, {X=http://www.Department2.University2.edu/GraduateStudent79, Y=http://www.Department2.University2.edu, Z=GraduateStudent79@Department2.University2.edu}, {X=http://www.Department2.University2.edu/GraduateStudent94, Y=http://www.Department2.University2.edu, Z=GraduateStudent94@Department2.University2.edu}, {X=http://www.Department2.University2.edu/GraduateStudent95, Y=http://www.Department2.University2.edu, Z=GraduateStudent95@Department2.University2.edu}, {X=http://www.Department2.University2.edu/UndergraduateStudent353, Y=http://www.Department2.University2.edu, Z=UndergraduateStudent353@Department2.University2.edu}, {X=http://www.Department2.University2.edu/UndergraduateStudent18, Y=http://www.Department2.University2.edu, Z=UndergraduateStudent18@Department2.University2.edu}, {X=http://www.Department2.University2.edu/GraduateStudent110, Y=http://www.Department2.University2.edu, Z=GraduateStudent110@Department2.University2.edu}, {X=http://www.Department2.University2.edu/UndergraduateStudent334, Y=http://www.Department2.University2.edu, Z=UndergraduateStudent334@Department2.University2.edu}, {X=http://www.Department2.University2.edu/UndergraduateStudent27, Y=http://www.Department2.University2.edu, Z=UndergraduateStudent27@Department2.University2.edu}, {X=http://www.Department2.University2.edu/UndergraduateStudent250, Y=http://www.Department2.University2.edu, Z=UndergraduateStudent250@Department2.University2.edu}, {X=http://www.Department2.University2.edu/UndergraduateStudent30, Y=http://www.Department2.University2.edu, Z=UndergraduateStudent30@Department2.University2.edu}, {X=http://www.Department2.University2.edu/UndergraduateStudent289, Y=http://www.Department2.University2.edu, Z=UndergraduateStudent289@Department2.University2.edu}, {X=http://www.Department2.University2.edu/UndergraduateStudent257, Y=http://www.Department2.University2.edu, Z=UndergraduateStudent257@Department2.University2.edu}, {X=http://www.Department2.University2.edu/UndergraduateStudent155, Y=http://www.Department2.University2.edu, Z=UndergraduateStudent155@Department2.University2.edu}, {X=http://www.Department2.University2.edu/UndergraduateStudent327, Y=http://www.Department2.University2.edu, Z=UndergraduateStudent327@Department2.University2.edu}, {X=http://www.Department2.University2.edu/UndergraduateStudent66, Y=http://www.Department2.University2.edu, Z=UndergraduateStudent66@Department2.University2.edu}, {X=http://www.Department2.University2.edu/UndergraduateStudent229, Y=http://www.Department2.University2.edu, Z=UndergraduateStudent229@Department2.University2.edu}, {X=http://www.Department2.University2.edu/UndergraduateStudent346, Y=http://www.Department2.University2.edu, Z=UndergraduateStudent346@Department2.University2.edu}, {X=http://www.Department2.University2.edu/UndergraduateStudent180, Y=http://www.Department2.University2.edu, Z=UndergraduateStudent180@Department2.University2.edu}, {X=http://www.Department2.University2.edu/GraduateStudent105, Y=http://www.Department2.University2.edu, Z=GraduateStudent105@Department2.University2.edu}, {X=http://www.Department2.University2.edu/GraduateStudent77, Y=http://www.Department2.University2.edu, Z=GraduateStudent77@Department2.University2.edu}, {X=http://www.Department2.University2.edu/UndergraduateStudent17, Y=http://www.Department2.University2.edu, Z=UndergraduateStudent17@Department2.University2.edu}, {X=http://www.Department2.University2.edu/GraduateStudent78, Y=http://www.Department2.University2.edu, Z=GraduateStudent78@Department2.University2.edu}, {X=http://www.Department2.University2.edu/UndergraduateStudent81, Y=http://www.Department2.University2.edu, Z=UndergraduateStudent81@Department2.University2.edu}, {X=http://www.Department2.University2.edu/UndergraduateStudent228, Y=http://www.Department2.University2.edu, Z=UndergraduateStudent228@Department2.University2.edu}, {X=http://www.Department2.University2.edu/UndergraduateStudent49, Y=http://www.Department2.University2.edu, Z=UndergraduateStudent49@Department2.University2.edu}, {X=http://www.Department2.University2.edu/GraduateStudent45, Y=http://www.Department2.University2.edu, Z=GraduateStudent45@Department2.University2.edu}, {X=http://www.Department2.University2.edu/UndergraduateStudent216, Y=http://www.Department2.University2.edu, Z=UndergraduateStudent216@Department2.University2.edu}, {X=http://www.Department2.University2.edu/UndergraduateStudent142, Y=http://www.Department2.University2.edu, Z=UndergraduateStudent142@Department2.University2.edu}, {X=http://www.Department2.University2.edu/UndergraduateStudent261, Y=http://www.Department2.University2.edu, Z=UndergraduateStudent261@Department2.University2.edu}, {X=http://www.Department2.University2.edu/GraduateStudent11, Y=http://www.Department2.University2.edu, Z=GraduateStudent11@Department2.University2.edu}, {X=http://www.Department2.University2.edu/UndergraduateStudent168, Y=http://www.Department2.University2.edu, Z=UndergraduateStudent168@Department2.University2.edu}, {X=http://www.Department2.University2.edu/UndergraduateStudent0, Y=http://www.Department2.University2.edu, Z=UndergraduateStudent0@Department2.University2.edu}, {X=http://www.Department2.University2.edu/UndergraduateStudent345, Y=http://www.Department2.University2.edu, Z=UndergraduateStudent345@Department2.University2.edu}, {X=http://www.Department2.University2.edu/UndergraduateStudent266, Y=http://www.Department2.University2.edu, Z=UndergraduateStudent266@Department2.University2.edu}, {X=http://www.Department2.University2.edu/GraduateStudent18, Y=http://www.Department2.University2.edu, Z=GraduateStudent18@Department2.University2.edu}, {X=http://www.Department2.University2.edu/GraduateStudent6, Y=http://www.Department2.University2.edu, Z=GraduateStudent6@Department2.University2.edu}, {X=http://www.Department2.University2.edu/UndergraduateStudent110, Y=http://www.Department2.University2.edu, Z=UndergraduateStudent110@Department2.University2.edu}, {X=http://www.Department2.University2.edu/UndergraduateStudent198, Y=http://www.Department2.University2.edu, Z=UndergraduateStudent198@Department2.University2.edu}, {X=http://www.Department2.University2.edu/UndergraduateStudent195, Y=http://www.Department2.University2.edu, Z=UndergraduateStudent195@Department2.University2.edu}, {X=http://www.Department2.University2.edu/UndergraduateStudent260, Y=http://www.Department2.University2.edu, Z=UndergraduateStudent260@Department2.University2.edu}, {X=http://www.Department2.University2.edu/UndergraduateStudent307, Y=http://www.Department2.University2.edu, Z=UndergraduateStudent307@Department2.University2.edu}, {X=http://www.Department2.University2.edu/UndergraduateStudent296, Y=http://www.Department2.University2.edu, Z=UndergraduateStudent296@Department2.University2.edu}, {X=http://www.Department2.University2.edu/GraduateStudent13, Y=http://www.Department2.University2.edu, Z=GraduateStudent13@Department2.University2.edu}, {X=http://www.Department2.University2.edu/UndergraduateStudent314, Y=http://www.Department2.University2.edu, Z=UndergraduateStudent314@Department2.University2.edu}, {X=http://www.Department2.University2.edu/UndergraduateStudent344, Y=http://www.Department2.University2.edu, Z=UndergraduateStudent344@Department2.University2.edu}, {X=http://www.Department2.University2.edu/UndergraduateStudent22, Y=http://www.Department2.University2.edu, Z=UndergraduateStudent22@Department2.University2.edu}, {X=http://www.Department2.University2.edu/UndergraduateStudent108, Y=http://www.Department2.University2.edu, Z=UndergraduateStudent108@Department2.University2.edu}, {X=http://www.Department2.University2.edu/UndergraduateStudent170, Y=http://www.Department2.University2.edu, Z=UndergraduateStudent170@Department2.University2.edu}, {X=http://www.Department2.University2.edu/UndergraduateStudent103, Y=http://www.Department2.University2.edu, Z=UndergraduateStudent103@Department2.University2.edu}, {X=http://www.Department2.University2.edu/UndergraduateStudent304, Y=http://www.Department2.University2.edu, Z=UndergraduateStudent304@Department2.University2.edu}, {X=http://www.Department2.University2.edu/GraduateStudent36, Y=http://www.Department2.University2.edu, Z=GraduateStudent36@Department2.University2.edu}, {X=http://www.Department2.University2.edu/UndergraduateStudent230, Y=http://www.Department2.University2.edu, Z=UndergraduateStudent230@Department2.University2.edu}, {X=http://www.Department2.University2.edu/UndergraduateStudent41, Y=http://www.Department2.University2.edu, Z=UndergraduateStudent41@Department2.University2.edu}, {X=http://www.Department2.University2.edu/UndergraduateStudent131, Y=http://www.Department2.University2.edu, Z=UndergraduateStudent131@Department2.University2.edu}, {X=http://www.Department2.University2.edu/UndergraduateStudent255, Y=http://www.Department2.University2.edu, Z=UndergraduateStudent255@Department2.University2.edu}, {X=http://www.Department2.University2.edu/GraduateStudent74, Y=http://www.Department2.University2.edu, Z=GraduateStudent74@Department2.University2.edu}, {X=http://www.Department2.University2.edu/GraduateStudent114, Y=http://www.Department2.University2.edu, Z=GraduateStudent114@Department2.University2.edu}, {X=http://www.Department2.University2.edu/UndergraduateStudent290, Y=http://www.Department2.University2.edu, Z=UndergraduateStudent290@Department2.University2.edu}, {X=http://www.Department2.University2.edu/UndergraduateStudent86, Y=http://www.Department2.University2.edu, Z=UndergraduateStudent86@Department2.University2.edu}, {X=http://www.Department2.University2.edu/UndergraduateStudent235, Y=http://www.Department2.University2.edu, Z=UndergraduateStudent235@Department2.University2.edu}, {X=http://www.Department2.University2.edu/GraduateStudent14, Y=http://www.Department2.University2.edu, Z=GraduateStudent14@Department2.University2.edu}, {X=http://www.Department2.University2.edu/UndergraduateStudent188, Y=http://www.Department2.University2.edu, Z=UndergraduateStudent188@Department2.University2.edu}, {X=http://www.Department2.University2.edu/UndergraduateStudent203, Y=http://www.Department2.University2.edu, Z=UndergraduateStudent203@Department2.University2.edu}, {X=http://www.Department2.University2.edu/UndergraduateStudent15, Y=http://www.Department2.University2.edu, Z=UndergraduateStudent15@Department2.University2.edu}, {X=http://www.Department2.University2.edu/UndergraduateStudent276, Y=http://www.Department2.University2.edu, Z=UndergraduateStudent276@Department2.University2.edu}, {X=http://www.Department2.University2.edu/UndergraduateStudent62, Y=http://www.Department2.University2.edu, Z=UndergraduateStudent62@Department2.University2.edu}, {X=http://www.Department2.University2.edu/UndergraduateStudent82, Y=http://www.Department2.University2.edu, Z=UndergraduateStudent82@Department2.University2.edu}, {X=http://www.Department2.University2.edu/UndergraduateStudent215, Y=http://www.Department2.University2.edu, Z=UndergraduateStudent215@Department2.University2.edu}, {X=http://www.Department2.University2.edu/UndergraduateStudent217, Y=http://www.Department2.University2.edu, Z=UndergraduateStudent217@Department2.University2.edu}, {X=http://www.Department2.University2.edu/UndergraduateStudent112, Y=http://www.Department2.University2.edu, Z=UndergraduateStudent112@Department2.University2.edu}, {X=http://www.Department2.University2.edu/GraduateStudent113, Y=http://www.Department2.University2.edu, Z=GraduateStudent113@Department2.University2.edu}, {X=http://www.Department2.University2.edu/UndergraduateStudent106, Y=http://www.Department2.University2.edu, Z=UndergraduateStudent106@Department2.University2.edu}, {X=http://www.Department2.University2.edu/GraduateStudent47, Y=http://www.Department2.University2.edu, Z=GraduateStudent47@Department2.University2.edu}, {X=http://www.Department2.University2.edu/UndergraduateStudent259, Y=http://www.Department2.University2.edu, Z=UndergraduateStudent259@Department2.University2.edu}, {X=http://www.Department2.University2.edu/UndergraduateStudent12, Y=http://www.Department2.University2.edu, Z=UndergraduateStudent12@Department2.University2.edu}, {X=http://www.Department2.University2.edu/GraduateStudent104, Y=http://www.Department2.University2.edu, Z=GraduateStudent104@Department2.University2.edu}, {X=http://www.Department2.University2.edu/UndergraduateStudent23, Y=http://www.Department2.University2.edu, Z=UndergraduateStudent23@Department2.University2.edu}, {X=http://www.Department2.University2.edu/GraduateStudent124, Y=http://www.Department2.University2.edu, Z=GraduateStudent124@Department2.University2.edu}, {X=http://www.Department2.University2.edu/UndergraduateStudent6, Y=http://www.Department2.University2.edu, Z=UndergraduateStudent6@Department2.University2.edu}, {X=http://www.Department2.University2.edu/UndergraduateStudent206, Y=http://www.Department2.University2.edu, Z=UndergraduateStudent206@Department2.University2.edu}, {X=http://www.Department2.University2.edu/GraduateStudent117, Y=http://www.Department2.University2.edu, Z=GraduateStudent117@Department2.University2.edu}, {X=http://www.Department2.University2.edu/UndergraduateStudent315, Y=http://www.Department2.University2.edu, Z=UndergraduateStudent315@Department2.University2.edu}, {X=http://www.Department2.University2.edu/UndergraduateStudent172, Y=http://www.Department2.University2.edu, Z=UndergraduateStudent172@Department2.University2.edu}, {X=http://www.Department2.University2.edu/UndergraduateStudent145, Y=http://www.Department2.University2.edu, Z=UndergraduateStudent145@Department2.University2.edu}, {X=http://www.Department2.University2.edu/UndergraduateStudent252, Y=http://www.Department2.University2.edu, Z=UndergraduateStudent252@Department2.University2.edu}, {X=http://www.Department2.University2.edu/UndergraduateStudent199, Y=http://www.Department2.University2.edu, Z=UndergraduateStudent199@Department2.University2.edu}, {X=http://www.Department2.University2.edu/UndergraduateStudent192, Y=http://www.Department2.University2.edu, Z=UndergraduateStudent192@Department2.University2.edu}, {X=http://www.Department2.University2.edu/GraduateStudent57, Y=http://www.Department2.University2.edu, Z=GraduateStudent57@Department2.University2.edu}, {X=http://www.Department2.University2.edu/GraduateStudent101, Y=http://www.Department2.University2.edu, Z=GraduateStudent101@Department2.University2.edu}, {X=http://www.Department2.University2.edu/UndergraduateStudent26, Y=http://www.Department2.University2.edu, Z=UndergraduateStudent26@Department2.University2.edu}, {X=http://www.Department2.University2.edu/UndergraduateStudent173, Y=http://www.Department2.University2.edu, Z=UndergraduateStudent173@Department2.University2.edu}, {X=http://www.Department2.University2.edu/GraduateStudent103, Y=http://www.Department2.University2.edu, Z=GraduateStudent103@Department2.University2.edu}, {X=http://www.Department2.University2.edu/UndergraduateStudent160, Y=http://www.Department2.University2.edu, Z=UndergraduateStudent160@Department2.University2.edu}, {X=http://www.Department2.University2.edu/UndergraduateStudent184, Y=http://www.Department2.University2.edu, Z=UndergraduateStudent184@Department2.University2.edu}, {X=http://www.Department2.University2.edu/UndergraduateStudent326, Y=http://www.Department2.University2.edu, Z=UndergraduateStudent326@Department2.University2.edu}, {X=http://www.Department2.University2.edu/GraduateStudent33, Y=http://www.Department2.University2.edu, Z=GraduateStudent33@Department2.University2.edu}, {X=http://www.Department2.University2.edu/GraduateStudent111, Y=http://www.Department2.University2.edu, Z=GraduateStudent111@Department2.University2.edu}, {X=http://www.Department2.University2.edu/UndergraduateStudent271, Y=http://www.Department2.University2.edu, Z=UndergraduateStudent271@Department2.University2.edu}, {X=http://www.Department2.University2.edu/UndergraduateStudent287, Y=http://www.Department2.University2.edu, Z=UndergraduateStudent287@Department2.University2.edu}, {X=http://www.Department2.University2.edu/GraduateStudent88, Y=http://www.Department2.University2.edu, Z=GraduateStudent88@Department2.University2.edu}, {X=http://www.Department2.University2.edu/UndergraduateStudent80, Y=http://www.Department2.University2.edu, Z=UndergraduateStudent80@Department2.University2.edu}, {X=http://www.Department2.University2.edu/UndergraduateStudent359, Y=http://www.Department2.University2.edu, Z=UndergraduateStudent359@Department2.University2.edu}, {X=http://www.Department2.University2.edu/GraduateStudent123, Y=http://www.Department2.University2.edu, Z=GraduateStudent123@Department2.University2.edu}, {X=http://www.Department2.University2.edu/GraduateStudent116, Y=http://www.Department2.University2.edu, Z=GraduateStudent116@Department2.University2.edu}, {X=http://www.Department2.University2.edu/UndergraduateStudent239, Y=http://www.Department2.University2.edu, Z=UndergraduateStudent239@Department2.University2.edu}, {X=http://www.Department2.University2.edu/GraduateStudent68, Y=http://www.Department2.University2.edu, Z=GraduateStudent68@Department2.University2.edu}, {X=http://www.Department2.University2.edu/UndergraduateStudent96, Y=http://www.Department2.University2.edu, Z=UndergraduateStudent96@Department2.University2.edu}, {X=http://www.Department2.University2.edu/UndergraduateStudent178, Y=http://www.Department2.University2.edu, Z=UndergraduateStudent178@Department2.University2.edu}, {X=http://www.Department2.University2.edu/UndergraduateStudent157, Y=http://www.Department2.University2.edu, Z=UndergraduateStudent157@Department2.University2.edu}, {X=http://www.Department2.University2.edu/UndergraduateStudent105, Y=http://www.Department2.University2.edu, Z=UndergraduateStudent105@Department2.University2.edu}, {X=http://www.Department2.University2.edu/GraduateStudent122, Y=http://www.Department2.University2.edu, Z=GraduateStudent122@Department2.University2.edu}, {X=http://www.Department2.University2.edu/UndergraduateStudent50, Y=http://www.Department2.University2.edu, Z=UndergraduateStudent50@Department2.University2.edu}, {X=http://www.Department2.University2.edu/UndergraduateStudent316, Y=http://www.Department2.University2.edu, Z=UndergraduateStudent316@Department2.University2.edu}, {X=http://www.Department2.University2.edu/UndergraduateStudent303, Y=http://www.Department2.University2.edu, Z=UndergraduateStudent303@Department2.University2.edu}, {X=http://www.Department2.University2.edu/UndergraduateStudent181, Y=http://www.Department2.University2.edu, Z=UndergraduateStudent181@Department2.University2.edu}, {X=http://www.Department2.University2.edu/UndergraduateStudent301, Y=http://www.Department2.University2.edu, Z=UndergraduateStudent301@Department2.University2.edu}, {X=http://www.Department2.University2.edu/UndergraduateStudent243, Y=http://www.Department2.University2.edu, Z=UndergraduateStudent243@Department2.University2.edu}, {X=http://www.Department2.University2.edu/UndergraduateStudent120, Y=http://www.Department2.University2.edu, Z=UndergraduateStudent120@Department2.University2.edu}, {X=http://www.Department2.University2.edu/UndergraduateStudent14, Y=http://www.Department2.University2.edu, Z=UndergraduateStudent14@Department2.University2.edu}, {X=http://www.Department2.University2.edu/GraduateStudent126, Y=http://www.Department2.University2.edu, Z=GraduateStudent126@Department2.University2.edu}, {X=http://www.Department2.University2.edu/GraduateStudent9, Y=http://www.Department2.University2.edu, Z=GraduateStudent9@Department2.University2.edu}, {X=http://www.Department2.University2.edu/GraduateStudent31, Y=http://www.Department2.University2.edu, Z=GraduateStudent31@Department2.University2.edu}, {X=http://www.Department2.University2.edu/UndergraduateStudent205, Y=http://www.Department2.University2.edu, Z=UndergraduateStudent205@Department2.University2.edu}, {X=http://www.Department2.University2.edu/UndergraduateStudent347, Y=http://www.Department2.University2.edu, Z=UndergraduateStudent347@Department2.University2.edu}, {X=http://www.Department2.University2.edu/UndergraduateStudent133, Y=http://www.Department2.University2.edu, Z=UndergraduateStudent133@Department2.University2.edu}, {X=http://www.Department2.University2.edu/UndergraduateStudent136, Y=http://www.Department2.University2.edu, Z=UndergraduateStudent136@Department2.University2.edu}, {X=http://www.Department2.University2.edu/UndergraduateStudent40, Y=http://www.Department2.University2.edu, Z=UndergraduateStudent40@Department2.University2.edu}, {X=http://www.Department2.University2.edu/GraduateStudent109, Y=http://www.Department2.University2.edu, Z=GraduateStudent109@Department2.University2.edu}, {X=http://www.Department2.University2.edu/UndergraduateStudent325, Y=http://www.Department2.University2.edu, Z=UndergraduateStudent325@Department2.University2.edu}, {X=http://www.Department2.University2.edu/UndergraduateStudent210, Y=http://www.Department2.University2.edu, Z=UndergraduateStudent210@Department2.University2.edu}, {X=http://www.Department2.University2.edu/UndergraduateStudent139, Y=http://www.Department2.University2.edu, Z=UndergraduateStudent139@Department2.University2.edu}, {X=http://www.Department2.University2.edu/GraduateStudent99, Y=http://www.Department2.University2.edu, Z=GraduateStudent99@Department2.University2.edu}, {X=http://www.Department2.University2.edu/UndergraduateStudent114, Y=http://www.Department2.University2.edu, Z=UndergraduateStudent114@Department2.University2.edu}, {X=http://www.Department2.University2.edu/GraduateStudent50, Y=http://www.Department2.University2.edu, Z=GraduateStudent50@Department2.University2.edu}, {X=http://www.Department2.University2.edu/UndergraduateStudent298, Y=http://www.Department2.University2.edu, Z=UndergraduateStudent298@Department2.University2.edu}, {X=http://www.Department2.University2.edu/UndergraduateStudent31, Y=http://www.Department2.University2.edu, Z=UndergraduateStudent31@Department2.University2.edu}, {X=http://www.Department2.University2.edu/UndergraduateStudent60, Y=http://www.Department2.University2.edu, Z=UndergraduateStudent60@Department2.University2.edu}, {X=http://www.Department2.University2.edu/UndergraduateStudent249, Y=http://www.Department2.University2.edu, Z=UndergraduateStudent249@Department2.University2.edu}, {X=http://www.Department2.University2.edu/UndergraduateStudent149, Y=http://www.Department2.University2.edu, Z=UndergraduateStudent149@Department2.University2.edu}, {X=http://www.Department2.University2.edu/UndergraduateStudent352, Y=http://www.Department2.University2.edu, Z=UndergraduateStudent352@Department2.University2.edu}, {X=http://www.Department2.University2.edu/UndergraduateStudent236, Y=http://www.Department2.University2.edu, Z=UndergraduateStudent236@Department2.University2.edu}, {X=http://www.Department2.University2.edu/UndergraduateStudent211, Y=http://www.Department2.University2.edu, Z=UndergraduateStudent211@Department2.University2.edu}, {X=http://www.Department2.University2.edu/GraduateStudent96, Y=http://www.Department2.University2.edu, Z=GraduateStudent96@Department2.University2.edu}, {X=http://www.Department2.University2.edu/UndergraduateStudent107, Y=http://www.Department2.University2.edu, Z=UndergraduateStudent107@Department2.University2.edu}, {X=http://www.Department2.University2.edu/GraduateStudent52, Y=http://www.Department2.University2.edu, Z=GraduateStudent52@Department2.University2.edu}, {X=http://www.Department2.University2.edu/GraduateStudent85, Y=http://www.Department2.University2.edu, Z=GraduateStudent85@Department2.University2.edu}, {X=http://www.Department2.University2.edu/UndergraduateStudent54, Y=http://www.Department2.University2.edu, Z=UndergraduateStudent54@Department2.University2.edu}, {X=http://www.Department2.University2.edu/GraduateStudent56, Y=http://www.Department2.University2.edu, Z=GraduateStudent56@Department2.University2.edu}, {X=http://www.Department2.University2.edu/UndergraduateStudent237, Y=http://www.Department2.University2.edu, Z=UndergraduateStudent237@Department2.University2.edu}, {X=http://www.Department2.University2.edu/UndergraduateStudent306, Y=http://www.Department2.University2.edu, Z=UndergraduateStudent306@Department2.University2.edu}, {X=http://www.Department2.University2.edu/GraduateStudent62, Y=http://www.Department2.University2.edu, Z=GraduateStudent62@Department2.University2.edu}, {X=http://www.Department2.University2.edu/GraduateStudent40, Y=http://www.Department2.University2.edu, Z=GraduateStudent40@Department2.University2.edu}, {X=http://www.Department2.University2.edu/GraduateStudent84, Y=http://www.Department2.University2.edu, Z=GraduateStudent84@Department2.University2.edu}, {X=http://www.Department2.University2.edu/UndergraduateStudent340, Y=http://www.Department2.University2.edu, Z=UndergraduateStudent340@Department2.University2.edu}, {X=http://www.Department2.University2.edu/UndergraduateStudent67, Y=http://www.Department2.University2.edu, Z=UndergraduateStudent67@Department2.University2.edu}, {X=http://www.Department2.University2.edu/UndergraduateStudent70, Y=http://www.Department2.University2.edu, Z=UndergraduateStudent70@Department2.University2.edu}, {X=http://www.Department2.University2.edu/UndergraduateStudent299, Y=http://www.Department2.University2.edu, Z=UndergraduateStudent299@Department2.University2.edu}, {X=http://www.Department2.University2.edu/UndergraduateStudent129, Y=http://www.Department2.University2.edu, Z=UndergraduateStudent129@Department2.University2.edu}, {X=http://www.Department2.University2.edu/UndergraduateStudent161, Y=http://www.Department2.University2.edu, Z=UndergraduateStudent161@Department2.University2.edu}, {X=http://www.Department2.University2.edu/UndergraduateStudent10, Y=http://www.Department2.University2.edu, Z=UndergraduateStudent10@Department2.University2.edu}, {X=http://www.Department2.University2.edu/UndergraduateStudent348, Y=http://www.Department2.University2.edu, Z=UndergraduateStudent348@Department2.University2.edu}, {X=http://www.Department2.University2.edu/UndergraduateStudent357, Y=http://www.Department2.University2.edu, Z=UndergraduateStudent357@Department2.University2.edu}, {X=http://www.Department2.University2.edu/GraduateStudent17, Y=http://www.Department2.University2.edu, Z=GraduateStudent17@Department2.University2.edu}, {X=http://www.Department2.University2.edu/UndergraduateStudent59, Y=http://www.Department2.University2.edu, Z=UndergraduateStudent59@Department2.University2.edu}, {X=http://www.Department2.University2.edu/UndergraduateStudent209, Y=http://www.Department2.University2.edu, Z=UndergraduateStudent209@Department2.University2.edu}, {X=http://www.Department2.University2.edu/UndergraduateStudent1, Y=http://www.Department2.University2.edu, Z=UndergraduateStudent1@Department2.University2.edu}, {X=http://www.Department2.University2.edu/UndergraduateStudent104, Y=http://www.Department2.University2.edu, Z=UndergraduateStudent104@Department2.University2.edu}, {X=http://www.Department2.University2.edu/GraduateStudent80, Y=http://www.Department2.University2.edu, Z=GraduateStudent80@Department2.University2.edu}, {X=http://www.Department2.University2.edu/UndergraduateStudent337, Y=http://www.Department2.University2.edu, Z=UndergraduateStudent337@Department2.University2.edu}, {X=http://www.Department2.University2.edu/GraduateStudent67, Y=http://www.Department2.University2.edu, Z=GraduateStudent67@Department2.University2.edu}, {X=http://www.Department2.University2.edu/UndergraduateStudent43, Y=http://www.Department2.University2.edu, Z=UndergraduateStudent43@Department2.University2.edu}, {X=http://www.Department2.University2.edu/GraduateStudent41, Y=http://www.Department2.University2.edu, Z=GraduateStudent41@Department2.University2.edu}, {X=http://www.Department2.University2.edu/UndergraduateStudent102, Y=http://www.Department2.University2.edu, Z=UndergraduateStudent102@Department2.University2.edu}, {X=http://www.Department2.University2.edu/UndergraduateStudent117, Y=http://www.Department2.University2.edu, Z=UndergraduateStudent117@Department2.University2.edu}, {X=http://www.Department2.University2.edu/UndergraduateStudent182, Y=http://www.Department2.University2.edu, Z=UndergraduateStudent182@Department2.University2.edu}, {X=http://www.Department2.University2.edu/UndergraduateStudent324, Y=http://www.Department2.University2.edu, Z=UndergraduateStudent324@Department2.University2.edu}, {X=http://www.Department2.University2.edu/UndergraduateStudent51, Y=http://www.Department2.University2.edu, Z=UndergraduateStudent51@Department2.University2.edu}, {X=http://www.Department2.University2.edu/GraduateStudent107, Y=http://www.Department2.University2.edu, Z=GraduateStudent107@Department2.University2.edu}, {X=http://www.Department2.University2.edu/UndergraduateStudent119, Y=http://www.Department2.University2.edu, Z=UndergraduateStudent119@Department2.University2.edu}, {X=http://www.Department2.University2.edu/GraduateStudent58, Y=http://www.Department2.University2.edu, Z=GraduateStudent58@Department2.University2.edu}, {X=http://www.Department2.University2.edu/UndergraduateStudent274, Y=http://www.Department2.University2.edu, Z=UndergraduateStudent274@Department2.University2.edu}, {X=http://www.Department2.University2.edu/UndergraduateStudent258, Y=http://www.Department2.University2.edu, Z=UndergraduateStudent258@Department2.University2.edu}, {X=http://www.Department2.University2.edu/UndergraduateStudent177, Y=http://www.Department2.University2.edu, Z=UndergraduateStudent177@Department2.University2.edu}, {X=http://www.Department2.University2.edu/GraduateStudent75, Y=http://www.Department2.University2.edu, Z=GraduateStudent75@Department2.University2.edu}, {X=http://www.Department2.University2.edu/UndergraduateStudent140, Y=http://www.Department2.University2.edu, Z=UndergraduateStudent140@Department2.University2.edu}, {X=http://www.Department2.University2.edu/UndergraduateStudent101, Y=http://www.Department2.University2.edu, Z=UndergraduateStudent101@Department2.University2.edu}, {X=http://www.Department2.University2.edu/UndergraduateStudent90, Y=http://www.Department2.University2.edu, Z=UndergraduateStudent90@Department2.University2.edu}, {X=http://www.Department2.University2.edu/UndergraduateStudent135, Y=http://www.Department2.University2.edu, Z=UndergraduateStudent135@Department2.University2.edu}, {X=http://www.Department2.University2.edu/GraduateStudent35, Y=http://www.Department2.University2.edu, Z=GraduateStudent35@Department2.University2.edu}, {X=http://www.Department2.University2.edu/GraduateStudent71, Y=http://www.Department2.University2.edu, Z=GraduateStudent71@Department2.University2.edu}, {X=http://www.Department2.University2.edu/UndergraduateStudent312, Y=http://www.Department2.University2.edu, Z=UndergraduateStudent312@Department2.University2.edu}, {X=http://www.Department2.University2.edu/UndergraduateStudent186, Y=http://www.Department2.University2.edu, Z=UndergraduateStudent186@Department2.University2.edu}, {X=http://www.Department2.University2.edu/UndergraduateStudent341, Y=http://www.Department2.University2.edu, Z=UndergraduateStudent341@Department2.University2.edu}, {X=http://www.Department2.University2.edu/UndergraduateStudent342, Y=http://www.Department2.University2.edu, Z=UndergraduateStudent342@Department2.University2.edu}, {X=http://www.Department2.University2.edu/UndergraduateStudent158, Y=http://www.Department2.University2.edu, Z=UndergraduateStudent158@Department2.University2.edu}, {X=http://www.Department2.University2.edu/UndergraduateStudent171, Y=http://www.Department2.University2.edu, Z=UndergraduateStudent171@Department2.University2.edu}, {X=http://www.Department2.University2.edu/UndergraduateStudent300, Y=http://www.Department2.University2.edu, Z=UndergraduateStudent300@Department2.University2.edu}, {X=http://www.Department2.University2.edu/UndergraduateStudent165, Y=http://www.Department2.University2.edu, Z=UndergraduateStudent165@Department2.University2.edu}, {X=http://www.Department2.University2.edu/UndergraduateStudent151, Y=http://www.Department2.University2.edu, Z=UndergraduateStudent151@Department2.University2.edu}, {X=http://www.Department2.University2.edu/UndergraduateStudent88, Y=http://www.Department2.University2.edu, Z=UndergraduateStudent88@Department2.University2.edu}, {X=http://www.Department2.University2.edu/UndergraduateStudent194, Y=http://www.Department2.University2.edu, Z=UndergraduateStudent194@Department2.University2.edu}, {X=http://www.Department2.University2.edu/UndergraduateStudent169, Y=http://www.Department2.University2.edu, Z=UndergraduateStudent169@Department2.University2.edu}, {X=http://www.Department2.University2.edu/GraduateStudent3, Y=http://www.Department2.University2.edu, Z=GraduateStudent3@Department2.University2.edu}, {X=http://www.Department2.University2.edu/UndergraduateStudent302, Y=http://www.Department2.University2.edu, Z=UndergraduateStudent302@Department2.University2.edu}, {X=http://www.Department2.University2.edu/UndergraduateStudent231, Y=http://www.Department2.University2.edu, Z=UndergraduateStudent231@Department2.University2.edu}, {X=http://www.Department2.University2.edu/UndergraduateStudent264, Y=http://www.Department2.University2.edu, Z=UndergraduateStudent264@Department2.University2.edu}, {X=http://www.Department2.University2.edu/UndergraduateStudent247, Y=http://www.Department2.University2.edu, Z=UndergraduateStudent247@Department2.University2.edu}, {X=http://www.Department2.University2.edu/GraduateStudent55, Y=http://www.Department2.University2.edu, Z=GraduateStudent55@Department2.University2.edu}, {X=http://www.Department2.University2.edu/GraduateStudent1, Y=http://www.Department2.University2.edu, Z=GraduateStudent1@Department2.University2.edu}, {X=http://www.Department2.University2.edu/UndergraduateStudent283, Y=http://www.Department2.University2.edu, Z=UndergraduateStudent283@Department2.University2.edu}, {X=http://www.Department2.University2.edu/UndergraduateStudent191, Y=http://www.Department2.University2.edu, Z=UndergraduateStudent191@Department2.University2.edu}, {X=http://www.Department2.University2.edu/UndergraduateStudent98, Y=http://www.Department2.University2.edu, Z=UndergraduateStudent98@Department2.University2.edu}, {X=http://www.Department2.University2.edu/GraduateStudent70, Y=http://www.Department2.University2.edu, Z=GraduateStudent70@Department2.University2.edu}, {X=http://www.Department2.University2.edu/UndergraduateStudent75, Y=http://www.Department2.University2.edu, Z=UndergraduateStudent75@Department2.University2.edu}, {X=http://www.Department2.University2.edu/UndergraduateStudent204, Y=http://www.Department2.University2.edu, Z=UndergraduateStudent204@Department2.University2.edu}, {X=http://www.Department2.University2.edu/GraduateStudent44, Y=http://www.Department2.University2.edu, Z=GraduateStudent44@Department2.University2.edu}, {X=http://www.Department2.University2.edu/UndergraduateStudent356, Y=http://www.Department2.University2.edu, Z=UndergraduateStudent356@Department2.University2.edu}, {X=http://www.Department2.University2.edu/UndergraduateStudent360, Y=http://www.Department2.University2.edu, Z=UndergraduateStudent360@Department2.University2.edu}, {X=http://www.Department2.University2.edu/UndergraduateStudent277, Y=http://www.Department2.University2.edu, Z=UndergraduateStudent277@Department2.University2.edu}, {X=http://www.Department2.University2.edu/UndergraduateStudent2, Y=http://www.Department2.University2.edu, Z=UndergraduateStudent2@Department2.University2.edu}, {X=http://www.Department2.University2.edu/UndergraduateStudent84, Y=http://www.Department2.University2.edu, Z=UndergraduateStudent84@Department2.University2.edu}, {X=http://www.Department2.University2.edu/UndergraduateStudent282, Y=http://www.Department2.University2.edu, Z=UndergraduateStudent282@Department2.University2.edu}, {X=http://www.Department2.University2.edu/UndergraduateStudent224, Y=http://www.Department2.University2.edu, Z=UndergraduateStudent224@Department2.University2.edu}, {X=http://www.Department2.University2.edu/GraduateStudent20, Y=http://www.Department2.University2.edu, Z=GraduateStudent20@Department2.University2.edu}, {X=http://www.Department2.University2.edu/UndergraduateStudent281, Y=http://www.Department2.University2.edu, Z=UndergraduateStudent281@Department2.University2.edu}, {X=http://www.Department2.University2.edu/GraduateStudent39, Y=http://www.Department2.University2.edu, Z=GraduateStudent39@Department2.University2.edu}, {X=http://www.Department2.University2.edu/UndergraduateStudent68, Y=http://www.Department2.University2.edu, Z=UndergraduateStudent68@Department2.University2.edu}, {X=http://www.Department2.University2.edu/UndergraduateStudent19, Y=http://www.Department2.University2.edu, Z=UndergraduateStudent19@Department2.University2.edu}, {X=http://www.Department2.University2.edu/UndergraduateStudent323, Y=http://www.Department2.University2.edu, Z=UndergraduateStudent323@Department2.University2.edu}, {X=http://www.Department2.University2.edu/GraduateStudent102, Y=http://www.Department2.University2.edu, Z=GraduateStudent102@Department2.University2.edu}, {X=http://www.Department2.University2.edu/GraduateStudent81, Y=http://www.Department2.University2.edu, Z=GraduateStudent81@Department2.University2.edu}, {X=http://www.Department2.University2.edu/UndergraduateStudent154, Y=http://www.Department2.University2.edu, Z=UndergraduateStudent154@Department2.University2.edu}, {X=http://www.Department2.University2.edu/GraduateStudent48, Y=http://www.Department2.University2.edu, Z=GraduateStudent48@Department2.University2.edu}, {X=http://www.Department2.University2.edu/UndergraduateStudent152, Y=http://www.Department2.University2.edu, Z=UndergraduateStudent152@Department2.University2.edu}, {X=http://www.Department2.University2.edu/UndergraduateStudent329, Y=http://www.Department2.University2.edu, Z=UndergraduateStudent329@Department2.University2.edu}, {X=http://www.Department2.University2.edu/UndergraduateStudent21, Y=http://www.Department2.University2.edu, Z=UndergraduateStudent21@Department2.University2.edu}, {X=http://www.Department2.University2.edu/UndergraduateStudent159, Y=http://www.Department2.University2.edu, Z=UndergraduateStudent159@Department2.University2.edu}, {X=http://www.Department2.University2.edu/GraduateStudent15, Y=http://www.Department2.University2.edu, Z=GraduateStudent15@Department2.University2.edu}, {X=http://www.Department2.University2.edu/UndergraduateStudent99, Y=http://www.Department2.University2.edu, Z=UndergraduateStudent99@Department2.University2.edu}, {X=http://www.Department2.University2.edu/UndergraduateStudent242, Y=http://www.Department2.University2.edu, Z=UndergraduateStudent242@Department2.University2.edu}, {X=http://www.Department2.University2.edu/UndergraduateStudent292, Y=http://www.Department2.University2.edu, Z=UndergraduateStudent292@Department2.University2.edu}, {X=http://www.Department2.University2.edu/UndergraduateStudent343, Y=http://www.Department2.University2.edu, Z=UndergraduateStudent343@Department2.University2.edu}, {X=http://www.Department2.University2.edu/UndergraduateStudent238, Y=http://www.Department2.University2.edu, Z=UndergraduateStudent238@Department2.University2.edu}, {X=http://www.Department2.University2.edu/GraduateStudent23, Y=http://www.Department2.University2.edu, Z=GraduateStudent23@Department2.University2.edu}, {X=http://www.Department2.University2.edu/UndergraduateStudent187, Y=http://www.Department2.University2.edu, Z=UndergraduateStudent187@Department2.University2.edu}, {X=http://www.Department2.University2.edu/GraduateStudent100, Y=http://www.Department2.University2.edu, Z=GraduateStudent100@Department2.University2.edu}, {X=http://www.Department2.University2.edu/UndergraduateStudent143, Y=http://www.Department2.University2.edu, Z=UndergraduateStudent143@Department2.University2.edu}, {X=http://www.Department2.University2.edu/UndergraduateStudent174, Y=http://www.Department2.University2.edu, Z=UndergraduateStudent174@Department2.University2.edu}, {X=http://www.Department2.University2.edu/GraduateStudent2, Y=http://www.Department2.University2.edu, Z=GraduateStudent2@Department2.University2.edu}, {X=http://www.Department2.University2.edu/UndergraduateStudent234, Y=http://www.Department2.University2.edu, Z=UndergraduateStudent234@Department2.University2.edu}, {X=http://www.Department2.University2.edu/UndergraduateStudent150, Y=http://www.Department2.University2.edu, Z=UndergraduateStudent150@Department2.University2.edu}, {X=http://www.Department2.University2.edu/UndergraduateStudent164, Y=http://www.Department2.University2.edu, Z=UndergraduateStudent164@Department2.University2.edu}, {X=http://www.Department2.University2.edu/UndergraduateStudent241, Y=http://www.Department2.University2.edu, Z=UndergraduateStudent241@Department2.University2.edu}, {X=http://www.Department2.University2.edu/UndergraduateStudent126, Y=http://www.Department2.University2.edu, Z=UndergraduateStudent126@Department2.University2.edu}, {X=http://www.Department2.University2.edu/UndergraduateStudent225, Y=http://www.Department2.University2.edu, Z=UndergraduateStudent225@Department2.University2.edu}, {X=http://www.Department2.University2.edu/UndergraduateStudent185, Y=http://www.Department2.University2.edu, Z=UndergraduateStudent185@Department2.University2.edu}, {X=http://www.Department2.University2.edu/UndergraduateStudent196, Y=http://www.Department2.University2.edu, Z=UndergraduateStudent196@Department2.University2.edu}, {X=http://www.Department2.University2.edu/GraduateStudent118, Y=http://www.Department2.University2.edu, Z=GraduateStudent118@Department2.University2.edu}, {X=http://www.Department2.University2.edu/UndergraduateStudent113, Y=http://www.Department2.University2.edu, Z=UndergraduateStudent113@Department2.University2.edu}, {X=http://www.Department2.University2.edu/UndergraduateStudent130, Y=http://www.Department2.University2.edu, Z=UndergraduateStudent130@Department2.University2.edu}, {X=http://www.Department2.University2.edu/UndergraduateStudent279, Y=http://www.Department2.University2.edu, Z=UndergraduateStudent279@Department2.University2.edu}, {X=http://www.Department2.University2.edu/UndergraduateStudent305, Y=http://www.Department2.University2.edu, Z=UndergraduateStudent305@Department2.University2.edu}, {X=http://www.Department2.University2.edu/GraduateStudent37, Y=http://www.Department2.University2.edu, Z=GraduateStudent37@Department2.University2.edu}, {X=http://www.Department2.University2.edu/GraduateStudent61, Y=http://www.Department2.University2.edu, Z=GraduateStudent61@Department2.University2.edu}, {X=http://www.Department2.University2.edu/UndergraduateStudent246, Y=http://www.Department2.University2.edu, Z=UndergraduateStudent246@Department2.University2.edu}, {X=http://www.Department2.University2.edu/GraduateStudent72, Y=http://www.Department2.University2.edu, Z=GraduateStudent72@Department2.University2.edu}, {X=http://www.Department2.University2.edu/UndergraduateStudent294, Y=http://www.Department2.University2.edu, Z=UndergraduateStudent294@Department2.University2.edu}, {X=http://www.Department2.University2.edu/UndergraduateStudent278, Y=http://www.Department2.University2.edu, Z=UndergraduateStudent278@Department2.University2.edu}, {X=http://www.Department2.University2.edu/UndergraduateStudent270, Y=http://www.Department2.University2.edu, Z=UndergraduateStudent270@Department2.University2.edu}, {X=http://www.Department2.University2.edu/UndergraduateStudent284, Y=http://www.Department2.University2.edu, Z=UndergraduateStudent284@Department2.University2.edu}, {X=http://www.Department2.University2.edu/UndergraduateStudent89, Y=http://www.Department2.University2.edu, Z=UndergraduateStudent89@Department2.University2.edu}, {X=http://www.Department2.University2.edu/GraduateStudent0, Y=http://www.Department2.University2.edu, Z=GraduateStudent0@Department2.University2.edu}, {X=http://www.Department2.University2.edu/UndergraduateStudent213, Y=http://www.Department2.University2.edu, Z=UndergraduateStudent213@Department2.University2.edu}, {X=http://www.Department2.University2.edu/UndergraduateStudent349, Y=http://www.Department2.University2.edu, Z=UndergraduateStudent349@Department2.University2.edu}, {X=http://www.Department2.University2.edu/UndergraduateStudent263, Y=http://www.Department2.University2.edu, Z=UndergraduateStudent263@Department2.University2.edu}, {X=http://www.Department2.University2.edu/GraduateStudent24, Y=http://www.Department2.University2.edu, Z=GraduateStudent24@Department2.University2.edu}, {X=http://www.Department2.University2.edu/UndergraduateStudent176, Y=http://www.Department2.University2.edu, Z=UndergraduateStudent176@Department2.University2.edu}, {X=http://www.Department2.University2.edu/UndergraduateStudent39, Y=http://www.Department2.University2.edu, Z=UndergraduateStudent39@Department2.University2.edu}, {X=http://www.Department2.University2.edu/UndergraduateStudent124, Y=http://www.Department2.University2.edu, Z=UndergraduateStudent124@Department2.University2.edu}, {X=http://www.Department2.University2.edu/UndergraduateStudent52, Y=http://www.Department2.University2.edu, Z=UndergraduateStudent52@Department2.University2.edu}, {X=http://www.Department2.University2.edu/UndergraduateStudent354, Y=http://www.Department2.University2.edu, Z=UndergraduateStudent354@Department2.University2.edu}, {X=http://www.Department2.University2.edu/GraduateStudent83, Y=http://www.Department2.University2.edu, Z=GraduateStudent83@Department2.University2.edu}, {X=http://www.Department2.University2.edu/UndergraduateStudent48, Y=http://www.Department2.University2.edu, Z=UndergraduateStudent48@Department2.University2.edu}, {X=http://www.Department2.University2.edu/GraduateStudent130, Y=http://www.Department2.University2.edu, Z=GraduateStudent130@Department2.University2.edu}, {X=http://www.Department2.University2.edu/UndergraduateStudent61, Y=http://www.Department2.University2.edu, Z=UndergraduateStudent61@Department2.University2.edu}, {X=http://www.Department2.University2.edu/UndergraduateStudent16, Y=http://www.Department2.University2.edu, Z=UndergraduateStudent16@Department2.University2.edu}, {X=http://www.Department2.University2.edu/UndergraduateStudent319, Y=http://www.Department2.University2.edu, Z=UndergraduateStudent319@Department2.University2.edu}, {X=http://www.Department2.University2.edu/GraduateStudent98, Y=http://www.Department2.University2.edu, Z=GraduateStudent98@Department2.University2.edu}, {X=http://www.Department2.University2.edu/UndergraduateStudent71, Y=http://www.Department2.University2.edu, Z=UndergraduateStudent71@Department2.University2.edu}, {X=http://www.Department2.University2.edu/UndergraduateStudent35, Y=http://www.Department2.University2.edu, Z=UndergraduateStudent35@Department2.University2.edu}, {X=http://www.Department2.University2.edu/GraduateStudent120, Y=http://www.Department2.University2.edu, Z=GraduateStudent120@Department2.University2.edu}, {X=http://www.Department2.University2.edu/UndergraduateStudent156, Y=http://www.Department2.University2.edu, Z=UndergraduateStudent156@Department2.University2.edu}, {X=http://www.Department2.University2.edu/UndergraduateStudent153, Y=http://www.Department2.University2.edu, Z=UndergraduateStudent153@Department2.University2.edu}, {X=http://www.Department2.University2.edu/UndergraduateStudent118, Y=http://www.Department2.University2.edu, Z=UndergraduateStudent118@Department2.University2.edu}, {X=http://www.Department2.University2.edu/GraduateStudent90, Y=http://www.Department2.University2.edu, Z=GraduateStudent90@Department2.University2.edu}, {X=http://www.Department2.University2.edu/GraduateStudent59, Y=http://www.Department2.University2.edu, Z=GraduateStudent59@Department2.University2.edu}, {X=http://www.Department2.University2.edu/GraduateStudent43, Y=http://www.Department2.University2.edu, Z=GraduateStudent43@Department2.University2.edu}, {X=http://www.Department2.University2.edu/UndergraduateStudent317, Y=http://www.Department2.University2.edu, Z=UndergraduateStudent317@Department2.University2.edu}, {X=http://www.Department2.University2.edu/UndergraduateStudent121, Y=http://www.Department2.University2.edu, Z=UndergraduateStudent121@Department2.University2.edu}, {X=http://www.Department2.University2.edu/UndergraduateStudent144, Y=http://www.Department2.University2.edu, Z=UndergraduateStudent144@Department2.University2.edu}, {X=http://www.Department2.University2.edu/UndergraduateStudent251, Y=http://www.Department2.University2.edu, Z=UndergraduateStudent251@Department2.University2.edu}, {X=http://www.Department2.University2.edu/UndergraduateStudent141, Y=http://www.Department2.University2.edu, Z=UndergraduateStudent141@Department2.University2.edu}, {X=http://www.Department2.University2.edu/UndergraduateStudent265, Y=http://www.Department2.University2.edu, Z=UndergraduateStudent265@Department2.University2.edu}, {X=http://www.Department2.University2.edu/GraduateStudent115, Y=http://www.Department2.University2.edu, Z=GraduateStudent115@Department2.University2.edu}, {X=http://www.Department2.University2.edu/UndergraduateStudent268, Y=http://www.Department2.University2.edu, Z=UndergraduateStudent268@Department2.University2.edu}, {X=http://www.Department2.University2.edu/GraduateStudent66, Y=http://www.Department2.University2.edu, Z=GraduateStudent66@Department2.University2.edu}, {X=http://www.Department2.University2.edu/GraduateStudent5, Y=http://www.Department2.University2.edu, Z=GraduateStudent5@Department2.University2.edu}, {X=http://www.Department2.University2.edu/UndergraduateStudent310, Y=http://www.Department2.University2.edu, Z=UndergraduateStudent310@Department2.University2.edu}, {X=http://www.Department2.University2.edu/UndergraduateStudent183, Y=http://www.Department2.University2.edu, Z=UndergraduateStudent183@Department2.University2.edu}, {X=http://www.Department2.University2.edu/UndergraduateStudent248, Y=http://www.Department2.University2.edu, Z=UndergraduateStudent248@Department2.University2.edu}, {X=http://www.Department2.University2.edu/GraduateStudent69, Y=http://www.Department2.University2.edu, Z=GraduateStudent69@Department2.University2.edu}, {X=http://www.Department2.University2.edu/UndergraduateStudent94, Y=http://www.Department2.University2.edu, Z=UndergraduateStudent94@Department2.University2.edu}, {X=http://www.Department2.University2.edu/GraduateStudent73, Y=http://www.Department2.University2.edu, Z=GraduateStudent73@Department2.University2.edu}, {X=http://www.Department2.University2.edu/UndergraduateStudent138, Y=http://www.Department2.University2.edu, Z=UndergraduateStudent138@Department2.University2.edu}, {X=http://www.Department2.University2.edu/UndergraduateStudent37, Y=http://www.Department2.University2.edu, Z=UndergraduateStudent37@Department2.University2.edu}, {X=http://www.Department2.University2.edu/UndergraduateStudent233, Y=http://www.Department2.University2.edu, Z=UndergraduateStudent233@Department2.University2.edu}, {X=http://www.Department2.University2.edu/UndergraduateStudent291, Y=http://www.Department2.University2.edu, Z=UndergraduateStudent291@Department2.University2.edu}, {X=http://www.Department2.University2.edu/UndergraduateStudent212, Y=http://www.Department2.University2.edu, Z=UndergraduateStudent212@Department2.University2.edu}, {X=http://www.Department2.University2.edu/UndergraduateStudent55, Y=http://www.Department2.University2.edu, Z=UndergraduateStudent55@Department2.University2.edu}, {X=http://www.Department2.University2.edu/UndergraduateStudent91, Y=http://www.Department2.University2.edu, Z=UndergraduateStudent91@Department2.University2.edu}, {X=http://www.Department2.University2.edu/UndergraduateStudent222, Y=http://www.Department2.University2.edu, Z=UndergraduateStudent222@Department2.University2.edu}, {X=http://www.Department2.University2.edu/UndergraduateStudent309, Y=http://www.Department2.University2.edu, Z=UndergraduateStudent309@Department2.University2.edu}, {X=http://www.Department2.University2.edu/UndergraduateStudent332, Y=http://www.Department2.University2.edu, Z=UndergraduateStudent332@Department2.University2.edu}, {X=http://www.Department2.University2.edu/GraduateStudent131, Y=http://www.Department2.University2.edu, Z=GraduateStudent131@Department2.University2.edu}, {X=http://www.Department2.University2.edu/GraduateStudent53, Y=http://www.Department2.University2.edu, Z=GraduateStudent53@Department2.University2.edu}, {X=http://www.Department2.University2.edu/GraduateStudent112, Y=http://www.Department2.University2.edu, Z=GraduateStudent112@Department2.University2.edu}, {X=http://www.Department2.University2.edu/UndergraduateStudent73, Y=http://www.Department2.University2.edu, Z=UndergraduateStudent73@Department2.University2.edu}, {X=http://www.Department2.University2.edu/UndergraduateStudent7, Y=http://www.Department2.University2.edu, Z=UndergraduateStudent7@Department2.University2.edu}, {X=http://www.Department2.University2.edu/UndergraduateStudent116, Y=http://www.Department2.University2.edu, Z=UndergraduateStudent116@Department2.University2.edu}, {X=http://www.Department2.University2.edu/UndergraduateStudent92, Y=http://www.Department2.University2.edu, Z=UndergraduateStudent92@Department2.University2.edu}, {X=http://www.Department2.University2.edu/UndergraduateStudent201, Y=http://www.Department2.University2.edu, Z=UndergraduateStudent201@Department2.University2.edu}, {X=http://www.Department2.University2.edu/GraduateStudent29, Y=http://www.Department2.University2.edu, Z=GraduateStudent29@Department2.University2.edu}, {X=http://www.Department2.University2.edu/UndergraduateStudent85, Y=http://www.Department2.University2.edu, Z=UndergraduateStudent85@Department2.University2.edu}, {X=http://www.Department2.University2.edu/UndergraduateStudent227, Y=http://www.Department2.University2.edu, Z=UndergraduateStudent227@Department2.University2.edu}, {X=http://www.Department2.University2.edu/UndergraduateStudent3, Y=http://www.Department2.University2.edu, Z=UndergraduateStudent3@Department2.University2.edu}, {X=http://www.Department2.University2.edu/UndergraduateStudent240, Y=http://www.Department2.University2.edu, Z=UndergraduateStudent240@Department2.University2.edu}, {X=http://www.Department2.University2.edu/UndergraduateStudent197, Y=http://www.Department2.University2.edu, Z=UndergraduateStudent197@Department2.University2.edu}, {X=http://www.Department2.University2.edu/UndergraduateStudent123, Y=http://www.Department2.University2.edu, Z=UndergraduateStudent123@Department2.University2.edu}, {X=http://www.Department2.University2.edu/UndergraduateStudent311, Y=http://www.Department2.University2.edu, Z=UndergraduateStudent311@Department2.University2.edu}, {X=http://www.Department2.University2.edu/GraduateStudent51, Y=http://www.Department2.University2.edu, Z=GraduateStudent51@Department2.University2.edu}, {X=http://www.Department2.University2.edu/UndergraduateStudent285, Y=http://www.Department2.University2.edu, Z=UndergraduateStudent285@Department2.University2.edu}, {X=http://www.Department2.University2.edu/UndergraduateStudent333, Y=http://www.Department2.University2.edu, Z=UndergraduateStudent333@Department2.University2.edu}, {X=http://www.Department2.University2.edu/GraduateStudent8, Y=http://www.Department2.University2.edu, Z=GraduateStudent8@Department2.University2.edu}, {X=http://www.Department2.University2.edu/GraduateStudent132, Y=http://www.Department2.University2.edu, Z=GraduateStudent132@Department2.University2.edu}, {X=http://www.Department2.University2.edu/UndergraduateStudent218, Y=http://www.Department2.University2.edu, Z=UndergraduateStudent218@Department2.University2.edu}, {X=http://www.Department2.University2.edu/GraduateStudent121, Y=http://www.Department2.University2.edu, Z=GraduateStudent121@Department2.University2.edu}, {X=http://www.Department2.University2.edu/GraduateStudent127, Y=http://www.Department2.University2.edu, Z=GraduateStudent127@Department2.University2.edu}, {X=http://www.Department2.University2.edu/UndergraduateStudent25, Y=http://www.Department2.University2.edu, Z=UndergraduateStudent25@Department2.University2.edu}, {X=http://www.Department2.University2.edu/UndergraduateStudent254, Y=http://www.Department2.University2.edu, Z=UndergraduateStudent254@Department2.University2.edu}, {X=http://www.Department2.University2.edu/GraduateStudent108, Y=http://www.Department2.University2.edu, Z=GraduateStudent108@Department2.University2.edu}, {X=http://www.Department2.University2.edu/UndergraduateStudent47, Y=http://www.Department2.University2.edu, Z=UndergraduateStudent47@Department2.University2.edu}, {X=http://www.Department2.University2.edu/GraduateStudent16, Y=http://www.Department2.University2.edu, Z=GraduateStudent16@Department2.University2.edu}, {X=http://www.Department2.University2.edu/GraduateStudent21, Y=http://www.Department2.University2.edu, Z=GraduateStudent21@Department2.University2.edu}, {X=http://www.Department2.University2.edu/UndergraduateStudent221, Y=http://www.Department2.University2.edu, Z=UndergraduateStudent221@Department2.University2.edu}, {X=http://www.Department2.University2.edu/GraduateStudent10, Y=http://www.Department2.University2.edu, Z=GraduateStudent10@Department2.University2.edu}, {X=http://www.Department2.University2.edu/UndergraduateStudent219, Y=http://www.Department2.University2.edu, Z=UndergraduateStudent219@Department2.University2.edu}, {X=http://www.Department2.University2.edu/UndergraduateStudent24, Y=http://www.Department2.University2.edu, Z=UndergraduateStudent24@Department2.University2.edu}, {X=http://www.Department2.University2.edu/UndergraduateStudent330, Y=http://www.Department2.University2.edu, Z=UndergraduateStudent330@Department2.University2.edu}, {X=http://www.Department2.University2.edu/UndergraduateStudent297, Y=http://www.Department2.University2.edu, Z=UndergraduateStudent297@Department2.University2.edu}, {X=http://www.Department2.University2.edu/UndergraduateStudent308, Y=http://www.Department2.University2.edu, Z=UndergraduateStudent308@Department2.University2.edu}, {X=http://www.Department2.University2.edu/UndergraduateStudent128, Y=http://www.Department2.University2.edu, Z=UndergraduateStudent128@Department2.University2.edu}, {X=http://www.Department2.University2.edu/UndergraduateStudent358, Y=http://www.Department2.University2.edu, Z=UndergraduateStudent358@Department2.University2.edu}, {X=http://www.Department2.University2.edu/UndergraduateStudent13, Y=http://www.Department2.University2.edu, Z=UndergraduateStudent13@Department2.University2.edu}, {X=http://www.Department2.University2.edu/GraduateStudent129, Y=http://www.Department2.University2.edu, Z=GraduateStudent129@Department2.University2.edu}, {X=http://www.Department2.University2.edu/UndergraduateStudent253, Y=http://www.Department2.University2.edu, Z=UndergraduateStudent253@Department2.University2.edu}, {X=http://www.Department2.University2.edu/UndergraduateStudent29, Y=http://www.Department2.University2.edu, Z=UndergraduateStudent29@Department2.University2.edu}, {X=http://www.Department2.University2.edu/UndergraduateStudent193, Y=http://www.Department2.University2.edu, Z=UndergraduateStudent193@Department2.University2.edu}, {X=http://www.Department2.University2.edu/GraduateStudent46, Y=http://www.Department2.University2.edu, Z=GraduateStudent46@Department2.University2.edu}, {X=http://www.Department2.University2.edu/UndergraduateStudent122, Y=http://www.Department2.University2.edu, Z=UndergraduateStudent122@Department2.University2.edu}, {X=http://www.Department2.University2.edu/UndergraduateStudent56, Y=http://www.Department2.University2.edu, Z=UndergraduateStudent56@Department2.University2.edu}, {X=http://www.Department2.University2.edu/GraduateStudent125, Y=http://www.Department2.University2.edu, Z=GraduateStudent125@Department2.University2.edu}, {X=http://www.Department2.University2.edu/UndergraduateStudent202, Y=http://www.Department2.University2.edu, Z=UndergraduateStudent202@Department2.University2.edu}, {X=http://www.Department2.University2.edu/GraduateStudent86, Y=http://www.Department2.University2.edu, Z=GraduateStudent86@Department2.University2.edu}, {X=http://www.Department2.University2.edu/UndergraduateStudent262, Y=http://www.Department2.University2.edu, Z=UndergraduateStudent262@Department2.University2.edu}, {X=http://www.Department2.University2.edu/UndergraduateStudent163, Y=http://www.Department2.University2.edu, Z=UndergraduateStudent163@Department2.University2.edu}, {X=http://www.Department2.University2.edu/UndergraduateStudent148, Y=http://www.Department2.University2.edu, Z=UndergraduateStudent148@Department2.University2.edu}, {X=http://www.Department2.University2.edu/UndergraduateStudent76, Y=http://www.Department2.University2.edu, Z=UndergraduateStudent76@Department2.University2.edu}, {X=http://www.Department2.University2.edu/GraduateStudent27, Y=http://www.Department2.University2.edu, Z=GraduateStudent27@Department2.University2.edu}, {X=http://www.Department2.University2.edu/GraduateStudent64, Y=http://www.Department2.University2.edu, Z=GraduateStudent64@Department2.University2.edu}, {X=http://www.Department2.University2.edu/UndergraduateStudent351, Y=http://www.Department2.University2.edu, Z=UndergraduateStudent351@Department2.University2.edu}, {X=http://www.Department2.University2.edu/UndergraduateStudent78, Y=http://www.Department2.University2.edu, Z=UndergraduateStudent78@Department2.University2.edu}, {X=http://www.Department2.University2.edu/GraduateStudent49, Y=http://www.Department2.University2.edu, Z=GraduateStudent49@Department2.University2.edu}, {X=http://www.Department2.University2.edu/UndergraduateStudent338, Y=http://www.Department2.University2.edu, Z=UndergraduateStudent338@Department2.University2.edu}, {X=http://www.Department2.University2.edu/UndergraduateStudent36, Y=http://www.Department2.University2.edu, Z=UndergraduateStudent36@Department2.University2.edu}, {X=http://www.Department2.University2.edu/UndergraduateStudent339, Y=http://www.Department2.University2.edu, Z=UndergraduateStudent339@Department2.University2.edu}, {X=http://www.Department2.University2.edu/GraduateStudent87, Y=http://www.Department2.University2.edu, Z=GraduateStudent87@Department2.University2.edu}, {X=http://www.Department2.University2.edu/UndergraduateStudent167, Y=http://www.Department2.University2.edu, Z=UndergraduateStudent167@Department2.University2.edu}, {X=http://www.Department2.University2.edu/GraduateStudent119, Y=http://www.Department2.University2.edu, Z=GraduateStudent119@Department2.University2.edu}, {X=http://www.Department2.University2.edu/UndergraduateStudent72, Y=http://www.Department2.University2.edu, Z=UndergraduateStudent72@Department2.University2.edu}, {X=http://www.Department2.University2.edu/UndergraduateStudent77, Y=http://www.Department2.University2.edu, Z=UndergraduateStudent77@Department2.University2.edu}, {X=http://www.Department2.University2.edu/GraduateStudent97, Y=http://www.Department2.University2.edu, Z=GraduateStudent97@Department2.University2.edu}, {X=http://www.Department2.University2.edu/GraduateStudent54, Y=http://www.Department2.University2.edu, Z=GraduateStudent54@Department2.University2.edu}, {X=http://www.Department2.University2.edu/UndergraduateStudent9, Y=http://www.Department2.University2.edu, Z=UndergraduateStudent9@Department2.University2.edu}, {X=http://www.Department2.University2.edu/UndergraduateStudent65, Y=http://www.Department2.University2.edu, Z=UndergraduateStudent65@Department2.University2.edu}, {X=http://www.Department2.University2.edu/UndergraduateStudent11, Y=http://www.Department2.University2.edu, Z=UndergraduateStudent11@Department2.University2.edu}, {X=http://www.Department2.University2.edu/UndergraduateStudent208, Y=http://www.Department2.University2.edu, Z=UndergraduateStudent208@Department2.University2.edu}, {X=http://www.Department2.University2.edu/GraduateStudent128, Y=http://www.Department2.University2.edu, Z=GraduateStudent128@Department2.University2.edu}, {X=http://www.Department2.University2.edu/UndergraduateStudent322, Y=http://www.Department2.University2.edu, Z=UndergraduateStudent322@Department2.University2.edu}, {X=http://www.Department2.University2.edu/GraduateStudent89, Y=http://www.Department2.University2.edu, Z=GraduateStudent89@Department2.University2.edu}, {X=http://www.Department2.University2.edu/UndergraduateStudent28, Y=http://www.Department2.University2.edu, Z=UndergraduateStudent28@Department2.University2.edu}, {X=http://www.Department2.University2.edu/GraduateStudent25, Y=http://www.Department2.University2.edu, Z=GraduateStudent25@Department2.University2.edu}, {X=http://www.Department2.University2.edu/UndergraduateStudent134, Y=http://www.Department2.University2.edu, Z=UndergraduateStudent134@Department2.University2.edu}, {X=http://www.Department2.University2.edu/UndergraduateStudent335, Y=http://www.Department2.University2.edu, Z=UndergraduateStudent335@Department2.University2.edu}, {X=http://www.Department2.University2.edu/UndergraduateStudent288, Y=http://www.Department2.University2.edu, Z=UndergraduateStudent288@Department2.University2.edu}, {X=http://www.Department2.University2.edu/UndergraduateStudent97, Y=http://www.Department2.University2.edu, Z=UndergraduateStudent97@Department2.University2.edu}, {X=http://www.Department2.University2.edu/UndergraduateStudent125, Y=http://www.Department2.University2.edu, Z=UndergraduateStudent125@Department2.University2.edu}, {X=http://www.Department2.University2.edu/GraduateStudent76, Y=http://www.Department2.University2.edu, Z=GraduateStudent76@Department2.University2.edu}, {X=http://www.Department2.University2.edu/GraduateStudent28, Y=http://www.Department2.University2.edu, Z=GraduateStudent28@Department2.University2.edu}, {X=http://www.Department2.University2.edu/UndergraduateStudent137, Y=http://www.Department2.University2.edu, Z=UndergraduateStudent137@Department2.University2.edu}, {X=http://www.Department2.University2.edu/UndergraduateStudent162, Y=http://www.Department2.University2.edu, Z=UndergraduateStudent162@Department2.University2.edu}, {X=http://www.Department2.University2.edu/UndergraduateStudent293, Y=http://www.Department2.University2.edu, Z=UndergraduateStudent293@Department2.University2.edu}, {X=http://www.Department2.University2.edu/UndergraduateStudent328, Y=http://www.Department2.University2.edu, Z=UndergraduateStudent328@Department2.University2.edu}, {X=http://www.Department2.University2.edu/UndergraduateStudent350, Y=http://www.Department2.University2.edu, Z=UndergraduateStudent350@Department2.University2.edu}, {X=http://www.Department2.University2.edu/UndergraduateStudent269, Y=http://www.Department2.University2.edu, Z=UndergraduateStudent269@Department2.University2.edu}, {X=http://www.Department2.University2.edu/UndergraduateStudent64, Y=http://www.Department2.University2.edu, Z=UndergraduateStudent64@Department2.University2.edu}, {X=http://www.Department2.University2.edu/UndergraduateStudent272, Y=http://www.Department2.University2.edu, Z=UndergraduateStudent272@Department2.University2.edu}, {X=http://www.Department2.University2.edu/UndergraduateStudent245, Y=http://www.Department2.University2.edu, Z=UndergraduateStudent245@Department2.University2.edu}, {X=http://www.Department2.University2.edu/UndergraduateStudent95, Y=http://www.Department2.University2.edu, Z=UndergraduateStudent95@Department2.University2.edu}, {X=http://www.Department2.University2.edu/UndergraduateStudent109, Y=http://www.Department2.University2.edu, Z=UndergraduateStudent109@Department2.University2.edu}, {X=http://www.Department2.University2.edu/UndergraduateStudent179, Y=http://www.Department2.University2.edu, Z=UndergraduateStudent179@Department2.University2.edu}, {X=http://www.Department2.University2.edu/GraduateStudent63, Y=http://www.Department2.University2.edu, Z=GraduateStudent63@Department2.University2.edu}, {X=http://www.Department2.University2.edu/GraduateStudent19, Y=http://www.Department2.University2.edu, Z=GraduateStudent19@Department2.University2.edu}, {X=http://www.Department2.University2.edu/GraduateStudent22, Y=http://www.Department2.University2.edu, Z=GraduateStudent22@Department2.University2.edu}, {X=http://www.Department2.University2.edu/UndergraduateStudent4, Y=http://www.Department2.University2.edu, Z=UndergraduateStudent4@Department2.University2.edu}, {X=http://www.Department2.University2.edu/UndergraduateStudent280, Y=http://www.Department2.University2.edu, Z=UndergraduateStudent280@Department2.University2.edu}, {X=http://www.Department2.University2.edu/GraduateStudent12, Y=http://www.Department2.University2.edu, Z=GraduateStudent12@Department2.University2.edu}, {X=http://www.Department2.University2.edu/UndergraduateStudent38, Y=http://www.Department2.University2.edu, Z=UndergraduateStudent38@Department2.University2.edu}, {X=http://www.Department2.University2.edu/UndergraduateStudent93, Y=http://www.Department2.University2.edu, Z=UndergraduateStudent93@Department2.University2.edu}, {X=http://www.Department2.University2.edu/UndergraduateStudent58, Y=http://www.Department2.University2.edu, Z=UndergraduateStudent58@Department2.University2.edu}, {X=http://www.Department2.University2.edu/UndergraduateStudent223, Y=http://www.Department2.University2.edu, Z=UndergraduateStudent223@Department2.University2.edu}, {X=http://www.Department2.University2.edu/UndergraduateStudent146, Y=http://www.Department2.University2.edu, Z=UndergraduateStudent146@Department2.University2.edu}, {X=http://www.Department2.University2.edu/UndergraduateStudent32, Y=http://www.Department2.University2.edu, Z=UndergraduateStudent32@Department2.University2.edu}, {X=http://www.Department2.University2.edu/UndergraduateStudent220, Y=http://www.Department2.University2.edu, Z=UndergraduateStudent220@Department2.University2.edu}, {X=http://www.Department2.University2.edu/GraduateStudent82, Y=http://www.Department2.University2.edu, Z=GraduateStudent82@Department2.University2.edu}, {X=http://www.Department2.University2.edu/UndergraduateStudent286, Y=http://www.Department2.University2.edu, Z=UndergraduateStudent286@Department2.University2.edu}, {X=http://www.Department2.University2.edu/UndergraduateStudent295, Y=http://www.Department2.University2.edu, Z=UndergraduateStudent295@Department2.University2.edu}, {X=http://www.Department2.University2.edu/UndergraduateStudent267, Y=http://www.Department2.University2.edu, Z=UndergraduateStudent267@Department2.University2.edu}, {X=http://www.Department2.University2.edu/UndergraduateStudent34, Y=http://www.Department2.University2.edu, Z=UndergraduateStudent34@Department2.University2.edu}, {X=http://www.Department2.University2.edu/UndergraduateStudent355, Y=http://www.Department2.University2.edu, Z=UndergraduateStudent355@Department2.University2.edu}, {X=http://www.Department2.University2.edu/GraduateStudent4, Y=http://www.Department2.University2.edu, Z=GraduateStudent4@Department2.University2.edu}, {X=http://www.Department2.University2.edu/UndergraduateStudent320, Y=http://www.Department2.University2.edu, Z=UndergraduateStudent320@Department2.University2.edu}, {X=http://www.Department2.University2.edu/UndergraduateStudent321, Y=http://www.Department2.University2.edu, Z=UndergraduateStudent321@Department2.University2.edu}, {X=http://www.Department2.University2.edu/GraduateStudent60, Y=http://www.Department2.University2.edu, Z=GraduateStudent60@Department2.University2.edu}, {X=http://www.Department2.University2.edu/UndergraduateStudent275, Y=http://www.Department2.University2.edu, Z=UndergraduateStudent275@Department2.University2.edu}, {X=http://www.Department2.University2.edu/GraduateStudent26, Y=http://www.Department2.University2.edu, Z=GraduateStudent26@Department2.University2.edu}, {X=http://www.Department2.University2.edu/UndergraduateStudent318, Y=http://www.Department2.University2.edu, Z=UndergraduateStudent318@Department2.University2.edu}, {X=http://www.Department2.University2.edu/UndergraduateStudent57, Y=http://www.Department2.University2.edu, Z=UndergraduateStudent57@Department2.University2.edu}, {X=http://www.Department2.University2.edu/UndergraduateStudent115, Y=http://www.Department2.University2.edu, Z=UndergraduateStudent115@Department2.University2.edu}, {X=http://www.Department2.University2.edu/GraduateStudent106, Y=http://www.Department2.University2.edu, Z=GraduateStudent106@Department2.University2.edu}, {X=http://www.Department2.University2.edu/GraduateStudent38, Y=http://www.Department2.University2.edu, Z=GraduateStudent38@Department2.University2.edu}, {X=http://www.Department2.University2.edu/GraduateStudent34, Y=http://www.Department2.University2.edu, Z=GraduateStudent34@Department2.University2.edu}, {X=http://www.Department2.University2.edu/UndergraduateStudent147, Y=http://www.Department2.University2.edu, Z=UndergraduateStudent147@Department2.University2.edu}, {X=http://www.Department2.University2.edu/UndergraduateStudent46, Y=http://www.Department2.University2.edu, Z=UndergraduateStudent46@Department2.University2.edu}, {X=http://www.Department2.University2.edu/UndergraduateStudent79, Y=http://www.Department2.University2.edu, Z=UndergraduateStudent79@Department2.University2.edu}, {X=http://www.Department2.University2.edu/UndergraduateStudent63, Y=http://www.Department2.University2.edu, Z=UndergraduateStudent63@Department2.University2.edu}, {X=http://www.Department2.University2.edu/UndergraduateStudent336, Y=http://www.Department2.University2.edu, Z=UndergraduateStudent336@Department2.University2.edu}, {X=http://www.Department2.University2.edu/UndergraduateStudent256, Y=http://www.Department2.University2.edu, Z=UndergraduateStudent256@Department2.University2.edu}, {X=http://www.Department2.University2.edu/GraduateStudent42, Y=http://www.Department2.University2.edu, Z=GraduateStudent42@Department2.University2.edu}, {X=http://www.Department2.University2.edu/UndergraduateStudent214, Y=http://www.Department2.University2.edu, Z=UndergraduateStudent214@Department2.University2.edu}, {X=http://www.Department2.University2.edu/GraduateStudent92, Y=http://www.Department2.University2.edu, Z=GraduateStudent92@Department2.University2.edu}, {X=http://www.Department2.University2.edu/UndergraduateStudent313, Y=http://www.Department2.University2.edu, Z=UndergraduateStudent313@Department2.University2.edu}, {X=http://www.Department2.University2.edu/UndergraduateStudent42, Y=http://www.Department2.University2.edu, Z=UndergraduateStudent42@Department2.University2.edu}, {X=http://www.Department2.University2.edu/UndergraduateStudent100, Y=http://www.Department2.University2.edu, Z=UndergraduateStudent100@Department2.University2.edu}, {X=http://www.Department2.University2.edu/UndergraduateStudent83, Y=http://www.Department2.University2.edu, Z=UndergraduateStudent83@Department2.University2.edu}, {X=http://www.Department2.University2.edu/UndergraduateStudent69, Y=http://www.Department2.University2.edu, Z=UndergraduateStudent69@Department2.University2.edu}, {X=http://www.Department2.University2.edu/GraduateStudent91, Y=http://www.Department2.University2.edu, Z=GraduateStudent91@Department2.University2.edu}, {X=http://www.Department2.University2.edu/UndergraduateStudent111, Y=http://www.Department2.University2.edu, Z=UndergraduateStudent111@Department2.University2.edu}, {X=http://www.Department2.University2.edu/UndergraduateStudent20, Y=http://www.Department2.University2.edu, Z=UndergraduateStudent20@Department2.University2.edu}, {X=http://www.Department2.University2.edu/UndergraduateStudent87, Y=http://www.Department2.University2.edu, Z=UndergraduateStudent87@Department2.University2.edu}, {X=http://www.Department2.University2.edu/UndergraduateStudent190, Y=http://www.Department2.University2.edu, Z=UndergraduateStudent190@Department2.University2.edu}, {X=http://www.Department2.University2.edu/UndergraduateStudent189, Y=http://www.Department2.University2.edu, Z=UndergraduateStudent189@Department2.University2.edu}, {X=http://www.Department2.University2.edu/UndergraduateStudent5, Y=http://www.Department2.University2.edu, Z=UndergraduateStudent5@Department2.University2.edu}, {X=http://www.Department2.University2.edu/GraduateStudent30, Y=http://www.Department2.University2.edu, Z=GraduateStudent30@Department2.University2.edu}, {X=http://www.Department2.University2.edu/GraduateStudent32, Y=http://www.Department2.University2.edu, Z=GraduateStudent32@Department2.University2.edu}, {X=http://www.Department2.University2.edu/UndergraduateStudent331, Y=http://www.Department2.University2.edu, Z=UndergraduateStudent331@Department2.University2.edu}, {X=http://www.Department2.University2.edu/GraduateStudent65, Y=http://www.Department2.University2.edu, Z=GraduateStudent65@Department2.University2.edu}, {X=http://www.Department2.University2.edu/UndergraduateStudent226, Y=http://www.Department2.University2.edu, Z=UndergraduateStudent226@Department2.University2.edu}, {X=http://www.Department2.University2.edu/UndergraduateStudent44, Y=http://www.Department2.University2.edu, Z=UndergraduateStudent44@Department2.University2.edu}, {X=http://www.Department2.University2.edu/UndergraduateStudent132, Y=http://www.Department2.University2.edu, Z=UndergraduateStudent132@Department2.University2.edu}, {X=http://www.Department2.University2.edu/UndergraduateStudent33, Y=http://www.Department2.University2.edu, Z=UndergraduateStudent33@Department2.University2.edu}, {X=http://www.Department2.University2.edu/GraduateStudent7, Y=http://www.Department2.University2.edu, Z=GraduateStudent7@Department2.University2.edu}, {X=http://www.Department2.University2.edu/UndergraduateStudent166, Y=http://www.Department2.University2.edu, Z=UndergraduateStudent166@Department2.University2.edu}, {X=http://www.Department2.University2.edu/UndergraduateStudent74, Y=http://www.Department2.University2.edu, Z=UndergraduateStudent74@Department2.University2.edu}, {X=http://www.Department2.University2.edu/UndergraduateStudent207, Y=http://www.Department2.University2.edu, Z=UndergraduateStudent207@Department2.University2.edu}, {X=http://www.Department2.University2.edu/UndergraduateStudent244, Y=http://www.Department2.University2.edu, Z=UndergraduateStudent244@Department2.University2.edu}, {X=http://www.Department2.University2.edu/UndergraduateStudent175, Y=http://www.Department2.University2.edu, Z=UndergraduateStudent175@Department2.University2.edu}, {X=http://www.Department2.University2.edu/UndergraduateStudent45, Y=http://www.Department2.University2.edu, Z=UndergraduateStudent45@Department2.University2.edu}, {X=http://www.Department2.University2.edu/UndergraduateStudent127, Y=http://www.Department2.University2.edu, Z=UndergraduateStudent127@Department2.University2.edu}, {X=http://www.Department2.University2.edu/GraduateStudent93, Y=http://www.Department2.University2.edu, Z=GraduateStudent93@Department2.University2.edu}, {X=http://www.Department2.University2.edu/UndergraduateStudent8, Y=http://www.Department2.University2.edu, Z=UndergraduateStudent8@Department2.University2.edu}, {X=http://www.Department2.University2.edu/UndergraduateStudent53, Y=http://www.Department2.University2.edu, Z=UndergraduateStudent53@Department2.University2.edu}, {X=http://www.Department2.University2.edu/UndergraduateStudent200, Y=http://www.Department2.University2.edu, Z=UndergraduateStudent200@Department2.University2.edu}, {X=http://www.Department2.University2.edu/UndergraduateStudent232, Y=http://www.Department2.University2.edu, Z=UndergraduateStudent232@Department2.University2.edu}, {X=http://www.Department2.University2.edu/UndergraduateStudent273, Y=http://www.Department2.University2.edu, Z=UndergraduateStudent273@Department2.University2.edu}, {X=http://www.Department2.University2.edu/GraduateStudent79, Y=http://www.Department2.University2.edu, Z=GraduateStudent79@Department2.University2.edu}, {X=http://www.Department2.University2.edu/GraduateStudent94, Y=http://www.Department2.University2.edu, Z=GraduateStudent94@Department2.University2.edu}, {X=http://www.Department2.University2.edu/GraduateStudent95, Y=http://www.Department2.University2.edu, Z=GraduateStudent95@Department2.University2.edu}, {X=http://www.Department2.University2.edu/UndergraduateStudent353, Y=http://www.Department2.University2.edu, Z=UndergraduateStudent353@Department2.University2.edu}, {X=http://www.Department2.University2.edu/UndergraduateStudent18, Y=http://www.Department2.University2.edu, Z=UndergraduateStudent18@Department2.University2.edu}, {X=http://www.Department2.University2.edu/GraduateStudent110, Y=http://www.Department2.University2.edu, Z=GraduateStudent110@Department2.University2.edu}, {X=http://www.Department2.University2.edu/UndergraduateStudent334, Y=http://www.Department2.University2.edu, Z=UndergraduateStudent334@Department2.University2.edu}, {X=http://www.Department2.University2.edu/UndergraduateStudent27, Y=http://www.Department2.University2.edu, Z=UndergraduateStudent27@Department2.University2.edu}, {X=http://www.Department2.University2.edu/UndergraduateStudent250, Y=http://www.Department2.University2.edu, Z=UndergraduateStudent250@Department2.University2.edu}, {X=http://www.Department2.University2.edu/UndergraduateStudent30, Y=http://www.Department2.University2.edu, Z=UndergraduateStudent30@Department2.University2.edu}, {X=http://www.Department2.University2.edu/UndergraduateStudent289, Y=http://www.Department2.University2.edu, Z=UndergraduateStudent289@Department2.University2.edu}, {X=http://www.Department2.University2.edu/UndergraduateStudent257, Y=http://www.Department2.University2.edu, Z=UndergraduateStudent257@Department2.University2.edu}, {X=http://www.Department2.University2.edu/UndergraduateStudent155, Y=http://www.Department2.University2.edu, Z=UndergraduateStudent155@Department2.University2.edu}, {X=http://www.Department2.University2.edu/UndergraduateStudent327, Y=http://www.Department2.University2.edu, Z=UndergraduateStudent327@Department2.University2.edu}, {X=http://www.Department2.University2.edu/UndergraduateStudent66, Y=http://www.Department2.University2.edu, Z=UndergraduateStudent66@Department2.University2.edu}, {X=http://www.Department2.University2.edu/UndergraduateStudent229, Y=http://www.Department2.University2.edu, Z=UndergraduateStudent229@Department2.University2.edu}, {X=http://www.Department2.University2.edu/UndergraduateStudent346, Y=http://www.Department2.University2.edu, Z=UndergraduateStudent346@Department2.University2.edu}, {X=http://www.Department2.University2.edu/UndergraduateStudent180, Y=http://www.Department2.University2.edu, Z=UndergraduateStudent180@Department2.University2.edu}, {X=http://www.Department2.University2.edu/GraduateStudent105, Y=http://www.Department2.University2.edu, Z=GraduateStudent105@Department2.University2.edu}, {X=http://www.Department2.University2.edu/GraduateStudent77, Y=http://www.Department2.University2.edu, Z=GraduateStudent77@Department2.University2.edu}, {X=http://www.Department2.University2.edu/UndergraduateStudent17, Y=http://www.Department2.University2.edu, Z=UndergraduateStudent17@Department2.University2.edu}, {X=http://www.Department2.University2.edu/GraduateStudent78, Y=http://www.Department2.University2.edu, Z=GraduateStudent78@Department2.University2.edu}, {X=http://www.Department2.University2.edu/UndergraduateStudent81, Y=http://www.Department2.University2.edu, Z=UndergraduateStudent81@Department2.University2.edu}]
1490624501429;2;2;9;2575999;1982872;2034182;1977316;2206169;2303322;2401234;2204544;1997888;1938631;2162215;6438;120;[{X=http://www.Department2.University2.edu/GraduateStudent117, Y=http://www.Department2.University2.edu/AssistantProfessor4, Z=http://www.Department2.University2.edu/GraduateCourse29}, {X=http://www.Department2.University2.edu/GraduateStudent122, Y=http://www.Department2.University2.edu/FullProfessor2, Z=http://www.Department2.University2.edu/GraduateCourse4}, {X=http://www.Department2.University2.edu/GraduateStudent3, Y=http://www.Department2.University2.edu/FullProfessor0, Z=http://www.Department2.University2.edu/GraduateCourse0}, {X=http://www.Department2.University2.edu/GraduateStudent1, Y=http://www.Department2.University2.edu/FullProfessor3, Z=http://www.Department2.University2.edu/GraduateCourse5}, {X=http://www.Department2.University2.edu/UndergraduateStudent281, Y=http://www.Department2.University2.edu/AssistantProfessor8, Z=http://www.Department2.University2.edu/Course37}, {X=http://www.Department2.University2.edu/GraduateStudent118, Y=http://www.Department2.University2.edu/FullProfessor2, Z=http://www.Department2.University2.edu/GraduateCourse3}, {X=http://www.Department2.University2.edu/UndergraduateStudent134, Y=http://www.Department2.University2.edu/AssistantProfessor7, Z=http://www.Department2.University2.edu/Course36}, {X=http://www.Department2.University2.edu/GraduateStudent38, Y=http://www.Department2.University2.edu/AssistantProfessor7, Z=http://www.Department2.University2.edu/GraduateCourse33}, {X=http://www.Department2.University2.edu/GraduateStudent37, Y=http://www.Department2.University2.edu/FullProfessor5, Z=http://www.Department2.University2.edu/GraduateCourse8}, {X=http://www.Department2.University2.edu/UndergraduateStudent24, Y=http://www.Department2.University2.edu/AssistantProfessor1, Z=http://www.Department2.University2.edu/Course27}, {X=http://www.Department2.University2.edu/UndergraduateStudent226, Y=http://www.Department2.University2.edu/AssociateProfessor6, Z=http://www.Department2.University2.edu/Course17}, {X=http://www.Department2.University2.edu/GraduateStudent94, Y=http://www.Department2.University2.edu/AssociateProfessor11, Z=http://www.Department2.University2.edu/GraduateCourse23}, {X=http://www.Department2.University2.edu/GraduateStudent117, Y=http://www.Department2.University2.edu/AssistantProfessor4, Z=http://www.Department2.University2.edu/GraduateCourse29}, {X=http://www.Department2.University2.edu/GraduateStudent122, Y=http://www.Department2.University2.edu/FullProfessor2, Z=http://www.Department2.University2.edu/GraduateCourse4}, {X=http://www.Department2.University2.edu/GraduateStudent3, Y=http://www.Department2.University2.edu/FullProfessor0, Z=http://www.Department2.University2.edu/GraduateCourse0}, {X=http://www.Department2.University2.edu/GraduateStudent1, Y=http://www.Department2.University2.edu/FullProfessor3, Z=http://www.Department2.University2.edu/GraduateCourse5}, {X=http://www.Department2.University2.edu/UndergraduateStudent281, Y=http://www.Department2.University2.edu/AssistantProfessor8, Z=http://www.Department2.University2.edu/Course37}, {X=http://www.Department2.University2.edu/GraduateStudent118, Y=http://www.Department2.University2.edu/FullProfessor2, Z=http://www.Department2.University2.edu/GraduateCourse3}, {X=http://www.Department2.University2.edu/UndergraduateStudent134, Y=http://www.Department2.University2.edu/AssistantProfessor7, Z=http://www.Department2.University2.edu/Course36}, {X=http://www.Department2.University2.edu/GraduateStudent38, Y=http://www.Department2.University2.edu/AssistantProfessor7, Z=http://www.Department2.University2.edu/GraduateCourse33}, {X=http://www.Department2.University2.edu/GraduateStudent37, Y=http://www.Department2.University2.edu/FullProfessor5, Z=http://www.Department2.University2.edu/GraduateCourse8}, {X=http://www.Department2.University2.edu/UndergraduateStudent24, Y=http://www.Department2.University2.edu/AssistantProfessor1, Z=http://www.Department2.University2.edu/Course27}, {X=http://www.Department2.University2.edu/UndergraduateStudent226, Y=http://www.Department2.University2.edu/AssociateProfessor6, Z=http://www.Department2.University2.edu/Course17}, {X=http://www.Department2.University2.edu/GraduateStudent94, Y=http://www.Department2.University2.edu/AssociateProfessor11, Z=http://www.Department2.University2.edu/GraduateCourse23}, {X=http://www.Department2.University2.edu/GraduateStudent117, Y=http://www.Department2.University2.edu/AssistantProfessor4, Z=http://www.Department2.University2.edu/GraduateCourse29}, {X=http://www.Department2.University2.edu/GraduateStudent122, Y=http://www.Department2.University2.edu/FullProfessor2, Z=http://www.Department2.University2.edu/GraduateCourse4}, {X=http://www.Department2.University2.edu/GraduateStudent3, Y=http://www.Department2.University2.edu/FullProfessor0, Z=http://www.Department2.University2.edu/GraduateCourse0}, {X=http://www.Department2.University2.edu/GraduateStudent1, Y=http://www.Department2.University2.edu/FullProfessor3, Z=http://www.Department2.University2.edu/GraduateCourse5}, {X=http://www.Department2.University2.edu/UndergraduateStudent281, Y=http://www.Department2.University2.edu/AssistantProfessor8, Z=http://www.Department2.University2.edu/Course37}, {X=http://www.Department2.University2.edu/GraduateStudent118, Y=http://www.Department2.University2.edu/FullProfessor2, Z=http://www.Department2.University2.edu/GraduateCourse3}, {X=http://www.Department2.University2.edu/UndergraduateStudent134, Y=http://www.Department2.University2.edu/AssistantProfessor7, Z=http://www.Department2.University2.edu/Course36}, {X=http://www.Department2.University2.edu/GraduateStudent38, Y=http://www.Department2.University2.edu/AssistantProfessor7, Z=http://www.Department2.University2.edu/GraduateCourse33}, {X=http://www.Department2.University2.edu/GraduateStudent37, Y=http://www.Department2.University2.edu/FullProfessor5, Z=http://www.Department2.University2.edu/GraduateCourse8}, {X=http://www.Department2.University2.edu/UndergraduateStudent24, Y=http://www.Department2.University2.edu/AssistantProfessor1, Z=http://www.Department2.University2.edu/Course27}, {X=http://www.Department2.University2.edu/UndergraduateStudent226, Y=http://www.Department2.University2.edu/AssociateProfessor6, Z=http://www.Department2.University2.edu/Course17}, {X=http://www.Department2.University2.edu/GraduateStudent94, Y=http://www.Department2.University2.edu/AssociateProfessor11, Z=http://www.Department2.University2.edu/GraduateCourse23}, {X=http://www.Department2.University2.edu/GraduateStudent117, Y=http://www.Department2.University2.edu/AssistantProfessor4, Z=http://www.Department2.University2.edu/GraduateCourse29}, {X=http://www.Department2.University2.edu/GraduateStudent122, Y=http://www.Department2.University2.edu/FullProfessor2, Z=http://www.Department2.University2.edu/GraduateCourse4}, {X=http://www.Department2.University2.edu/GraduateStudent3, Y=http://www.Department2.University2.edu/FullProfessor0, Z=http://www.Department2.University2.edu/GraduateCourse0}, {X=http://www.Department2.University2.edu/GraduateStudent1, Y=http://www.Department2.University2.edu/FullProfessor3, Z=http://www.Department2.University2.edu/GraduateCourse5}, {X=http://www.Department2.University2.edu/UndergraduateStudent281, Y=http://www.Department2.University2.edu/AssistantProfessor8, Z=http://www.Department2.University2.edu/Course37}, {X=http://www.Department2.University2.edu/GraduateStudent118, Y=http://www.Department2.University2.edu/FullProfessor2, Z=http://www.Department2.University2.edu/GraduateCourse3}, {X=http://www.Department2.University2.edu/UndergraduateStudent134, Y=http://www.Department2.University2.edu/AssistantProfessor7, Z=http://www.Department2.University2.edu/Course36}, {X=http://www.Department2.University2.edu/GraduateStudent38, Y=http://www.Department2.University2.edu/AssistantProfessor7, Z=http://www.Department2.University2.edu/GraduateCourse33}, {X=http://www.Department2.University2.edu/GraduateStudent37, Y=http://www.Department2.University2.edu/FullProfessor5, Z=http://www.Department2.University2.edu/GraduateCourse8}, {X=http://www.Department2.University2.edu/UndergraduateStudent24, Y=http://www.Department2.University2.edu/AssistantProfessor1, Z=http://www.Department2.University2.edu/Course27}, {X=http://www.Department2.University2.edu/UndergraduateStudent226, Y=http://www.Department2.University2.edu/AssociateProfessor6, Z=http://www.Department2.University2.edu/Course17}, {X=http://www.Department2.University2.edu/GraduateStudent94, Y=http://www.Department2.University2.edu/AssociateProfessor11, Z=http://www.Department2.University2.edu/GraduateCourse23}, {X=http://www.Department2.University2.edu/GraduateStudent117, Y=http://www.Department2.University2.edu/AssistantProfessor4, Z=http://www.Department2.University2.edu/GraduateCourse29}, {X=http://www.Department2.University2.edu/GraduateStudent122, Y=http://www.Department2.University2.edu/FullProfessor2, Z=http://www.Department2.University2.edu/GraduateCourse4}, {X=http://www.Department2.University2.edu/GraduateStudent3, Y=http://www.Department2.University2.edu/FullProfessor0, Z=http://www.Department2.University2.edu/GraduateCourse0}, {X=http://www.Department2.University2.edu/GraduateStudent1, Y=http://www.Department2.University2.edu/FullProfessor3, Z=http://www.Department2.University2.edu/GraduateCourse5}, {X=http://www.Department2.University2.edu/UndergraduateStudent281, Y=http://www.Department2.University2.edu/AssistantProfessor8, Z=http://www.Department2.University2.edu/Course37}, {X=http://www.Department2.University2.edu/GraduateStudent118, Y=http://www.Department2.University2.edu/FullProfessor2, Z=http://www.Department2.University2.edu/GraduateCourse3}, {X=http://www.Department2.University2.edu/UndergraduateStudent134, Y=http://www.Department2.University2.edu/AssistantProfessor7, Z=http://www.Department2.University2.edu/Course36}, {X=http://www.Department2.University2.edu/GraduateStudent38, Y=http://www.Department2.University2.edu/AssistantProfessor7, Z=http://www.Department2.University2.edu/GraduateCourse33}, {X=http://www.Department2.University2.edu/GraduateStudent37, Y=http://www.Department2.University2.edu/FullProfessor5, Z=http://www.Department2.University2.edu/GraduateCourse8}, {X=http://www.Department2.University2.edu/UndergraduateStudent24, Y=http://www.Department2.University2.edu/AssistantProfessor1, Z=http://www.Department2.University2.edu/Course27}, {X=http://www.Department2.University2.edu/UndergraduateStudent226, Y=http://www.Department2.University2.edu/AssociateProfessor6, Z=http://www.Department2.University2.edu/Course17}, {X=http://www.Department2.University2.edu/GraduateStudent94, Y=http://www.Department2.University2.edu/AssociateProfessor11, Z=http://www.Department2.University2.edu/GraduateCourse23}, {X=http://www.Department2.University2.edu/GraduateStudent117, Y=http://www.Department2.University2.edu/AssistantProfessor4, Z=http://www.Department2.University2.edu/GraduateCourse29}, {X=http://www.Department2.University2.edu/GraduateStudent122, Y=http://www.Department2.University2.edu/FullProfessor2, Z=http://www.Department2.University2.edu/GraduateCourse4}, {X=http://www.Department2.University2.edu/GraduateStudent3, Y=http://www.Department2.University2.edu/FullProfessor0, Z=http://www.Department2.University2.edu/GraduateCourse0}, {X=http://www.Department2.University2.edu/GraduateStudent1, Y=http://www.Department2.University2.edu/FullProfessor3, Z=http://www.Department2.University2.edu/GraduateCourse5}, {X=http://www.Department2.University2.edu/UndergraduateStudent281, Y=http://www.Department2.University2.edu/AssistantProfessor8, Z=http://www.Department2.University2.edu/Course37}, {X=http://www.Department2.University2.edu/GraduateStudent118, Y=http://www.Department2.University2.edu/FullProfessor2, Z=http://www.Department2.University2.edu/GraduateCourse3}, {X=http://www.Department2.University2.edu/UndergraduateStudent134, Y=http://www.Department2.University2.edu/AssistantProfessor7, Z=http://www.Department2.University2.edu/Course36}, {X=http://www.Department2.University2.edu/GraduateStudent38, Y=http://www.Department2.University2.edu/AssistantProfessor7, Z=http://www.Department2.University2.edu/GraduateCourse33}, {X=http://www.Department2.University2.edu/GraduateStudent37, Y=http://www.Department2.University2.edu/FullProfessor5, Z=http://www.Department2.University2.edu/GraduateCourse8}, {X=http://www.Department2.University2.edu/UndergraduateStudent24, Y=http://www.Department2.University2.edu/AssistantProfessor1, Z=http://www.Department2.University2.edu/Course27}, {X=http://www.Department2.University2.edu/UndergraduateStudent226, Y=http://www.Department2.University2.edu/AssociateProfessor6, Z=http://www.Department2.University2.edu/Course17}, {X=http://www.Department2.University2.edu/GraduateStudent94, Y=http://www.Department2.University2.edu/AssociateProfessor11, Z=http://www.Department2.University2.edu/GraduateCourse23}, {X=http://www.Department2.University2.edu/GraduateStudent117, Y=http://www.Department2.University2.edu/AssistantProfessor4, Z=http://www.Department2.University2.edu/GraduateCourse29}, {X=http://www.Department2.University2.edu/GraduateStudent122, Y=http://www.Department2.University2.edu/FullProfessor2, Z=http://www.Department2.University2.edu/GraduateCourse4}, {X=http://www.Department2.University2.edu/GraduateStudent3, Y=http://www.Department2.University2.edu/FullProfessor0, Z=http://www.Department2.University2.edu/GraduateCourse0}, {X=http://www.Department2.University2.edu/GraduateStudent1, Y=http://www.Department2.University2.edu/FullProfessor3, Z=http://www.Department2.University2.edu/GraduateCourse5}, {X=http://www.Department2.University2.edu/UndergraduateStudent281, Y=http://www.Department2.University2.edu/AssistantProfessor8, Z=http://www.Department2.University2.edu/Course37}, {X=http://www.Department2.University2.edu/GraduateStudent118, Y=http://www.Department2.University2.edu/FullProfessor2, Z=http://www.Department2.University2.edu/GraduateCourse3}, {X=http://www.Department2.University2.edu/UndergraduateStudent134, Y=http://www.Department2.University2.edu/AssistantProfessor7, Z=http://www.Department2.University2.edu/Course36}, {X=http://www.Department2.University2.edu/GraduateStudent38, Y=http://www.Department2.University2.edu/AssistantProfessor7, Z=http://www.Department2.University2.edu/GraduateCourse33}, {X=http://www.Department2.University2.edu/GraduateStudent37, Y=http://www.Department2.University2.edu/FullProfessor5, Z=http://www.Department2.University2.edu/GraduateCourse8}, {X=http://www.Department2.University2.edu/UndergraduateStudent24, Y=http://www.Department2.University2.edu/AssistantProfessor1, Z=http://www.Department2.University2.edu/Course27}, {X=http://www.Department2.University2.edu/UndergraduateStudent226, Y=http://www.Department2.University2.edu/AssociateProfessor6, Z=http://www.Department2.University2.edu/Course17}, {X=http://www.Department2.University2.edu/GraduateStudent94, Y=http://www.Department2.University2.edu/AssociateProfessor11, Z=http://www.Department2.University2.edu/GraduateCourse23}, {X=http://www.Department2.University2.edu/GraduateStudent117, Y=http://www.Department2.University2.edu/AssistantProfessor4, Z=http://www.Department2.University2.edu/GraduateCourse29}, {X=http://www.Department2.University2.edu/GraduateStudent122, Y=http://www.Department2.University2.edu/FullProfessor2, Z=http://www.Department2.University2.edu/GraduateCourse4}, {X=http://www.Department2.University2.edu/GraduateStudent3, Y=http://www.Department2.University2.edu/FullProfessor0, Z=http://www.Department2.University2.edu/GraduateCourse0}, {X=http://www.Department2.University2.edu/GraduateStudent1, Y=http://www.Department2.University2.edu/FullProfessor3, Z=http://www.Department2.University2.edu/GraduateCourse5}, {X=http://www.Department2.University2.edu/UndergraduateStudent281, Y=http://www.Department2.University2.edu/AssistantProfessor8, Z=http://www.Department2.University2.edu/Course37}, {X=http://www.Department2.University2.edu/GraduateStudent118, Y=http://www.Department2.University2.edu/FullProfessor2, Z=http://www.Department2.University2.edu/GraduateCourse3}, {X=http://www.Department2.University2.edu/UndergraduateStudent134, Y=http://www.Department2.University2.edu/AssistantProfessor7, Z=http://www.Department2.University2.edu/Course36}, {X=http://www.Department2.University2.edu/GraduateStudent38, Y=http://www.Department2.University2.edu/AssistantProfessor7, Z=http://www.Department2.University2.edu/GraduateCourse33}, {X=http://www.Department2.University2.edu/GraduateStudent37, Y=http://www.Department2.University2.edu/FullProfessor5, Z=http://www.Department2.University2.edu/GraduateCourse8}, {X=http://www.Department2.University2.edu/UndergraduateStudent24, Y=http://www.Department2.University2.edu/AssistantProfessor1, Z=http://www.Department2.University2.edu/Course27}, {X=http://www.Department2.University2.edu/UndergraduateStudent226, Y=http://www.Department2.University2.edu/AssociateProfessor6, Z=http://www.Department2.University2.edu/Course17}, {X=http://www.Department2.University2.edu/GraduateStudent94, Y=http://www.Department2.University2.edu/AssociateProfessor11, Z=http://www.Department2.University2.edu/GraduateCourse23}, {X=http://www.Department2.University2.edu/GraduateStudent117, Y=http://www.Department2.University2.edu/AssistantProfessor4, Z=http://www.Department2.University2.edu/GraduateCourse29}, {X=http://www.Department2.University2.edu/GraduateStudent122, Y=http://www.Department2.University2.edu/FullProfessor2, Z=http://www.Department2.University2.edu/GraduateCourse4}, {X=http://www.Department2.University2.edu/GraduateStudent3, Y=http://www.Department2.University2.edu/FullProfessor0, Z=http://www.Department2.University2.edu/GraduateCourse0}, {X=http://www.Department2.University2.edu/GraduateStudent1, Y=http://www.Department2.University2.edu/FullProfessor3, Z=http://www.Department2.University2.edu/GraduateCourse5}, {X=http://www.Department2.University2.edu/UndergraduateStudent281, Y=http://www.Department2.University2.edu/AssistantProfessor8, Z=http://www.Department2.University2.edu/Course37}, {X=http://www.Department2.University2.edu/GraduateStudent118, Y=http://www.Department2.University2.edu/FullProfessor2, Z=http://www.Department2.University2.edu/GraduateCourse3}, {X=http://www.Department2.University2.edu/UndergraduateStudent134, Y=http://www.Department2.University2.edu/AssistantProfessor7, Z=http://www.Department2.University2.edu/Course36}, {X=http://www.Department2.University2.edu/GraduateStudent38, Y=http://www.Department2.University2.edu/AssistantProfessor7, Z=http://www.Department2.University2.edu/GraduateCourse33}, {X=http://www.Department2.University2.edu/GraduateStudent37, Y=http://www.Department2.University2.edu/FullProfessor5, Z=http://www.Department2.University2.edu/GraduateCourse8}, {X=http://www.Department2.University2.edu/UndergraduateStudent24, Y=http://www.Department2.University2.edu/AssistantProfessor1, Z=http://www.Department2.University2.edu/Course27}, {X=http://www.Department2.University2.edu/UndergraduateStudent226, Y=http://www.Department2.University2.edu/AssociateProfessor6, Z=http://www.Department2.University2.edu/Course17}, {X=http://www.Department2.University2.edu/GraduateStudent94, Y=http://www.Department2.University2.edu/AssociateProfessor11, Z=http://www.Department2.University2.edu/GraduateCourse23}, {X=http://www.Department2.University2.edu/GraduateStudent117, Y=http://www.Department2.University2.edu/AssistantProfessor4, Z=http://www.Department2.University2.edu/GraduateCourse29}, {X=http://www.Department2.University2.edu/GraduateStudent122, Y=http://www.Department2.University2.edu/FullProfessor2, Z=http://www.Department2.University2.edu/GraduateCourse4}, {X=http://www.Department2.University2.edu/GraduateStudent3, Y=http://www.Department2.University2.edu/FullProfessor0, Z=http://www.Department2.University2.edu/GraduateCourse0}, {X=http://www.Department2.University2.edu/GraduateStudent1, Y=http://www.Department2.University2.edu/FullProfessor3, Z=http://www.Department2.University2.edu/GraduateCourse5}, {X=http://www.Department2.University2.edu/UndergraduateStudent281, Y=http://www.Department2.University2.edu/AssistantProfessor8, Z=http://www.Department2.University2.edu/Course37}, {X=http://www.Department2.University2.edu/GraduateStudent118, Y=http://www.Department2.University2.edu/FullProfessor2, Z=http://www.Department2.University2.edu/GraduateCourse3}, {X=http://www.Department2.University2.edu/UndergraduateStudent134, Y=http://www.Department2.University2.edu/AssistantProfessor7, Z=http://www.Department2.University2.edu/Course36}, {X=http://www.Department2.University2.edu/GraduateStudent38, Y=http://www.Department2.University2.edu/AssistantProfessor7, Z=http://www.Department2.University2.edu/GraduateCourse33}, {X=http://www.Department2.University2.edu/GraduateStudent37, Y=http://www.Department2.University2.edu/FullProfessor5, Z=http://www.Department2.University2.edu/GraduateCourse8}, {X=http://www.Department2.University2.edu/UndergraduateStudent24, Y=http://www.Department2.University2.edu/AssistantProfessor1, Z=http://www.Department2.University2.edu/Course27}, {X=http://www.Department2.University2.edu/UndergraduateStudent226, Y=http://www.Department2.University2.edu/AssociateProfessor6, Z=http://www.Department2.University2.edu/Course17}, {X=http://www.Department2.University2.edu/GraduateStudent94, Y=http://www.Department2.University2.edu/AssociateProfessor11, Z=http://www.Department2.University2.edu/GraduateCourse23}]
1490624501451;2;2;10;663380;507894;527779;511493;503798;503789;500776;502596;514958;500282;523674;6438;90;[{X=http://www.Department2.University2.edu/GraduateStudent95}, {X=http://www.Department2.University2.edu/GraduateStudent102}, {X=http://www.Department2.University2.edu/GraduateStudent23}, {X=http://www.Department2.University2.edu/GraduateStudent29}, {X=http://www.Department2.University2.edu/GraduateStudent124}, {X=http://www.Department2.University2.edu/GraduateStudent58}, {X=http://www.Department2.University2.edu/GraduateStudent129}, {X=http://www.Department2.University2.edu/GraduateStudent3}, {X=http://www.Department2.University2.edu/GraduateStudent10}, {X=http://www.Department2.University2.edu/GraduateStudent95}, {X=http://www.Department2.University2.edu/GraduateStudent102}, {X=http://www.Department2.University2.edu/GraduateStudent23}, {X=http://www.Department2.University2.edu/GraduateStudent29}, {X=http://www.Department2.University2.edu/GraduateStudent124}, {X=http://www.Department2.University2.edu/GraduateStudent58}, {X=http://www.Department2.University2.edu/GraduateStudent129}, {X=http://www.Department2.University2.edu/GraduateStudent3}, {X=http://www.Department2.University2.edu/GraduateStudent10}, {X=http://www.Department2.University2.edu/GraduateStudent95}, {X=http://www.Department2.University2.edu/GraduateStudent102}, {X=http://www.Department2.University2.edu/GraduateStudent23}, {X=http://www.Department2.University2.edu/GraduateStudent29}, {X=http://www.Department2.University2.edu/GraduateStudent124}, {X=http://www.Department2.University2.edu/GraduateStudent58}, {X=http://www.Department2.University2.edu/GraduateStudent129}, {X=http://www.Department2.University2.edu/GraduateStudent3}, {X=http://www.Department2.University2.edu/GraduateStudent10}, {X=http://www.Department2.University2.edu/GraduateStudent95}, {X=http://www.Department2.University2.edu/GraduateStudent102}, {X=http://www.Department2.University2.edu/GraduateStudent23}, {X=http://www.Department2.University2.edu/GraduateStudent29}, {X=http://www.Department2.University2.edu/GraduateStudent124}, {X=http://www.Department2.University2.edu/GraduateStudent58}, {X=http://www.Department2.University2.edu/GraduateStudent129}, {X=http://www.Department2.University2.edu/GraduateStudent3}, {X=http://www.Department2.University2.edu/GraduateStudent10}, {X=http://www.Department2.University2.edu/GraduateStudent95}, {X=http://www.Department2.University2.edu/GraduateStudent102}, {X=http://www.Department2.University2.edu/GraduateStudent23}, {X=http://www.Department2.University2.edu/GraduateStudent29}, {X=http://www.Department2.University2.edu/GraduateStudent124}, {X=http://www.Department2.University2.edu/GraduateStudent58}, {X=http://www.Department2.University2.edu/GraduateStudent129}, {X=http://www.Department2.University2.edu/GraduateStudent3}, {X=http://www.Department2.University2.edu/GraduateStudent10}, {X=http://www.Department2.University2.edu/GraduateStudent95}, {X=http://www.Department2.University2.edu/GraduateStudent102}, {X=http://www.Department2.University2.edu/GraduateStudent23}, {X=http://www.Department2.University2.edu/GraduateStudent29}, {X=http://www.Department2.University2.edu/GraduateStudent124}, {X=http://www.Department2.University2.edu/GraduateStudent58}, {X=http://www.Department2.University2.edu/GraduateStudent129}, {X=http://www.Department2.University2.edu/GraduateStudent3}, {X=http://www.Department2.University2.edu/GraduateStudent10}, {X=http://www.Department2.University2.edu/GraduateStudent95}, {X=http://www.Department2.University2.edu/GraduateStudent102}, {X=http://www.Department2.University2.edu/GraduateStudent23}, {X=http://www.Department2.University2.edu/GraduateStudent29}, {X=http://www.Department2.University2.edu/GraduateStudent124}, {X=http://www.Department2.University2.edu/GraduateStudent58}, {X=http://www.Department2.University2.edu/GraduateStudent129}, {X=http://www.Department2.University2.edu/GraduateStudent3}, {X=http://www.Department2.University2.edu/GraduateStudent10}, {X=http://www.Department2.University2.edu/GraduateStudent95}, {X=http://www.Department2.University2.edu/GraduateStudent102}, {X=http://www.Department2.University2.edu/GraduateStudent23}, {X=http://www.Department2.University2.edu/GraduateStudent29}, {X=http://www.Department2.University2.edu/GraduateStudent124}, {X=http://www.Department2.University2.edu/GraduateStudent58}, {X=http://www.Department2.University2.edu/GraduateStudent129}, {X=http://www.Department2.University2.edu/GraduateStudent3}, {X=http://www.Department2.University2.edu/GraduateStudent10}, {X=http://www.Department2.University2.edu/GraduateStudent95}, {X=http://www.Department2.University2.edu/GraduateStudent102}, {X=http://www.Department2.University2.edu/GraduateStudent23}, {X=http://www.Department2.University2.edu/GraduateStudent29}, {X=http://www.Department2.University2.edu/GraduateStudent124}, {X=http://www.Department2.University2.edu/GraduateStudent58}, {X=http://www.Department2.University2.edu/GraduateStudent129}, {X=http://www.Department2.University2.edu/GraduateStudent3}, {X=http://www.Department2.University2.edu/GraduateStudent10}, {X=http://www.Department2.University2.edu/GraduateStudent95}, {X=http://www.Department2.University2.edu/GraduateStudent102}, {X=http://www.Department2.University2.edu/GraduateStudent23}, {X=http://www.Department2.University2.edu/GraduateStudent29}, {X=http://www.Department2.University2.edu/GraduateStudent124}, {X=http://www.Department2.University2.edu/GraduateStudent58}, {X=http://www.Department2.University2.edu/GraduateStudent129}, {X=http://www.Department2.University2.edu/GraduateStudent3}, {X=http://www.Department2.University2.edu/GraduateStudent10}]
1490624501457;2;2;11;731018;510551;514455;544904;563731;683551;757948;761033;751262;732016;655046;6438;110;[{X=http://www.Department2.University2.edu/ResearchGroup1}, {X=http://www.Department2.University2.edu/ResearchGroup10}, {X=http://www.Department2.University2.edu/ResearchGroup4}, {X=http://www.Department2.University2.edu/ResearchGroup3}, {X=http://www.Department2.University2.edu/ResearchGroup2}, {X=http://www.Department2.University2.edu/ResearchGroup9}, {X=http://www.Department2.University2.edu/ResearchGroup7}, {X=http://www.Department2.University2.edu/ResearchGroup5}, {X=http://www.Department2.University2.edu/ResearchGroup6}, {X=http://www.Department2.University2.edu/ResearchGroup0}, {X=http://www.Department2.University2.edu/ResearchGroup8}, {X=http://www.Department2.University2.edu/ResearchGroup1}, {X=http://www.Department2.University2.edu/ResearchGroup10}, {X=http://www.Department2.University2.edu/ResearchGroup4}, {X=http://www.Department2.University2.edu/ResearchGroup3}, {X=http://www.Department2.University2.edu/ResearchGroup2}, {X=http://www.Department2.University2.edu/ResearchGroup9}, {X=http://www.Department2.University2.edu/ResearchGroup7}, {X=http://www.Department2.University2.edu/ResearchGroup5}, {X=http://www.Department2.University2.edu/ResearchGroup6}, {X=http://www.Department2.University2.edu/ResearchGroup0}, {X=http://www.Department2.University2.edu/ResearchGroup8}, {X=http://www.Department2.University2.edu/ResearchGroup1}, {X=http://www.Department2.University2.edu/ResearchGroup10}, {X=http://www.Department2.University2.edu/ResearchGroup4}, {X=http://www.Department2.University2.edu/ResearchGroup3}, {X=http://www.Department2.University2.edu/ResearchGroup2}, {X=http://www.Department2.University2.edu/ResearchGroup9}, {X=http://www.Department2.University2.edu/ResearchGroup7}, {X=http://www.Department2.University2.edu/ResearchGroup5}, {X=http://www.Department2.University2.edu/ResearchGroup6}, {X=http://www.Department2.University2.edu/ResearchGroup0}, {X=http://www.Department2.University2.edu/ResearchGroup8}, {X=http://www.Department2.University2.edu/ResearchGroup1}, {X=http://www.Department2.University2.edu/ResearchGroup10}, {X=http://www.Department2.University2.edu/ResearchGroup4}, {X=http://www.Department2.University2.edu/ResearchGroup3}, {X=http://www.Department2.University2.edu/ResearchGroup2}, {X=http://www.Department2.University2.edu/ResearchGroup9}, {X=http://www.Department2.University2.edu/ResearchGroup7}, {X=http://www.Department2.University2.edu/ResearchGroup5}, {X=http://www.Department2.University2.edu/ResearchGroup6}, {X=http://www.Department2.University2.edu/ResearchGroup0}, {X=http://www.Department2.University2.edu/ResearchGroup8}, {X=http://www.Department2.University2.edu/ResearchGroup1}, {X=http://www.Department2.University2.edu/ResearchGroup10}, {X=http://www.Department2.University2.edu/ResearchGroup4}, {X=http://www.Department2.University2.edu/ResearchGroup3}, {X=http://www.Department2.University2.edu/ResearchGroup2}, {X=http://www.Department2.University2.edu/ResearchGroup9}, {X=http://www.Department2.University2.edu/ResearchGroup7}, {X=http://www.Department2.University2.edu/ResearchGroup5}, {X=http://www.Department2.University2.edu/ResearchGroup6}, {X=http://www.Department2.University2.edu/ResearchGroup0}, {X=http://www.Department2.University2.edu/ResearchGroup8}, {X=http://www.Department2.University2.edu/ResearchGroup1}, {X=http://www.Department2.University2.edu/ResearchGroup10}, {X=http://www.Department2.University2.edu/ResearchGroup4}, {X=http://www.Department2.University2.edu/ResearchGroup3}, {X=http://www.Department2.University2.edu/ResearchGroup2}, {X=http://www.Department2.University2.edu/ResearchGroup9}, {X=http://www.Department2.University2.edu/ResearchGroup7}, {X=http://www.Department2.University2.edu/ResearchGroup5}, {X=http://www.Department2.University2.edu/ResearchGroup6}, {X=http://www.Department2.University2.edu/ResearchGroup0}, {X=http://www.Department2.University2.edu/ResearchGroup8}, {X=http://www.Department2.University2.edu/ResearchGroup1}, {X=http://www.Department2.University2.edu/ResearchGroup10}, {X=http://www.Department2.University2.edu/ResearchGroup4}, {X=http://www.Department2.University2.edu/ResearchGroup3}, {X=http://www.Department2.University2.edu/ResearchGroup2}, {X=http://www.Department2.University2.edu/ResearchGroup9}, {X=http://www.Department2.University2.edu/ResearchGroup7}, {X=http://www.Department2.University2.edu/ResearchGroup5}, {X=http://www.Department2.University2.edu/ResearchGroup6}, {X=http://www.Department2.University2.edu/ResearchGroup0}, {X=http://www.Department2.University2.edu/ResearchGroup8}, {X=http://www.Department2.University2.edu/ResearchGroup1}, {X=http://www.Department2.University2.edu/ResearchGroup10}, {X=http://www.Department2.University2.edu/ResearchGroup4}, {X=http://www.Department2.University2.edu/ResearchGroup3}, {X=http://www.Department2.University2.edu/ResearchGroup2}, {X=http://www.Department2.University2.edu/ResearchGroup9}, {X=http://www.Department2.University2.edu/ResearchGroup7}, {X=http://www.Department2.University2.edu/ResearchGroup5}, {X=http://www.Department2.University2.edu/ResearchGroup6}, {X=http://www.Department2.University2.edu/ResearchGroup0}, {X=http://www.Department2.University2.edu/ResearchGroup8}, {X=http://www.Department2.University2.edu/ResearchGroup1}, {X=http://www.Department2.University2.edu/ResearchGroup10}, {X=http://www.Department2.University2.edu/ResearchGroup4}, {X=http://www.Department2.University2.edu/ResearchGroup3}, {X=http://www.Department2.University2.edu/ResearchGroup2}, {X=http://www.Department2.University2.edu/ResearchGroup9}, {X=http://www.Department2.University2.edu/ResearchGroup7}, {X=http://www.Department2.University2.edu/ResearchGroup5}, {X=http://www.Department2.University2.edu/ResearchGroup6}, {X=http://www.Department2.University2.edu/ResearchGroup0}, {X=http://www.Department2.University2.edu/ResearchGroup8}, {X=http://www.Department2.University2.edu/ResearchGroup1}, {X=http://www.Department2.University2.edu/ResearchGroup10}, {X=http://www.Department2.University2.edu/ResearchGroup4}, {X=http://www.Department2.University2.edu/ResearchGroup3}, {X=http://www.Department2.University2.edu/ResearchGroup2}, {X=http://www.Department2.University2.edu/ResearchGroup9}, {X=http://www.Department2.University2.edu/ResearchGroup7}, {X=http://www.Department2.University2.edu/ResearchGroup5}, {X=http://www.Department2.University2.edu/ResearchGroup6}, {X=http://www.Department2.University2.edu/ResearchGroup0}, {X=http://www.Department2.University2.edu/ResearchGroup8}]
1490624501464;2;2;12;3645198;3027375;2972255;2072526;1988311;2085708;2131993;1852901;1770892;1804764;2335192;6438;10;[{X=http://www.Department2.University2.edu/FullProfessor5, Y=http://www.Department2.University2.edu}, {X=http://www.Department2.University2.edu/FullProfessor5, Y=http://www.Department2.University2.edu}, {X=http://www.Department2.University2.edu/FullProfessor5, Y=http://www.Department2.University2.edu}, {X=http://www.Department2.University2.edu/FullProfessor5, Y=http://www.Department2.University2.edu}, {X=http://www.Department2.University2.edu/FullProfessor5, Y=http://www.Department2.University2.edu}, {X=http://www.Department2.University2.edu/FullProfessor5, Y=http://www.Department2.University2.edu}, {X=http://www.Department2.University2.edu/FullProfessor5, Y=http://www.Department2.University2.edu}, {X=http://www.Department2.University2.edu/FullProfessor5, Y=http://www.Department2.University2.edu}, {X=http://www.Department2.University2.edu/FullProfessor5, Y=http://www.Department2.University2.edu}, {X=http://www.Department2.University2.edu/FullProfessor5, Y=http://www.Department2.University2.edu}]
1490624501487;2;2;13;918485;582289;494053;488395;523393;534559;591250;901179;480744;466638;598098;6438;0;[]
1490624501493;2;2;14;1055066;785904;716163;687266;649855;639123;640082;741937;720384;736063;737184;6438;3610;[{X=http://www.Department2.University2.edu/UndergraduateStudent89}, {X=http://www.Department2.University2.edu/UndergraduateStudent284}, {X=http://www.Department2.University2.edu/UndergraduateStudent228}, {X=http://www.Department2.University2.edu/UndergraduateStudent49}, {X=http://www.Department2.University2.edu/UndergraduateStudent216}, {X=http://www.Department2.University2.edu/UndergraduateStudent142}, {X=http://www.Department2.University2.edu/UndergraduateStudent261}, {X=http://www.Department2.University2.edu/UndergraduateStudent213}, {X=http://www.Department2.University2.edu/UndergraduateStudent168}, {X=http://www.Department2.University2.edu/UndergraduateStudent0}, {X=http://www.Department2.University2.edu/UndergraduateStudent349}, {X=http://www.Department2.University2.edu/UndergraduateStudent263}, {X=http://www.Department2.University2.edu/UndergraduateStudent266}, {X=http://www.Department2.University2.edu/UndergraduateStudent345}, {X=http://www.Department2.University2.edu/UndergraduateStudent176}, {X=http://www.Department2.University2.edu/UndergraduateStudent39}, {X=http://www.Department2.University2.edu/UndergraduateStudent124}, {X=http://www.Department2.University2.edu/UndergraduateStudent198}, {X=http://www.Department2.University2.edu/UndergraduateStudent110}, {X=http://www.Department2.University2.edu/UndergraduateStudent195}, {X=http://www.Department2.University2.edu/UndergraduateStudent52}, {X=http://www.Department2.University2.edu/UndergraduateStudent354}, {X=http://www.Department2.University2.edu/UndergraduateStudent48}, {X=http://www.Department2.University2.edu/UndergraduateStudent260}, {X=http://www.Department2.University2.edu/UndergraduateStudent307}, {X=http://www.Department2.University2.edu/UndergraduateStudent61}, {X=http://www.Department2.University2.edu/UndergraduateStudent16}, {X=http://www.Department2.University2.edu/UndergraduateStudent314}, {X=http://www.Department2.University2.edu/UndergraduateStudent296}, {X=http://www.Department2.University2.edu/UndergraduateStudent319}, {X=http://www.Department2.University2.edu/UndergraduateStudent344}, {X=http://www.Department2.University2.edu/UndergraduateStudent71}, {X=http://www.Department2.University2.edu/UndergraduateStudent35}, {X=http://www.Department2.University2.edu/UndergraduateStudent22}, {X=http://www.Department2.University2.edu/UndergraduateStudent170}, {X=http://www.Department2.University2.edu/UndergraduateStudent108}, {X=http://www.Department2.University2.edu/UndergraduateStudent103}, {X=http://www.Department2.University2.edu/UndergraduateStudent156}, {X=http://www.Department2.University2.edu/UndergraduateStudent304}, {X=http://www.Department2.University2.edu/UndergraduateStudent153}, {X=http://www.Department2.University2.edu/UndergraduateStudent118}, {X=http://www.Department2.University2.edu/UndergraduateStudent230}, {X=http://www.Department2.University2.edu/UndergraduateStudent41}, {X=http://www.Department2.University2.edu/UndergraduateStudent131}, {X=http://www.Department2.University2.edu/UndergraduateStudent255}, {X=http://www.Department2.University2.edu/UndergraduateStudent290}, {X=http://www.Department2.University2.edu/UndergraduateStudent86}, {X=http://www.Department2.University2.edu/UndergraduateStudent317}, {X=http://www.Department2.University2.edu/UndergraduateStudent235}, {X=http://www.Department2.University2.edu/UndergraduateStudent188}, {X=http://www.Department2.University2.edu/UndergraduateStudent121}, {X=http://www.Department2.University2.edu/UndergraduateStudent144}, {X=http://www.Department2.University2.edu/UndergraduateStudent203}, {X=http://www.Department2.University2.edu/UndergraduateStudent251}, {X=http://www.Department2.University2.edu/UndergraduateStudent15}, {X=http://www.Department2.University2.edu/UndergraduateStudent62}, {X=http://www.Department2.University2.edu/UndergraduateStudent82}, {X=http://www.Department2.University2.edu/UndergraduateStudent276}, {X=http://www.Department2.University2.edu/UndergraduateStudent141}, {X=http://www.Department2.University2.edu/UndergraduateStudent217}, {X=http://www.Department2.University2.edu/UndergraduateStudent215}, {X=http://www.Department2.University2.edu/UndergraduateStudent112}, {X=http://www.Department2.University2.edu/UndergraduateStudent265}, {X=http://www.Department2.University2.edu/UndergraduateStudent106}, {X=http://www.Department2.University2.edu/UndergraduateStudent268}, {X=http://www.Department2.University2.edu/UndergraduateStudent259}, {X=http://www.Department2.University2.edu/UndergraduateStudent12}, {X=http://www.Department2.University2.edu/UndergraduateStudent23}, {X=http://www.Department2.University2.edu/UndergraduateStudent310}, {X=http://www.Department2.University2.edu/UndergraduateStudent248}, {X=http://www.Department2.University2.edu/UndergraduateStudent183}, {X=http://www.Department2.University2.edu/UndergraduateStudent94}, {X=http://www.Department2.University2.edu/UndergraduateStudent138}, {X=http://www.Department2.University2.edu/UndergraduateStudent37}, {X=http://www.Department2.University2.edu/UndergraduateStudent291}, {X=http://www.Department2.University2.edu/UndergraduateStudent233}, {X=http://www.Department2.University2.edu/UndergraduateStudent6}, {X=http://www.Department2.University2.edu/UndergraduateStudent212}, {X=http://www.Department2.University2.edu/UndergraduateStudent55}, {X=http://www.Department2.University2.edu/UndergraduateStudent206}, {X=http://www.Department2.University2.edu/UndergraduateStudent91}, {X=http://www.Department2.University2.edu/UndergraduateStudent315}, {X=http://www.Department2.University2.edu/UndergraduateStudent172}, {X=http://www.Department2.University2.edu/UndergraduateStudent222}, {X=http://www.Department2.University2.edu/UndergraduateStudent145}, {X=http://www.Department2.University2.edu/UndergraduateStudent252}, {X=http://www.Department2.University2.edu/UndergraduateStudent192}, {X=http://www.Department2.University2.edu/UndergraduateStudent199}, {X=http://www.Department2.University2.edu/UndergraduateStudent309}, {X=http://www.Department2.University2.edu/UndergraduateStudent332}, {X=http://www.Department2.University2.edu/UndergraduateStudent26}, {X=http://www.Department2.University2.edu/UndergraduateStudent173}, {X=http://www.Department2.University2.edu/UndergraduateStudent73}, {X=http://www.Department2.University2.edu/UndergraduateStudent7}, {X=http://www.Department2.University2.edu/UndergraduateStudent160}, {X=http://www.Department2.University2.edu/UndergraduateStudent92}, {X=http://www.Department2.University2.edu/UndergraduateStudent116}, {X=http://www.Department2.University2.edu/UndergraduateStudent184}, {X=http://www.Department2.University2.edu/UndergraduateStudent201}, {X=http://www.Department2.University2.edu/UndergraduateStudent85}, {X=http://www.Department2.University2.edu/UndergraduateStudent326}, {X=http://www.Department2.University2.edu/UndergraduateStudent227}, {X=http://www.Department2.University2.edu/UndergraduateStudent240}, {X=http://www.Department2.University2.edu/UndergraduateStudent3}, {X=http://www.Department2.University2.edu/UndergraduateStudent197}, {X=http://www.Department2.University2.edu/UndergraduateStudent123}, {X=http://www.Department2.University2.edu/UndergraduateStudent271}, {X=http://www.Department2.University2.edu/UndergraduateStudent311}, {X=http://www.Department2.University2.edu/UndergraduateStudent287}, {X=http://www.Department2.University2.edu/UndergraduateStudent80}, {X=http://www.Department2.University2.edu/UndergraduateStudent285}, {X=http://www.Department2.University2.edu/UndergraduateStudent359}, {X=http://www.Department2.University2.edu/UndergraduateStudent333}, {X=http://www.Department2.University2.edu/UndergraduateStudent239}, {X=http://www.Department2.University2.edu/UndergraduateStudent218}, {X=http://www.Department2.University2.edu/UndergraduateStudent96}, {X=http://www.Department2.University2.edu/UndergraduateStudent178}, {X=http://www.Department2.University2.edu/UndergraduateStudent157}, {X=http://www.Department2.University2.edu/UndergraduateStudent105}, {X=http://www.Department2.University2.edu/UndergraduateStudent50}, {X=http://www.Department2.University2.edu/UndergraduateStudent25}, {X=http://www.Department2.University2.edu/UndergraduateStudent316}, {X=http://www.Department2.University2.edu/UndergraduateStudent254}, {X=http://www.Department2.University2.edu/UndergraduateStudent47}, {X=http://www.Department2.University2.edu/UndergraduateStudent303}, {X=http://www.Department2.University2.edu/UndergraduateStudent221}, {X=http://www.Department2.University2.edu/UndergraduateStudent181}, {X=http://www.Department2.University2.edu/UndergraduateStudent219}, {X=http://www.Department2.University2.edu/UndergraduateStudent24}, {X=http://www.Department2.University2.edu/UndergraduateStudent297}, {X=http://www.Department2.University2.edu/UndergraduateStudent330}, {X=http://www.Department2.University2.edu/UndergraduateStudent243}, {X=http://www.Department2.University2.edu/UndergraduateStudent301}, {X=http://www.Department2.University2.edu/UndergraduateStudent308}, {X=http://www.Department2.University2.edu/UndergraduateStudent128}, {X=http://www.Department2.University2.edu/UndergraduateStudent120}, {X=http://www.Department2.University2.edu/UndergraduateStudent14}, {X=http://www.Department2.University2.edu/UndergraduateStudent358}, {X=http://www.Department2.University2.edu/UndergraduateStudent13}, {X=http://www.Department2.University2.edu/UndergraduateStudent253}, {X=http://www.Department2.University2.edu/UndergraduateStudent205}, {X=http://www.Department2.University2.edu/UndergraduateStudent347}, {X=http://www.Department2.University2.edu/UndergraduateStudent133}, {X=http://www.Department2.University2.edu/UndergraduateStudent136}, {X=http://www.Department2.University2.edu/UndergraduateStudent40}, {X=http://www.Department2.University2.edu/UndergraduateStudent29}, {X=http://www.Department2.University2.edu/UndergraduateStudent193}, {X=http://www.Department2.University2.edu/UndergraduateStudent122}, {X=http://www.Department2.University2.edu/UndergraduateStudent56}, {X=http://www.Department2.University2.edu/UndergraduateStudent325}, {X=http://www.Department2.University2.edu/UndergraduateStudent202}, {X=http://www.Department2.University2.edu/UndergraduateStudent210}, {X=http://www.Department2.University2.edu/UndergraduateStudent139}, {X=http://www.Department2.University2.edu/UndergraduateStudent114}, {X=http://www.Department2.University2.edu/UndergraduateStudent298}, {X=http://www.Department2.University2.edu/UndergraduateStudent31}, {X=http://www.Department2.University2.edu/UndergraduateStudent262}, {X=http://www.Department2.University2.edu/UndergraduateStudent148}, {X=http://www.Department2.University2.edu/UndergraduateStudent163}, {X=http://www.Department2.University2.edu/UndergraduateStudent249}, {X=http://www.Department2.University2.edu/UndergraduateStudent60}, {X=http://www.Department2.University2.edu/UndergraduateStudent76}, {X=http://www.Department2.University2.edu/UndergraduateStudent149}, {X=http://www.Department2.University2.edu/UndergraduateStudent351}, {X=http://www.Department2.University2.edu/UndergraduateStudent78}, {X=http://www.Department2.University2.edu/UndergraduateStudent352}, {X=http://www.Department2.University2.edu/UndergraduateStudent236}, {X=http://www.Department2.University2.edu/UndergraduateStudent211}, {X=http://www.Department2.University2.edu/UndergraduateStudent36}, {X=http://www.Department2.University2.edu/UndergraduateStudent338}, {X=http://www.Department2.University2.edu/UndergraduateStudent107}, {X=http://www.Department2.University2.edu/UndergraduateStudent339}, {X=http://www.Department2.University2.edu/UndergraduateStudent167}, {X=http://www.Department2.University2.edu/UndergraduateStudent54}, {X=http://www.Department2.University2.edu/UndergraduateStudent237}, {X=http://www.Department2.University2.edu/UndergraduateStudent306}, {X=http://www.Department2.University2.edu/UndergraduateStudent72}, {X=http://www.Department2.University2.edu/UndergraduateStudent77}, {X=http://www.Department2.University2.edu/UndergraduateStudent9}, {X=http://www.Department2.University2.edu/UndergraduateStudent65}, {X=http://www.Department2.University2.edu/UndergraduateStudent340}, {X=http://www.Department2.University2.edu/UndergraduateStudent208}, {X=http://www.Department2.University2.edu/UndergraduateStudent11}, {X=http://www.Department2.University2.edu/UndergraduateStudent67}, {X=http://www.Department2.University2.edu/UndergraduateStudent322}, {X=http://www.Department2.University2.edu/UndergraduateStudent70}, {X=http://www.Department2.University2.edu/UndergraduateStudent299}, {X=http://www.Department2.University2.edu/UndergraduateStudent134}, {X=http://www.Department2.University2.edu/UndergraduateStudent28}, {X=http://www.Department2.University2.edu/UndergraduateStudent335}, {X=http://www.Department2.University2.edu/UndergraduateStudent288}, {X=http://www.Department2.University2.edu/UndergraduateStudent129}, {X=http://www.Department2.University2.edu/UndergraduateStudent125}, {X=http://www.Department2.University2.edu/UndergraduateStudent97}, {X=http://www.Department2.University2.edu/UndergraduateStudent137}, {X=http://www.Department2.University2.edu/UndergraduateStudent161}, {X=http://www.Department2.University2.edu/UndergraduateStudent162}, {X=http://www.Department2.University2.edu/UndergraduateStudent348}, {X=http://www.Department2.University2.edu/UndergraduateStudent10}, {X=http://www.Department2.University2.edu/UndergraduateStudent357}, {X=http://www.Department2.University2.edu/UndergraduateStudent293}, {X=http://www.Department2.University2.edu/UndergraduateStudent328}, {X=http://www.Department2.University2.edu/UndergraduateStudent350}, {X=http://www.Department2.University2.edu/UndergraduateStudent59}, {X=http://www.Department2.University2.edu/UndergraduateStudent209}, {X=http://www.Department2.University2.edu/UndergraduateStudent269}, {X=http://www.Department2.University2.edu/UndergraduateStudent1}, {X=http://www.Department2.University2.edu/UndergraduateStudent64}, {X=http://www.Department2.University2.edu/UndergraduateStudent245}, {X=http://www.Department2.University2.edu/UndergraduateStudent272}, {X=http://www.Department2.University2.edu/UndergraduateStudent95}, {X=http://www.Department2.University2.edu/UndergraduateStudent109}, {X=http://www.Department2.University2.edu/UndergraduateStudent337}, {X=http://www.Department2.University2.edu/UndergraduateStudent104}, {X=http://www.Department2.University2.edu/UndergraduateStudent179}, {X=http://www.Department2.University2.edu/UndergraduateStudent43}, {X=http://www.Department2.University2.edu/UndergraduateStudent4}, {X=http://www.Department2.University2.edu/UndergraduateStudent102}, {X=http://www.Department2.University2.edu/UndergraduateStudent117}, {X=http://www.Department2.University2.edu/UndergraduateStudent182}, {X=http://www.Department2.University2.edu/UndergraduateStudent324}, {X=http://www.Department2.University2.edu/UndergraduateStudent51}, {X=http://www.Department2.University2.edu/UndergraduateStudent119}, {X=http://www.Department2.University2.edu/UndergraduateStudent280}, {X=http://www.Department2.University2.edu/UndergraduateStudent38}, {X=http://www.Department2.University2.edu/UndergraduateStudent274}, {X=http://www.Department2.University2.edu/UndergraduateStudent93}, {X=http://www.Department2.University2.edu/UndergraduateStudent58}, {X=http://www.Department2.University2.edu/UndergraduateStudent258}, {X=http://www.Department2.University2.edu/UndergraduateStudent223}, {X=http://www.Department2.University2.edu/UndergraduateStudent177}, {X=http://www.Department2.University2.edu/UndergraduateStudent146}, {X=http://www.Department2.University2.edu/UndergraduateStudent101}, {X=http://www.Department2.University2.edu/UndergraduateStudent140}, {X=http://www.Department2.University2.edu/UndergraduateStudent32}, {X=http://www.Department2.University2.edu/UndergraduateStudent220}, {X=http://www.Department2.University2.edu/UndergraduateStudent90}, {X=http://www.Department2.University2.edu/UndergraduateStudent135}, {X=http://www.Department2.University2.edu/UndergraduateStudent186}, {X=http://www.Department2.University2.edu/UndergraduateStudent312}, {X=http://www.Department2.University2.edu/UndergraduateStudent286}, {X=http://www.Department2.University2.edu/UndergraduateStudent341}, {X=http://www.Department2.University2.edu/UndergraduateStudent342}, {X=http://www.Department2.University2.edu/UndergraduateStudent295}, {X=http://www.Department2.University2.edu/UndergraduateStudent267}, {X=http://www.Department2.University2.edu/UndergraduateStudent355}, {X=http://www.Department2.University2.edu/UndergraduateStudent34}, {X=http://www.Department2.University2.edu/UndergraduateStudent320}, {X=http://www.Department2.University2.edu/UndergraduateStudent321}, {X=http://www.Department2.University2.edu/UndergraduateStudent158}, {X=http://www.Department2.University2.edu/UndergraduateStudent171}, {X=http://www.Department2.University2.edu/UndergraduateStudent300}, {X=http://www.Department2.University2.edu/UndergraduateStudent275}, {X=http://www.Department2.University2.edu/UndergraduateStudent318}, {X=http://www.Department2.University2.edu/UndergraduateStudent165}, {X=http://www.Department2.University2.edu/UndergraduateStudent57}, {X=http://www.Department2.University2.edu/UndergraduateStudent115}, {X=http://www.Department2.University2.edu/UndergraduateStudent151}, {X=http://www.Department2.University2.edu/UndergraduateStudent88}, {X=http://www.Department2.University2.edu/UndergraduateStudent194}, {X=http://www.Department2.University2.edu/UndergraduateStudent169}, {X=http://www.Department2.University2.edu/UndergraduateStudent147}, {X=http://www.Department2.University2.edu/UndergraduateStudent46}, {X=http://www.Department2.University2.edu/UndergraduateStudent79}, {X=http://www.Department2.University2.edu/UndergraduateStudent302}, {X=http://www.Department2.University2.edu/UndergraduateStudent231}, {X=http://www.Department2.University2.edu/UndergraduateStudent63}, {X=http://www.Department2.University2.edu/UndergraduateStudent256}, {X=http://www.Department2.University2.edu/UndergraduateStudent336}, {X=http://www.Department2.University2.edu/UndergraduateStudent264}, {X=http://www.Department2.University2.edu/UndergraduateStudent247}, {X=http://www.Department2.University2.edu/UndergraduateStudent283}, {X=http://www.Department2.University2.edu/UndergraduateStudent214}, {X=http://www.Department2.University2.edu/UndergraduateStudent191}, {X=http://www.Department2.University2.edu/UndergraduateStudent313}, {X=http://www.Department2.University2.edu/UndergraduateStudent42}, {X=http://www.Department2.University2.edu/UndergraduateStudent100}, {X=http://www.Department2.University2.edu/UndergraduateStudent83}, {X=http://www.Department2.University2.edu/UndergraduateStudent75}, {X=http://www.Department2.University2.edu/UndergraduateStudent69}, {X=http://www.Department2.University2.edu/UndergraduateStudent98}, {X=http://www.Department2.University2.edu/UndergraduateStudent204}, {X=http://www.Department2.University2.edu/UndergraduateStudent356}, {X=http://www.Department2.University2.edu/UndergraduateStudent20}, {X=http://www.Department2.University2.edu/UndergraduateStudent111}, {X=http://www.Department2.University2.edu/UndergraduateStudent277}, {X=http://www.Department2.University2.edu/UndergraduateStudent360}, {X=http://www.Department2.University2.edu/UndergraduateStudent190}, {X=http://www.Department2.University2.edu/UndergraduateStudent87}, {X=http://www.Department2.University2.edu/UndergraduateStudent5}, {X=http://www.Department2.University2.edu/UndergraduateStudent189}, {X=http://www.Department2.University2.edu/UndergraduateStudent2}, {X=http://www.Department2.University2.edu/UndergraduateStudent282}, {X=http://www.Department2.University2.edu/UndergraduateStudent224}, {X=http://www.Department2.University2.edu/UndergraduateStudent84}, {X=http://www.Department2.University2.edu/UndergraduateStudent281}, {X=http://www.Department2.University2.edu/UndergraduateStudent331}, {X=http://www.Department2.University2.edu/UndergraduateStudent226}, {X=http://www.Department2.University2.edu/UndergraduateStudent132}, {X=http://www.Department2.University2.edu/UndergraduateStudent44}, {X=http://www.Department2.University2.edu/UndergraduateStudent33}, {X=http://www.Department2.University2.edu/UndergraduateStudent166}, {X=http://www.Department2.University2.edu/UndergraduateStudent74}, {X=http://www.Department2.University2.edu/UndergraduateStudent207}, {X=http://www.Department2.University2.edu/UndergraduateStudent244}, {X=http://www.Department2.University2.edu/UndergraduateStudent19}, {X=http://www.Department2.University2.edu/UndergraduateStudent175}, {X=http://www.Department2.University2.edu/UndergraduateStudent68}, {X=http://www.Department2.University2.edu/UndergraduateStudent323}, {X=http://www.Department2.University2.edu/UndergraduateStudent45}, {X=http://www.Department2.University2.edu/UndergraduateStudent154}, {X=http://www.Department2.University2.edu/UndergraduateStudent127}, {X=http://www.Department2.University2.edu/UndergraduateStudent8}, {X=http://www.Department2.University2.edu/UndergraduateStudent152}, {X=http://www.Department2.University2.edu/UndergraduateStudent53}, {X=http://www.Department2.University2.edu/UndergraduateStudent329}, {X=http://www.Department2.University2.edu/UndergraduateStudent200}, {X=http://www.Department2.University2.edu/UndergraduateStudent232}, {X=http://www.Department2.University2.edu/UndergraduateStudent21}, {X=http://www.Department2.University2.edu/UndergraduateStudent273}, {X=http://www.Department2.University2.edu/UndergraduateStudent159}, {X=http://www.Department2.University2.edu/UndergraduateStudent99}, {X=http://www.Department2.University2.edu/UndergraduateStudent292}, {X=http://www.Department2.University2.edu/UndergraduateStudent242}, {X=http://www.Department2.University2.edu/UndergraduateStudent353}, {X=http://www.Department2.University2.edu/UndergraduateStudent343}, {X=http://www.Department2.University2.edu/UndergraduateStudent238}, {X=http://www.Department2.University2.edu/UndergraduateStudent18}, {X=http://www.Department2.University2.edu/UndergraduateStudent187}, {X=http://www.Department2.University2.edu/UndergraduateStudent334}, {X=http://www.Department2.University2.edu/UndergraduateStudent143}, {X=http://www.Department2.University2.edu/UndergraduateStudent27}, {X=http://www.Department2.University2.edu/UndergraduateStudent174}, {X=http://www.Department2.University2.edu/UndergraduateStudent250}, {X=http://www.Department2.University2.edu/UndergraduateStudent30}, {X=http://www.Department2.University2.edu/UndergraduateStudent234}, {X=http://www.Department2.University2.edu/UndergraduateStudent150}, {X=http://www.Department2.University2.edu/UndergraduateStudent289}, {X=http://www.Department2.University2.edu/UndergraduateStudent164}, {X=http://www.Department2.University2.edu/UndergraduateStudent241}, {X=http://www.Department2.University2.edu/UndergraduateStudent126}, {X=http://www.Department2.University2.edu/UndergraduateStudent225}, {X=http://www.Department2.University2.edu/UndergraduateStudent257}, {X=http://www.Department2.University2.edu/UndergraduateStudent155}, {X=http://www.Department2.University2.edu/UndergraduateStudent185}, {X=http://www.Department2.University2.edu/UndergraduateStudent327}, {X=http://www.Department2.University2.edu/UndergraduateStudent196}, {X=http://www.Department2.University2.edu/UndergraduateStudent66}, {X=http://www.Department2.University2.edu/UndergraduateStudent229}, {X=http://www.Department2.University2.edu/UndergraduateStudent113}, {X=http://www.Department2.University2.edu/UndergraduateStudent346}, {X=http://www.Department2.University2.edu/UndergraduateStudent180}, {X=http://www.Department2.University2.edu/UndergraduateStudent279}, {X=http://www.Department2.University2.edu/UndergraduateStudent305}, {X=http://www.Department2.University2.edu/UndergraduateStudent130}, {X=http://www.Department2.University2.edu/UndergraduateStudent17}, {X=http://www.Department2.University2.edu/UndergraduateStudent246}, {X=http://www.Department2.University2.edu/UndergraduateStudent294}, {X=http://www.Department2.University2.edu/UndergraduateStudent278}, {X=http://www.Department2.University2.edu/UndergraduateStudent270}, {X=http://www.Department2.University2.edu/UndergraduateStudent81}, {X=http://www.Department2.University2.edu/UndergraduateStudent89}, {X=http://www.Department2.University2.edu/UndergraduateStudent284}, {X=http://www.Department2.University2.edu/UndergraduateStudent228}, {X=http://www.Department2.University2.edu/UndergraduateStudent49}, {X=http://www.Department2.University2.edu/UndergraduateStudent216}, {X=http://www.Department2.University2.edu/UndergraduateStudent142}, {X=http://www.Department2.University2.edu/UndergraduateStudent261}, {X=http://www.Department2.University2.edu/UndergraduateStudent213}, {X=http://www.Department2.University2.edu/UndergraduateStudent168}, {X=http://www.Department2.University2.edu/UndergraduateStudent0}, {X=http://www.Department2.University2.edu/UndergraduateStudent349}, {X=http://www.Department2.University2.edu/UndergraduateStudent263}, {X=http://www.Department2.University2.edu/UndergraduateStudent266}, {X=http://www.Department2.University2.edu/UndergraduateStudent345}, {X=http://www.Department2.University2.edu/UndergraduateStudent176}, {X=http://www.Department2.University2.edu/UndergraduateStudent39}, {X=http://www.Department2.University2.edu/UndergraduateStudent124}, {X=http://www.Department2.University2.edu/UndergraduateStudent198}, {X=http://www.Department2.University2.edu/UndergraduateStudent110}, {X=http://www.Department2.University2.edu/UndergraduateStudent195}, {X=http://www.Department2.University2.edu/UndergraduateStudent52}, {X=http://www.Department2.University2.edu/UndergraduateStudent354}, {X=http://www.Department2.University2.edu/UndergraduateStudent48}, {X=http://www.Department2.University2.edu/UndergraduateStudent260}, {X=http://www.Department2.University2.edu/UndergraduateStudent307}, {X=http://www.Department2.University2.edu/UndergraduateStudent61}, {X=http://www.Department2.University2.edu/UndergraduateStudent16}, {X=http://www.Department2.University2.edu/UndergraduateStudent314}, {X=http://www.Department2.University2.edu/UndergraduateStudent296}, {X=http://www.Department2.University2.edu/UndergraduateStudent319}, {X=http://www.Department2.University2.edu/UndergraduateStudent344}, {X=http://www.Department2.University2.edu/UndergraduateStudent71}, {X=http://www.Department2.University2.edu/UndergraduateStudent35}, {X=http://www.Department2.University2.edu/UndergraduateStudent22}, {X=http://www.Department2.University2.edu/UndergraduateStudent170}, {X=http://www.Department2.University2.edu/UndergraduateStudent108}, {X=http://www.Department2.University2.edu/UndergraduateStudent103}, {X=http://www.Department2.University2.edu/UndergraduateStudent156}, {X=http://www.Department2.University2.edu/UndergraduateStudent304}, {X=http://www.Department2.University2.edu/UndergraduateStudent153}, {X=http://www.Department2.University2.edu/UndergraduateStudent118}, {X=http://www.Department2.University2.edu/UndergraduateStudent230}, {X=http://www.Department2.University2.edu/UndergraduateStudent41}, {X=http://www.Department2.University2.edu/UndergraduateStudent131}, {X=http://www.Department2.University2.edu/UndergraduateStudent255}, {X=http://www.Department2.University2.edu/UndergraduateStudent290}, {X=http://www.Department2.University2.edu/UndergraduateStudent86}, {X=http://www.Department2.University2.edu/UndergraduateStudent317}, {X=http://www.Department2.University2.edu/UndergraduateStudent235}, {X=http://www.Department2.University2.edu/UndergraduateStudent188}, {X=http://www.Department2.University2.edu/UndergraduateStudent121}, {X=http://www.Department2.University2.edu/UndergraduateStudent144}, {X=http://www.Department2.University2.edu/UndergraduateStudent203}, {X=http://www.Department2.University2.edu/UndergraduateStudent251}, {X=http://www.Department2.University2.edu/UndergraduateStudent15}, {X=http://www.Department2.University2.edu/UndergraduateStudent62}, {X=http://www.Department2.University2.edu/UndergraduateStudent82}, {X=http://www.Department2.University2.edu/UndergraduateStudent276}, {X=http://www.Department2.University2.edu/UndergraduateStudent141}, {X=http://www.Department2.University2.edu/UndergraduateStudent217}, {X=http://www.Department2.University2.edu/UndergraduateStudent215}, {X=http://www.Department2.University2.edu/UndergraduateStudent112}, {X=http://www.Department2.University2.edu/UndergraduateStudent265}, {X=http://www.Department2.University2.edu/UndergraduateStudent106}, {X=http://www.Department2.University2.edu/UndergraduateStudent268}, {X=http://www.Department2.University2.edu/UndergraduateStudent259}, {X=http://www.Department2.University2.edu/UndergraduateStudent12}, {X=http://www.Department2.University2.edu/UndergraduateStudent23}, {X=http://www.Department2.University2.edu/UndergraduateStudent310}, {X=http://www.Department2.University2.edu/UndergraduateStudent248}, {X=http://www.Department2.University2.edu/UndergraduateStudent183}, {X=http://www.Department2.University2.edu/UndergraduateStudent94}, {X=http://www.Department2.University2.edu/UndergraduateStudent138}, {X=http://www.Department2.University2.edu/UndergraduateStudent37}, {X=http://www.Department2.University2.edu/UndergraduateStudent291}, {X=http://www.Department2.University2.edu/UndergraduateStudent233}, {X=http://www.Department2.University2.edu/UndergraduateStudent6}, {X=http://www.Department2.University2.edu/UndergraduateStudent212}, {X=http://www.Department2.University2.edu/UndergraduateStudent55}, {X=http://www.Department2.University2.edu/UndergraduateStudent206}, {X=http://www.Department2.University2.edu/UndergraduateStudent91}, {X=http://www.Department2.University2.edu/UndergraduateStudent315}, {X=http://www.Department2.University2.edu/UndergraduateStudent172}, {X=http://www.Department2.University2.edu/UndergraduateStudent222}, {X=http://www.Department2.University2.edu/UndergraduateStudent145}, {X=http://www.Department2.University2.edu/UndergraduateStudent252}, {X=http://www.Department2.University2.edu/UndergraduateStudent192}, {X=http://www.Department2.University2.edu/UndergraduateStudent199}, {X=http://www.Department2.University2.edu/UndergraduateStudent309}, {X=http://www.Department2.University2.edu/UndergraduateStudent332}, {X=http://www.Department2.University2.edu/UndergraduateStudent26}, {X=http://www.Department2.University2.edu/UndergraduateStudent173}, {X=http://www.Department2.University2.edu/UndergraduateStudent73}, {X=http://www.Department2.University2.edu/UndergraduateStudent7}, {X=http://www.Department2.University2.edu/UndergraduateStudent160}, {X=http://www.Department2.University2.edu/UndergraduateStudent92}, {X=http://www.Department2.University2.edu/UndergraduateStudent116}, {X=http://www.Department2.University2.edu/UndergraduateStudent184}, {X=http://www.Department2.University2.edu/UndergraduateStudent201}, {X=http://www.Department2.University2.edu/UndergraduateStudent85}, {X=http://www.Department2.University2.edu/UndergraduateStudent326}, {X=http://www.Department2.University2.edu/UndergraduateStudent227}, {X=http://www.Department2.University2.edu/UndergraduateStudent240}, {X=http://www.Department2.University2.edu/UndergraduateStudent3}, {X=http://www.Department2.University2.edu/UndergraduateStudent197}, {X=http://www.Department2.University2.edu/UndergraduateStudent123}, {X=http://www.Department2.University2.edu/UndergraduateStudent271}, {X=http://www.Department2.University2.edu/UndergraduateStudent311}, {X=http://www.Department2.University2.edu/UndergraduateStudent287}, {X=http://www.Department2.University2.edu/UndergraduateStudent80}, {X=http://www.Department2.University2.edu/UndergraduateStudent285}, {X=http://www.Department2.University2.edu/UndergraduateStudent359}, {X=http://www.Department2.University2.edu/UndergraduateStudent333}, {X=http://www.Department2.University2.edu/UndergraduateStudent239}, {X=http://www.Department2.University2.edu/UndergraduateStudent218}, {X=http://www.Department2.University2.edu/UndergraduateStudent96}, {X=http://www.Department2.University2.edu/UndergraduateStudent178}, {X=http://www.Department2.University2.edu/UndergraduateStudent157}, {X=http://www.Department2.University2.edu/UndergraduateStudent105}, {X=http://www.Department2.University2.edu/UndergraduateStudent50}, {X=http://www.Department2.University2.edu/UndergraduateStudent25}, {X=http://www.Department2.University2.edu/UndergraduateStudent316}, {X=http://www.Department2.University2.edu/UndergraduateStudent254}, {X=http://www.Department2.University2.edu/UndergraduateStudent47}, {X=http://www.Department2.University2.edu/UndergraduateStudent303}, {X=http://www.Department2.University2.edu/UndergraduateStudent221}, {X=http://www.Department2.University2.edu/UndergraduateStudent181}, {X=http://www.Department2.University2.edu/UndergraduateStudent219}, {X=http://www.Department2.University2.edu/UndergraduateStudent24}, {X=http://www.Department2.University2.edu/UndergraduateStudent297}, {X=http://www.Department2.University2.edu/UndergraduateStudent330}, {X=http://www.Department2.University2.edu/UndergraduateStudent243}, {X=http://www.Department2.University2.edu/UndergraduateStudent301}, {X=http://www.Department2.University2.edu/UndergraduateStudent308}, {X=http://www.Department2.University2.edu/UndergraduateStudent128}, {X=http://www.Department2.University2.edu/UndergraduateStudent120}, {X=http://www.Department2.University2.edu/UndergraduateStudent14}, {X=http://www.Department2.University2.edu/UndergraduateStudent358}, {X=http://www.Department2.University2.edu/UndergraduateStudent13}, {X=http://www.Department2.University2.edu/UndergraduateStudent253}, {X=http://www.Department2.University2.edu/UndergraduateStudent205}, {X=http://www.Department2.University2.edu/UndergraduateStudent347}, {X=http://www.Department2.University2.edu/UndergraduateStudent133}, {X=http://www.Department2.University2.edu/UndergraduateStudent136}, {X=http://www.Department2.University2.edu/UndergraduateStudent40}, {X=http://www.Department2.University2.edu/UndergraduateStudent29}, {X=http://www.Department2.University2.edu/UndergraduateStudent193}, {X=http://www.Department2.University2.edu/UndergraduateStudent122}, {X=http://www.Department2.University2.edu/UndergraduateStudent56}, {X=http://www.Department2.University2.edu/UndergraduateStudent325}, {X=http://www.Department2.University2.edu/UndergraduateStudent202}, {X=http://www.Department2.University2.edu/UndergraduateStudent210}, {X=http://www.Department2.University2.edu/UndergraduateStudent139}, {X=http://www.Department2.University2.edu/UndergraduateStudent114}, {X=http://www.Department2.University2.edu/UndergraduateStudent298}, {X=http://www.Department2.University2.edu/UndergraduateStudent31}, {X=http://www.Department2.University2.edu/UndergraduateStudent262}, {X=http://www.Department2.University2.edu/UndergraduateStudent148}, {X=http://www.Department2.University2.edu/UndergraduateStudent163}, {X=http://www.Department2.University2.edu/UndergraduateStudent249}, {X=http://www.Department2.University2.edu/UndergraduateStudent60}, {X=http://www.Department2.University2.edu/UndergraduateStudent76}, {X=http://www.Department2.University2.edu/UndergraduateStudent149}, {X=http://www.Department2.University2.edu/UndergraduateStudent351}, {X=http://www.Department2.University2.edu/UndergraduateStudent78}, {X=http://www.Department2.University2.edu/UndergraduateStudent352}, {X=http://www.Department2.University2.edu/UndergraduateStudent236}, {X=http://www.Department2.University2.edu/UndergraduateStudent211}, {X=http://www.Department2.University2.edu/UndergraduateStudent36}, {X=http://www.Department2.University2.edu/UndergraduateStudent338}, {X=http://www.Department2.University2.edu/UndergraduateStudent107}, {X=http://www.Department2.University2.edu/UndergraduateStudent339}, {X=http://www.Department2.University2.edu/UndergraduateStudent167}, {X=http://www.Department2.University2.edu/UndergraduateStudent54}, {X=http://www.Department2.University2.edu/UndergraduateStudent237}, {X=http://www.Department2.University2.edu/UndergraduateStudent306}, {X=http://www.Department2.University2.edu/UndergraduateStudent72}, {X=http://www.Department2.University2.edu/UndergraduateStudent77}, {X=http://www.Department2.University2.edu/UndergraduateStudent9}, {X=http://www.Department2.University2.edu/UndergraduateStudent65}, {X=http://www.Department2.University2.edu/UndergraduateStudent340}, {X=http://www.Department2.University2.edu/UndergraduateStudent208}, {X=http://www.Department2.University2.edu/UndergraduateStudent11}, {X=http://www.Department2.University2.edu/UndergraduateStudent67}, {X=http://www.Department2.University2.edu/UndergraduateStudent322}, {X=http://www.Department2.University2.edu/UndergraduateStudent70}, {X=http://www.Department2.University2.edu/UndergraduateStudent299}, {X=http://www.Department2.University2.edu/UndergraduateStudent134}, {X=http://www.Department2.University2.edu/UndergraduateStudent28}, {X=http://www.Department2.University2.edu/UndergraduateStudent335}, {X=http://www.Department2.University2.edu/UndergraduateStudent288}, {X=http://www.Department2.University2.edu/UndergraduateStudent129}, {X=http://www.Department2.University2.edu/UndergraduateStudent125}, {X=http://www.Department2.University2.edu/UndergraduateStudent97}, {X=http://www.Department2.University2.edu/UndergraduateStudent137}, {X=http://www.Department2.University2.edu/UndergraduateStudent161}, {X=http://www.Department2.University2.edu/UndergraduateStudent162}, {X=http://www.Department2.University2.edu/UndergraduateStudent348}, {X=http://www.Department2.University2.edu/UndergraduateStudent10}, {X=http://www.Department2.University2.edu/UndergraduateStudent357}, {X=http://www.Department2.University2.edu/UndergraduateStudent293}, {X=http://www.Department2.University2.edu/UndergraduateStudent328}, {X=http://www.Department2.University2.edu/UndergraduateStudent350}, {X=http://www.Department2.University2.edu/UndergraduateStudent59}, {X=http://www.Department2.University2.edu/UndergraduateStudent209}, {X=http://www.Department2.University2.edu/UndergraduateStudent269}, {X=http://www.Department2.University2.edu/UndergraduateStudent1}, {X=http://www.Department2.University2.edu/UndergraduateStudent64}, {X=http://www.Department2.University2.edu/UndergraduateStudent245}, {X=http://www.Department2.University2.edu/UndergraduateStudent272}, {X=http://www.Department2.University2.edu/UndergraduateStudent95}, {X=http://www.Department2.University2.edu/UndergraduateStudent109}, {X=http://www.Department2.University2.edu/UndergraduateStudent337}, {X=http://www.Department2.University2.edu/UndergraduateStudent104}, {X=http://www.Department2.University2.edu/UndergraduateStudent179}, {X=http://www.Department2.University2.edu/UndergraduateStudent43}, {X=http://www.Department2.University2.edu/UndergraduateStudent4}, {X=http://www.Department2.University2.edu/UndergraduateStudent102}, {X=http://www.Department2.University2.edu/UndergraduateStudent117}, {X=http://www.Department2.University2.edu/UndergraduateStudent182}, {X=http://www.Department2.University2.edu/UndergraduateStudent324}, {X=http://www.Department2.University2.edu/UndergraduateStudent51}, {X=http://www.Department2.University2.edu/UndergraduateStudent119}, {X=http://www.Department2.University2.edu/UndergraduateStudent280}, {X=http://www.Department2.University2.edu/UndergraduateStudent38}, {X=http://www.Department2.University2.edu/UndergraduateStudent274}, {X=http://www.Department2.University2.edu/UndergraduateStudent93}, {X=http://www.Department2.University2.edu/UndergraduateStudent58}, {X=http://www.Department2.University2.edu/UndergraduateStudent258}, {X=http://www.Department2.University2.edu/UndergraduateStudent223}, {X=http://www.Department2.University2.edu/UndergraduateStudent177}, {X=http://www.Department2.University2.edu/UndergraduateStudent146}, {X=http://www.Department2.University2.edu/UndergraduateStudent101}, {X=http://www.Department2.University2.edu/UndergraduateStudent140}, {X=http://www.Department2.University2.edu/UndergraduateStudent32}, {X=http://www.Department2.University2.edu/UndergraduateStudent220}, {X=http://www.Department2.University2.edu/UndergraduateStudent90}, {X=http://www.Department2.University2.edu/UndergraduateStudent135}, {X=http://www.Department2.University2.edu/UndergraduateStudent186}, {X=http://www.Department2.University2.edu/UndergraduateStudent312}, {X=http://www.Department2.University2.edu/UndergraduateStudent286}, {X=http://www.Department2.University2.edu/UndergraduateStudent341}, {X=http://www.Department2.University2.edu/UndergraduateStudent342}, {X=http://www.Department2.University2.edu/UndergraduateStudent295}, {X=http://www.Department2.University2.edu/UndergraduateStudent267}, {X=http://www.Department2.University2.edu/UndergraduateStudent355}, {X=http://www.Department2.University2.edu/UndergraduateStudent34}, {X=http://www.Department2.University2.edu/UndergraduateStudent320}, {X=http://www.Department2.University2.edu/UndergraduateStudent321}, {X=http://www.Department2.University2.edu/UndergraduateStudent158}, {X=http://www.Department2.University2.edu/UndergraduateStudent171}, {X=http://www.Department2.University2.edu/UndergraduateStudent300}, {X=http://www.Department2.University2.edu/UndergraduateStudent275}, {X=http://www.Department2.University2.edu/UndergraduateStudent318}, {X=http://www.Department2.University2.edu/UndergraduateStudent165}, {X=http://www.Department2.University2.edu/UndergraduateStudent57}, {X=http://www.Department2.University2.edu/UndergraduateStudent115}, {X=http://www.Department2.University2.edu/UndergraduateStudent151}, {X=http://www.Department2.University2.edu/UndergraduateStudent88}, {X=http://www.Department2.University2.edu/UndergraduateStudent194}, {X=http://www.Department2.University2.edu/UndergraduateStudent169}, {X=http://www.Department2.University2.edu/UndergraduateStudent147}, {X=http://www.Department2.University2.edu/UndergraduateStudent46}, {X=http://www.Department2.University2.edu/UndergraduateStudent79}, {X=http://www.Department2.University2.edu/UndergraduateStudent302}, {X=http://www.Department2.University2.edu/UndergraduateStudent231}, {X=http://www.Department2.University2.edu/UndergraduateStudent63}, {X=http://www.Department2.University2.edu/UndergraduateStudent256}, {X=http://www.Department2.University2.edu/UndergraduateStudent336}, {X=http://www.Department2.University2.edu/UndergraduateStudent264}, {X=http://www.Department2.University2.edu/UndergraduateStudent247}, {X=http://www.Department2.University2.edu/UndergraduateStudent283}, {X=http://www.Department2.University2.edu/UndergraduateStudent214}, {X=http://www.Department2.University2.edu/UndergraduateStudent191}, {X=http://www.Department2.University2.edu/UndergraduateStudent313}, {X=http://www.Department2.University2.edu/UndergraduateStudent42}, {X=http://www.Department2.University2.edu/UndergraduateStudent100}, {X=http://www.Department2.University2.edu/UndergraduateStudent83}, {X=http://www.Department2.University2.edu/UndergraduateStudent75}, {X=http://www.Department2.University2.edu/UndergraduateStudent69}, {X=http://www.Department2.University2.edu/UndergraduateStudent98}, {X=http://www.Department2.University2.edu/UndergraduateStudent204}, {X=http://www.Department2.University2.edu/UndergraduateStudent356}, {X=http://www.Department2.University2.edu/UndergraduateStudent20}, {X=http://www.Department2.University2.edu/UndergraduateStudent111}, {X=http://www.Department2.University2.edu/UndergraduateStudent277}, {X=http://www.Department2.University2.edu/UndergraduateStudent360}, {X=http://www.Department2.University2.edu/UndergraduateStudent190}, {X=http://www.Department2.University2.edu/UndergraduateStudent87}, {X=http://www.Department2.University2.edu/UndergraduateStudent5}, {X=http://www.Department2.University2.edu/UndergraduateStudent189}, {X=http://www.Department2.University2.edu/UndergraduateStudent2}, {X=http://www.Department2.University2.edu/UndergraduateStudent282}, {X=http://www.Department2.University2.edu/UndergraduateStudent224}, {X=http://www.Department2.University2.edu/UndergraduateStudent84}, {X=http://www.Department2.University2.edu/UndergraduateStudent281}, {X=http://www.Department2.University2.edu/UndergraduateStudent331}, {X=http://www.Department2.University2.edu/UndergraduateStudent226}, {X=http://www.Department2.University2.edu/UndergraduateStudent132}, {X=http://www.Department2.University2.edu/UndergraduateStudent44}, {X=http://www.Department2.University2.edu/UndergraduateStudent33}, {X=http://www.Department2.University2.edu/UndergraduateStudent166}, {X=http://www.Department2.University2.edu/UndergraduateStudent74}, {X=http://www.Department2.University2.edu/UndergraduateStudent207}, {X=http://www.Department2.University2.edu/UndergraduateStudent244}, {X=http://www.Department2.University2.edu/UndergraduateStudent19}, {X=http://www.Department2.University2.edu/UndergraduateStudent175}, {X=http://www.Department2.University2.edu/UndergraduateStudent68}, {X=http://www.Department2.University2.edu/UndergraduateStudent323}, {X=http://www.Department2.University2.edu/UndergraduateStudent45}, {X=http://www.Department2.University2.edu/UndergraduateStudent154}, {X=http://www.Department2.University2.edu/UndergraduateStudent127}, {X=http://www.Department2.University2.edu/UndergraduateStudent8}, {X=http://www.Department2.University2.edu/UndergraduateStudent152}, {X=http://www.Department2.University2.edu/UndergraduateStudent53}, {X=http://www.Department2.University2.edu/UndergraduateStudent329}, {X=http://www.Department2.University2.edu/UndergraduateStudent200}, {X=http://www.Department2.University2.edu/UndergraduateStudent232}, {X=http://www.Department2.University2.edu/UndergraduateStudent21}, {X=http://www.Department2.University2.edu/UndergraduateStudent273}, {X=http://www.Department2.University2.edu/UndergraduateStudent159}, {X=http://www.Department2.University2.edu/UndergraduateStudent99}, {X=http://www.Department2.University2.edu/UndergraduateStudent292}, {X=http://www.Department2.University2.edu/UndergraduateStudent242}, {X=http://www.Department2.University2.edu/UndergraduateStudent353}, {X=http://www.Department2.University2.edu/UndergraduateStudent343}, {X=http://www.Department2.University2.edu/UndergraduateStudent238}, {X=http://www.Department2.University2.edu/UndergraduateStudent18}, {X=http://www.Department2.University2.edu/UndergraduateStudent187}, {X=http://www.Department2.University2.edu/UndergraduateStudent334}, {X=http://www.Department2.University2.edu/UndergraduateStudent143}, {X=http://www.Department2.University2.edu/UndergraduateStudent27}, {X=http://www.Department2.University2.edu/UndergraduateStudent174}, {X=http://www.Department2.University2.edu/UndergraduateStudent250}, {X=http://www.Department2.University2.edu/UndergraduateStudent30}, {X=http://www.Department2.University2.edu/UndergraduateStudent234}, {X=http://www.Department2.University2.edu/UndergraduateStudent150}, {X=http://www.Department2.University2.edu/UndergraduateStudent289}, {X=http://www.Department2.University2.edu/UndergraduateStudent164}, {X=http://www.Department2.University2.edu/UndergraduateStudent241}, {X=http://www.Department2.University2.edu/UndergraduateStudent126}, {X=http://www.Department2.University2.edu/UndergraduateStudent225}, {X=http://www.Department2.University2.edu/UndergraduateStudent257}, {X=http://www.Department2.University2.edu/UndergraduateStudent155}, {X=http://www.Department2.University2.edu/UndergraduateStudent185}, {X=http://www.Department2.University2.edu/UndergraduateStudent327}, {X=http://www.Department2.University2.edu/UndergraduateStudent196}, {X=http://www.Department2.University2.edu/UndergraduateStudent66}, {X=http://www.Department2.University2.edu/UndergraduateStudent229}, {X=http://www.Department2.University2.edu/UndergraduateStudent113}, {X=http://www.Department2.University2.edu/UndergraduateStudent346}, {X=http://www.Department2.University2.edu/UndergraduateStudent180}, {X=http://www.Department2.University2.edu/UndergraduateStudent279}, {X=http://www.Department2.University2.edu/UndergraduateStudent305}, {X=http://www.Department2.University2.edu/UndergraduateStudent130}, {X=http://www.Department2.University2.edu/UndergraduateStudent17}, {X=http://www.Department2.University2.edu/UndergraduateStudent246}, {X=http://www.Department2.University2.edu/UndergraduateStudent294}, {X=http://www.Department2.University2.edu/UndergraduateStudent278}, {X=http://www.Department2.University2.edu/UndergraduateStudent270}, {X=http://www.Department2.University2.edu/UndergraduateStudent81}, {X=http://www.Department2.University2.edu/UndergraduateStudent89}, {X=http://www.Department2.University2.edu/UndergraduateStudent284}, {X=http://www.Department2.University2.edu/UndergraduateStudent228}, {X=http://www.Department2.University2.edu/UndergraduateStudent49}, {X=http://www.Department2.University2.edu/UndergraduateStudent216}, {X=http://www.Department2.University2.edu/UndergraduateStudent142}, {X=http://www.Department2.University2.edu/UndergraduateStudent261}, {X=http://www.Department2.University2.edu/UndergraduateStudent213}, {X=http://www.Department2.University2.edu/UndergraduateStudent168}, {X=http://www.Department2.University2.edu/UndergraduateStudent0}, {X=http://www.Department2.University2.edu/UndergraduateStudent349}, {X=http://www.Department2.University2.edu/UndergraduateStudent263}, {X=http://www.Department2.University2.edu/UndergraduateStudent266}, {X=http://www.Department2.University2.edu/UndergraduateStudent345}, {X=http://www.Department2.University2.edu/UndergraduateStudent176}, {X=http://www.Department2.University2.edu/UndergraduateStudent39}, {X=http://www.Department2.University2.edu/UndergraduateStudent124}, {X=http://www.Department2.University2.edu/UndergraduateStudent198}, {X=http://www.Department2.University2.edu/UndergraduateStudent110}, {X=http://www.Department2.University2.edu/UndergraduateStudent195}, {X=http://www.Department2.University2.edu/UndergraduateStudent52}, {X=http://www.Department2.University2.edu/UndergraduateStudent354}, {X=http://www.Department2.University2.edu/UndergraduateStudent48}, {X=http://www.Department2.University2.edu/UndergraduateStudent260}, {X=http://www.Department2.University2.edu/UndergraduateStudent307}, {X=http://www.Department2.University2.edu/UndergraduateStudent61}, {X=http://www.Department2.University2.edu/UndergraduateStudent16}, {X=http://www.Department2.University2.edu/UndergraduateStudent314}, {X=http://www.Department2.University2.edu/UndergraduateStudent296}, {X=http://www.Department2.University2.edu/UndergraduateStudent319}, {X=http://www.Department2.University2.edu/UndergraduateStudent344}, {X=http://www.Department2.University2.edu/UndergraduateStudent71}, {X=http://www.Department2.University2.edu/UndergraduateStudent35}, {X=http://www.Department2.University2.edu/UndergraduateStudent22}, {X=http://www.Department2.University2.edu/UndergraduateStudent170}, {X=http://www.Department2.University2.edu/UndergraduateStudent108}, {X=http://www.Department2.University2.edu/UndergraduateStudent103}, {X=http://www.Department2.University2.edu/UndergraduateStudent156}, {X=http://www.Department2.University2.edu/UndergraduateStudent304}, {X=http://www.Department2.University2.edu/UndergraduateStudent153}, {X=http://www.Department2.University2.edu/UndergraduateStudent118}, {X=http://www.Department2.University2.edu/UndergraduateStudent230}, {X=http://www.Department2.University2.edu/UndergraduateStudent41}, {X=http://www.Department2.University2.edu/UndergraduateStudent131}, {X=http://www.Department2.University2.edu/UndergraduateStudent255}, {X=http://www.Department2.University2.edu/UndergraduateStudent290}, {X=http://www.Department2.University2.edu/UndergraduateStudent86}, {X=http://www.Department2.University2.edu/UndergraduateStudent317}, {X=http://www.Department2.University2.edu/UndergraduateStudent235}, {X=http://www.Department2.University2.edu/UndergraduateStudent188}, {X=http://www.Department2.University2.edu/UndergraduateStudent121}, {X=http://www.Department2.University2.edu/UndergraduateStudent144}, {X=http://www.Department2.University2.edu/UndergraduateStudent203}, {X=http://www.Department2.University2.edu/UndergraduateStudent251}, {X=http://www.Department2.University2.edu/UndergraduateStudent15}, {X=http://www.Department2.University2.edu/UndergraduateStudent62}, {X=http://www.Department2.University2.edu/UndergraduateStudent82}, {X=http://www.Department2.University2.edu/UndergraduateStudent276}, {X=http://www.Department2.University2.edu/UndergraduateStudent141}, {X=http://www.Department2.University2.edu/UndergraduateStudent217}, {X=http://www.Department2.University2.edu/UndergraduateStudent215}, {X=http://www.Department2.University2.edu/UndergraduateStudent112}, {X=http://www.Department2.University2.edu/UndergraduateStudent265}, {X=http://www.Department2.University2.edu/UndergraduateStudent106}, {X=http://www.Department2.University2.edu/UndergraduateStudent268}, {X=http://www.Department2.University2.edu/UndergraduateStudent259}, {X=http://www.Department2.University2.edu/UndergraduateStudent12}, {X=http://www.Department2.University2.edu/UndergraduateStudent23}, {X=http://www.Department2.University2.edu/UndergraduateStudent310}, {X=http://www.Department2.University2.edu/UndergraduateStudent248}, {X=http://www.Department2.University2.edu/UndergraduateStudent183}, {X=http://www.Department2.University2.edu/UndergraduateStudent94}, {X=http://www.Department2.University2.edu/UndergraduateStudent138}, {X=http://www.Department2.University2.edu/UndergraduateStudent37}, {X=http://www.Department2.University2.edu/UndergraduateStudent291}, {X=http://www.Department2.University2.edu/UndergraduateStudent233}, {X=http://www.Department2.University2.edu/UndergraduateStudent6}, {X=http://www.Department2.University2.edu/UndergraduateStudent212}, {X=http://www.Department2.University2.edu/UndergraduateStudent55}, {X=http://www.Department2.University2.edu/UndergraduateStudent206}, {X=http://www.Department2.University2.edu/UndergraduateStudent91}, {X=http://www.Department2.University2.edu/UndergraduateStudent315}, {X=http://www.Department2.University2.edu/UndergraduateStudent172}, {X=http://www.Department2.University2.edu/UndergraduateStudent222}, {X=http://www.Department2.University2.edu/UndergraduateStudent145}, {X=http://www.Department2.University2.edu/UndergraduateStudent252}, {X=http://www.Department2.University2.edu/UndergraduateStudent192}, {X=http://www.Department2.University2.edu/UndergraduateStudent199}, {X=http://www.Department2.University2.edu/UndergraduateStudent309}, {X=http://www.Department2.University2.edu/UndergraduateStudent332}, {X=http://www.Department2.University2.edu/UndergraduateStudent26}, {X=http://www.Department2.University2.edu/UndergraduateStudent173}, {X=http://www.Department2.University2.edu/UndergraduateStudent73}, {X=http://www.Department2.University2.edu/UndergraduateStudent7}, {X=http://www.Department2.University2.edu/UndergraduateStudent160}, {X=http://www.Department2.University2.edu/UndergraduateStudent92}, {X=http://www.Department2.University2.edu/UndergraduateStudent116}, {X=http://www.Department2.University2.edu/UndergraduateStudent184}, {X=http://www.Department2.University2.edu/UndergraduateStudent201}, {X=http://www.Department2.University2.edu/UndergraduateStudent85}, {X=http://www.Department2.University2.edu/UndergraduateStudent326}, {X=http://www.Department2.University2.edu/UndergraduateStudent227}, {X=http://www.Department2.University2.edu/UndergraduateStudent240}, {X=http://www.Department2.University2.edu/UndergraduateStudent3}, {X=http://www.Department2.University2.edu/UndergraduateStudent197}, {X=http://www.Department2.University2.edu/UndergraduateStudent123}, {X=http://www.Department2.University2.edu/UndergraduateStudent271}, {X=http://www.Department2.University2.edu/UndergraduateStudent311}, {X=http://www.Department2.University2.edu/UndergraduateStudent287}, {X=http://www.Department2.University2.edu/UndergraduateStudent80}, {X=http://www.Department2.University2.edu/UndergraduateStudent285}, {X=http://www.Department2.University2.edu/UndergraduateStudent359}, {X=http://www.Department2.University2.edu/UndergraduateStudent333}, {X=http://www.Department2.University2.edu/UndergraduateStudent239}, {X=http://www.Department2.University2.edu/UndergraduateStudent218}, {X=http://www.Department2.University2.edu/UndergraduateStudent96}, {X=http://www.Department2.University2.edu/UndergraduateStudent178}, {X=http://www.Department2.University2.edu/UndergraduateStudent157}, {X=http://www.Department2.University2.edu/UndergraduateStudent105}, {X=http://www.Department2.University2.edu/UndergraduateStudent50}, {X=http://www.Department2.University2.edu/UndergraduateStudent25}, {X=http://www.Department2.University2.edu/UndergraduateStudent316}, {X=http://www.Department2.University2.edu/UndergraduateStudent254}, {X=http://www.Department2.University2.edu/UndergraduateStudent47}, {X=http://www.Department2.University2.edu/UndergraduateStudent303}, {X=http://www.Department2.University2.edu/UndergraduateStudent221}, {X=http://www.Department2.University2.edu/UndergraduateStudent181}, {X=http://www.Department2.University2.edu/UndergraduateStudent219}, {X=http://www.Department2.University2.edu/UndergraduateStudent24}, {X=http://www.Department2.University2.edu/UndergraduateStudent297}, {X=http://www.Department2.University2.edu/UndergraduateStudent330}, {X=http://www.Department2.University2.edu/UndergraduateStudent243}, {X=http://www.Department2.University2.edu/UndergraduateStudent301}, {X=http://www.Department2.University2.edu/UndergraduateStudent308}, {X=http://www.Department2.University2.edu/UndergraduateStudent128}, {X=http://www.Department2.University2.edu/UndergraduateStudent120}, {X=http://www.Department2.University2.edu/UndergraduateStudent14}, {X=http://www.Department2.University2.edu/UndergraduateStudent358}, {X=http://www.Department2.University2.edu/UndergraduateStudent13}, {X=http://www.Department2.University2.edu/UndergraduateStudent253}, {X=http://www.Department2.University2.edu/UndergraduateStudent205}, {X=http://www.Department2.University2.edu/UndergraduateStudent347}, {X=http://www.Department2.University2.edu/UndergraduateStudent133}, {X=http://www.Department2.University2.edu/UndergraduateStudent136}, {X=http://www.Department2.University2.edu/UndergraduateStudent40}, {X=http://www.Department2.University2.edu/UndergraduateStudent29}, {X=http://www.Department2.University2.edu/UndergraduateStudent193}, {X=http://www.Department2.University2.edu/UndergraduateStudent122}, {X=http://www.Department2.University2.edu/UndergraduateStudent56}, {X=http://www.Department2.University2.edu/UndergraduateStudent325}, {X=http://www.Department2.University2.edu/UndergraduateStudent202}, {X=http://www.Department2.University2.edu/UndergraduateStudent210}, {X=http://www.Department2.University2.edu/UndergraduateStudent139}, {X=http://www.Department2.University2.edu/UndergraduateStudent114}, {X=http://www.Department2.University2.edu/UndergraduateStudent298}, {X=http://www.Department2.University2.edu/UndergraduateStudent31}, {X=http://www.Department2.University2.edu/UndergraduateStudent262}, {X=http://www.Department2.University2.edu/UndergraduateStudent148}, {X=http://www.Department2.University2.edu/UndergraduateStudent163}, {X=http://www.Department2.University2.edu/UndergraduateStudent249}, {X=http://www.Department2.University2.edu/UndergraduateStudent60}, {X=http://www.Department2.University2.edu/UndergraduateStudent76}, {X=http://www.Department2.University2.edu/UndergraduateStudent149}, {X=http://www.Department2.University2.edu/UndergraduateStudent351}, {X=http://www.Department2.University2.edu/UndergraduateStudent78}, {X=http://www.Department2.University2.edu/UndergraduateStudent352}, {X=http://www.Department2.University2.edu/UndergraduateStudent236}, {X=http://www.Department2.University2.edu/UndergraduateStudent211}, {X=http://www.Department2.University2.edu/UndergraduateStudent36}, {X=http://www.Department2.University2.edu/UndergraduateStudent338}, {X=http://www.Department2.University2.edu/UndergraduateStudent107}, {X=http://www.Department2.University2.edu/UndergraduateStudent339}, {X=http://www.Department2.University2.edu/UndergraduateStudent167}, {X=http://www.Department2.University2.edu/UndergraduateStudent54}, {X=http://www.Department2.University2.edu/UndergraduateStudent237}, {X=http://www.Department2.University2.edu/UndergraduateStudent306}, {X=http://www.Department2.University2.edu/UndergraduateStudent72}, {X=http://www.Department2.University2.edu/UndergraduateStudent77}, {X=http://www.Department2.University2.edu/UndergraduateStudent9}, {X=http://www.Department2.University2.edu/UndergraduateStudent65}, {X=http://www.Department2.University2.edu/UndergraduateStudent340}, {X=http://www.Department2.University2.edu/UndergraduateStudent208}, {X=http://www.Department2.University2.edu/UndergraduateStudent11}, {X=http://www.Department2.University2.edu/UndergraduateStudent67}, {X=http://www.Department2.University2.edu/UndergraduateStudent322}, {X=http://www.Department2.University2.edu/UndergraduateStudent70}, {X=http://www.Department2.University2.edu/UndergraduateStudent299}, {X=http://www.Department2.University2.edu/UndergraduateStudent134}, {X=http://www.Department2.University2.edu/UndergraduateStudent28}, {X=http://www.Department2.University2.edu/UndergraduateStudent335}, {X=http://www.Department2.University2.edu/UndergraduateStudent288}, {X=http://www.Department2.University2.edu/UndergraduateStudent129}, {X=http://www.Department2.University2.edu/UndergraduateStudent125}, {X=http://www.Department2.University2.edu/UndergraduateStudent97}, {X=http://www.Department2.University2.edu/UndergraduateStudent137}, {X=http://www.Department2.University2.edu/UndergraduateStudent161}, {X=http://www.Department2.University2.edu/UndergraduateStudent162}, {X=http://www.Department2.University2.edu/UndergraduateStudent348}, {X=http://www.Department2.University2.edu/UndergraduateStudent10}, {X=http://www.Department2.University2.edu/UndergraduateStudent357}, {X=http://www.Department2.University2.edu/UndergraduateStudent293}, {X=http://www.Department2.University2.edu/UndergraduateStudent328}, {X=http://www.Department2.University2.edu/UndergraduateStudent350}, {X=http://www.Department2.University2.edu/UndergraduateStudent59}, {X=http://www.Department2.University2.edu/UndergraduateStudent209}, {X=http://www.Department2.University2.edu/UndergraduateStudent269}, {X=http://www.Department2.University2.edu/UndergraduateStudent1}, {X=http://www.Department2.University2.edu/UndergraduateStudent64}, {X=http://www.Department2.University2.edu/UndergraduateStudent245}, {X=http://www.Department2.University2.edu/UndergraduateStudent272}, {X=http://www.Department2.University2.edu/UndergraduateStudent95}, {X=http://www.Department2.University2.edu/UndergraduateStudent109}, {X=http://www.Department2.University2.edu/UndergraduateStudent337}, {X=http://www.Department2.University2.edu/UndergraduateStudent104}, {X=http://www.Department2.University2.edu/UndergraduateStudent179}, {X=http://www.Department2.University2.edu/UndergraduateStudent43}, {X=http://www.Department2.University2.edu/UndergraduateStudent4}, {X=http://www.Department2.University2.edu/UndergraduateStudent102}, {X=http://www.Department2.University2.edu/UndergraduateStudent117}, {X=http://www.Department2.University2.edu/UndergraduateStudent182}, {X=http://www.Department2.University2.edu/UndergraduateStudent324}, {X=http://www.Department2.University2.edu/UndergraduateStudent51}, {X=http://www.Department2.University2.edu/UndergraduateStudent119}, {X=http://www.Department2.University2.edu/UndergraduateStudent280}, {X=http://www.Department2.University2.edu/UndergraduateStudent38}, {X=http://www.Department2.University2.edu/UndergraduateStudent274}, {X=http://www.Department2.University2.edu/UndergraduateStudent93}, {X=http://www.Department2.University2.edu/UndergraduateStudent58}, {X=http://www.Department2.University2.edu/UndergraduateStudent258}, {X=http://www.Department2.University2.edu/UndergraduateStudent223}, {X=http://www.Department2.University2.edu/UndergraduateStudent177}, {X=http://www.Department2.University2.edu/UndergraduateStudent146}, {X=http://www.Department2.University2.edu/UndergraduateStudent101}, {X=http://www.Department2.University2.edu/UndergraduateStudent140}, {X=http://www.Department2.University2.edu/UndergraduateStudent32}, {X=http://www.Department2.University2.edu/UndergraduateStudent220}, {X=http://www.Department2.University2.edu/UndergraduateStudent90}, {X=http://www.Department2.University2.edu/UndergraduateStudent135}, {X=http://www.Department2.University2.edu/UndergraduateStudent186}, {X=http://www.Department2.University2.edu/UndergraduateStudent312}, {X=http://www.Department2.University2.edu/UndergraduateStudent286}, {X=http://www.Department2.University2.edu/UndergraduateStudent341}, {X=http://www.Department2.University2.edu/UndergraduateStudent342}, {X=http://www.Department2.University2.edu/UndergraduateStudent295}, {X=http://www.Department2.University2.edu/UndergraduateStudent267}, {X=http://www.Department2.University2.edu/UndergraduateStudent355}, {X=http://www.Department2.University2.edu/UndergraduateStudent34}, {X=http://www.Department2.University2.edu/UndergraduateStudent320}, {X=http://www.Department2.University2.edu/UndergraduateStudent321}, {X=http://www.Department2.University2.edu/UndergraduateStudent158}, {X=http://www.Department2.University2.edu/UndergraduateStudent171}, {X=http://www.Department2.University2.edu/UndergraduateStudent300}, {X=http://www.Department2.University2.edu/UndergraduateStudent275}, {X=http://www.Department2.University2.edu/UndergraduateStudent318}, {X=http://www.Department2.University2.edu/UndergraduateStudent165}, {X=http://www.Department2.University2.edu/UndergraduateStudent57}, {X=http://www.Department2.University2.edu/UndergraduateStudent115}, {X=http://www.Department2.University2.edu/UndergraduateStudent151}, {X=http://www.Department2.University2.edu/UndergraduateStudent88}, {X=http://www.Department2.University2.edu/UndergraduateStudent194}, {X=http://www.Department2.University2.edu/UndergraduateStudent169}, {X=http://www.Department2.University2.edu/UndergraduateStudent147}, {X=http://www.Department2.University2.edu/UndergraduateStudent46}, {X=http://www.Department2.University2.edu/UndergraduateStudent79}, {X=http://www.Department2.University2.edu/UndergraduateStudent302}, {X=http://www.Department2.University2.edu/UndergraduateStudent231}, {X=http://www.Department2.University2.edu/UndergraduateStudent63}, {X=http://www.Department2.University2.edu/UndergraduateStudent256}, {X=http://www.Department2.University2.edu/UndergraduateStudent336}, {X=http://www.Department2.University2.edu/UndergraduateStudent264}, {X=http://www.Department2.University2.edu/UndergraduateStudent247}, {X=http://www.Department2.University2.edu/UndergraduateStudent283}, {X=http://www.Department2.University2.edu/UndergraduateStudent214}, {X=http://www.Department2.University2.edu/UndergraduateStudent191}, {X=http://www.Department2.University2.edu/UndergraduateStudent313}, {X=http://www.Department2.University2.edu/UndergraduateStudent42}, {X=http://www.Department2.University2.edu/UndergraduateStudent100}, {X=http://www.Department2.University2.edu/UndergraduateStudent83}, {X=http://www.Department2.University2.edu/UndergraduateStudent75}, {X=http://www.Department2.University2.edu/UndergraduateStudent69}, {X=http://www.Department2.University2.edu/UndergraduateStudent98}, {X=http://www.Department2.University2.edu/UndergraduateStudent204}, {X=http://www.Department2.University2.edu/UndergraduateStudent356}, {X=http://www.Department2.University2.edu/UndergraduateStudent20}, {X=http://www.Department2.University2.edu/UndergraduateStudent111}, {X=http://www.Department2.University2.edu/UndergraduateStudent277}, {X=http://www.Department2.University2.edu/UndergraduateStudent360}, {X=http://www.Department2.University2.edu/UndergraduateStudent190}, {X=http://www.Department2.University2.edu/UndergraduateStudent87}, {X=http://www.Department2.University2.edu/UndergraduateStudent5}, {X=http://www.Department2.University2.edu/UndergraduateStudent189}, {X=http://www.Department2.University2.edu/UndergraduateStudent2}, {X=http://www.Department2.University2.edu/UndergraduateStudent282}, {X=http://www.Department2.University2.edu/UndergraduateStudent224}, {X=http://www.Department2.University2.edu/UndergraduateStudent84}, {X=http://www.Department2.University2.edu/UndergraduateStudent281}, {X=http://www.Department2.University2.edu/UndergraduateStudent331}, {X=http://www.Department2.University2.edu/UndergraduateStudent226}, {X=http://www.Department2.University2.edu/UndergraduateStudent132}, {X=http://www.Department2.University2.edu/UndergraduateStudent44}, {X=http://www.Department2.University2.edu/UndergraduateStudent33}, {X=http://www.Department2.University2.edu/UndergraduateStudent166}, {X=http://www.Department2.University2.edu/UndergraduateStudent74}, {X=http://www.Department2.University2.edu/UndergraduateStudent207}, {X=http://www.Department2.University2.edu/UndergraduateStudent244}, {X=http://www.Department2.University2.edu/UndergraduateStudent19}, {X=http://www.Department2.University2.edu/UndergraduateStudent175}, {X=http://www.Department2.University2.edu/UndergraduateStudent68}, {X=http://www.Department2.University2.edu/UndergraduateStudent323}, {X=http://www.Department2.University2.edu/UndergraduateStudent45}, {X=http://www.Department2.University2.edu/UndergraduateStudent154}, {X=http://www.Department2.University2.edu/UndergraduateStudent127}, {X=http://www.Department2.University2.edu/UndergraduateStudent8}, {X=http://www.Department2.University2.edu/UndergraduateStudent152}, {X=http://www.Department2.University2.edu/UndergraduateStudent53}, {X=http://www.Department2.University2.edu/UndergraduateStudent329}, {X=http://www.Department2.University2.edu/UndergraduateStudent200}, {X=http://www.Department2.University2.edu/UndergraduateStudent232}, {X=http://www.Department2.University2.edu/UndergraduateStudent21}, {X=http://www.Department2.University2.edu/UndergraduateStudent273}, {X=http://www.Department2.University2.edu/UndergraduateStudent159}, {X=http://www.Department2.University2.edu/UndergraduateStudent99}, {X=http://www.Department2.University2.edu/UndergraduateStudent292}, {X=http://www.Department2.University2.edu/UndergraduateStudent242}, {X=http://www.Department2.University2.edu/UndergraduateStudent353}, {X=http://www.Department2.University2.edu/UndergraduateStudent343}, {X=http://www.Department2.University2.edu/UndergraduateStudent238}, {X=http://www.Department2.University2.edu/UndergraduateStudent18}, {X=http://www.Department2.University2.edu/UndergraduateStudent187}, {X=http://www.Department2.University2.edu/UndergraduateStudent334}, {X=http://www.Department2.University2.edu/UndergraduateStudent143}, {X=http://www.Department2.University2.edu/UndergraduateStudent27}, {X=http://www.Department2.University2.edu/UndergraduateStudent174}, {X=http://www.Department2.University2.edu/UndergraduateStudent250}, {X=http://www.Department2.University2.edu/UndergraduateStudent30}, {X=http://www.Department2.University2.edu/UndergraduateStudent234}, {X=http://www.Department2.University2.edu/UndergraduateStudent150}, {X=http://www.Department2.University2.edu/UndergraduateStudent289}, {X=http://www.Department2.University2.edu/UndergraduateStudent164}, {X=http://www.Department2.University2.edu/UndergraduateStudent241}, {X=http://www.Department2.University2.edu/UndergraduateStudent126}, {X=http://www.Department2.University2.edu/UndergraduateStudent225}, {X=http://www.Department2.University2.edu/UndergraduateStudent257}, {X=http://www.Department2.University2.edu/UndergraduateStudent155}, {X=http://www.Department2.University2.edu/UndergraduateStudent185}, {X=http://www.Department2.University2.edu/UndergraduateStudent327}, {X=http://www.Department2.University2.edu/UndergraduateStudent196}, {X=http://www.Department2.University2.edu/UndergraduateStudent66}, {X=http://www.Department2.University2.edu/UndergraduateStudent229}, {X=http://www.Department2.University2.edu/UndergraduateStudent113}, {X=http://www.Department2.University2.edu/UndergraduateStudent346}, {X=http://www.Department2.University2.edu/UndergraduateStudent180}, {X=http://www.Department2.University2.edu/UndergraduateStudent279}, {X=http://www.Department2.University2.edu/UndergraduateStudent305}, {X=http://www.Department2.University2.edu/UndergraduateStudent130}, {X=http://www.Department2.University2.edu/UndergraduateStudent17}, {X=http://www.Department2.University2.edu/UndergraduateStudent246}, {X=http://www.Department2.University2.edu/UndergraduateStudent294}, {X=http://www.Department2.University2.edu/UndergraduateStudent278}, {X=http://www.Department2.University2.edu/UndergraduateStudent270}, {X=http://www.Department2.University2.edu/UndergraduateStudent81}, {X=http://www.Department2.University2.edu/UndergraduateStudent89}, {X=http://www.Department2.University2.edu/UndergraduateStudent284}, {X=http://www.Department2.University2.edu/UndergraduateStudent228}, {X=http://www.Department2.University2.edu/UndergraduateStudent49}, {X=http://www.Department2.University2.edu/UndergraduateStudent216}, {X=http://www.Department2.University2.edu/UndergraduateStudent142}, {X=http://www.Department2.University2.edu/UndergraduateStudent261}, {X=http://www.Department2.University2.edu/UndergraduateStudent213}, {X=http://www.Department2.University2.edu/UndergraduateStudent168}, {X=http://www.Department2.University2.edu/UndergraduateStudent0}, {X=http://www.Department2.University2.edu/UndergraduateStudent349}, {X=http://www.Department2.University2.edu/UndergraduateStudent263}, {X=http://www.Department2.University2.edu/UndergraduateStudent266}, {X=http://www.Department2.University2.edu/UndergraduateStudent345}, {X=http://www.Department2.University2.edu/UndergraduateStudent176}, {X=http://www.Department2.University2.edu/UndergraduateStudent39}, {X=http://www.Department2.University2.edu/UndergraduateStudent124}, {X=http://www.Department2.University2.edu/UndergraduateStudent198}, {X=http://www.Department2.University2.edu/UndergraduateStudent110}, {X=http://www.Department2.University2.edu/UndergraduateStudent195}, {X=http://www.Department2.University2.edu/UndergraduateStudent52}, {X=http://www.Department2.University2.edu/UndergraduateStudent354}, {X=http://www.Department2.University2.edu/UndergraduateStudent48}, {X=http://www.Department2.University2.edu/UndergraduateStudent260}, {X=http://www.Department2.University2.edu/UndergraduateStudent307}, {X=http://www.Department2.University2.edu/UndergraduateStudent61}, {X=http://www.Department2.University2.edu/UndergraduateStudent16}, {X=http://www.Department2.University2.edu/UndergraduateStudent314}, {X=http://www.Department2.University2.edu/UndergraduateStudent296}, {X=http://www.Department2.University2.edu/UndergraduateStudent319}, {X=http://www.Department2.University2.edu/UndergraduateStudent344}, {X=http://www.Department2.University2.edu/UndergraduateStudent71}, {X=http://www.Department2.University2.edu/UndergraduateStudent35}, {X=http://www.Department2.University2.edu/UndergraduateStudent22}, {X=http://www.Department2.University2.edu/UndergraduateStudent170}, {X=http://www.Department2.University2.edu/UndergraduateStudent108}, {X=http://www.Department2.University2.edu/UndergraduateStudent103}, {X=http://www.Department2.University2.edu/UndergraduateStudent156}, {X=http://www.Department2.University2.edu/UndergraduateStudent304}, {X=http://www.Department2.University2.edu/UndergraduateStudent153}, {X=http://www.Department2.University2.edu/UndergraduateStudent118}, {X=http://www.Department2.University2.edu/UndergraduateStudent230}, {X=http://www.Department2.University2.edu/UndergraduateStudent41}, {X=http://www.Department2.University2.edu/UndergraduateStudent131}, {X=http://www.Department2.University2.edu/UndergraduateStudent255}, {X=http://www.Department2.University2.edu/UndergraduateStudent290}, {X=http://www.Department2.University2.edu/UndergraduateStudent86}, {X=http://www.Department2.University2.edu/UndergraduateStudent317}, {X=http://www.Department2.University2.edu/UndergraduateStudent235}, {X=http://www.Department2.University2.edu/UndergraduateStudent188}, {X=http://www.Department2.University2.edu/UndergraduateStudent121}, {X=http://www.Department2.University2.edu/UndergraduateStudent144}, {X=http://www.Department2.University2.edu/UndergraduateStudent203}, {X=http://www.Department2.University2.edu/UndergraduateStudent251}, {X=http://www.Department2.University2.edu/UndergraduateStudent15}, {X=http://www.Department2.University2.edu/UndergraduateStudent62}, {X=http://www.Department2.University2.edu/UndergraduateStudent82}, {X=http://www.Department2.University2.edu/UndergraduateStudent276}, {X=http://www.Department2.University2.edu/UndergraduateStudent141}, {X=http://www.Department2.University2.edu/UndergraduateStudent217}, {X=http://www.Department2.University2.edu/UndergraduateStudent215}, {X=http://www.Department2.University2.edu/UndergraduateStudent112}, {X=http://www.Department2.University2.edu/UndergraduateStudent265}, {X=http://www.Department2.University2.edu/UndergraduateStudent106}, {X=http://www.Department2.University2.edu/UndergraduateStudent268}, {X=http://www.Department2.University2.edu/UndergraduateStudent259}, {X=http://www.Department2.University2.edu/UndergraduateStudent12}, {X=http://www.Department2.University2.edu/UndergraduateStudent23}, {X=http://www.Department2.University2.edu/UndergraduateStudent310}, {X=http://www.Department2.University2.edu/UndergraduateStudent248}, {X=http://www.Department2.University2.edu/UndergraduateStudent183}, {X=http://www.Department2.University2.edu/UndergraduateStudent94}, {X=http://www.Department2.University2.edu/UndergraduateStudent138}, {X=http://www.Department2.University2.edu/UndergraduateStudent37}, {X=http://www.Department2.University2.edu/UndergraduateStudent291}, {X=http://www.Department2.University2.edu/UndergraduateStudent233}, {X=http://www.Department2.University2.edu/UndergraduateStudent6}, {X=http://www.Department2.University2.edu/UndergraduateStudent212}, {X=http://www.Department2.University2.edu/UndergraduateStudent55}, {X=http://www.Department2.University2.edu/UndergraduateStudent206}, {X=http://www.Department2.University2.edu/UndergraduateStudent91}, {X=http://www.Department2.University2.edu/UndergraduateStudent315}, {X=http://www.Department2.University2.edu/UndergraduateStudent172}, {X=http://www.Department2.University2.edu/UndergraduateStudent222}, {X=http://www.Department2.University2.edu/UndergraduateStudent145}, {X=http://www.Department2.University2.edu/UndergraduateStudent252}, {X=http://www.Department2.University2.edu/UndergraduateStudent192}, {X=http://www.Department2.University2.edu/UndergraduateStudent199}, {X=http://www.Department2.University2.edu/UndergraduateStudent309}, {X=http://www.Department2.University2.edu/UndergraduateStudent332}, {X=http://www.Department2.University2.edu/UndergraduateStudent26}, {X=http://www.Department2.University2.edu/UndergraduateStudent173}, {X=http://www.Department2.University2.edu/UndergraduateStudent73}, {X=http://www.Department2.University2.edu/UndergraduateStudent7}, {X=http://www.Department2.University2.edu/UndergraduateStudent160}, {X=http://www.Department2.University2.edu/UndergraduateStudent92}, {X=http://www.Department2.University2.edu/UndergraduateStudent116}, {X=http://www.Department2.University2.edu/UndergraduateStudent184}, {X=http://www.Department2.University2.edu/UndergraduateStudent201}, {X=http://www.Department2.University2.edu/UndergraduateStudent85}, {X=http://www.Department2.University2.edu/UndergraduateStudent326}, {X=http://www.Department2.University2.edu/UndergraduateStudent227}, {X=http://www.Department2.University2.edu/UndergraduateStudent240}, {X=http://www.Department2.University2.edu/UndergraduateStudent3}, {X=http://www.Department2.University2.edu/UndergraduateStudent197}, {X=http://www.Department2.University2.edu/UndergraduateStudent123}, {X=http://www.Department2.University2.edu/UndergraduateStudent271}, {X=http://www.Department2.University2.edu/UndergraduateStudent311}, {X=http://www.Department2.University2.edu/UndergraduateStudent287}, {X=http://www.Department2.University2.edu/UndergraduateStudent80}, {X=http://www.Department2.University2.edu/UndergraduateStudent285}, {X=http://www.Department2.University2.edu/UndergraduateStudent359}, {X=http://www.Department2.University2.edu/UndergraduateStudent333}, {X=http://www.Department2.University2.edu/UndergraduateStudent239}, {X=http://www.Department2.University2.edu/UndergraduateStudent218}, {X=http://www.Department2.University2.edu/UndergraduateStudent96}, {X=http://www.Department2.University2.edu/UndergraduateStudent178}, {X=http://www.Department2.University2.edu/UndergraduateStudent157}, {X=http://www.Department2.University2.edu/UndergraduateStudent105}, {X=http://www.Department2.University2.edu/UndergraduateStudent50}, {X=http://www.Department2.University2.edu/UndergraduateStudent25}, {X=http://www.Department2.University2.edu/UndergraduateStudent316}, {X=http://www.Department2.University2.edu/UndergraduateStudent254}, {X=http://www.Department2.University2.edu/UndergraduateStudent47}, {X=http://www.Department2.University2.edu/UndergraduateStudent303}, {X=http://www.Department2.University2.edu/UndergraduateStudent221}, {X=http://www.Department2.University2.edu/UndergraduateStudent181}, {X=http://www.Department2.University2.edu/UndergraduateStudent219}, {X=http://www.Department2.University2.edu/UndergraduateStudent24}, {X=http://www.Department2.University2.edu/UndergraduateStudent297}, {X=http://www.Department2.University2.edu/UndergraduateStudent330}, {X=http://www.Department2.University2.edu/UndergraduateStudent243}, {X=http://www.Department2.University2.edu/UndergraduateStudent301}, {X=http://www.Department2.University2.edu/UndergraduateStudent308}, {X=http://www.Department2.University2.edu/UndergraduateStudent128}, {X=http://www.Department2.University2.edu/UndergraduateStudent120}, {X=http://www.Department2.University2.edu/UndergraduateStudent14}, {X=http://www.Department2.University2.edu/UndergraduateStudent358}, {X=http://www.Department2.University2.edu/UndergraduateStudent13}, {X=http://www.Department2.University2.edu/UndergraduateStudent253}, {X=http://www.Department2.University2.edu/UndergraduateStudent205}, {X=http://www.Department2.University2.edu/UndergraduateStudent347}, {X=http://www.Department2.University2.edu/UndergraduateStudent133}, {X=http://www.Department2.University2.edu/UndergraduateStudent136}, {X=http://www.Department2.University2.edu/UndergraduateStudent40}, {X=http://www.Department2.University2.edu/UndergraduateStudent29}, {X=http://www.Department2.University2.edu/UndergraduateStudent193}, {X=http://www.Department2.University2.edu/UndergraduateStudent122}, {X=http://www.Department2.University2.edu/UndergraduateStudent56}, {X=http://www.Department2.University2.edu/UndergraduateStudent325}, {X=http://www.Department2.University2.edu/UndergraduateStudent202}, {X=http://www.Department2.University2.edu/UndergraduateStudent210}, {X=http://www.Department2.University2.edu/UndergraduateStudent139}, {X=http://www.Department2.University2.edu/UndergraduateStudent114}, {X=http://www.Department2.University2.edu/UndergraduateStudent298}, {X=http://www.Department2.University2.edu/UndergraduateStudent31}, {X=http://www.Department2.University2.edu/UndergraduateStudent262}, {X=http://www.Department2.University2.edu/UndergraduateStudent148}, {X=http://www.Department2.University2.edu/UndergraduateStudent163}, {X=http://www.Department2.University2.edu/UndergraduateStudent249}, {X=http://www.Department2.University2.edu/UndergraduateStudent60}, {X=http://www.Department2.University2.edu/UndergraduateStudent76}, {X=http://www.Department2.University2.edu/UndergraduateStudent149}, {X=http://www.Department2.University2.edu/UndergraduateStudent351}, {X=http://www.Department2.University2.edu/UndergraduateStudent78}, {X=http://www.Department2.University2.edu/UndergraduateStudent352}, {X=http://www.Department2.University2.edu/UndergraduateStudent236}, {X=http://www.Department2.University2.edu/UndergraduateStudent211}, {X=http://www.Department2.University2.edu/UndergraduateStudent36}, {X=http://www.Department2.University2.edu/UndergraduateStudent338}, {X=http://www.Department2.University2.edu/UndergraduateStudent107}, {X=http://www.Department2.University2.edu/UndergraduateStudent339}, {X=http://www.Department2.University2.edu/UndergraduateStudent167}, {X=http://www.Department2.University2.edu/UndergraduateStudent54}, {X=http://www.Department2.University2.edu/UndergraduateStudent237}, {X=http://www.Department2.University2.edu/UndergraduateStudent306}, {X=http://www.Department2.University2.edu/UndergraduateStudent72}, {X=http://www.Department2.University2.edu/UndergraduateStudent77}, {X=http://www.Department2.University2.edu/UndergraduateStudent9}, {X=http://www.Department2.University2.edu/UndergraduateStudent65}, {X=http://www.Department2.University2.edu/UndergraduateStudent340}, {X=http://www.Department2.University2.edu/UndergraduateStudent208}, {X=http://www.Department2.University2.edu/UndergraduateStudent11}, {X=http://www.Department2.University2.edu/UndergraduateStudent67}, {X=http://www.Department2.University2.edu/UndergraduateStudent322}, {X=http://www.Department2.University2.edu/UndergraduateStudent70}, {X=http://www.Department2.University2.edu/UndergraduateStudent299}, {X=http://www.Department2.University2.edu/UndergraduateStudent134}, {X=http://www.Department2.University2.edu/UndergraduateStudent28}, {X=http://www.Department2.University2.edu/UndergraduateStudent335}, {X=http://www.Department2.University2.edu/UndergraduateStudent288}, {X=http://www.Department2.University2.edu/UndergraduateStudent129}, {X=http://www.Department2.University2.edu/UndergraduateStudent125}, {X=http://www.Department2.University2.edu/UndergraduateStudent97}, {X=http://www.Department2.University2.edu/UndergraduateStudent137}, {X=http://www.Department2.University2.edu/UndergraduateStudent161}, {X=http://www.Department2.University2.edu/UndergraduateStudent162}, {X=http://www.Department2.University2.edu/UndergraduateStudent348}, {X=http://www.Department2.University2.edu/UndergraduateStudent10}, {X=http://www.Department2.University2.edu/UndergraduateStudent357}, {X=http://www.Department2.University2.edu/UndergraduateStudent293}, {X=http://www.Department2.University2.edu/UndergraduateStudent328}, {X=http://www.Department2.University2.edu/UndergraduateStudent350}, {X=http://www.Department2.University2.edu/UndergraduateStudent59}, {X=http://www.Department2.University2.edu/UndergraduateStudent209}, {X=http://www.Department2.University2.edu/UndergraduateStudent269}, {X=http://www.Department2.University2.edu/UndergraduateStudent1}, {X=http://www.Department2.University2.edu/UndergraduateStudent64}, {X=http://www.Department2.University2.edu/UndergraduateStudent245}, {X=http://www.Department2.University2.edu/UndergraduateStudent272}, {X=http://www.Department2.University2.edu/UndergraduateStudent95}, {X=http://www.Department2.University2.edu/UndergraduateStudent109}, {X=http://www.Department2.University2.edu/UndergraduateStudent337}, {X=http://www.Department2.University2.edu/UndergraduateStudent104}, {X=http://www.Department2.University2.edu/UndergraduateStudent179}, {X=http://www.Department2.University2.edu/UndergraduateStudent43}, {X=http://www.Department2.University2.edu/UndergraduateStudent4}, {X=http://www.Department2.University2.edu/UndergraduateStudent102}, {X=http://www.Department2.University2.edu/UndergraduateStudent117}, {X=http://www.Department2.University2.edu/UndergraduateStudent182}, {X=http://www.Department2.University2.edu/UndergraduateStudent324}, {X=http://www.Department2.University2.edu/UndergraduateStudent51}, {X=http://www.Department2.University2.edu/UndergraduateStudent119}, {X=http://www.Department2.University2.edu/UndergraduateStudent280}, {X=http://www.Department2.University2.edu/UndergraduateStudent38}, {X=http://www.Department2.University2.edu/UndergraduateStudent274}, {X=http://www.Department2.University2.edu/UndergraduateStudent93}, {X=http://www.Department2.University2.edu/UndergraduateStudent58}, {X=http://www.Department2.University2.edu/UndergraduateStudent258}, {X=http://www.Department2.University2.edu/UndergraduateStudent223}, {X=http://www.Department2.University2.edu/UndergraduateStudent177}, {X=http://www.Department2.University2.edu/UndergraduateStudent146}, {X=http://www.Department2.University2.edu/UndergraduateStudent101}, {X=http://www.Department2.University2.edu/UndergraduateStudent140}, {X=http://www.Department2.University2.edu/UndergraduateStudent32}, {X=http://www.Department2.University2.edu/UndergraduateStudent220}, {X=http://www.Department2.University2.edu/UndergraduateStudent90}, {X=http://www.Department2.University2.edu/UndergraduateStudent135}, {X=http://www.Department2.University2.edu/UndergraduateStudent186}, {X=http://www.Department2.University2.edu/UndergraduateStudent312}, {X=http://www.Department2.University2.edu/UndergraduateStudent286}, {X=http://www.Department2.University2.edu/UndergraduateStudent341}, {X=http://www.Department2.University2.edu/UndergraduateStudent342}, {X=http://www.Department2.University2.edu/UndergraduateStudent295}, {X=http://www.Department2.University2.edu/UndergraduateStudent267}, {X=http://www.Department2.University2.edu/UndergraduateStudent355}, {X=http://www.Department2.University2.edu/UndergraduateStudent34}, {X=http://www.Department2.University2.edu/UndergraduateStudent320}, {X=http://www.Department2.University2.edu/UndergraduateStudent321}, {X=http://www.Department2.University2.edu/UndergraduateStudent158}, {X=http://www.Department2.University2.edu/UndergraduateStudent171}, {X=http://www.Department2.University2.edu/UndergraduateStudent300}, {X=http://www.Department2.University2.edu/UndergraduateStudent275}, {X=http://www.Department2.University2.edu/UndergraduateStudent318}, {X=http://www.Department2.University2.edu/UndergraduateStudent165}, {X=http://www.Department2.University2.edu/UndergraduateStudent57}, {X=http://www.Department2.University2.edu/UndergraduateStudent115}, {X=http://www.Department2.University2.edu/UndergraduateStudent151}, {X=http://www.Department2.University2.edu/UndergraduateStudent88}, {X=http://www.Department2.University2.edu/UndergraduateStudent194}, {X=http://www.Department2.University2.edu/UndergraduateStudent169}, {X=http://www.Department2.University2.edu/UndergraduateStudent147}, {X=http://www.Department2.University2.edu/UndergraduateStudent46}, {X=http://www.Department2.University2.edu/UndergraduateStudent79}, {X=http://www.Department2.University2.edu/UndergraduateStudent302}, {X=http://www.Department2.University2.edu/UndergraduateStudent231}, {X=http://www.Department2.University2.edu/UndergraduateStudent63}, {X=http://www.Department2.University2.edu/UndergraduateStudent256}, {X=http://www.Department2.University2.edu/UndergraduateStudent336}, {X=http://www.Department2.University2.edu/UndergraduateStudent264}, {X=http://www.Department2.University2.edu/UndergraduateStudent247}, {X=http://www.Department2.University2.edu/UndergraduateStudent283}, {X=http://www.Department2.University2.edu/UndergraduateStudent214}, {X=http://www.Department2.University2.edu/UndergraduateStudent191}, {X=http://www.Department2.University2.edu/UndergraduateStudent313}, {X=http://www.Department2.University2.edu/UndergraduateStudent42}, {X=http://www.Department2.University2.edu/UndergraduateStudent100}, {X=http://www.Department2.University2.edu/UndergraduateStudent83}, {X=http://www.Department2.University2.edu/UndergraduateStudent75}, {X=http://www.Department2.University2.edu/UndergraduateStudent69}, {X=http://www.Department2.University2.edu/UndergraduateStudent98}, {X=http://www.Department2.University2.edu/UndergraduateStudent204}, {X=http://www.Department2.University2.edu/UndergraduateStudent356}, {X=http://www.Department2.University2.edu/UndergraduateStudent20}, {X=http://www.Department2.University2.edu/UndergraduateStudent111}, {X=http://www.Department2.University2.edu/UndergraduateStudent277}, {X=http://www.Department2.University2.edu/UndergraduateStudent360}, {X=http://www.Department2.University2.edu/UndergraduateStudent190}, {X=http://www.Department2.University2.edu/UndergraduateStudent87}, {X=http://www.Department2.University2.edu/UndergraduateStudent5}, {X=http://www.Department2.University2.edu/UndergraduateStudent189}, {X=http://www.Department2.University2.edu/UndergraduateStudent2}, {X=http://www.Department2.University2.edu/UndergraduateStudent282}, {X=http://www.Department2.University2.edu/UndergraduateStudent224}, {X=http://www.Department2.University2.edu/UndergraduateStudent84}, {X=http://www.Department2.University2.edu/UndergraduateStudent281}, {X=http://www.Department2.University2.edu/UndergraduateStudent331}, {X=http://www.Department2.University2.edu/UndergraduateStudent226}, {X=http://www.Department2.University2.edu/UndergraduateStudent132}, {X=http://www.Department2.University2.edu/UndergraduateStudent44}, {X=http://www.Department2.University2.edu/UndergraduateStudent33}, {X=http://www.Department2.University2.edu/UndergraduateStudent166}, {X=http://www.Department2.University2.edu/UndergraduateStudent74}, {X=http://www.Department2.University2.edu/UndergraduateStudent207}, {X=http://www.Department2.University2.edu/UndergraduateStudent244}, {X=http://www.Department2.University2.edu/UndergraduateStudent19}, {X=http://www.Department2.University2.edu/UndergraduateStudent175}, {X=http://www.Department2.University2.edu/UndergraduateStudent68}, {X=http://www.Department2.University2.edu/UndergraduateStudent323}, {X=http://www.Department2.University2.edu/UndergraduateStudent45}, {X=http://www.Department2.University2.edu/UndergraduateStudent154}, {X=http://www.Department2.University2.edu/UndergraduateStudent127}, {X=http://www.Department2.University2.edu/UndergraduateStudent8}, {X=http://www.Department2.University2.edu/UndergraduateStudent152}, {X=http://www.Department2.University2.edu/UndergraduateStudent53}, {X=http://www.Department2.University2.edu/UndergraduateStudent329}, {X=http://www.Department2.University2.edu/UndergraduateStudent200}, {X=http://www.Department2.University2.edu/UndergraduateStudent232}, {X=http://www.Department2.University2.edu/UndergraduateStudent21}, {X=http://www.Department2.University2.edu/UndergraduateStudent273}, {X=http://www.Department2.University2.edu/UndergraduateStudent159}, {X=http://www.Department2.University2.edu/UndergraduateStudent99}, {X=http://www.Department2.University2.edu/UndergraduateStudent292}, {X=http://www.Department2.University2.edu/UndergraduateStudent242}, {X=http://www.Department2.University2.edu/UndergraduateStudent353}, {X=http://www.Department2.University2.edu/UndergraduateStudent343}, {X=http://www.Department2.University2.edu/UndergraduateStudent238}, {X=http://www.Department2.University2.edu/UndergraduateStudent18}, {X=http://www.Department2.University2.edu/UndergraduateStudent187}, {X=http://www.Department2.University2.edu/UndergraduateStudent334}, {X=http://www.Department2.University2.edu/UndergraduateStudent143}, {X=http://www.Department2.University2.edu/UndergraduateStudent27}, {X=http://www.Department2.University2.edu/UndergraduateStudent174}, {X=http://www.Department2.University2.edu/UndergraduateStudent250}, {X=http://www.Department2.University2.edu/UndergraduateStudent30}, {X=http://www.Department2.University2.edu/UndergraduateStudent234}, {X=http://www.Department2.University2.edu/UndergraduateStudent150}, {X=http://www.Department2.University2.edu/UndergraduateStudent289}, {X=http://www.Department2.University2.edu/UndergraduateStudent164}, {X=http://www.Department2.University2.edu/UndergraduateStudent241}, {X=http://www.Department2.University2.edu/UndergraduateStudent126}, {X=http://www.Department2.University2.edu/UndergraduateStudent225}, {X=http://www.Department2.University2.edu/UndergraduateStudent257}, {X=http://www.Department2.University2.edu/UndergraduateStudent155}, {X=http://www.Department2.University2.edu/UndergraduateStudent185}, {X=http://www.Department2.University2.edu/UndergraduateStudent327}, {X=http://www.Department2.University2.edu/UndergraduateStudent196}, {X=http://www.Department2.University2.edu/UndergraduateStudent66}, {X=http://www.Department2.University2.edu/UndergraduateStudent229}, {X=http://www.Department2.University2.edu/UndergraduateStudent113}, {X=http://www.Department2.University2.edu/UndergraduateStudent346}, {X=http://www.Department2.University2.edu/UndergraduateStudent180}, {X=http://www.Department2.University2.edu/UndergraduateStudent279}, {X=http://www.Department2.University2.edu/UndergraduateStudent305}, {X=http://www.Department2.University2.edu/UndergraduateStudent130}, {X=http://www.Department2.University2.edu/UndergraduateStudent17}, {X=http://www.Department2.University2.edu/UndergraduateStudent246}, {X=http://www.Department2.University2.edu/UndergraduateStudent294}, {X=http://www.Department2.University2.edu/UndergraduateStudent278}, {X=http://www.Department2.University2.edu/UndergraduateStudent270}, {X=http://www.Department2.University2.edu/UndergraduateStudent81}, {X=http://www.Department2.University2.edu/UndergraduateStudent89}, {X=http://www.Department2.University2.edu/UndergraduateStudent284}, {X=http://www.Department2.University2.edu/UndergraduateStudent228}, {X=http://www.Department2.University2.edu/UndergraduateStudent49}, {X=http://www.Department2.University2.edu/UndergraduateStudent216}, {X=http://www.Department2.University2.edu/UndergraduateStudent142}, {X=http://www.Department2.University2.edu/UndergraduateStudent261}, {X=http://www.Department2.University2.edu/UndergraduateStudent213}, {X=http://www.Department2.University2.edu/UndergraduateStudent168}, {X=http://www.Department2.University2.edu/UndergraduateStudent0}, {X=http://www.Department2.University2.edu/UndergraduateStudent349}, {X=http://www.Department2.University2.edu/UndergraduateStudent263}, {X=http://www.Department2.University2.edu/UndergraduateStudent266}, {X=http://www.Department2.University2.edu/UndergraduateStudent345}, {X=http://www.Department2.University2.edu/UndergraduateStudent176}, {X=http://www.Department2.University2.edu/UndergraduateStudent39}, {X=http://www.Department2.University2.edu/UndergraduateStudent124}, {X=http://www.Department2.University2.edu/UndergraduateStudent198}, {X=http://www.Department2.University2.edu/UndergraduateStudent110}, {X=http://www.Department2.University2.edu/UndergraduateStudent195}, {X=http://www.Department2.University2.edu/UndergraduateStudent52}, {X=http://www.Department2.University2.edu/UndergraduateStudent354}, {X=http://www.Department2.University2.edu/UndergraduateStudent48}, {X=http://www.Department2.University2.edu/UndergraduateStudent260}, {X=http://www.Department2.University2.edu/UndergraduateStudent307}, {X=http://www.Department2.University2.edu/UndergraduateStudent61}, {X=http://www.Department2.University2.edu/UndergraduateStudent16}, {X=http://www.Department2.University2.edu/UndergraduateStudent314}, {X=http://www.Department2.University2.edu/UndergraduateStudent296}, {X=http://www.Department2.University2.edu/UndergraduateStudent319}, {X=http://www.Department2.University2.edu/UndergraduateStudent344}, {X=http://www.Department2.University2.edu/UndergraduateStudent71}, {X=http://www.Department2.University2.edu/UndergraduateStudent35}, {X=http://www.Department2.University2.edu/UndergraduateStudent22}, {X=http://www.Department2.University2.edu/UndergraduateStudent170}, {X=http://www.Department2.University2.edu/UndergraduateStudent108}, {X=http://www.Department2.University2.edu/UndergraduateStudent103}, {X=http://www.Department2.University2.edu/UndergraduateStudent156}, {X=http://www.Department2.University2.edu/UndergraduateStudent304}, {X=http://www.Department2.University2.edu/UndergraduateStudent153}, {X=http://www.Department2.University2.edu/UndergraduateStudent118}, {X=http://www.Department2.University2.edu/UndergraduateStudent230}, {X=http://www.Department2.University2.edu/UndergraduateStudent41}, {X=http://www.Department2.University2.edu/UndergraduateStudent131}, {X=http://www.Department2.University2.edu/UndergraduateStudent255}, {X=http://www.Department2.University2.edu/UndergraduateStudent290}, {X=http://www.Department2.University2.edu/UndergraduateStudent86}, {X=http://www.Department2.University2.edu/UndergraduateStudent317}, {X=http://www.Department2.University2.edu/UndergraduateStudent235}, {X=http://www.Department2.University2.edu/UndergraduateStudent188}, {X=http://www.Department2.University2.edu/UndergraduateStudent121}, {X=http://www.Department2.University2.edu/UndergraduateStudent144}, {X=http://www.Department2.University2.edu/UndergraduateStudent203}, {X=http://www.Department2.University2.edu/UndergraduateStudent251}, {X=http://www.Department2.University2.edu/UndergraduateStudent15}, {X=http://www.Department2.University2.edu/UndergraduateStudent62}, {X=http://www.Department2.University2.edu/UndergraduateStudent82}, {X=http://www.Department2.University2.edu/UndergraduateStudent276}, {X=http://www.Department2.University2.edu/UndergraduateStudent141}, {X=http://www.Department2.University2.edu/UndergraduateStudent217}, {X=http://www.Department2.University2.edu/UndergraduateStudent215}, {X=http://www.Department2.University2.edu/UndergraduateStudent112}, {X=http://www.Department2.University2.edu/UndergraduateStudent265}, {X=http://www.Department2.University2.edu/UndergraduateStudent106}, {X=http://www.Department2.University2.edu/UndergraduateStudent268}, {X=http://www.Department2.University2.edu/UndergraduateStudent259}, {X=http://www.Department2.University2.edu/UndergraduateStudent12}, {X=http://www.Department2.University2.edu/UndergraduateStudent23}, {X=http://www.Department2.University2.edu/UndergraduateStudent310}, {X=http://www.Department2.University2.edu/UndergraduateStudent248}, {X=http://www.Department2.University2.edu/UndergraduateStudent183}, {X=http://www.Department2.University2.edu/UndergraduateStudent94}, {X=http://www.Department2.University2.edu/UndergraduateStudent138}, {X=http://www.Department2.University2.edu/UndergraduateStudent37}, {X=http://www.Department2.University2.edu/UndergraduateStudent291}, {X=http://www.Department2.University2.edu/UndergraduateStudent233}, {X=http://www.Department2.University2.edu/UndergraduateStudent6}, {X=http://www.Department2.University2.edu/UndergraduateStudent212}, {X=http://www.Department2.University2.edu/UndergraduateStudent55}, {X=http://www.Department2.University2.edu/UndergraduateStudent206}, {X=http://www.Department2.University2.edu/UndergraduateStudent91}, {X=http://www.Department2.University2.edu/UndergraduateStudent315}, {X=http://www.Department2.University2.edu/UndergraduateStudent172}, {X=http://www.Department2.University2.edu/UndergraduateStudent222}, {X=http://www.Department2.University2.edu/UndergraduateStudent145}, {X=http://www.Department2.University2.edu/UndergraduateStudent252}, {X=http://www.Department2.University2.edu/UndergraduateStudent192}, {X=http://www.Department2.University2.edu/UndergraduateStudent199}, {X=http://www.Department2.University2.edu/UndergraduateStudent309}, {X=http://www.Department2.University2.edu/UndergraduateStudent332}, {X=http://www.Department2.University2.edu/UndergraduateStudent26}, {X=http://www.Department2.University2.edu/UndergraduateStudent173}, {X=http://www.Department2.University2.edu/UndergraduateStudent73}, {X=http://www.Department2.University2.edu/UndergraduateStudent7}, {X=http://www.Department2.University2.edu/UndergraduateStudent160}, {X=http://www.Department2.University2.edu/UndergraduateStudent92}, {X=http://www.Department2.University2.edu/UndergraduateStudent116}, {X=http://www.Department2.University2.edu/UndergraduateStudent184}, {X=http://www.Department2.University2.edu/UndergraduateStudent201}, {X=http://www.Department2.University2.edu/UndergraduateStudent85}, {X=http://www.Department2.University2.edu/UndergraduateStudent326}, {X=http://www.Department2.University2.edu/UndergraduateStudent227}, {X=http://www.Department2.University2.edu/UndergraduateStudent240}, {X=http://www.Department2.University2.edu/UndergraduateStudent3}, {X=http://www.Department2.University2.edu/UndergraduateStudent197}, {X=http://www.Department2.University2.edu/UndergraduateStudent123}, {X=http://www.Department2.University2.edu/UndergraduateStudent271}, {X=http://www.Department2.University2.edu/UndergraduateStudent311}, {X=http://www.Department2.University2.edu/UndergraduateStudent287}, {X=http://www.Department2.University2.edu/UndergraduateStudent80}, {X=http://www.Department2.University2.edu/UndergraduateStudent285}, {X=http://www.Department2.University2.edu/UndergraduateStudent359}, {X=http://www.Department2.University2.edu/UndergraduateStudent333}, {X=http://www.Department2.University2.edu/UndergraduateStudent239}, {X=http://www.Department2.University2.edu/UndergraduateStudent218}, {X=http://www.Department2.University2.edu/UndergraduateStudent96}, {X=http://www.Department2.University2.edu/UndergraduateStudent178}, {X=http://www.Department2.University2.edu/UndergraduateStudent157}, {X=http://www.Department2.University2.edu/UndergraduateStudent105}, {X=http://www.Department2.University2.edu/UndergraduateStudent50}, {X=http://www.Department2.University2.edu/UndergraduateStudent25}, {X=http://www.Department2.University2.edu/UndergraduateStudent316}, {X=http://www.Department2.University2.edu/UndergraduateStudent254}, {X=http://www.Department2.University2.edu/UndergraduateStudent47}, {X=http://www.Department2.University2.edu/UndergraduateStudent303}, {X=http://www.Department2.University2.edu/UndergraduateStudent221}, {X=http://www.Department2.University2.edu/UndergraduateStudent181}, {X=http://www.Department2.University2.edu/UndergraduateStudent219}, {X=http://www.Department2.University2.edu/UndergraduateStudent24}, {X=http://www.Department2.University2.edu/UndergraduateStudent297}, {X=http://www.Department2.University2.edu/UndergraduateStudent330}, {X=http://www.Department2.University2.edu/UndergraduateStudent243}, {X=http://www.Department2.University2.edu/UndergraduateStudent301}, {X=http://www.Department2.University2.edu/UndergraduateStudent308}, {X=http://www.Department2.University2.edu/UndergraduateStudent128}, {X=http://www.Department2.University2.edu/UndergraduateStudent120}, {X=http://www.Department2.University2.edu/UndergraduateStudent14}, {X=http://www.Department2.University2.edu/UndergraduateStudent358}, {X=http://www.Department2.University2.edu/UndergraduateStudent13}, {X=http://www.Department2.University2.edu/UndergraduateStudent253}, {X=http://www.Department2.University2.edu/UndergraduateStudent205}, {X=http://www.Department2.University2.edu/UndergraduateStudent347}, {X=http://www.Department2.University2.edu/UndergraduateStudent133}, {X=http://www.Department2.University2.edu/UndergraduateStudent136}, {X=http://www.Department2.University2.edu/UndergraduateStudent40}, {X=http://www.Department2.University2.edu/UndergraduateStudent29}, {X=http://www.Department2.University2.edu/UndergraduateStudent193}, {X=http://www.Department2.University2.edu/UndergraduateStudent122}, {X=http://www.Department2.University2.edu/UndergraduateStudent56}, {X=http://www.Department2.University2.edu/UndergraduateStudent325}, {X=http://www.Department2.University2.edu/UndergraduateStudent202}, {X=http://www.Department2.University2.edu/UndergraduateStudent210}, {X=http://www.Department2.University2.edu/UndergraduateStudent139}, {X=http://www.Department2.University2.edu/UndergraduateStudent114}, {X=http://www.Department2.University2.edu/UndergraduateStudent298}, {X=http://www.Department2.University2.edu/UndergraduateStudent31}, {X=http://www.Department2.University2.edu/UndergraduateStudent262}, {X=http://www.Department2.University2.edu/UndergraduateStudent148}, {X=http://www.Department2.University2.edu/UndergraduateStudent163}, {X=http://www.Department2.University2.edu/UndergraduateStudent249}, {X=http://www.Department2.University2.edu/UndergraduateStudent60}, {X=http://www.Department2.University2.edu/UndergraduateStudent76}, {X=http://www.Department2.University2.edu/UndergraduateStudent149}, {X=http://www.Department2.University2.edu/UndergraduateStudent351}, {X=http://www.Department2.University2.edu/UndergraduateStudent78}, {X=http://www.Department2.University2.edu/UndergraduateStudent352}, {X=http://www.Department2.University2.edu/UndergraduateStudent236}, {X=http://www.Department2.University2.edu/UndergraduateStudent211}, {X=http://www.Department2.University2.edu/UndergraduateStudent36}, {X=http://www.Department2.University2.edu/UndergraduateStudent338}, {X=http://www.Department2.University2.edu/UndergraduateStudent107}, {X=http://www.Department2.University2.edu/UndergraduateStudent339}, {X=http://www.Department2.University2.edu/UndergraduateStudent167}, {X=http://www.Department2.University2.edu/UndergraduateStudent54}, {X=http://www.Department2.University2.edu/UndergraduateStudent237}, {X=http://www.Department2.University2.edu/UndergraduateStudent306}, {X=http://www.Department2.University2.edu/UndergraduateStudent72}, {X=http://www.Department2.University2.edu/UndergraduateStudent77}, {X=http://www.Department2.University2.edu/UndergraduateStudent9}, {X=http://www.Department2.University2.edu/UndergraduateStudent65}, {X=http://www.Department2.University2.edu/UndergraduateStudent340}, {X=http://www.Department2.University2.edu/UndergraduateStudent208}, {X=http://www.Department2.University2.edu/UndergraduateStudent11}, {X=http://www.Department2.University2.edu/UndergraduateStudent67}, {X=http://www.Department2.University2.edu/UndergraduateStudent322}, {X=http://www.Department2.University2.edu/UndergraduateStudent70}, {X=http://www.Department2.University2.edu/UndergraduateStudent299}, {X=http://www.Department2.University2.edu/UndergraduateStudent134}, {X=http://www.Department2.University2.edu/UndergraduateStudent28}, {X=http://www.Department2.University2.edu/UndergraduateStudent335}, {X=http://www.Department2.University2.edu/UndergraduateStudent288}, {X=http://www.Department2.University2.edu/UndergraduateStudent129}, {X=http://www.Department2.University2.edu/UndergraduateStudent125}, {X=http://www.Department2.University2.edu/UndergraduateStudent97}, {X=http://www.Department2.University2.edu/UndergraduateStudent137}, {X=http://www.Department2.University2.edu/UndergraduateStudent161}, {X=http://www.Department2.University2.edu/UndergraduateStudent162}, {X=http://www.Department2.University2.edu/UndergraduateStudent348}, {X=http://www.Department2.University2.edu/UndergraduateStudent10}, {X=http://www.Department2.University2.edu/UndergraduateStudent357}, {X=http://www.Department2.University2.edu/UndergraduateStudent293}, {X=http://www.Department2.University2.edu/UndergraduateStudent328}, {X=http://www.Department2.University2.edu/UndergraduateStudent350}, {X=http://www.Department2.University2.edu/UndergraduateStudent59}, {X=http://www.Department2.University2.edu/UndergraduateStudent209}, {X=http://www.Department2.University2.edu/UndergraduateStudent269}, {X=http://www.Department2.University2.edu/UndergraduateStudent1}, {X=http://www.Department2.University2.edu/UndergraduateStudent64}, {X=http://www.Department2.University2.edu/UndergraduateStudent245}, {X=http://www.Department2.University2.edu/UndergraduateStudent272}, {X=http://www.Department2.University2.edu/UndergraduateStudent95}, {X=http://www.Department2.University2.edu/UndergraduateStudent109}, {X=http://www.Department2.University2.edu/UndergraduateStudent337}, {X=http://www.Department2.University2.edu/UndergraduateStudent104}, {X=http://www.Department2.University2.edu/UndergraduateStudent179}, {X=http://www.Department2.University2.edu/UndergraduateStudent43}, {X=http://www.Department2.University2.edu/UndergraduateStudent4}, {X=http://www.Department2.University2.edu/UndergraduateStudent102}, {X=http://www.Department2.University2.edu/UndergraduateStudent117}, {X=http://www.Department2.University2.edu/UndergraduateStudent182}, {X=http://www.Department2.University2.edu/UndergraduateStudent324}, {X=http://www.Department2.University2.edu/UndergraduateStudent51}, {X=http://www.Department2.University2.edu/UndergraduateStudent119}, {X=http://www.Department2.University2.edu/UndergraduateStudent280}, {X=http://www.Department2.University2.edu/UndergraduateStudent38}, {X=http://www.Department2.University2.edu/UndergraduateStudent274}, {X=http://www.Department2.University2.edu/UndergraduateStudent93}, {X=http://www.Department2.University2.edu/UndergraduateStudent58}, {X=http://www.Department2.University2.edu/UndergraduateStudent258}, {X=http://www.Department2.University2.edu/UndergraduateStudent223}, {X=http://www.Department2.University2.edu/UndergraduateStudent177}, {X=http://www.Department2.University2.edu/UndergraduateStudent146}, {X=http://www.Department2.University2.edu/UndergraduateStudent101}, {X=http://www.Department2.University2.edu/UndergraduateStudent140}, {X=http://www.Department2.University2.edu/UndergraduateStudent32}, {X=http://www.Department2.University2.edu/UndergraduateStudent220}, {X=http://www.Department2.University2.edu/UndergraduateStudent90}, {X=http://www.Department2.University2.edu/UndergraduateStudent135}, {X=http://www.Department2.University2.edu/UndergraduateStudent186}, {X=http://www.Department2.University2.edu/UndergraduateStudent312}, {X=http://www.Department2.University2.edu/UndergraduateStudent286}, {X=http://www.Department2.University2.edu/UndergraduateStudent341}, {X=http://www.Department2.University2.edu/UndergraduateStudent342}, {X=http://www.Department2.University2.edu/UndergraduateStudent295}, {X=http://www.Department2.University2.edu/UndergraduateStudent267}, {X=http://www.Department2.University2.edu/UndergraduateStudent355}, {X=http://www.Department2.University2.edu/UndergraduateStudent34}, {X=http://www.Department2.University2.edu/UndergraduateStudent320}, {X=http://www.Department2.University2.edu/UndergraduateStudent321}, {X=http://www.Department2.University2.edu/UndergraduateStudent158}, {X=http://www.Department2.University2.edu/UndergraduateStudent171}, {X=http://www.Department2.University2.edu/UndergraduateStudent300}, {X=http://www.Department2.University2.edu/UndergraduateStudent275}, {X=http://www.Department2.University2.edu/UndergraduateStudent318}, {X=http://www.Department2.University2.edu/UndergraduateStudent165}, {X=http://www.Department2.University2.edu/UndergraduateStudent57}, {X=http://www.Department2.University2.edu/UndergraduateStudent115}, {X=http://www.Department2.University2.edu/UndergraduateStudent151}, {X=http://www.Department2.University2.edu/UndergraduateStudent88}, {X=http://www.Department2.University2.edu/UndergraduateStudent194}, {X=http://www.Department2.University2.edu/UndergraduateStudent169}, {X=http://www.Department2.University2.edu/UndergraduateStudent147}, {X=http://www.Department2.University2.edu/UndergraduateStudent46}, {X=http://www.Department2.University2.edu/UndergraduateStudent79}, {X=http://www.Department2.University2.edu/UndergraduateStudent302}, {X=http://www.Department2.University2.edu/UndergraduateStudent231}, {X=http://www.Department2.University2.edu/UndergraduateStudent63}, {X=http://www.Department2.University2.edu/UndergraduateStudent256}, {X=http://www.Department2.University2.edu/UndergraduateStudent336}, {X=http://www.Department2.University2.edu/UndergraduateStudent264}, {X=http://www.Department2.University2.edu/UndergraduateStudent247}, {X=http://www.Department2.University2.edu/UndergraduateStudent283}, {X=http://www.Department2.University2.edu/UndergraduateStudent214}, {X=http://www.Department2.University2.edu/UndergraduateStudent191}, {X=http://www.Department2.University2.edu/UndergraduateStudent313}, {X=http://www.Department2.University2.edu/UndergraduateStudent42}, {X=http://www.Department2.University2.edu/UndergraduateStudent100}, {X=http://www.Department2.University2.edu/UndergraduateStudent83}, {X=http://www.Department2.University2.edu/UndergraduateStudent75}, {X=http://www.Department2.University2.edu/UndergraduateStudent69}, {X=http://www.Department2.University2.edu/UndergraduateStudent98}, {X=http://www.Department2.University2.edu/UndergraduateStudent204}, {X=http://www.Department2.University2.edu/UndergraduateStudent356}, {X=http://www.Department2.University2.edu/UndergraduateStudent20}, {X=http://www.Department2.University2.edu/UndergraduateStudent111}, {X=http://www.Department2.University2.edu/UndergraduateStudent277}, {X=http://www.Department2.University2.edu/UndergraduateStudent360}, {X=http://www.Department2.University2.edu/UndergraduateStudent190}, {X=http://www.Department2.University2.edu/UndergraduateStudent87}, {X=http://www.Department2.University2.edu/UndergraduateStudent5}, {X=http://www.Department2.University2.edu/UndergraduateStudent189}, {X=http://www.Department2.University2.edu/UndergraduateStudent2}, {X=http://www.Department2.University2.edu/UndergraduateStudent282}, {X=http://www.Department2.University2.edu/UndergraduateStudent224}, {X=http://www.Department2.University2.edu/UndergraduateStudent84}, {X=http://www.Department2.University2.edu/UndergraduateStudent281}, {X=http://www.Department2.University2.edu/UndergraduateStudent331}, {X=http://www.Department2.University2.edu/UndergraduateStudent226}, {X=http://www.Department2.University2.edu/UndergraduateStudent132}, {X=http://www.Department2.University2.edu/UndergraduateStudent44}, {X=http://www.Department2.University2.edu/UndergraduateStudent33}, {X=http://www.Department2.University2.edu/UndergraduateStudent166}, {X=http://www.Department2.University2.edu/UndergraduateStudent74}, {X=http://www.Department2.University2.edu/UndergraduateStudent207}, {X=http://www.Department2.University2.edu/UndergraduateStudent244}, {X=http://www.Department2.University2.edu/UndergraduateStudent19}, {X=http://www.Department2.University2.edu/UndergraduateStudent175}, {X=http://www.Department2.University2.edu/UndergraduateStudent68}, {X=http://www.Department2.University2.edu/UndergraduateStudent323}, {X=http://www.Department2.University2.edu/UndergraduateStudent45}, {X=http://www.Department2.University2.edu/UndergraduateStudent154}, {X=http://www.Department2.University2.edu/UndergraduateStudent127}, {X=http://www.Department2.University2.edu/UndergraduateStudent8}, {X=http://www.Department2.University2.edu/UndergraduateStudent152}, {X=http://www.Department2.University2.edu/UndergraduateStudent53}, {X=http://www.Department2.University2.edu/UndergraduateStudent329}, {X=http://www.Department2.University2.edu/UndergraduateStudent200}, {X=http://www.Department2.University2.edu/UndergraduateStudent232}, {X=http://www.Department2.University2.edu/UndergraduateStudent21}, {X=http://www.Department2.University2.edu/UndergraduateStudent273}, {X=http://www.Department2.University2.edu/UndergraduateStudent159}, {X=http://www.Department2.University2.edu/UndergraduateStudent99}, {X=http://www.Department2.University2.edu/UndergraduateStudent292}, {X=http://www.Department2.University2.edu/UndergraduateStudent242}, {X=http://www.Department2.University2.edu/UndergraduateStudent353}, {X=http://www.Department2.University2.edu/UndergraduateStudent343}, {X=http://www.Department2.University2.edu/UndergraduateStudent238}, {X=http://www.Department2.University2.edu/UndergraduateStudent18}, {X=http://www.Department2.University2.edu/UndergraduateStudent187}, {X=http://www.Department2.University2.edu/UndergraduateStudent334}, {X=http://www.Department2.University2.edu/UndergraduateStudent143}, {X=http://www.Department2.University2.edu/UndergraduateStudent27}, {X=http://www.Department2.University2.edu/UndergraduateStudent174}, {X=http://www.Department2.University2.edu/UndergraduateStudent250}, {X=http://www.Department2.University2.edu/UndergraduateStudent30}, {X=http://www.Department2.University2.edu/UndergraduateStudent234}, {X=http://www.Department2.University2.edu/UndergraduateStudent150}, {X=http://www.Department2.University2.edu/UndergraduateStudent289}, {X=http://www.Department2.University2.edu/UndergraduateStudent164}, {X=http://www.Department2.University2.edu/UndergraduateStudent241}, {X=http://www.Department2.University2.edu/UndergraduateStudent126}, {X=http://www.Department2.University2.edu/UndergraduateStudent225}, {X=http://www.Department2.University2.edu/UndergraduateStudent257}, {X=http://www.Department2.University2.edu/UndergraduateStudent155}, {X=http://www.Department2.University2.edu/UndergraduateStudent185}, {X=http://www.Department2.University2.edu/UndergraduateStudent327}, {X=http://www.Department2.University2.edu/UndergraduateStudent196}, {X=http://www.Department2.University2.edu/UndergraduateStudent66}, {X=http://www.Department2.University2.edu/UndergraduateStudent229}, {X=http://www.Department2.University2.edu/UndergraduateStudent113}, {X=http://www.Department2.University2.edu/UndergraduateStudent346}, {X=http://www.Department2.University2.edu/UndergraduateStudent180}, {X=http://www.Department2.University2.edu/UndergraduateStudent279}, {X=http://www.Department2.University2.edu/UndergraduateStudent305}, {X=http://www.Department2.University2.edu/UndergraduateStudent130}, {X=http://www.Department2.University2.edu/UndergraduateStudent17}, {X=http://www.Department2.University2.edu/UndergraduateStudent246}, {X=http://www.Department2.University2.edu/UndergraduateStudent294}, {X=http://www.Department2.University2.edu/UndergraduateStudent278}, {X=http://www.Department2.University2.edu/UndergraduateStudent270}, {X=http://www.Department2.University2.edu/UndergraduateStudent81}, {X=http://www.Department2.University2.edu/UndergraduateStudent89}, {X=http://www.Department2.University2.edu/UndergraduateStudent284}, {X=http://www.Department2.University2.edu/UndergraduateStudent228}, {X=http://www.Department2.University2.edu/UndergraduateStudent49}, {X=http://www.Department2.University2.edu/UndergraduateStudent216}, {X=http://www.Department2.University2.edu/UndergraduateStudent142}, {X=http://www.Department2.University2.edu/UndergraduateStudent261}, {X=http://www.Department2.University2.edu/UndergraduateStudent213}, {X=http://www.Department2.University2.edu/UndergraduateStudent168}, {X=http://www.Department2.University2.edu/UndergraduateStudent0}, {X=http://www.Department2.University2.edu/UndergraduateStudent349}, {X=http://www.Department2.University2.edu/UndergraduateStudent263}, {X=http://www.Department2.University2.edu/UndergraduateStudent266}, {X=http://www.Department2.University2.edu/UndergraduateStudent345}, {X=http://www.Department2.University2.edu/UndergraduateStudent176}, {X=http://www.Department2.University2.edu/UndergraduateStudent39}, {X=http://www.Department2.University2.edu/UndergraduateStudent124}, {X=http://www.Department2.University2.edu/UndergraduateStudent198}, {X=http://www.Department2.University2.edu/UndergraduateStudent110}, {X=http://www.Department2.University2.edu/UndergraduateStudent195}, {X=http://www.Department2.University2.edu/UndergraduateStudent52}, {X=http://www.Department2.University2.edu/UndergraduateStudent354}, {X=http://www.Department2.University2.edu/UndergraduateStudent48}, {X=http://www.Department2.University2.edu/UndergraduateStudent260}, {X=http://www.Department2.University2.edu/UndergraduateStudent307}, {X=http://www.Department2.University2.edu/UndergraduateStudent61}, {X=http://www.Department2.University2.edu/UndergraduateStudent16}, {X=http://www.Department2.University2.edu/UndergraduateStudent314}, {X=http://www.Department2.University2.edu/UndergraduateStudent296}, {X=http://www.Department2.University2.edu/UndergraduateStudent319}, {X=http://www.Department2.University2.edu/UndergraduateStudent344}, {X=http://www.Department2.University2.edu/UndergraduateStudent71}, {X=http://www.Department2.University2.edu/UndergraduateStudent35}, {X=http://www.Department2.University2.edu/UndergraduateStudent22}, {X=http://www.Department2.University2.edu/UndergraduateStudent170}, {X=http://www.Department2.University2.edu/UndergraduateStudent108}, {X=http://www.Department2.University2.edu/UndergraduateStudent103}, {X=http://www.Department2.University2.edu/UndergraduateStudent156}, {X=http://www.Department2.University2.edu/UndergraduateStudent304}, {X=http://www.Department2.University2.edu/UndergraduateStudent153}, {X=http://www.Department2.University2.edu/UndergraduateStudent118}, {X=http://www.Department2.University2.edu/UndergraduateStudent230}, {X=http://www.Department2.University2.edu/UndergraduateStudent41}, {X=http://www.Department2.University2.edu/UndergraduateStudent131}, {X=http://www.Department2.University2.edu/UndergraduateStudent255}, {X=http://www.Department2.University2.edu/UndergraduateStudent290}, {X=http://www.Department2.University2.edu/UndergraduateStudent86}, {X=http://www.Department2.University2.edu/UndergraduateStudent317}, {X=http://www.Department2.University2.edu/UndergraduateStudent235}, {X=http://www.Department2.University2.edu/UndergraduateStudent188}, {X=http://www.Department2.University2.edu/UndergraduateStudent121}, {X=http://www.Department2.University2.edu/UndergraduateStudent144}, {X=http://www.Department2.University2.edu/UndergraduateStudent203}, {X=http://www.Department2.University2.edu/UndergraduateStudent251}, {X=http://www.Department2.University2.edu/UndergraduateStudent15}, {X=http://www.Department2.University2.edu/UndergraduateStudent62}, {X=http://www.Department2.University2.edu/UndergraduateStudent82}, {X=http://www.Department2.University2.edu/UndergraduateStudent276}, {X=http://www.Department2.University2.edu/UndergraduateStudent141}, {X=http://www.Department2.University2.edu/UndergraduateStudent217}, {X=http://www.Department2.University2.edu/UndergraduateStudent215}, {X=http://www.Department2.University2.edu/UndergraduateStudent112}, {X=http://www.Department2.University2.edu/UndergraduateStudent265}, {X=http://www.Department2.University2.edu/UndergraduateStudent106}, {X=http://www.Department2.University2.edu/UndergraduateStudent268}, {X=http://www.Department2.University2.edu/UndergraduateStudent259}, {X=http://www.Department2.University2.edu/UndergraduateStudent12}, {X=http://www.Department2.University2.edu/UndergraduateStudent23}, {X=http://www.Department2.University2.edu/UndergraduateStudent310}, {X=http://www.Department2.University2.edu/UndergraduateStudent248}, {X=http://www.Department2.University2.edu/UndergraduateStudent183}, {X=http://www.Department2.University2.edu/UndergraduateStudent94}, {X=http://www.Department2.University2.edu/UndergraduateStudent138}, {X=http://www.Department2.University2.edu/UndergraduateStudent37}, {X=http://www.Department2.University2.edu/UndergraduateStudent291}, {X=http://www.Department2.University2.edu/UndergraduateStudent233}, {X=http://www.Department2.University2.edu/UndergraduateStudent6}, {X=http://www.Department2.University2.edu/UndergraduateStudent212}, {X=http://www.Department2.University2.edu/UndergraduateStudent55}, {X=http://www.Department2.University2.edu/UndergraduateStudent206}, {X=http://www.Department2.University2.edu/UndergraduateStudent91}, {X=http://www.Department2.University2.edu/UndergraduateStudent315}, {X=http://www.Department2.University2.edu/UndergraduateStudent172}, {X=http://www.Department2.University2.edu/UndergraduateStudent222}, {X=http://www.Department2.University2.edu/UndergraduateStudent145}, {X=http://www.Department2.University2.edu/UndergraduateStudent252}, {X=http://www.Department2.University2.edu/UndergraduateStudent192}, {X=http://www.Department2.University2.edu/UndergraduateStudent199}, {X=http://www.Department2.University2.edu/UndergraduateStudent309}, {X=http://www.Department2.University2.edu/UndergraduateStudent332}, {X=http://www.Department2.University2.edu/UndergraduateStudent26}, {X=http://www.Department2.University2.edu/UndergraduateStudent173}, {X=http://www.Department2.University2.edu/UndergraduateStudent73}, {X=http://www.Department2.University2.edu/UndergraduateStudent7}, {X=http://www.Department2.University2.edu/UndergraduateStudent160}, {X=http://www.Department2.University2.edu/UndergraduateStudent92}, {X=http://www.Department2.University2.edu/UndergraduateStudent116}, {X=http://www.Department2.University2.edu/UndergraduateStudent184}, {X=http://www.Department2.University2.edu/UndergraduateStudent201}, {X=http://www.Department2.University2.edu/UndergraduateStudent85}, {X=http://www.Department2.University2.edu/UndergraduateStudent326}, {X=http://www.Department2.University2.edu/UndergraduateStudent227}, {X=http://www.Department2.University2.edu/UndergraduateStudent240}, {X=http://www.Department2.University2.edu/UndergraduateStudent3}, {X=http://www.Department2.University2.edu/UndergraduateStudent197}, {X=http://www.Department2.University2.edu/UndergraduateStudent123}, {X=http://www.Department2.University2.edu/UndergraduateStudent271}, {X=http://www.Department2.University2.edu/UndergraduateStudent311}, {X=http://www.Department2.University2.edu/UndergraduateStudent287}, {X=http://www.Department2.University2.edu/UndergraduateStudent80}, {X=http://www.Department2.University2.edu/UndergraduateStudent285}, {X=http://www.Department2.University2.edu/UndergraduateStudent359}, {X=http://www.Department2.University2.edu/UndergraduateStudent333}, {X=http://www.Department2.University2.edu/UndergraduateStudent239}, {X=http://www.Department2.University2.edu/UndergraduateStudent218}, {X=http://www.Department2.University2.edu/UndergraduateStudent96}, {X=http://www.Department2.University2.edu/UndergraduateStudent178}, {X=http://www.Department2.University2.edu/UndergraduateStudent157}, {X=http://www.Department2.University2.edu/UndergraduateStudent105}, {X=http://www.Department2.University2.edu/UndergraduateStudent50}, {X=http://www.Department2.University2.edu/UndergraduateStudent25}, {X=http://www.Department2.University2.edu/UndergraduateStudent316}, {X=http://www.Department2.University2.edu/UndergraduateStudent254}, {X=http://www.Department2.University2.edu/UndergraduateStudent47}, {X=http://www.Department2.University2.edu/UndergraduateStudent303}, {X=http://www.Department2.University2.edu/UndergraduateStudent221}, {X=http://www.Department2.University2.edu/UndergraduateStudent181}, {X=http://www.Department2.University2.edu/UndergraduateStudent219}, {X=http://www.Department2.University2.edu/UndergraduateStudent24}, {X=http://www.Department2.University2.edu/UndergraduateStudent297}, {X=http://www.Department2.University2.edu/UndergraduateStudent330}, {X=http://www.Department2.University2.edu/UndergraduateStudent243}, {X=http://www.Department2.University2.edu/UndergraduateStudent301}, {X=http://www.Department2.University2.edu/UndergraduateStudent308}, {X=http://www.Department2.University2.edu/UndergraduateStudent128}, {X=http://www.Department2.University2.edu/UndergraduateStudent120}, {X=http://www.Department2.University2.edu/UndergraduateStudent14}, {X=http://www.Department2.University2.edu/UndergraduateStudent358}, {X=http://www.Department2.University2.edu/UndergraduateStudent13}, {X=http://www.Department2.University2.edu/UndergraduateStudent253}, {X=http://www.Department2.University2.edu/UndergraduateStudent205}, {X=http://www.Department2.University2.edu/UndergraduateStudent347}, {X=http://www.Department2.University2.edu/UndergraduateStudent133}, {X=http://www.Department2.University2.edu/UndergraduateStudent136}, {X=http://www.Department2.University2.edu/UndergraduateStudent40}, {X=http://www.Department2.University2.edu/UndergraduateStudent29}, {X=http://www.Department2.University2.edu/UndergraduateStudent193}, {X=http://www.Department2.University2.edu/UndergraduateStudent122}, {X=http://www.Department2.University2.edu/UndergraduateStudent56}, {X=http://www.Department2.University2.edu/UndergraduateStudent325}, {X=http://www.Department2.University2.edu/UndergraduateStudent202}, {X=http://www.Department2.University2.edu/UndergraduateStudent210}, {X=http://www.Department2.University2.edu/UndergraduateStudent139}, {X=http://www.Department2.University2.edu/UndergraduateStudent114}, {X=http://www.Department2.University2.edu/UndergraduateStudent298}, {X=http://www.Department2.University2.edu/UndergraduateStudent31}, {X=http://www.Department2.University2.edu/UndergraduateStudent262}, {X=http://www.Department2.University2.edu/UndergraduateStudent148}, {X=http://www.Department2.University2.edu/UndergraduateStudent163}, {X=http://www.Department2.University2.edu/UndergraduateStudent249}, {X=http://www.Department2.University2.edu/UndergraduateStudent60}, {X=http://www.Department2.University2.edu/UndergraduateStudent76}, {X=http://www.Department2.University2.edu/UndergraduateStudent149}, {X=http://www.Department2.University2.edu/UndergraduateStudent351}, {X=http://www.Department2.University2.edu/UndergraduateStudent78}, {X=http://www.Department2.University2.edu/UndergraduateStudent352}, {X=http://www.Department2.University2.edu/UndergraduateStudent236}, {X=http://www.Department2.University2.edu/UndergraduateStudent211}, {X=http://www.Department2.University2.edu/UndergraduateStudent36}, {X=http://www.Department2.University2.edu/UndergraduateStudent338}, {X=http://www.Department2.University2.edu/UndergraduateStudent107}, {X=http://www.Department2.University2.edu/UndergraduateStudent339}, {X=http://www.Department2.University2.edu/UndergraduateStudent167}, {X=http://www.Department2.University2.edu/UndergraduateStudent54}, {X=http://www.Department2.University2.edu/UndergraduateStudent237}, {X=http://www.Department2.University2.edu/UndergraduateStudent306}, {X=http://www.Department2.University2.edu/UndergraduateStudent72}, {X=http://www.Department2.University2.edu/UndergraduateStudent77}, {X=http://www.Department2.University2.edu/UndergraduateStudent9}, {X=http://www.Department2.University2.edu/UndergraduateStudent65}, {X=http://www.Department2.University2.edu/UndergraduateStudent340}, {X=http://www.Department2.University2.edu/UndergraduateStudent208}, {X=http://www.Department2.University2.edu/UndergraduateStudent11}, {X=http://www.Department2.University2.edu/UndergraduateStudent67}, {X=http://www.Department2.University2.edu/UndergraduateStudent322}, {X=http://www.Department2.University2.edu/UndergraduateStudent70}, {X=http://www.Department2.University2.edu/UndergraduateStudent299}, {X=http://www.Department2.University2.edu/UndergraduateStudent134}, {X=http://www.Department2.University2.edu/UndergraduateStudent28}, {X=http://www.Department2.University2.edu/UndergraduateStudent335}, {X=http://www.Department2.University2.edu/UndergraduateStudent288}, {X=http://www.Department2.University2.edu/UndergraduateStudent129}, {X=http://www.Department2.University2.edu/UndergraduateStudent125}, {X=http://www.Department2.University2.edu/UndergraduateStudent97}, {X=http://www.Department2.University2.edu/UndergraduateStudent137}, {X=http://www.Department2.University2.edu/UndergraduateStudent161}, {X=http://www.Department2.University2.edu/UndergraduateStudent162}, {X=http://www.Department2.University2.edu/UndergraduateStudent348}, {X=http://www.Department2.University2.edu/UndergraduateStudent10}, {X=http://www.Department2.University2.edu/UndergraduateStudent357}, {X=http://www.Department2.University2.edu/UndergraduateStudent293}, {X=http://www.Department2.University2.edu/UndergraduateStudent328}, {X=http://www.Department2.University2.edu/UndergraduateStudent350}, {X=http://www.Department2.University2.edu/UndergraduateStudent59}, {X=http://www.Department2.University2.edu/UndergraduateStudent209}, {X=http://www.Department2.University2.edu/UndergraduateStudent269}, {X=http://www.Department2.University2.edu/UndergraduateStudent1}, {X=http://www.Department2.University2.edu/UndergraduateStudent64}, {X=http://www.Department2.University2.edu/UndergraduateStudent245}, {X=http://www.Department2.University2.edu/UndergraduateStudent272}, {X=http://www.Department2.University2.edu/UndergraduateStudent95}, {X=http://www.Department2.University2.edu/UndergraduateStudent109}, {X=http://www.Department2.University2.edu/UndergraduateStudent337}, {X=http://www.Department2.University2.edu/UndergraduateStudent104}, {X=http://www.Department2.University2.edu/UndergraduateStudent179}, {X=http://www.Department2.University2.edu/UndergraduateStudent43}, {X=http://www.Department2.University2.edu/UndergraduateStudent4}, {X=http://www.Department2.University2.edu/UndergraduateStudent102}, {X=http://www.Department2.University2.edu/UndergraduateStudent117}, {X=http://www.Department2.University2.edu/UndergraduateStudent182}, {X=http://www.Department2.University2.edu/UndergraduateStudent324}, {X=http://www.Department2.University2.edu/UndergraduateStudent51}, {X=http://www.Department2.University2.edu/UndergraduateStudent119}, {X=http://www.Department2.University2.edu/UndergraduateStudent280}, {X=http://www.Department2.University2.edu/UndergraduateStudent38}, {X=http://www.Department2.University2.edu/UndergraduateStudent274}, {X=http://www.Department2.University2.edu/UndergraduateStudent93}, {X=http://www.Department2.University2.edu/UndergraduateStudent58}, {X=http://www.Department2.University2.edu/UndergraduateStudent258}, {X=http://www.Department2.University2.edu/UndergraduateStudent223}, {X=http://www.Department2.University2.edu/UndergraduateStudent177}, {X=http://www.Department2.University2.edu/UndergraduateStudent146}, {X=http://www.Department2.University2.edu/UndergraduateStudent101}, {X=http://www.Department2.University2.edu/UndergraduateStudent140}, {X=http://www.Department2.University2.edu/UndergraduateStudent32}, {X=http://www.Department2.University2.edu/UndergraduateStudent220}, {X=http://www.Department2.University2.edu/UndergraduateStudent90}, {X=http://www.Department2.University2.edu/UndergraduateStudent135}, {X=http://www.Department2.University2.edu/UndergraduateStudent186}, {X=http://www.Department2.University2.edu/UndergraduateStudent312}, {X=http://www.Department2.University2.edu/UndergraduateStudent286}, {X=http://www.Department2.University2.edu/UndergraduateStudent341}, {X=http://www.Department2.University2.edu/UndergraduateStudent342}, {X=http://www.Department2.University2.edu/UndergraduateStudent295}, {X=http://www.Department2.University2.edu/UndergraduateStudent267}, {X=http://www.Department2.University2.edu/UndergraduateStudent355}, {X=http://www.Department2.University2.edu/UndergraduateStudent34}, {X=http://www.Department2.University2.edu/UndergraduateStudent320}, {X=http://www.Department2.University2.edu/UndergraduateStudent321}, {X=http://www.Department2.University2.edu/UndergraduateStudent158}, {X=http://www.Department2.University2.edu/UndergraduateStudent171}, {X=http://www.Department2.University2.edu/UndergraduateStudent300}, {X=http://www.Department2.University2.edu/UndergraduateStudent275}, {X=http://www.Department2.University2.edu/UndergraduateStudent318}, {X=http://www.Department2.University2.edu/UndergraduateStudent165}, {X=http://www.Department2.University2.edu/UndergraduateStudent57}, {X=http://www.Department2.University2.edu/UndergraduateStudent115}, {X=http://www.Department2.University2.edu/UndergraduateStudent151}, {X=http://www.Department2.University2.edu/UndergraduateStudent88}, {X=http://www.Department2.University2.edu/UndergraduateStudent194}, {X=http://www.Department2.University2.edu/UndergraduateStudent169}, {X=http://www.Department2.University2.edu/UndergraduateStudent147}, {X=http://www.Department2.University2.edu/UndergraduateStudent46}, {X=http://www.Department2.University2.edu/UndergraduateStudent79}, {X=http://www.Department2.University2.edu/UndergraduateStudent302}, {X=http://www.Department2.University2.edu/UndergraduateStudent231}, {X=http://www.Department2.University2.edu/UndergraduateStudent63}, {X=http://www.Department2.University2.edu/UndergraduateStudent256}, {X=http://www.Department2.University2.edu/UndergraduateStudent336}, {X=http://www.Department2.University2.edu/UndergraduateStudent264}, {X=http://www.Department2.University2.edu/UndergraduateStudent247}, {X=http://www.Department2.University2.edu/UndergraduateStudent283}, {X=http://www.Department2.University2.edu/UndergraduateStudent214}, {X=http://www.Department2.University2.edu/UndergraduateStudent191}, {X=http://www.Department2.University2.edu/UndergraduateStudent313}, {X=http://www.Department2.University2.edu/UndergraduateStudent42}, {X=http://www.Department2.University2.edu/UndergraduateStudent100}, {X=http://www.Department2.University2.edu/UndergraduateStudent83}, {X=http://www.Department2.University2.edu/UndergraduateStudent75}, {X=http://www.Department2.University2.edu/UndergraduateStudent69}, {X=http://www.Department2.University2.edu/UndergraduateStudent98}, {X=http://www.Department2.University2.edu/UndergraduateStudent204}, {X=http://www.Department2.University2.edu/UndergraduateStudent356}, {X=http://www.Department2.University2.edu/UndergraduateStudent20}, {X=http://www.Department2.University2.edu/UndergraduateStudent111}, {X=http://www.Department2.University2.edu/UndergraduateStudent277}, {X=http://www.Department2.University2.edu/UndergraduateStudent360}, {X=http://www.Department2.University2.edu/UndergraduateStudent190}, {X=http://www.Department2.University2.edu/UndergraduateStudent87}, {X=http://www.Department2.University2.edu/UndergraduateStudent5}, {X=http://www.Department2.University2.edu/UndergraduateStudent189}, {X=http://www.Department2.University2.edu/UndergraduateStudent2}, {X=http://www.Department2.University2.edu/UndergraduateStudent282}, {X=http://www.Department2.University2.edu/UndergraduateStudent224}, {X=http://www.Department2.University2.edu/UndergraduateStudent84}, {X=http://www.Department2.University2.edu/UndergraduateStudent281}, {X=http://www.Department2.University2.edu/UndergraduateStudent331}, {X=http://www.Department2.University2.edu/UndergraduateStudent226}, {X=http://www.Department2.University2.edu/UndergraduateStudent132}, {X=http://www.Department2.University2.edu/UndergraduateStudent44}, {X=http://www.Department2.University2.edu/UndergraduateStudent33}, {X=http://www.Department2.University2.edu/UndergraduateStudent166}, {X=http://www.Department2.University2.edu/UndergraduateStudent74}, {X=http://www.Department2.University2.edu/UndergraduateStudent207}, {X=http://www.Department2.University2.edu/UndergraduateStudent244}, {X=http://www.Department2.University2.edu/UndergraduateStudent19}, {X=http://www.Department2.University2.edu/UndergraduateStudent175}, {X=http://www.Department2.University2.edu/UndergraduateStudent68}, {X=http://www.Department2.University2.edu/UndergraduateStudent323}, {X=http://www.Department2.University2.edu/UndergraduateStudent45}, {X=http://www.Department2.University2.edu/UndergraduateStudent154}, {X=http://www.Department2.University2.edu/UndergraduateStudent127}, {X=http://www.Department2.University2.edu/UndergraduateStudent8}, {X=http://www.Department2.University2.edu/UndergraduateStudent152}, {X=http://www.Department2.University2.edu/UndergraduateStudent53}, {X=http://www.Department2.University2.edu/UndergraduateStudent329}, {X=http://www.Department2.University2.edu/UndergraduateStudent200}, {X=http://www.Department2.University2.edu/UndergraduateStudent232}, {X=http://www.Department2.University2.edu/UndergraduateStudent21}, {X=http://www.Department2.University2.edu/UndergraduateStudent273}, {X=http://www.Department2.University2.edu/UndergraduateStudent159}, {X=http://www.Department2.University2.edu/UndergraduateStudent99}, {X=http://www.Department2.University2.edu/UndergraduateStudent292}, {X=http://www.Department2.University2.edu/UndergraduateStudent242}, {X=http://www.Department2.University2.edu/UndergraduateStudent353}, {X=http://www.Department2.University2.edu/UndergraduateStudent343}, {X=http://www.Department2.University2.edu/UndergraduateStudent238}, {X=http://www.Department2.University2.edu/UndergraduateStudent18}, {X=http://www.Department2.University2.edu/UndergraduateStudent187}, {X=http://www.Department2.University2.edu/UndergraduateStudent334}, {X=http://www.Department2.University2.edu/UndergraduateStudent143}, {X=http://www.Department2.University2.edu/UndergraduateStudent27}, {X=http://www.Department2.University2.edu/UndergraduateStudent174}, {X=http://www.Department2.University2.edu/UndergraduateStudent250}, {X=http://www.Department2.University2.edu/UndergraduateStudent30}, {X=http://www.Department2.University2.edu/UndergraduateStudent234}, {X=http://www.Department2.University2.edu/UndergraduateStudent150}, {X=http://www.Department2.University2.edu/UndergraduateStudent289}, {X=http://www.Department2.University2.edu/UndergraduateStudent164}, {X=http://www.Department2.University2.edu/UndergraduateStudent241}, {X=http://www.Department2.University2.edu/UndergraduateStudent126}, {X=http://www.Department2.University2.edu/UndergraduateStudent225}, {X=http://www.Department2.University2.edu/UndergraduateStudent257}, {X=http://www.Department2.University2.edu/UndergraduateStudent155}, {X=http://www.Department2.University2.edu/UndergraduateStudent185}, {X=http://www.Department2.University2.edu/UndergraduateStudent327}, {X=http://www.Department2.University2.edu/UndergraduateStudent196}, {X=http://www.Department2.University2.edu/UndergraduateStudent66}, {X=http://www.Department2.University2.edu/UndergraduateStudent229}, {X=http://www.Department2.University2.edu/UndergraduateStudent113}, {X=http://www.Department2.University2.edu/UndergraduateStudent346}, {X=http://www.Department2.University2.edu/UndergraduateStudent180}, {X=http://www.Department2.University2.edu/UndergraduateStudent279}, {X=http://www.Department2.University2.edu/UndergraduateStudent305}, {X=http://www.Department2.University2.edu/UndergraduateStudent130}, {X=http://www.Department2.University2.edu/UndergraduateStudent17}, {X=http://www.Department2.University2.edu/UndergraduateStudent246}, {X=http://www.Department2.University2.edu/UndergraduateStudent294}, {X=http://www.Department2.University2.edu/UndergraduateStudent278}, {X=http://www.Department2.University2.edu/UndergraduateStudent270}, {X=http://www.Department2.University2.edu/UndergraduateStudent81}, {X=http://www.Department2.University2.edu/UndergraduateStudent89}, {X=http://www.Department2.University2.edu/UndergraduateStudent284}, {X=http://www.Department2.University2.edu/UndergraduateStudent228}, {X=http://www.Department2.University2.edu/UndergraduateStudent49}, {X=http://www.Department2.University2.edu/UndergraduateStudent216}, {X=http://www.Department2.University2.edu/UndergraduateStudent142}, {X=http://www.Department2.University2.edu/UndergraduateStudent261}, {X=http://www.Department2.University2.edu/UndergraduateStudent213}, {X=http://www.Department2.University2.edu/UndergraduateStudent168}, {X=http://www.Department2.University2.edu/UndergraduateStudent0}, {X=http://www.Department2.University2.edu/UndergraduateStudent349}, {X=http://www.Department2.University2.edu/UndergraduateStudent263}, {X=http://www.Department2.University2.edu/UndergraduateStudent266}, {X=http://www.Department2.University2.edu/UndergraduateStudent345}, {X=http://www.Department2.University2.edu/UndergraduateStudent176}, {X=http://www.Department2.University2.edu/UndergraduateStudent39}, {X=http://www.Department2.University2.edu/UndergraduateStudent124}, {X=http://www.Department2.University2.edu/UndergraduateStudent198}, {X=http://www.Department2.University2.edu/UndergraduateStudent110}, {X=http://www.Department2.University2.edu/UndergraduateStudent195}, {X=http://www.Department2.University2.edu/UndergraduateStudent52}, {X=http://www.Department2.University2.edu/UndergraduateStudent354}, {X=http://www.Department2.University2.edu/UndergraduateStudent48}, {X=http://www.Department2.University2.edu/UndergraduateStudent260}, {X=http://www.Department2.University2.edu/UndergraduateStudent307}, {X=http://www.Department2.University2.edu/UndergraduateStudent61}, {X=http://www.Department2.University2.edu/UndergraduateStudent16}, {X=http://www.Department2.University2.edu/UndergraduateStudent314}, {X=http://www.Department2.University2.edu/UndergraduateStudent296}, {X=http://www.Department2.University2.edu/UndergraduateStudent319}, {X=http://www.Department2.University2.edu/UndergraduateStudent344}, {X=http://www.Department2.University2.edu/UndergraduateStudent71}, {X=http://www.Department2.University2.edu/UndergraduateStudent35}, {X=http://www.Department2.University2.edu/UndergraduateStudent22}, {X=http://www.Department2.University2.edu/UndergraduateStudent170}, {X=http://www.Department2.University2.edu/UndergraduateStudent108}, {X=http://www.Department2.University2.edu/UndergraduateStudent103}, {X=http://www.Department2.University2.edu/UndergraduateStudent156}, {X=http://www.Department2.University2.edu/UndergraduateStudent304}, {X=http://www.Department2.University2.edu/UndergraduateStudent153}, {X=http://www.Department2.University2.edu/UndergraduateStudent118}, {X=http://www.Department2.University2.edu/UndergraduateStudent230}, {X=http://www.Department2.University2.edu/UndergraduateStudent41}, {X=http://www.Department2.University2.edu/UndergraduateStudent131}, {X=http://www.Department2.University2.edu/UndergraduateStudent255}, {X=http://www.Department2.University2.edu/UndergraduateStudent290}, {X=http://www.Department2.University2.edu/UndergraduateStudent86}, {X=http://www.Department2.University2.edu/UndergraduateStudent317}, {X=http://www.Department2.University2.edu/UndergraduateStudent235}, {X=http://www.Department2.University2.edu/UndergraduateStudent188}, {X=http://www.Department2.University2.edu/UndergraduateStudent121}, {X=http://www.Department2.University2.edu/UndergraduateStudent144}, {X=http://www.Department2.University2.edu/UndergraduateStudent203}, {X=http://www.Department2.University2.edu/UndergraduateStudent251}, {X=http://www.Department2.University2.edu/UndergraduateStudent15}, {X=http://www.Department2.University2.edu/UndergraduateStudent62}, {X=http://www.Department2.University2.edu/UndergraduateStudent82}, {X=http://www.Department2.University2.edu/UndergraduateStudent276}, {X=http://www.Department2.University2.edu/UndergraduateStudent141}, {X=http://www.Department2.University2.edu/UndergraduateStudent217}, {X=http://www.Department2.University2.edu/UndergraduateStudent215}, {X=http://www.Department2.University2.edu/UndergraduateStudent112}, {X=http://www.Department2.University2.edu/UndergraduateStudent265}, {X=http://www.Department2.University2.edu/UndergraduateStudent106}, {X=http://www.Department2.University2.edu/UndergraduateStudent268}, {X=http://www.Department2.University2.edu/UndergraduateStudent259}, {X=http://www.Department2.University2.edu/UndergraduateStudent12}, {X=http://www.Department2.University2.edu/UndergraduateStudent23}, {X=http://www.Department2.University2.edu/UndergraduateStudent310}, {X=http://www.Department2.University2.edu/UndergraduateStudent248}, {X=http://www.Department2.University2.edu/UndergraduateStudent183}, {X=http://www.Department2.University2.edu/UndergraduateStudent94}, {X=http://www.Department2.University2.edu/UndergraduateStudent138}, {X=http://www.Department2.University2.edu/UndergraduateStudent37}, {X=http://www.Department2.University2.edu/UndergraduateStudent291}, {X=http://www.Department2.University2.edu/UndergraduateStudent233}, {X=http://www.Department2.University2.edu/UndergraduateStudent6}, {X=http://www.Department2.University2.edu/UndergraduateStudent212}, {X=http://www.Department2.University2.edu/UndergraduateStudent55}, {X=http://www.Department2.University2.edu/UndergraduateStudent206}, {X=http://www.Department2.University2.edu/UndergraduateStudent91}, {X=http://www.Department2.University2.edu/UndergraduateStudent315}, {X=http://www.Department2.University2.edu/UndergraduateStudent172}, {X=http://www.Department2.University2.edu/UndergraduateStudent222}, {X=http://www.Department2.University2.edu/UndergraduateStudent145}, {X=http://www.Department2.University2.edu/UndergraduateStudent252}, {X=http://www.Department2.University2.edu/UndergraduateStudent192}, {X=http://www.Department2.University2.edu/UndergraduateStudent199}, {X=http://www.Department2.University2.edu/UndergraduateStudent309}, {X=http://www.Department2.University2.edu/UndergraduateStudent332}, {X=http://www.Department2.University2.edu/UndergraduateStudent26}, {X=http://www.Department2.University2.edu/UndergraduateStudent173}, {X=http://www.Department2.University2.edu/UndergraduateStudent73}, {X=http://www.Department2.University2.edu/UndergraduateStudent7}, {X=http://www.Department2.University2.edu/UndergraduateStudent160}, {X=http://www.Department2.University2.edu/UndergraduateStudent92}, {X=http://www.Department2.University2.edu/UndergraduateStudent116}, {X=http://www.Department2.University2.edu/UndergraduateStudent184}, {X=http://www.Department2.University2.edu/UndergraduateStudent201}, {X=http://www.Department2.University2.edu/UndergraduateStudent85}, {X=http://www.Department2.University2.edu/UndergraduateStudent326}, {X=http://www.Department2.University2.edu/UndergraduateStudent227}, {X=http://www.Department2.University2.edu/UndergraduateStudent240}, {X=http://www.Department2.University2.edu/UndergraduateStudent3}, {X=http://www.Department2.University2.edu/UndergraduateStudent197}, {X=http://www.Department2.University2.edu/UndergraduateStudent123}, {X=http://www.Department2.University2.edu/UndergraduateStudent271}, {X=http://www.Department2.University2.edu/UndergraduateStudent311}, {X=http://www.Department2.University2.edu/UndergraduateStudent287}, {X=http://www.Department2.University2.edu/UndergraduateStudent80}, {X=http://www.Department2.University2.edu/UndergraduateStudent285}, {X=http://www.Department2.University2.edu/UndergraduateStudent359}, {X=http://www.Department2.University2.edu/UndergraduateStudent333}, {X=http://www.Department2.University2.edu/UndergraduateStudent239}, {X=http://www.Department2.University2.edu/UndergraduateStudent218}, {X=http://www.Department2.University2.edu/UndergraduateStudent96}, {X=http://www.Department2.University2.edu/UndergraduateStudent178}, {X=http://www.Department2.University2.edu/UndergraduateStudent157}, {X=http://www.Department2.University2.edu/UndergraduateStudent105}, {X=http://www.Department2.University2.edu/UndergraduateStudent50}, {X=http://www.Department2.University2.edu/UndergraduateStudent25}, {X=http://www.Department2.University2.edu/UndergraduateStudent316}, {X=http://www.Department2.University2.edu/UndergraduateStudent254}, {X=http://www.Department2.University2.edu/UndergraduateStudent47}, {X=http://www.Department2.University2.edu/UndergraduateStudent303}, {X=http://www.Department2.University2.edu/UndergraduateStudent221}, {X=http://www.Department2.University2.edu/UndergraduateStudent181}, {X=http://www.Department2.University2.edu/UndergraduateStudent219}, {X=http://www.Department2.University2.edu/UndergraduateStudent24}, {X=http://www.Department2.University2.edu/UndergraduateStudent297}, {X=http://www.Department2.University2.edu/UndergraduateStudent330}, {X=http://www.Department2.University2.edu/UndergraduateStudent243}, {X=http://www.Department2.University2.edu/UndergraduateStudent301}, {X=http://www.Department2.University2.edu/UndergraduateStudent308}, {X=http://www.Department2.University2.edu/UndergraduateStudent128}, {X=http://www.Department2.University2.edu/UndergraduateStudent120}, {X=http://www.Department2.University2.edu/UndergraduateStudent14}, {X=http://www.Department2.University2.edu/UndergraduateStudent358}, {X=http://www.Department2.University2.edu/UndergraduateStudent13}, {X=http://www.Department2.University2.edu/UndergraduateStudent253}, {X=http://www.Department2.University2.edu/UndergraduateStudent205}, {X=http://www.Department2.University2.edu/UndergraduateStudent347}, {X=http://www.Department2.University2.edu/UndergraduateStudent133}, {X=http://www.Department2.University2.edu/UndergraduateStudent136}, {X=http://www.Department2.University2.edu/UndergraduateStudent40}, {X=http://www.Department2.University2.edu/UndergraduateStudent29}, {X=http://www.Department2.University2.edu/UndergraduateStudent193}, {X=http://www.Department2.University2.edu/UndergraduateStudent122}, {X=http://www.Department2.University2.edu/UndergraduateStudent56}, {X=http://www.Department2.University2.edu/UndergraduateStudent325}, {X=http://www.Department2.University2.edu/UndergraduateStudent202}, {X=http://www.Department2.University2.edu/UndergraduateStudent210}, {X=http://www.Department2.University2.edu/UndergraduateStudent139}, {X=http://www.Department2.University2.edu/UndergraduateStudent114}, {X=http://www.Department2.University2.edu/UndergraduateStudent298}, {X=http://www.Department2.University2.edu/UndergraduateStudent31}, {X=http://www.Department2.University2.edu/UndergraduateStudent262}, {X=http://www.Department2.University2.edu/UndergraduateStudent148}, {X=http://www.Department2.University2.edu/UndergraduateStudent163}, {X=http://www.Department2.University2.edu/UndergraduateStudent249}, {X=http://www.Department2.University2.edu/UndergraduateStudent60}, {X=http://www.Department2.University2.edu/UndergraduateStudent76}, {X=http://www.Department2.University2.edu/UndergraduateStudent149}, {X=http://www.Department2.University2.edu/UndergraduateStudent351}, {X=http://www.Department2.University2.edu/UndergraduateStudent78}, {X=http://www.Department2.University2.edu/UndergraduateStudent352}, {X=http://www.Department2.University2.edu/UndergraduateStudent236}, {X=http://www.Department2.University2.edu/UndergraduateStudent211}, {X=http://www.Department2.University2.edu/UndergraduateStudent36}, {X=http://www.Department2.University2.edu/UndergraduateStudent338}, {X=http://www.Department2.University2.edu/UndergraduateStudent107}, {X=http://www.Department2.University2.edu/UndergraduateStudent339}, {X=http://www.Department2.University2.edu/UndergraduateStudent167}, {X=http://www.Department2.University2.edu/UndergraduateStudent54}, {X=http://www.Department2.University2.edu/UndergraduateStudent237}, {X=http://www.Department2.University2.edu/UndergraduateStudent306}, {X=http://www.Department2.University2.edu/UndergraduateStudent72}, {X=http://www.Department2.University2.edu/UndergraduateStudent77}, {X=http://www.Department2.University2.edu/UndergraduateStudent9}, {X=http://www.Department2.University2.edu/UndergraduateStudent65}, {X=http://www.Department2.University2.edu/UndergraduateStudent340}, {X=http://www.Department2.University2.edu/UndergraduateStudent208}, {X=http://www.Department2.University2.edu/UndergraduateStudent11}, {X=http://www.Department2.University2.edu/UndergraduateStudent67}, {X=http://www.Department2.University2.edu/UndergraduateStudent322}, {X=http://www.Department2.University2.edu/UndergraduateStudent70}, {X=http://www.Department2.University2.edu/UndergraduateStudent299}, {X=http://www.Department2.University2.edu/UndergraduateStudent134}, {X=http://www.Department2.University2.edu/UndergraduateStudent28}, {X=http://www.Department2.University2.edu/UndergraduateStudent335}, {X=http://www.Department2.University2.edu/UndergraduateStudent288}, {X=http://www.Department2.University2.edu/UndergraduateStudent129}, {X=http://www.Department2.University2.edu/UndergraduateStudent125}, {X=http://www.Department2.University2.edu/UndergraduateStudent97}, {X=http://www.Department2.University2.edu/UndergraduateStudent137}, {X=http://www.Department2.University2.edu/UndergraduateStudent161}, {X=http://www.Department2.University2.edu/UndergraduateStudent162}, {X=http://www.Department2.University2.edu/UndergraduateStudent348}, {X=http://www.Department2.University2.edu/UndergraduateStudent10}, {X=http://www.Department2.University2.edu/UndergraduateStudent357}, {X=http://www.Department2.University2.edu/UndergraduateStudent293}, {X=http://www.Department2.University2.edu/UndergraduateStudent328}, {X=http://www.Department2.University2.edu/UndergraduateStudent350}, {X=http://www.Department2.University2.edu/UndergraduateStudent59}, {X=http://www.Department2.University2.edu/UndergraduateStudent209}, {X=http://www.Department2.University2.edu/UndergraduateStudent269}, {X=http://www.Department2.University2.edu/UndergraduateStudent1}, {X=http://www.Department2.University2.edu/UndergraduateStudent64}, {X=http://www.Department2.University2.edu/UndergraduateStudent245}, {X=http://www.Department2.University2.edu/UndergraduateStudent272}, {X=http://www.Department2.University2.edu/UndergraduateStudent95}, {X=http://www.Department2.University2.edu/UndergraduateStudent109}, {X=http://www.Department2.University2.edu/UndergraduateStudent337}, {X=http://www.Department2.University2.edu/UndergraduateStudent104}, {X=http://www.Department2.University2.edu/UndergraduateStudent179}, {X=http://www.Department2.University2.edu/UndergraduateStudent43}, {X=http://www.Department2.University2.edu/UndergraduateStudent4}, {X=http://www.Department2.University2.edu/UndergraduateStudent102}, {X=http://www.Department2.University2.edu/UndergraduateStudent117}, {X=http://www.Department2.University2.edu/UndergraduateStudent182}, {X=http://www.Department2.University2.edu/UndergraduateStudent324}, {X=http://www.Department2.University2.edu/UndergraduateStudent51}, {X=http://www.Department2.University2.edu/UndergraduateStudent119}, {X=http://www.Department2.University2.edu/UndergraduateStudent280}, {X=http://www.Department2.University2.edu/UndergraduateStudent38}, {X=http://www.Department2.University2.edu/UndergraduateStudent274}, {X=http://www.Department2.University2.edu/UndergraduateStudent93}, {X=http://www.Department2.University2.edu/UndergraduateStudent58}, {X=http://www.Department2.University2.edu/UndergraduateStudent258}, {X=http://www.Department2.University2.edu/UndergraduateStudent223}, {X=http://www.Department2.University2.edu/UndergraduateStudent177}, {X=http://www.Department2.University2.edu/UndergraduateStudent146}, {X=http://www.Department2.University2.edu/UndergraduateStudent101}, {X=http://www.Department2.University2.edu/UndergraduateStudent140}, {X=http://www.Department2.University2.edu/UndergraduateStudent32}, {X=http://www.Department2.University2.edu/UndergraduateStudent220}, {X=http://www.Department2.University2.edu/UndergraduateStudent90}, {X=http://www.Department2.University2.edu/UndergraduateStudent135}, {X=http://www.Department2.University2.edu/UndergraduateStudent186}, {X=http://www.Department2.University2.edu/UndergraduateStudent312}, {X=http://www.Department2.University2.edu/UndergraduateStudent286}, {X=http://www.Department2.University2.edu/UndergraduateStudent341}, {X=http://www.Department2.University2.edu/UndergraduateStudent342}, {X=http://www.Department2.University2.edu/UndergraduateStudent295}, {X=http://www.Department2.University2.edu/UndergraduateStudent267}, {X=http://www.Department2.University2.edu/UndergraduateStudent355}, {X=http://www.Department2.University2.edu/UndergraduateStudent34}, {X=http://www.Department2.University2.edu/UndergraduateStudent320}, {X=http://www.Department2.University2.edu/UndergraduateStudent321}, {X=http://www.Department2.University2.edu/UndergraduateStudent158}, {X=http://www.Department2.University2.edu/UndergraduateStudent171}, {X=http://www.Department2.University2.edu/UndergraduateStudent300}, {X=http://www.Department2.University2.edu/UndergraduateStudent275}, {X=http://www.Department2.University2.edu/UndergraduateStudent318}, {X=http://www.Department2.University2.edu/UndergraduateStudent165}, {X=http://www.Department2.University2.edu/UndergraduateStudent57}, {X=http://www.Department2.University2.edu/UndergraduateStudent115}, {X=http://www.Department2.University2.edu/UndergraduateStudent151}, {X=http://www.Department2.University2.edu/UndergraduateStudent88}, {X=http://www.Department2.University2.edu/UndergraduateStudent194}, {X=http://www.Department2.University2.edu/UndergraduateStudent169}, {X=http://www.Department2.University2.edu/UndergraduateStudent147}, {X=http://www.Department2.University2.edu/UndergraduateStudent46}, {X=http://www.Department2.University2.edu/UndergraduateStudent79}, {X=http://www.Department2.University2.edu/UndergraduateStudent302}, {X=http://www.Department2.University2.edu/UndergraduateStudent231}, {X=http://www.Department2.University2.edu/UndergraduateStudent63}, {X=http://www.Department2.University2.edu/UndergraduateStudent256}, {X=http://www.Department2.University2.edu/UndergraduateStudent336}, {X=http://www.Department2.University2.edu/UndergraduateStudent264}, {X=http://www.Department2.University2.edu/UndergraduateStudent247}, {X=http://www.Department2.University2.edu/UndergraduateStudent283}, {X=http://www.Department2.University2.edu/UndergraduateStudent214}, {X=http://www.Department2.University2.edu/UndergraduateStudent191}, {X=http://www.Department2.University2.edu/UndergraduateStudent313}, {X=http://www.Department2.University2.edu/UndergraduateStudent42}, {X=http://www.Department2.University2.edu/UndergraduateStudent100}, {X=http://www.Department2.University2.edu/UndergraduateStudent83}, {X=http://www.Department2.University2.edu/UndergraduateStudent75}, {X=http://www.Department2.University2.edu/UndergraduateStudent69}, {X=http://www.Department2.University2.edu/UndergraduateStudent98}, {X=http://www.Department2.University2.edu/UndergraduateStudent204}, {X=http://www.Department2.University2.edu/UndergraduateStudent356}, {X=http://www.Department2.University2.edu/UndergraduateStudent20}, {X=http://www.Department2.University2.edu/UndergraduateStudent111}, {X=http://www.Department2.University2.edu/UndergraduateStudent277}, {X=http://www.Department2.University2.edu/UndergraduateStudent360}, {X=http://www.Department2.University2.edu/UndergraduateStudent190}, {X=http://www.Department2.University2.edu/UndergraduateStudent87}, {X=http://www.Department2.University2.edu/UndergraduateStudent5}, {X=http://www.Department2.University2.edu/UndergraduateStudent189}, {X=http://www.Department2.University2.edu/UndergraduateStudent2}, {X=http://www.Department2.University2.edu/UndergraduateStudent282}, {X=http://www.Department2.University2.edu/UndergraduateStudent224}, {X=http://www.Department2.University2.edu/UndergraduateStudent84}, {X=http://www.Department2.University2.edu/UndergraduateStudent281}, {X=http://www.Department2.University2.edu/UndergraduateStudent331}, {X=http://www.Department2.University2.edu/UndergraduateStudent226}, {X=http://www.Department2.University2.edu/UndergraduateStudent132}, {X=http://www.Department2.University2.edu/UndergraduateStudent44}, {X=http://www.Department2.University2.edu/UndergraduateStudent33}, {X=http://www.Department2.University2.edu/UndergraduateStudent166}, {X=http://www.Department2.University2.edu/UndergraduateStudent74}, {X=http://www.Department2.University2.edu/UndergraduateStudent207}, {X=http://www.Department2.University2.edu/UndergraduateStudent244}, {X=http://www.Department2.University2.edu/UndergraduateStudent19}, {X=http://www.Department2.University2.edu/UndergraduateStudent175}, {X=http://www.Department2.University2.edu/UndergraduateStudent68}, {X=http://www.Department2.University2.edu/UndergraduateStudent323}, {X=http://www.Department2.University2.edu/UndergraduateStudent45}, {X=http://www.Department2.University2.edu/UndergraduateStudent154}, {X=http://www.Department2.University2.edu/UndergraduateStudent127}, {X=http://www.Department2.University2.edu/UndergraduateStudent8}, {X=http://www.Department2.University2.edu/UndergraduateStudent152}, {X=http://www.Department2.University2.edu/UndergraduateStudent53}, {X=http://www.Department2.University2.edu/UndergraduateStudent329}, {X=http://www.Department2.University2.edu/UndergraduateStudent200}, {X=http://www.Department2.University2.edu/UndergraduateStudent232}, {X=http://www.Department2.University2.edu/UndergraduateStudent21}, {X=http://www.Department2.University2.edu/UndergraduateStudent273}, {X=http://www.Department2.University2.edu/UndergraduateStudent159}, {X=http://www.Department2.University2.edu/UndergraduateStudent99}, {X=http://www.Department2.University2.edu/UndergraduateStudent292}, {X=http://www.Department2.University2.edu/UndergraduateStudent242}, {X=http://www.Department2.University2.edu/UndergraduateStudent353}, {X=http://www.Department2.University2.edu/UndergraduateStudent343}, {X=http://www.Department2.University2.edu/UndergraduateStudent238}, {X=http://www.Department2.University2.edu/UndergraduateStudent18}, {X=http://www.Department2.University2.edu/UndergraduateStudent187}, {X=http://www.Department2.University2.edu/UndergraduateStudent334}, {X=http://www.Department2.University2.edu/UndergraduateStudent143}, {X=http://www.Department2.University2.edu/UndergraduateStudent27}, {X=http://www.Department2.University2.edu/UndergraduateStudent174}, {X=http://www.Department2.University2.edu/UndergraduateStudent250}, {X=http://www.Department2.University2.edu/UndergraduateStudent30}, {X=http://www.Department2.University2.edu/UndergraduateStudent234}, {X=http://www.Department2.University2.edu/UndergraduateStudent150}, {X=http://www.Department2.University2.edu/UndergraduateStudent289}, {X=http://www.Department2.University2.edu/UndergraduateStudent164}, {X=http://www.Department2.University2.edu/UndergraduateStudent241}, {X=http://www.Department2.University2.edu/UndergraduateStudent126}, {X=http://www.Department2.University2.edu/UndergraduateStudent225}, {X=http://www.Department2.University2.edu/UndergraduateStudent257}, {X=http://www.Department2.University2.edu/UndergraduateStudent155}, {X=http://www.Department2.University2.edu/UndergraduateStudent185}, {X=http://www.Department2.University2.edu/UndergraduateStudent327}, {X=http://www.Department2.University2.edu/UndergraduateStudent196}, {X=http://www.Department2.University2.edu/UndergraduateStudent66}, {X=http://www.Department2.University2.edu/UndergraduateStudent229}, {X=http://www.Department2.University2.edu/UndergraduateStudent113}, {X=http://www.Department2.University2.edu/UndergraduateStudent346}, {X=http://www.Department2.University2.edu/UndergraduateStudent180}, {X=http://www.Department2.University2.edu/UndergraduateStudent279}, {X=http://www.Department2.University2.edu/UndergraduateStudent305}, {X=http://www.Department2.University2.edu/UndergraduateStudent130}, {X=http://www.Department2.University2.edu/UndergraduateStudent17}, {X=http://www.Department2.University2.edu/UndergraduateStudent246}, {X=http://www.Department2.University2.edu/UndergraduateStudent294}, {X=http://www.Department2.University2.edu/UndergraduateStudent278}, {X=http://www.Department2.University2.edu/UndergraduateStudent270}, {X=http://www.Department2.University2.edu/UndergraduateStudent81}, {X=http://www.Department2.University2.edu/UndergraduateStudent89}, {X=http://www.Department2.University2.edu/UndergraduateStudent284}, {X=http://www.Department2.University2.edu/UndergraduateStudent228}, {X=http://www.Department2.University2.edu/UndergraduateStudent49}, {X=http://www.Department2.University2.edu/UndergraduateStudent216}, {X=http://www.Department2.University2.edu/UndergraduateStudent142}, {X=http://www.Department2.University2.edu/UndergraduateStudent261}, {X=http://www.Department2.University2.edu/UndergraduateStudent213}, {X=http://www.Department2.University2.edu/UndergraduateStudent168}, {X=http://www.Department2.University2.edu/UndergraduateStudent0}, {X=http://www.Department2.University2.edu/UndergraduateStudent349}, {X=http://www.Department2.University2.edu/UndergraduateStudent263}, {X=http://www.Department2.University2.edu/UndergraduateStudent266}, {X=http://www.Department2.University2.edu/UndergraduateStudent345}, {X=http://www.Department2.University2.edu/UndergraduateStudent176}, {X=http://www.Department2.University2.edu/UndergraduateStudent39}, {X=http://www.Department2.University2.edu/UndergraduateStudent124}, {X=http://www.Department2.University2.edu/UndergraduateStudent198}, {X=http://www.Department2.University2.edu/UndergraduateStudent110}, {X=http://www.Department2.University2.edu/UndergraduateStudent195}, {X=http://www.Department2.University2.edu/UndergraduateStudent52}, {X=http://www.Department2.University2.edu/UndergraduateStudent354}, {X=http://www.Department2.University2.edu/UndergraduateStudent48}, {X=http://www.Department2.University2.edu/UndergraduateStudent260}, {X=http://www.Department2.University2.edu/UndergraduateStudent307}, {X=http://www.Department2.University2.edu/UndergraduateStudent61}, {X=http://www.Department2.University2.edu/UndergraduateStudent16}, {X=http://www.Department2.University2.edu/UndergraduateStudent314}, {X=http://www.Department2.University2.edu/UndergraduateStudent296}, {X=http://www.Department2.University2.edu/UndergraduateStudent319}, {X=http://www.Department2.University2.edu/UndergraduateStudent344}, {X=http://www.Department2.University2.edu/UndergraduateStudent71}, {X=http://www.Department2.University2.edu/UndergraduateStudent35}, {X=http://www.Department2.University2.edu/UndergraduateStudent22}, {X=http://www.Department2.University2.edu/UndergraduateStudent170}, {X=http://www.Department2.University2.edu/UndergraduateStudent108}, {X=http://www.Department2.University2.edu/UndergraduateStudent103}, {X=http://www.Department2.University2.edu/UndergraduateStudent156}, {X=http://www.Department2.University2.edu/UndergraduateStudent304}, {X=http://www.Department2.University2.edu/UndergraduateStudent153}, {X=http://www.Department2.University2.edu/UndergraduateStudent118}, {X=http://www.Department2.University2.edu/UndergraduateStudent230}, {X=http://www.Department2.University2.edu/UndergraduateStudent41}, {X=http://www.Department2.University2.edu/UndergraduateStudent131}, {X=http://www.Department2.University2.edu/UndergraduateStudent255}, {X=http://www.Department2.University2.edu/UndergraduateStudent290}, {X=http://www.Department2.University2.edu/UndergraduateStudent86}, {X=http://www.Department2.University2.edu/UndergraduateStudent317}, {X=http://www.Department2.University2.edu/UndergraduateStudent235}, {X=http://www.Department2.University2.edu/UndergraduateStudent188}, {X=http://www.Department2.University2.edu/UndergraduateStudent121}, {X=http://www.Department2.University2.edu/UndergraduateStudent144}, {X=http://www.Department2.University2.edu/UndergraduateStudent203}, {X=http://www.Department2.University2.edu/UndergraduateStudent251}, {X=http://www.Department2.University2.edu/UndergraduateStudent15}, {X=http://www.Department2.University2.edu/UndergraduateStudent62}, {X=http://www.Department2.University2.edu/UndergraduateStudent82}, {X=http://www.Department2.University2.edu/UndergraduateStudent276}, {X=http://www.Department2.University2.edu/UndergraduateStudent141}, {X=http://www.Department2.University2.edu/UndergraduateStudent217}, {X=http://www.Department2.University2.edu/UndergraduateStudent215}, {X=http://www.Department2.University2.edu/UndergraduateStudent112}, {X=http://www.Department2.University2.edu/UndergraduateStudent265}, {X=http://www.Department2.University2.edu/UndergraduateStudent106}, {X=http://www.Department2.University2.edu/UndergraduateStudent268}, {X=http://www.Department2.University2.edu/UndergraduateStudent259}, {X=http://www.Department2.University2.edu/UndergraduateStudent12}, {X=http://www.Department2.University2.edu/UndergraduateStudent23}, {X=http://www.Department2.University2.edu/UndergraduateStudent310}, {X=http://www.Department2.University2.edu/UndergraduateStudent248}, {X=http://www.Department2.University2.edu/UndergraduateStudent183}, {X=http://www.Department2.University2.edu/UndergraduateStudent94}, {X=http://www.Department2.University2.edu/UndergraduateStudent138}, {X=http://www.Department2.University2.edu/UndergraduateStudent37}, {X=http://www.Department2.University2.edu/UndergraduateStudent291}, {X=http://www.Department2.University2.edu/UndergraduateStudent233}, {X=http://www.Department2.University2.edu/UndergraduateStudent6}, {X=http://www.Department2.University2.edu/UndergraduateStudent212}, {X=http://www.Department2.University2.edu/UndergraduateStudent55}, {X=http://www.Department2.University2.edu/UndergraduateStudent206}, {X=http://www.Department2.University2.edu/UndergraduateStudent91}, {X=http://www.Department2.University2.edu/UndergraduateStudent315}, {X=http://www.Department2.University2.edu/UndergraduateStudent172}, {X=http://www.Department2.University2.edu/UndergraduateStudent222}, {X=http://www.Department2.University2.edu/UndergraduateStudent145}, {X=http://www.Department2.University2.edu/UndergraduateStudent252}, {X=http://www.Department2.University2.edu/UndergraduateStudent192}, {X=http://www.Department2.University2.edu/UndergraduateStudent199}, {X=http://www.Department2.University2.edu/UndergraduateStudent309}, {X=http://www.Department2.University2.edu/UndergraduateStudent332}, {X=http://www.Department2.University2.edu/UndergraduateStudent26}, {X=http://www.Department2.University2.edu/UndergraduateStudent173}, {X=http://www.Department2.University2.edu/UndergraduateStudent73}, {X=http://www.Department2.University2.edu/UndergraduateStudent7}, {X=http://www.Department2.University2.edu/UndergraduateStudent160}, {X=http://www.Department2.University2.edu/UndergraduateStudent92}, {X=http://www.Department2.University2.edu/UndergraduateStudent116}, {X=http://www.Department2.University2.edu/UndergraduateStudent184}, {X=http://www.Department2.University2.edu/UndergraduateStudent201}, {X=http://www.Department2.University2.edu/UndergraduateStudent85}, {X=http://www.Department2.University2.edu/UndergraduateStudent326}, {X=http://www.Department2.University2.edu/UndergraduateStudent227}, {X=http://www.Department2.University2.edu/UndergraduateStudent240}, {X=http://www.Department2.University2.edu/UndergraduateStudent3}, {X=http://www.Department2.University2.edu/UndergraduateStudent197}, {X=http://www.Department2.University2.edu/UndergraduateStudent123}, {X=http://www.Department2.University2.edu/UndergraduateStudent271}, {X=http://www.Department2.University2.edu/UndergraduateStudent311}, {X=http://www.Department2.University2.edu/UndergraduateStudent287}, {X=http://www.Department2.University2.edu/UndergraduateStudent80}, {X=http://www.Department2.University2.edu/UndergraduateStudent285}, {X=http://www.Department2.University2.edu/UndergraduateStudent359}, {X=http://www.Department2.University2.edu/UndergraduateStudent333}, {X=http://www.Department2.University2.edu/UndergraduateStudent239}, {X=http://www.Department2.University2.edu/UndergraduateStudent218}, {X=http://www.Department2.University2.edu/UndergraduateStudent96}, {X=http://www.Department2.University2.edu/UndergraduateStudent178}, {X=http://www.Department2.University2.edu/UndergraduateStudent157}, {X=http://www.Department2.University2.edu/UndergraduateStudent105}, {X=http://www.Department2.University2.edu/UndergraduateStudent50}, {X=http://www.Department2.University2.edu/UndergraduateStudent25}, {X=http://www.Department2.University2.edu/UndergraduateStudent316}, {X=http://www.Department2.University2.edu/UndergraduateStudent254}, {X=http://www.Department2.University2.edu/UndergraduateStudent47}, {X=http://www.Department2.University2.edu/UndergraduateStudent303}, {X=http://www.Department2.University2.edu/UndergraduateStudent221}, {X=http://www.Department2.University2.edu/UndergraduateStudent181}, {X=http://www.Department2.University2.edu/UndergraduateStudent219}, {X=http://www.Department2.University2.edu/UndergraduateStudent24}, {X=http://www.Department2.University2.edu/UndergraduateStudent297}, {X=http://www.Department2.University2.edu/UndergraduateStudent330}, {X=http://www.Department2.University2.edu/UndergraduateStudent243}, {X=http://www.Department2.University2.edu/UndergraduateStudent301}, {X=http://www.Department2.University2.edu/UndergraduateStudent308}, {X=http://www.Department2.University2.edu/UndergraduateStudent128}, {X=http://www.Department2.University2.edu/UndergraduateStudent120}, {X=http://www.Department2.University2.edu/UndergraduateStudent14}, {X=http://www.Department2.University2.edu/UndergraduateStudent358}, {X=http://www.Department2.University2.edu/UndergraduateStudent13}, {X=http://www.Department2.University2.edu/UndergraduateStudent253}, {X=http://www.Department2.University2.edu/UndergraduateStudent205}, {X=http://www.Department2.University2.edu/UndergraduateStudent347}, {X=http://www.Department2.University2.edu/UndergraduateStudent133}, {X=http://www.Department2.University2.edu/UndergraduateStudent136}, {X=http://www.Department2.University2.edu/UndergraduateStudent40}, {X=http://www.Department2.University2.edu/UndergraduateStudent29}, {X=http://www.Department2.University2.edu/UndergraduateStudent193}, {X=http://www.Department2.University2.edu/UndergraduateStudent122}, {X=http://www.Department2.University2.edu/UndergraduateStudent56}, {X=http://www.Department2.University2.edu/UndergraduateStudent325}, {X=http://www.Department2.University2.edu/UndergraduateStudent202}, {X=http://www.Department2.University2.edu/UndergraduateStudent210}, {X=http://www.Department2.University2.edu/UndergraduateStudent139}, {X=http://www.Department2.University2.edu/UndergraduateStudent114}, {X=http://www.Department2.University2.edu/UndergraduateStudent298}, {X=http://www.Department2.University2.edu/UndergraduateStudent31}, {X=http://www.Department2.University2.edu/UndergraduateStudent262}, {X=http://www.Department2.University2.edu/UndergraduateStudent148}, {X=http://www.Department2.University2.edu/UndergraduateStudent163}, {X=http://www.Department2.University2.edu/UndergraduateStudent249}, {X=http://www.Department2.University2.edu/UndergraduateStudent60}, {X=http://www.Department2.University2.edu/UndergraduateStudent76}, {X=http://www.Department2.University2.edu/UndergraduateStudent149}, {X=http://www.Department2.University2.edu/UndergraduateStudent351}, {X=http://www.Department2.University2.edu/UndergraduateStudent78}, {X=http://www.Department2.University2.edu/UndergraduateStudent352}, {X=http://www.Department2.University2.edu/UndergraduateStudent236}, {X=http://www.Department2.University2.edu/UndergraduateStudent211}, {X=http://www.Department2.University2.edu/UndergraduateStudent36}, {X=http://www.Department2.University2.edu/UndergraduateStudent338}, {X=http://www.Department2.University2.edu/UndergraduateStudent107}, {X=http://www.Department2.University2.edu/UndergraduateStudent339}, {X=http://www.Department2.University2.edu/UndergraduateStudent167}, {X=http://www.Department2.University2.edu/UndergraduateStudent54}, {X=http://www.Department2.University2.edu/UndergraduateStudent237}, {X=http://www.Department2.University2.edu/UndergraduateStudent306}, {X=http://www.Department2.University2.edu/UndergraduateStudent72}, {X=http://www.Department2.University2.edu/UndergraduateStudent77}, {X=http://www.Department2.University2.edu/UndergraduateStudent9}, {X=http://www.Department2.University2.edu/UndergraduateStudent65}, {X=http://www.Department2.University2.edu/UndergraduateStudent340}, {X=http://www.Department2.University2.edu/UndergraduateStudent208}, {X=http://www.Department2.University2.edu/UndergraduateStudent11}, {X=http://www.Department2.University2.edu/UndergraduateStudent67}, {X=http://www.Department2.University2.edu/UndergraduateStudent322}, {X=http://www.Department2.University2.edu/UndergraduateStudent70}, {X=http://www.Department2.University2.edu/UndergraduateStudent299}, {X=http://www.Department2.University2.edu/UndergraduateStudent134}, {X=http://www.Department2.University2.edu/UndergraduateStudent28}, {X=http://www.Department2.University2.edu/UndergraduateStudent335}, {X=http://www.Department2.University2.edu/UndergraduateStudent288}, {X=http://www.Department2.University2.edu/UndergraduateStudent129}, {X=http://www.Department2.University2.edu/UndergraduateStudent125}, {X=http://www.Department2.University2.edu/UndergraduateStudent97}, {X=http://www.Department2.University2.edu/UndergraduateStudent137}, {X=http://www.Department2.University2.edu/UndergraduateStudent161}, {X=http://www.Department2.University2.edu/UndergraduateStudent162}, {X=http://www.Department2.University2.edu/UndergraduateStudent348}, {X=http://www.Department2.University2.edu/UndergraduateStudent10}, {X=http://www.Department2.University2.edu/UndergraduateStudent357}, {X=http://www.Department2.University2.edu/UndergraduateStudent293}, {X=http://www.Department2.University2.edu/UndergraduateStudent328}, {X=http://www.Department2.University2.edu/UndergraduateStudent350}, {X=http://www.Department2.University2.edu/UndergraduateStudent59}, {X=http://www.Department2.University2.edu/UndergraduateStudent209}, {X=http://www.Department2.University2.edu/UndergraduateStudent269}, {X=http://www.Department2.University2.edu/UndergraduateStudent1}, {X=http://www.Department2.University2.edu/UndergraduateStudent64}, {X=http://www.Department2.University2.edu/UndergraduateStudent245}, {X=http://www.Department2.University2.edu/UndergraduateStudent272}, {X=http://www.Department2.University2.edu/UndergraduateStudent95}, {X=http://www.Department2.University2.edu/UndergraduateStudent109}, {X=http://www.Department2.University2.edu/UndergraduateStudent337}, {X=http://www.Department2.University2.edu/UndergraduateStudent104}, {X=http://www.Department2.University2.edu/UndergraduateStudent179}, {X=http://www.Department2.University2.edu/UndergraduateStudent43}, {X=http://www.Department2.University2.edu/UndergraduateStudent4}, {X=http://www.Department2.University2.edu/UndergraduateStudent102}, {X=http://www.Department2.University2.edu/UndergraduateStudent117}, {X=http://www.Department2.University2.edu/UndergraduateStudent182}, {X=http://www.Department2.University2.edu/UndergraduateStudent324}, {X=http://www.Department2.University2.edu/UndergraduateStudent51}, {X=http://www.Department2.University2.edu/UndergraduateStudent119}, {X=http://www.Department2.University2.edu/UndergraduateStudent280}, {X=http://www.Department2.University2.edu/UndergraduateStudent38}, {X=http://www.Department2.University2.edu/UndergraduateStudent274}, {X=http://www.Department2.University2.edu/UndergraduateStudent93}, {X=http://www.Department2.University2.edu/UndergraduateStudent58}, {X=http://www.Department2.University2.edu/UndergraduateStudent258}, {X=http://www.Department2.University2.edu/UndergraduateStudent223}, {X=http://www.Department2.University2.edu/UndergraduateStudent177}, {X=http://www.Department2.University2.edu/UndergraduateStudent146}, {X=http://www.Department2.University2.edu/UndergraduateStudent101}, {X=http://www.Department2.University2.edu/UndergraduateStudent140}, {X=http://www.Department2.University2.edu/UndergraduateStudent32}, {X=http://www.Department2.University2.edu/UndergraduateStudent220}, {X=http://www.Department2.University2.edu/UndergraduateStudent90}, {X=http://www.Department2.University2.edu/UndergraduateStudent135}, {X=http://www.Department2.University2.edu/UndergraduateStudent186}, {X=http://www.Department2.University2.edu/UndergraduateStudent312}, {X=http://www.Department2.University2.edu/UndergraduateStudent286}, {X=http://www.Department2.University2.edu/UndergraduateStudent341}, {X=http://www.Department2.University2.edu/UndergraduateStudent342}, {X=http://www.Department2.University2.edu/UndergraduateStudent295}, {X=http://www.Department2.University2.edu/UndergraduateStudent267}, {X=http://www.Department2.University2.edu/UndergraduateStudent355}, {X=http://www.Department2.University2.edu/UndergraduateStudent34}, {X=http://www.Department2.University2.edu/UndergraduateStudent320}, {X=http://www.Department2.University2.edu/UndergraduateStudent321}, {X=http://www.Department2.University2.edu/UndergraduateStudent158}, {X=http://www.Department2.University2.edu/UndergraduateStudent171}, {X=http://www.Department2.University2.edu/UndergraduateStudent300}, {X=http://www.Department2.University2.edu/UndergraduateStudent275}, {X=http://www.Department2.University2.edu/UndergraduateStudent318}, {X=http://www.Department2.University2.edu/UndergraduateStudent165}, {X=http://www.Department2.University2.edu/UndergraduateStudent57}, {X=http://www.Department2.University2.edu/UndergraduateStudent115}, {X=http://www.Department2.University2.edu/UndergraduateStudent151}, {X=http://www.Department2.University2.edu/UndergraduateStudent88}, {X=http://www.Department2.University2.edu/UndergraduateStudent194}, {X=http://www.Department2.University2.edu/UndergraduateStudent169}, {X=http://www.Department2.University2.edu/UndergraduateStudent147}, {X=http://www.Department2.University2.edu/UndergraduateStudent46}, {X=http://www.Department2.University2.edu/UndergraduateStudent79}, {X=http://www.Department2.University2.edu/UndergraduateStudent302}, {X=http://www.Department2.University2.edu/UndergraduateStudent231}, {X=http://www.Department2.University2.edu/UndergraduateStudent63}, {X=http://www.Department2.University2.edu/UndergraduateStudent256}, {X=http://www.Department2.University2.edu/UndergraduateStudent336}, {X=http://www.Department2.University2.edu/UndergraduateStudent264}, {X=http://www.Department2.University2.edu/UndergraduateStudent247}, {X=http://www.Department2.University2.edu/UndergraduateStudent283}, {X=http://www.Department2.University2.edu/UndergraduateStudent214}, {X=http://www.Department2.University2.edu/UndergraduateStudent191}, {X=http://www.Department2.University2.edu/UndergraduateStudent313}, {X=http://www.Department2.University2.edu/UndergraduateStudent42}, {X=http://www.Department2.University2.edu/UndergraduateStudent100}, {X=http://www.Department2.University2.edu/UndergraduateStudent83}, {X=http://www.Department2.University2.edu/UndergraduateStudent75}, {X=http://www.Department2.University2.edu/UndergraduateStudent69}, {X=http://www.Department2.University2.edu/UndergraduateStudent98}, {X=http://www.Department2.University2.edu/UndergraduateStudent204}, {X=http://www.Department2.University2.edu/UndergraduateStudent356}, {X=http://www.Department2.University2.edu/UndergraduateStudent20}, {X=http://www.Department2.University2.edu/UndergraduateStudent111}, {X=http://www.Department2.University2.edu/UndergraduateStudent277}, {X=http://www.Department2.University2.edu/UndergraduateStudent360}, {X=http://www.Department2.University2.edu/UndergraduateStudent190}, {X=http://www.Department2.University2.edu/UndergraduateStudent87}, {X=http://www.Department2.University2.edu/UndergraduateStudent5}, {X=http://www.Department2.University2.edu/UndergraduateStudent189}, {X=http://www.Department2.University2.edu/UndergraduateStudent2}, {X=http://www.Department2.University2.edu/UndergraduateStudent282}, {X=http://www.Department2.University2.edu/UndergraduateStudent224}, {X=http://www.Department2.University2.edu/UndergraduateStudent84}, {X=http://www.Department2.University2.edu/UndergraduateStudent281}, {X=http://www.Department2.University2.edu/UndergraduateStudent331}, {X=http://www.Department2.University2.edu/UndergraduateStudent226}, {X=http://www.Department2.University2.edu/UndergraduateStudent132}, {X=http://www.Department2.University2.edu/UndergraduateStudent44}, {X=http://www.Department2.University2.edu/UndergraduateStudent33}, {X=http://www.Department2.University2.edu/UndergraduateStudent166}, {X=http://www.Department2.University2.edu/UndergraduateStudent74}, {X=http://www.Department2.University2.edu/UndergraduateStudent207}, {X=http://www.Department2.University2.edu/UndergraduateStudent244}, {X=http://www.Department2.University2.edu/UndergraduateStudent19}, {X=http://www.Department2.University2.edu/UndergraduateStudent175}, {X=http://www.Department2.University2.edu/UndergraduateStudent68}, {X=http://www.Department2.University2.edu/UndergraduateStudent323}, {X=http://www.Department2.University2.edu/UndergraduateStudent45}, {X=http://www.Department2.University2.edu/UndergraduateStudent154}, {X=http://www.Department2.University2.edu/UndergraduateStudent127}, {X=http://www.Department2.University2.edu/UndergraduateStudent8}, {X=http://www.Department2.University2.edu/UndergraduateStudent152}, {X=http://www.Department2.University2.edu/UndergraduateStudent53}, {X=http://www.Department2.University2.edu/UndergraduateStudent329}, {X=http://www.Department2.University2.edu/UndergraduateStudent200}, {X=http://www.Department2.University2.edu/UndergraduateStudent232}, {X=http://www.Department2.University2.edu/UndergraduateStudent21}, {X=http://www.Department2.University2.edu/UndergraduateStudent273}, {X=http://www.Department2.University2.edu/UndergraduateStudent159}, {X=http://www.Department2.University2.edu/UndergraduateStudent99}, {X=http://www.Department2.University2.edu/UndergraduateStudent292}, {X=http://www.Department2.University2.edu/UndergraduateStudent242}, {X=http://www.Department2.University2.edu/UndergraduateStudent353}, {X=http://www.Department2.University2.edu/UndergraduateStudent343}, {X=http://www.Department2.University2.edu/UndergraduateStudent238}, {X=http://www.Department2.University2.edu/UndergraduateStudent18}, {X=http://www.Department2.University2.edu/UndergraduateStudent187}, {X=http://www.Department2.University2.edu/UndergraduateStudent334}, {X=http://www.Department2.University2.edu/UndergraduateStudent143}, {X=http://www.Department2.University2.edu/UndergraduateStudent27}, {X=http://www.Department2.University2.edu/UndergraduateStudent174}, {X=http://www.Department2.University2.edu/UndergraduateStudent250}, {X=http://www.Department2.University2.edu/UndergraduateStudent30}, {X=http://www.Department2.University2.edu/UndergraduateStudent234}, {X=http://www.Department2.University2.edu/UndergraduateStudent150}, {X=http://www.Department2.University2.edu/UndergraduateStudent289}, {X=http://www.Department2.University2.edu/UndergraduateStudent164}, {X=http://www.Department2.University2.edu/UndergraduateStudent241}, {X=http://www.Department2.University2.edu/UndergraduateStudent126}, {X=http://www.Department2.University2.edu/UndergraduateStudent225}, {X=http://www.Department2.University2.edu/UndergraduateStudent257}, {X=http://www.Department2.University2.edu/UndergraduateStudent155}, {X=http://www.Department2.University2.edu/UndergraduateStudent185}, {X=http://www.Department2.University2.edu/UndergraduateStudent327}, {X=http://www.Department2.University2.edu/UndergraduateStudent196}, {X=http://www.Department2.University2.edu/UndergraduateStudent66}, {X=http://www.Department2.University2.edu/UndergraduateStudent229}, {X=http://www.Department2.University2.edu/UndergraduateStudent113}, {X=http://www.Department2.University2.edu/UndergraduateStudent346}, {X=http://www.Department2.University2.edu/UndergraduateStudent180}, {X=http://www.Department2.University2.edu/UndergraduateStudent279}, {X=http://www.Department2.University2.edu/UndergraduateStudent305}, {X=http://www.Department2.University2.edu/UndergraduateStudent130}, {X=http://www.Department2.University2.edu/UndergraduateStudent17}, {X=http://www.Department2.University2.edu/UndergraduateStudent246}, {X=http://www.Department2.University2.edu/UndergraduateStudent294}, {X=http://www.Department2.University2.edu/UndergraduateStudent278}, {X=http://www.Department2.University2.edu/UndergraduateStudent270}, {X=http://www.Department2.University2.edu/UndergraduateStudent81}, {X=http://www.Department2.University2.edu/UndergraduateStudent89}, {X=http://www.Department2.University2.edu/UndergraduateStudent284}, {X=http://www.Department2.University2.edu/UndergraduateStudent228}, {X=http://www.Department2.University2.edu/UndergraduateStudent49}, {X=http://www.Department2.University2.edu/UndergraduateStudent216}, {X=http://www.Department2.University2.edu/UndergraduateStudent142}, {X=http://www.Department2.University2.edu/UndergraduateStudent261}, {X=http://www.Department2.University2.edu/UndergraduateStudent213}, {X=http://www.Department2.University2.edu/UndergraduateStudent168}, {X=http://www.Department2.University2.edu/UndergraduateStudent0}, {X=http://www.Department2.University2.edu/UndergraduateStudent349}, {X=http://www.Department2.University2.edu/UndergraduateStudent263}, {X=http://www.Department2.University2.edu/UndergraduateStudent266}, {X=http://www.Department2.University2.edu/UndergraduateStudent345}, {X=http://www.Department2.University2.edu/UndergraduateStudent176}, {X=http://www.Department2.University2.edu/UndergraduateStudent39}, {X=http://www.Department2.University2.edu/UndergraduateStudent124}, {X=http://www.Department2.University2.edu/UndergraduateStudent198}, {X=http://www.Department2.University2.edu/UndergraduateStudent110}, {X=http://www.Department2.University2.edu/UndergraduateStudent195}, {X=http://www.Department2.University2.edu/UndergraduateStudent52}, {X=http://www.Department2.University2.edu/UndergraduateStudent354}, {X=http://www.Department2.University2.edu/UndergraduateStudent48}, {X=http://www.Department2.University2.edu/UndergraduateStudent260}, {X=http://www.Department2.University2.edu/UndergraduateStudent307}, {X=http://www.Department2.University2.edu/UndergraduateStudent61}, {X=http://www.Department2.University2.edu/UndergraduateStudent16}, {X=http://www.Department2.University2.edu/UndergraduateStudent314}, {X=http://www.Department2.University2.edu/UndergraduateStudent296}, {X=http://www.Department2.University2.edu/UndergraduateStudent319}, {X=http://www.Department2.University2.edu/UndergraduateStudent344}, {X=http://www.Department2.University2.edu/UndergraduateStudent71}, {X=http://www.Department2.University2.edu/UndergraduateStudent35}, {X=http://www.Department2.University2.edu/UndergraduateStudent22}, {X=http://www.Department2.University2.edu/UndergraduateStudent170}, {X=http://www.Department2.University2.edu/UndergraduateStudent108}, {X=http://www.Department2.University2.edu/UndergraduateStudent103}, {X=http://www.Department2.University2.edu/UndergraduateStudent156}, {X=http://www.Department2.University2.edu/UndergraduateStudent304}, {X=http://www.Department2.University2.edu/UndergraduateStudent153}, {X=http://www.Department2.University2.edu/UndergraduateStudent118}, {X=http://www.Department2.University2.edu/UndergraduateStudent230}, {X=http://www.Department2.University2.edu/UndergraduateStudent41}, {X=http://www.Department2.University2.edu/UndergraduateStudent131}, {X=http://www.Department2.University2.edu/UndergraduateStudent255}, {X=http://www.Department2.University2.edu/UndergraduateStudent290}, {X=http://www.Department2.University2.edu/UndergraduateStudent86}, {X=http://www.Department2.University2.edu/UndergraduateStudent317}, {X=http://www.Department2.University2.edu/UndergraduateStudent235}, {X=http://www.Department2.University2.edu/UndergraduateStudent188}, {X=http://www.Department2.University2.edu/UndergraduateStudent121}, {X=http://www.Department2.University2.edu/UndergraduateStudent144}, {X=http://www.Department2.University2.edu/UndergraduateStudent203}, {X=http://www.Department2.University2.edu/UndergraduateStudent251}, {X=http://www.Department2.University2.edu/UndergraduateStudent15}, {X=http://www.Department2.University2.edu/UndergraduateStudent62}, {X=http://www.Department2.University2.edu/UndergraduateStudent82}, {X=http://www.Department2.University2.edu/UndergraduateStudent276}, {X=http://www.Department2.University2.edu/UndergraduateStudent141}, {X=http://www.Department2.University2.edu/UndergraduateStudent217}, {X=http://www.Department2.University2.edu/UndergraduateStudent215}, {X=http://www.Department2.University2.edu/UndergraduateStudent112}, {X=http://www.Department2.University2.edu/UndergraduateStudent265}, {X=http://www.Department2.University2.edu/UndergraduateStudent106}, {X=http://www.Department2.University2.edu/UndergraduateStudent268}, {X=http://www.Department2.University2.edu/UndergraduateStudent259}, {X=http://www.Department2.University2.edu/UndergraduateStudent12}, {X=http://www.Department2.University2.edu/UndergraduateStudent23}, {X=http://www.Department2.University2.edu/UndergraduateStudent310}, {X=http://www.Department2.University2.edu/UndergraduateStudent248}, {X=http://www.Department2.University2.edu/UndergraduateStudent183}, {X=http://www.Department2.University2.edu/UndergraduateStudent94}, {X=http://www.Department2.University2.edu/UndergraduateStudent138}, {X=http://www.Department2.University2.edu/UndergraduateStudent37}, {X=http://www.Department2.University2.edu/UndergraduateStudent291}, {X=http://www.Department2.University2.edu/UndergraduateStudent233}, {X=http://www.Department2.University2.edu/UndergraduateStudent6}, {X=http://www.Department2.University2.edu/UndergraduateStudent212}, {X=http://www.Department2.University2.edu/UndergraduateStudent55}, {X=http://www.Department2.University2.edu/UndergraduateStudent206}, {X=http://www.Department2.University2.edu/UndergraduateStudent91}, {X=http://www.Department2.University2.edu/UndergraduateStudent315}, {X=http://www.Department2.University2.edu/UndergraduateStudent172}, {X=http://www.Department2.University2.edu/UndergraduateStudent222}, {X=http://www.Department2.University2.edu/UndergraduateStudent145}, {X=http://www.Department2.University2.edu/UndergraduateStudent252}, {X=http://www.Department2.University2.edu/UndergraduateStudent192}, {X=http://www.Department2.University2.edu/UndergraduateStudent199}, {X=http://www.Department2.University2.edu/UndergraduateStudent309}, {X=http://www.Department2.University2.edu/UndergraduateStudent332}, {X=http://www.Department2.University2.edu/UndergraduateStudent26}, {X=http://www.Department2.University2.edu/UndergraduateStudent173}, {X=http://www.Department2.University2.edu/UndergraduateStudent73}, {X=http://www.Department2.University2.edu/UndergraduateStudent7}, {X=http://www.Department2.University2.edu/UndergraduateStudent160}, {X=http://www.Department2.University2.edu/UndergraduateStudent92}, {X=http://www.Department2.University2.edu/UndergraduateStudent116}, {X=http://www.Department2.University2.edu/UndergraduateStudent184}, {X=http://www.Department2.University2.edu/UndergraduateStudent201}, {X=http://www.Department2.University2.edu/UndergraduateStudent85}, {X=http://www.Department2.University2.edu/UndergraduateStudent326}, {X=http://www.Department2.University2.edu/UndergraduateStudent227}, {X=http://www.Department2.University2.edu/UndergraduateStudent240}, {X=http://www.Department2.University2.edu/UndergraduateStudent3}, {X=http://www.Department2.University2.edu/UndergraduateStudent197}, {X=http://www.Department2.University2.edu/UndergraduateStudent123}, {X=http://www.Department2.University2.edu/UndergraduateStudent271}, {X=http://www.Department2.University2.edu/UndergraduateStudent311}, {X=http://www.Department2.University2.edu/UndergraduateStudent287}, {X=http://www.Department2.University2.edu/UndergraduateStudent80}, {X=http://www.Department2.University2.edu/UndergraduateStudent285}, {X=http://www.Department2.University2.edu/UndergraduateStudent359}, {X=http://www.Department2.University2.edu/UndergraduateStudent333}, {X=http://www.Department2.University2.edu/UndergraduateStudent239}, {X=http://www.Department2.University2.edu/UndergraduateStudent218}, {X=http://www.Department2.University2.edu/UndergraduateStudent96}, {X=http://www.Department2.University2.edu/UndergraduateStudent178}, {X=http://www.Department2.University2.edu/UndergraduateStudent157}, {X=http://www.Department2.University2.edu/UndergraduateStudent105}, {X=http://www.Department2.University2.edu/UndergraduateStudent50}, {X=http://www.Department2.University2.edu/UndergraduateStudent25}, {X=http://www.Department2.University2.edu/UndergraduateStudent316}, {X=http://www.Department2.University2.edu/UndergraduateStudent254}, {X=http://www.Department2.University2.edu/UndergraduateStudent47}, {X=http://www.Department2.University2.edu/UndergraduateStudent303}, {X=http://www.Department2.University2.edu/UndergraduateStudent221}, {X=http://www.Department2.University2.edu/UndergraduateStudent181}, {X=http://www.Department2.University2.edu/UndergraduateStudent219}, {X=http://www.Department2.University2.edu/UndergraduateStudent24}, {X=http://www.Department2.University2.edu/UndergraduateStudent297}, {X=http://www.Department2.University2.edu/UndergraduateStudent330}, {X=http://www.Department2.University2.edu/UndergraduateStudent243}, {X=http://www.Department2.University2.edu/UndergraduateStudent301}, {X=http://www.Department2.University2.edu/UndergraduateStudent308}, {X=http://www.Department2.University2.edu/UndergraduateStudent128}, {X=http://www.Department2.University2.edu/UndergraduateStudent120}, {X=http://www.Department2.University2.edu/UndergraduateStudent14}, {X=http://www.Department2.University2.edu/UndergraduateStudent358}, {X=http://www.Department2.University2.edu/UndergraduateStudent13}, {X=http://www.Department2.University2.edu/UndergraduateStudent253}, {X=http://www.Department2.University2.edu/UndergraduateStudent205}, {X=http://www.Department2.University2.edu/UndergraduateStudent347}, {X=http://www.Department2.University2.edu/UndergraduateStudent133}, {X=http://www.Department2.University2.edu/UndergraduateStudent136}, {X=http://www.Department2.University2.edu/UndergraduateStudent40}, {X=http://www.Department2.University2.edu/UndergraduateStudent29}, {X=http://www.Department2.University2.edu/UndergraduateStudent193}, {X=http://www.Department2.University2.edu/UndergraduateStudent122}, {X=http://www.Department2.University2.edu/UndergraduateStudent56}, {X=http://www.Department2.University2.edu/UndergraduateStudent325}, {X=http://www.Department2.University2.edu/UndergraduateStudent202}, {X=http://www.Department2.University2.edu/UndergraduateStudent210}, {X=http://www.Department2.University2.edu/UndergraduateStudent139}, {X=http://www.Department2.University2.edu/UndergraduateStudent114}, {X=http://www.Department2.University2.edu/UndergraduateStudent298}, {X=http://www.Department2.University2.edu/UndergraduateStudent31}, {X=http://www.Department2.University2.edu/UndergraduateStudent262}, {X=http://www.Department2.University2.edu/UndergraduateStudent148}, {X=http://www.Department2.University2.edu/UndergraduateStudent163}, {X=http://www.Department2.University2.edu/UndergraduateStudent249}, {X=http://www.Department2.University2.edu/UndergraduateStudent60}, {X=http://www.Department2.University2.edu/UndergraduateStudent76}, {X=http://www.Department2.University2.edu/UndergraduateStudent149}, {X=http://www.Department2.University2.edu/UndergraduateStudent351}, {X=http://www.Department2.University2.edu/UndergraduateStudent78}, {X=http://www.Department2.University2.edu/UndergraduateStudent352}, {X=http://www.Department2.University2.edu/UndergraduateStudent236}, {X=http://www.Department2.University2.edu/UndergraduateStudent211}, {X=http://www.Department2.University2.edu/UndergraduateStudent36}, {X=http://www.Department2.University2.edu/UndergraduateStudent338}, {X=http://www.Department2.University2.edu/UndergraduateStudent107}, {X=http://www.Department2.University2.edu/UndergraduateStudent339}, {X=http://www.Department2.University2.edu/UndergraduateStudent167}, {X=http://www.Department2.University2.edu/UndergraduateStudent54}, {X=http://www.Department2.University2.edu/UndergraduateStudent237}, {X=http://www.Department2.University2.edu/UndergraduateStudent306}, {X=http://www.Department2.University2.edu/UndergraduateStudent72}, {X=http://www.Department2.University2.edu/UndergraduateStudent77}, {X=http://www.Department2.University2.edu/UndergraduateStudent9}, {X=http://www.Department2.University2.edu/UndergraduateStudent65}, {X=http://www.Department2.University2.edu/UndergraduateStudent340}, {X=http://www.Department2.University2.edu/UndergraduateStudent208}, {X=http://www.Department2.University2.edu/UndergraduateStudent11}, {X=http://www.Department2.University2.edu/UndergraduateStudent67}, {X=http://www.Department2.University2.edu/UndergraduateStudent322}, {X=http://www.Department2.University2.edu/UndergraduateStudent70}, {X=http://www.Department2.University2.edu/UndergraduateStudent299}, {X=http://www.Department2.University2.edu/UndergraduateStudent134}, {X=http://www.Department2.University2.edu/UndergraduateStudent28}, {X=http://www.Department2.University2.edu/UndergraduateStudent335}, {X=http://www.Department2.University2.edu/UndergraduateStudent288}, {X=http://www.Department2.University2.edu/UndergraduateStudent129}, {X=http://www.Department2.University2.edu/UndergraduateStudent125}, {X=http://www.Department2.University2.edu/UndergraduateStudent97}, {X=http://www.Department2.University2.edu/UndergraduateStudent137}, {X=http://www.Department2.University2.edu/UndergraduateStudent161}, {X=http://www.Department2.University2.edu/UndergraduateStudent162}, {X=http://www.Department2.University2.edu/UndergraduateStudent348}, {X=http://www.Department2.University2.edu/UndergraduateStudent10}, {X=http://www.Department2.University2.edu/UndergraduateStudent357}, {X=http://www.Department2.University2.edu/UndergraduateStudent293}, {X=http://www.Department2.University2.edu/UndergraduateStudent328}, {X=http://www.Department2.University2.edu/UndergraduateStudent350}, {X=http://www.Department2.University2.edu/UndergraduateStudent59}, {X=http://www.Department2.University2.edu/UndergraduateStudent209}, {X=http://www.Department2.University2.edu/UndergraduateStudent269}, {X=http://www.Department2.University2.edu/UndergraduateStudent1}, {X=http://www.Department2.University2.edu/UndergraduateStudent64}, {X=http://www.Department2.University2.edu/UndergraduateStudent245}, {X=http://www.Department2.University2.edu/UndergraduateStudent272}, {X=http://www.Department2.University2.edu/UndergraduateStudent95}, {X=http://www.Department2.University2.edu/UndergraduateStudent109}, {X=http://www.Department2.University2.edu/UndergraduateStudent337}, {X=http://www.Department2.University2.edu/UndergraduateStudent104}, {X=http://www.Department2.University2.edu/UndergraduateStudent179}, {X=http://www.Department2.University2.edu/UndergraduateStudent43}, {X=http://www.Department2.University2.edu/UndergraduateStudent4}, {X=http://www.Department2.University2.edu/UndergraduateStudent102}, {X=http://www.Department2.University2.edu/UndergraduateStudent117}, {X=http://www.Department2.University2.edu/UndergraduateStudent182}, {X=http://www.Department2.University2.edu/UndergraduateStudent324}, {X=http://www.Department2.University2.edu/UndergraduateStudent51}, {X=http://www.Department2.University2.edu/UndergraduateStudent119}, {X=http://www.Department2.University2.edu/UndergraduateStudent280}, {X=http://www.Department2.University2.edu/UndergraduateStudent38}, {X=http://www.Department2.University2.edu/UndergraduateStudent274}, {X=http://www.Department2.University2.edu/UndergraduateStudent93}, {X=http://www.Department2.University2.edu/UndergraduateStudent58}, {X=http://www.Department2.University2.edu/UndergraduateStudent258}, {X=http://www.Department2.University2.edu/UndergraduateStudent223}, {X=http://www.Department2.University2.edu/UndergraduateStudent177}, {X=http://www.Department2.University2.edu/UndergraduateStudent146}, {X=http://www.Department2.University2.edu/UndergraduateStudent101}, {X=http://www.Department2.University2.edu/UndergraduateStudent140}, {X=http://www.Department2.University2.edu/UndergraduateStudent32}, {X=http://www.Department2.University2.edu/UndergraduateStudent220}, {X=http://www.Department2.University2.edu/UndergraduateStudent90}, {X=http://www.Department2.University2.edu/UndergraduateStudent135}, {X=http://www.Department2.University2.edu/UndergraduateStudent186}, {X=http://www.Department2.University2.edu/UndergraduateStudent312}, {X=http://www.Department2.University2.edu/UndergraduateStudent286}, {X=http://www.Department2.University2.edu/UndergraduateStudent341}, {X=http://www.Department2.University2.edu/UndergraduateStudent342}, {X=http://www.Department2.University2.edu/UndergraduateStudent295}, {X=http://www.Department2.University2.edu/UndergraduateStudent267}, {X=http://www.Department2.University2.edu/UndergraduateStudent355}, {X=http://www.Department2.University2.edu/UndergraduateStudent34}, {X=http://www.Department2.University2.edu/UndergraduateStudent320}, {X=http://www.Department2.University2.edu/UndergraduateStudent321}, {X=http://www.Department2.University2.edu/UndergraduateStudent158}, {X=http://www.Department2.University2.edu/UndergraduateStudent171}, {X=http://www.Department2.University2.edu/UndergraduateStudent300}, {X=http://www.Department2.University2.edu/UndergraduateStudent275}, {X=http://www.Department2.University2.edu/UndergraduateStudent318}, {X=http://www.Department2.University2.edu/UndergraduateStudent165}, {X=http://www.Department2.University2.edu/UndergraduateStudent57}, {X=http://www.Department2.University2.edu/UndergraduateStudent115}, {X=http://www.Department2.University2.edu/UndergraduateStudent151}, {X=http://www.Department2.University2.edu/UndergraduateStudent88}, {X=http://www.Department2.University2.edu/UndergraduateStudent194}, {X=http://www.Department2.University2.edu/UndergraduateStudent169}, {X=http://www.Department2.University2.edu/UndergraduateStudent147}, {X=http://www.Department2.University2.edu/UndergraduateStudent46}, {X=http://www.Department2.University2.edu/UndergraduateStudent79}, {X=http://www.Department2.University2.edu/UndergraduateStudent302}, {X=http://www.Department2.University2.edu/UndergraduateStudent231}, {X=http://www.Department2.University2.edu/UndergraduateStudent63}, {X=http://www.Department2.University2.edu/UndergraduateStudent256}, {X=http://www.Department2.University2.edu/UndergraduateStudent336}, {X=http://www.Department2.University2.edu/UndergraduateStudent264}, {X=http://www.Department2.University2.edu/UndergraduateStudent247}, {X=http://www.Department2.University2.edu/UndergraduateStudent283}, {X=http://www.Department2.University2.edu/UndergraduateStudent214}, {X=http://www.Department2.University2.edu/UndergraduateStudent191}, {X=http://www.Department2.University2.edu/UndergraduateStudent313}, {X=http://www.Department2.University2.edu/UndergraduateStudent42}, {X=http://www.Department2.University2.edu/UndergraduateStudent100}, {X=http://www.Department2.University2.edu/UndergraduateStudent83}, {X=http://www.Department2.University2.edu/UndergraduateStudent75}, {X=http://www.Department2.University2.edu/UndergraduateStudent69}, {X=http://www.Department2.University2.edu/UndergraduateStudent98}, {X=http://www.Department2.University2.edu/UndergraduateStudent204}, {X=http://www.Department2.University2.edu/UndergraduateStudent356}, {X=http://www.Department2.University2.edu/UndergraduateStudent20}, {X=http://www.Department2.University2.edu/UndergraduateStudent111}, {X=http://www.Department2.University2.edu/UndergraduateStudent277}, {X=http://www.Department2.University2.edu/UndergraduateStudent360}, {X=http://www.Department2.University2.edu/UndergraduateStudent190}, {X=http://www.Department2.University2.edu/UndergraduateStudent87}, {X=http://www.Department2.University2.edu/UndergraduateStudent5}, {X=http://www.Department2.University2.edu/UndergraduateStudent189}, {X=http://www.Department2.University2.edu/UndergraduateStudent2}, {X=http://www.Department2.University2.edu/UndergraduateStudent282}, {X=http://www.Department2.University2.edu/UndergraduateStudent224}, {X=http://www.Department2.University2.edu/UndergraduateStudent84}, {X=http://www.Department2.University2.edu/UndergraduateStudent281}, {X=http://www.Department2.University2.edu/UndergraduateStudent331}, {X=http://www.Department2.University2.edu/UndergraduateStudent226}, {X=http://www.Department2.University2.edu/UndergraduateStudent132}, {X=http://www.Department2.University2.edu/UndergraduateStudent44}, {X=http://www.Department2.University2.edu/UndergraduateStudent33}, {X=http://www.Department2.University2.edu/UndergraduateStudent166}, {X=http://www.Department2.University2.edu/UndergraduateStudent74}, {X=http://www.Department2.University2.edu/UndergraduateStudent207}, {X=http://www.Department2.University2.edu/UndergraduateStudent244}, {X=http://www.Department2.University2.edu/UndergraduateStudent19}, {X=http://www.Department2.University2.edu/UndergraduateStudent175}, {X=http://www.Department2.University2.edu/UndergraduateStudent68}, {X=http://www.Department2.University2.edu/UndergraduateStudent323}, {X=http://www.Department2.University2.edu/UndergraduateStudent45}, {X=http://www.Department2.University2.edu/UndergraduateStudent154}, {X=http://www.Department2.University2.edu/UndergraduateStudent127}, {X=http://www.Department2.University2.edu/UndergraduateStudent8}, {X=http://www.Department2.University2.edu/UndergraduateStudent152}, {X=http://www.Department2.University2.edu/UndergraduateStudent53}, {X=http://www.Department2.University2.edu/UndergraduateStudent329}, {X=http://www.Department2.University2.edu/UndergraduateStudent200}, {X=http://www.Department2.University2.edu/UndergraduateStudent232}, {X=http://www.Department2.University2.edu/UndergraduateStudent21}, {X=http://www.Department2.University2.edu/UndergraduateStudent273}, {X=http://www.Department2.University2.edu/UndergraduateStudent159}, {X=http://www.Department2.University2.edu/UndergraduateStudent99}, {X=http://www.Department2.University2.edu/UndergraduateStudent292}, {X=http://www.Department2.University2.edu/UndergraduateStudent242}, {X=http://www.Department2.University2.edu/UndergraduateStudent353}, {X=http://www.Department2.University2.edu/UndergraduateStudent343}, {X=http://www.Department2.University2.edu/UndergraduateStudent238}, {X=http://www.Department2.University2.edu/UndergraduateStudent18}, {X=http://www.Department2.University2.edu/UndergraduateStudent187}, {X=http://www.Department2.University2.edu/UndergraduateStudent334}, {X=http://www.Department2.University2.edu/UndergraduateStudent143}, {X=http://www.Department2.University2.edu/UndergraduateStudent27}, {X=http://www.Department2.University2.edu/UndergraduateStudent174}, {X=http://www.Department2.University2.edu/UndergraduateStudent250}, {X=http://www.Department2.University2.edu/UndergraduateStudent30}, {X=http://www.Department2.University2.edu/UndergraduateStudent234}, {X=http://www.Department2.University2.edu/UndergraduateStudent150}, {X=http://www.Department2.University2.edu/UndergraduateStudent289}, {X=http://www.Department2.University2.edu/UndergraduateStudent164}, {X=http://www.Department2.University2.edu/UndergraduateStudent241}, {X=http://www.Department2.University2.edu/UndergraduateStudent126}, {X=http://www.Department2.University2.edu/UndergraduateStudent225}, {X=http://www.Department2.University2.edu/UndergraduateStudent257}, {X=http://www.Department2.University2.edu/UndergraduateStudent155}, {X=http://www.Department2.University2.edu/UndergraduateStudent185}, {X=http://www.Department2.University2.edu/UndergraduateStudent327}, {X=http://www.Department2.University2.edu/UndergraduateStudent196}, {X=http://www.Department2.University2.edu/UndergraduateStudent66}, {X=http://www.Department2.University2.edu/UndergraduateStudent229}, {X=http://www.Department2.University2.edu/UndergraduateStudent113}, {X=http://www.Department2.University2.edu/UndergraduateStudent346}, {X=http://www.Department2.University2.edu/UndergraduateStudent180}, {X=http://www.Department2.University2.edu/UndergraduateStudent279}, {X=http://www.Department2.University2.edu/UndergraduateStudent305}, {X=http://www.Department2.University2.edu/UndergraduateStudent130}, {X=http://www.Department2.University2.edu/UndergraduateStudent17}, {X=http://www.Department2.University2.edu/UndergraduateStudent246}, {X=http://www.Department2.University2.edu/UndergraduateStudent294}, {X=http://www.Department2.University2.edu/UndergraduateStudent278}, {X=http://www.Department2.University2.edu/UndergraduateStudent270}, {X=http://www.Department2.University2.edu/UndergraduateStudent81}, {X=http://www.Department2.University2.edu/UndergraduateStudent89}, {X=http://www.Department2.University2.edu/UndergraduateStudent284}, {X=http://www.Department2.University2.edu/UndergraduateStudent228}, {X=http://www.Department2.University2.edu/UndergraduateStudent49}, {X=http://www.Department2.University2.edu/UndergraduateStudent216}, {X=http://www.Department2.University2.edu/UndergraduateStudent142}, {X=http://www.Department2.University2.edu/UndergraduateStudent261}, {X=http://www.Department2.University2.edu/UndergraduateStudent213}, {X=http://www.Department2.University2.edu/UndergraduateStudent168}, {X=http://www.Department2.University2.edu/UndergraduateStudent0}, {X=http://www.Department2.University2.edu/UndergraduateStudent349}, {X=http://www.Department2.University2.edu/UndergraduateStudent263}, {X=http://www.Department2.University2.edu/UndergraduateStudent266}, {X=http://www.Department2.University2.edu/UndergraduateStudent345}, {X=http://www.Department2.University2.edu/UndergraduateStudent176}, {X=http://www.Department2.University2.edu/UndergraduateStudent39}, {X=http://www.Department2.University2.edu/UndergraduateStudent124}, {X=http://www.Department2.University2.edu/UndergraduateStudent198}, {X=http://www.Department2.University2.edu/UndergraduateStudent110}, {X=http://www.Department2.University2.edu/UndergraduateStudent195}, {X=http://www.Department2.University2.edu/UndergraduateStudent52}, {X=http://www.Department2.University2.edu/UndergraduateStudent354}, {X=http://www.Department2.University2.edu/UndergraduateStudent48}, {X=http://www.Department2.University2.edu/UndergraduateStudent260}, {X=http://www.Department2.University2.edu/UndergraduateStudent307}, {X=http://www.Department2.University2.edu/UndergraduateStudent61}, {X=http://www.Department2.University2.edu/UndergraduateStudent16}, {X=http://www.Department2.University2.edu/UndergraduateStudent314}, {X=http://www.Department2.University2.edu/UndergraduateStudent296}, {X=http://www.Department2.University2.edu/UndergraduateStudent319}, {X=http://www.Department2.University2.edu/UndergraduateStudent344}, {X=http://www.Department2.University2.edu/UndergraduateStudent71}, {X=http://www.Department2.University2.edu/UndergraduateStudent35}, {X=http://www.Department2.University2.edu/UndergraduateStudent22}, {X=http://www.Department2.University2.edu/UndergraduateStudent170}, {X=http://www.Department2.University2.edu/UndergraduateStudent108}, {X=http://www.Department2.University2.edu/UndergraduateStudent103}, {X=http://www.Department2.University2.edu/UndergraduateStudent156}, {X=http://www.Department2.University2.edu/UndergraduateStudent304}, {X=http://www.Department2.University2.edu/UndergraduateStudent153}, {X=http://www.Department2.University2.edu/UndergraduateStudent118}, {X=http://www.Department2.University2.edu/UndergraduateStudent230}, {X=http://www.Department2.University2.edu/UndergraduateStudent41}, {X=http://www.Department2.University2.edu/UndergraduateStudent131}, {X=http://www.Department2.University2.edu/UndergraduateStudent255}, {X=http://www.Department2.University2.edu/UndergraduateStudent290}, {X=http://www.Department2.University2.edu/UndergraduateStudent86}, {X=http://www.Department2.University2.edu/UndergraduateStudent317}, {X=http://www.Department2.University2.edu/UndergraduateStudent235}, {X=http://www.Department2.University2.edu/UndergraduateStudent188}, {X=http://www.Department2.University2.edu/UndergraduateStudent121}, {X=http://www.Department2.University2.edu/UndergraduateStudent144}, {X=http://www.Department2.University2.edu/UndergraduateStudent203}, {X=http://www.Department2.University2.edu/UndergraduateStudent251}, {X=http://www.Department2.University2.edu/UndergraduateStudent15}, {X=http://www.Department2.University2.edu/UndergraduateStudent62}, {X=http://www.Department2.University2.edu/UndergraduateStudent82}, {X=http://www.Department2.University2.edu/UndergraduateStudent276}, {X=http://www.Department2.University2.edu/UndergraduateStudent141}, {X=http://www.Department2.University2.edu/UndergraduateStudent217}, {X=http://www.Department2.University2.edu/UndergraduateStudent215}, {X=http://www.Department2.University2.edu/UndergraduateStudent112}, {X=http://www.Department2.University2.edu/UndergraduateStudent265}, {X=http://www.Department2.University2.edu/UndergraduateStudent106}, {X=http://www.Department2.University2.edu/UndergraduateStudent268}, {X=http://www.Department2.University2.edu/UndergraduateStudent259}, {X=http://www.Department2.University2.edu/UndergraduateStudent12}, {X=http://www.Department2.University2.edu/UndergraduateStudent23}, {X=http://www.Department2.University2.edu/UndergraduateStudent310}, {X=http://www.Department2.University2.edu/UndergraduateStudent248}, {X=http://www.Department2.University2.edu/UndergraduateStudent183}, {X=http://www.Department2.University2.edu/UndergraduateStudent94}, {X=http://www.Department2.University2.edu/UndergraduateStudent138}, {X=http://www.Department2.University2.edu/UndergraduateStudent37}, {X=http://www.Department2.University2.edu/UndergraduateStudent291}, {X=http://www.Department2.University2.edu/UndergraduateStudent233}, {X=http://www.Department2.University2.edu/UndergraduateStudent6}, {X=http://www.Department2.University2.edu/UndergraduateStudent212}, {X=http://www.Department2.University2.edu/UndergraduateStudent55}, {X=http://www.Department2.University2.edu/UndergraduateStudent206}, {X=http://www.Department2.University2.edu/UndergraduateStudent91}, {X=http://www.Department2.University2.edu/UndergraduateStudent315}, {X=http://www.Department2.University2.edu/UndergraduateStudent172}, {X=http://www.Department2.University2.edu/UndergraduateStudent222}, {X=http://www.Department2.University2.edu/UndergraduateStudent145}, {X=http://www.Department2.University2.edu/UndergraduateStudent252}, {X=http://www.Department2.University2.edu/UndergraduateStudent192}, {X=http://www.Department2.University2.edu/UndergraduateStudent199}, {X=http://www.Department2.University2.edu/UndergraduateStudent309}, {X=http://www.Department2.University2.edu/UndergraduateStudent332}, {X=http://www.Department2.University2.edu/UndergraduateStudent26}, {X=http://www.Department2.University2.edu/UndergraduateStudent173}, {X=http://www.Department2.University2.edu/UndergraduateStudent73}, {X=http://www.Department2.University2.edu/UndergraduateStudent7}, {X=http://www.Department2.University2.edu/UndergraduateStudent160}, {X=http://www.Department2.University2.edu/UndergraduateStudent92}, {X=http://www.Department2.University2.edu/UndergraduateStudent116}, {X=http://www.Department2.University2.edu/UndergraduateStudent184}, {X=http://www.Department2.University2.edu/UndergraduateStudent201}, {X=http://www.Department2.University2.edu/UndergraduateStudent85}, {X=http://www.Department2.University2.edu/UndergraduateStudent326}, {X=http://www.Department2.University2.edu/UndergraduateStudent227}, {X=http://www.Department2.University2.edu/UndergraduateStudent240}, {X=http://www.Department2.University2.edu/UndergraduateStudent3}, {X=http://www.Department2.University2.edu/UndergraduateStudent197}, {X=http://www.Department2.University2.edu/UndergraduateStudent123}, {X=http://www.Department2.University2.edu/UndergraduateStudent271}, {X=http://www.Department2.University2.edu/UndergraduateStudent311}, {X=http://www.Department2.University2.edu/UndergraduateStudent287}, {X=http://www.Department2.University2.edu/UndergraduateStudent80}, {X=http://www.Department2.University2.edu/UndergraduateStudent285}, {X=http://www.Department2.University2.edu/UndergraduateStudent359}, {X=http://www.Department2.University2.edu/UndergraduateStudent333}, {X=http://www.Department2.University2.edu/UndergraduateStudent239}, {X=http://www.Department2.University2.edu/UndergraduateStudent218}, {X=http://www.Department2.University2.edu/UndergraduateStudent96}, {X=http://www.Department2.University2.edu/UndergraduateStudent178}, {X=http://www.Department2.University2.edu/UndergraduateStudent157}, {X=http://www.Department2.University2.edu/UndergraduateStudent105}, {X=http://www.Department2.University2.edu/UndergraduateStudent50}, {X=http://www.Department2.University2.edu/UndergraduateStudent25}, {X=http://www.Department2.University2.edu/UndergraduateStudent316}, {X=http://www.Department2.University2.edu/UndergraduateStudent254}, {X=http://www.Department2.University2.edu/UndergraduateStudent47}, {X=http://www.Department2.University2.edu/UndergraduateStudent303}, {X=http://www.Department2.University2.edu/UndergraduateStudent221}, {X=http://www.Department2.University2.edu/UndergraduateStudent181}, {X=http://www.Department2.University2.edu/UndergraduateStudent219}, {X=http://www.Department2.University2.edu/UndergraduateStudent24}, {X=http://www.Department2.University2.edu/UndergraduateStudent297}, {X=http://www.Department2.University2.edu/UndergraduateStudent330}, {X=http://www.Department2.University2.edu/UndergraduateStudent243}, {X=http://www.Department2.University2.edu/UndergraduateStudent301}, {X=http://www.Department2.University2.edu/UndergraduateStudent308}, {X=http://www.Department2.University2.edu/UndergraduateStudent128}, {X=http://www.Department2.University2.edu/UndergraduateStudent120}, {X=http://www.Department2.University2.edu/UndergraduateStudent14}, {X=http://www.Department2.University2.edu/UndergraduateStudent358}, {X=http://www.Department2.University2.edu/UndergraduateStudent13}, {X=http://www.Department2.University2.edu/UndergraduateStudent253}, {X=http://www.Department2.University2.edu/UndergraduateStudent205}, {X=http://www.Department2.University2.edu/UndergraduateStudent347}, {X=http://www.Department2.University2.edu/UndergraduateStudent133}, {X=http://www.Department2.University2.edu/UndergraduateStudent136}, {X=http://www.Department2.University2.edu/UndergraduateStudent40}, {X=http://www.Department2.University2.edu/UndergraduateStudent29}, {X=http://www.Department2.University2.edu/UndergraduateStudent193}, {X=http://www.Department2.University2.edu/UndergraduateStudent122}, {X=http://www.Department2.University2.edu/UndergraduateStudent56}, {X=http://www.Department2.University2.edu/UndergraduateStudent325}, {X=http://www.Department2.University2.edu/UndergraduateStudent202}, {X=http://www.Department2.University2.edu/UndergraduateStudent210}, {X=http://www.Department2.University2.edu/UndergraduateStudent139}, {X=http://www.Department2.University2.edu/UndergraduateStudent114}, {X=http://www.Department2.University2.edu/UndergraduateStudent298}, {X=http://www.Department2.University2.edu/UndergraduateStudent31}, {X=http://www.Department2.University2.edu/UndergraduateStudent262}, {X=http://www.Department2.University2.edu/UndergraduateStudent148}, {X=http://www.Department2.University2.edu/UndergraduateStudent163}, {X=http://www.Department2.University2.edu/UndergraduateStudent249}, {X=http://www.Department2.University2.edu/UndergraduateStudent60}, {X=http://www.Department2.University2.edu/UndergraduateStudent76}, {X=http://www.Department2.University2.edu/UndergraduateStudent149}, {X=http://www.Department2.University2.edu/UndergraduateStudent351}, {X=http://www.Department2.University2.edu/UndergraduateStudent78}, {X=http://www.Department2.University2.edu/UndergraduateStudent352}, {X=http://www.Department2.University2.edu/UndergraduateStudent236}, {X=http://www.Department2.University2.edu/UndergraduateStudent211}, {X=http://www.Department2.University2.edu/UndergraduateStudent36}, {X=http://www.Department2.University2.edu/UndergraduateStudent338}, {X=http://www.Department2.University2.edu/UndergraduateStudent107}, {X=http://www.Department2.University2.edu/UndergraduateStudent339}, {X=http://www.Department2.University2.edu/UndergraduateStudent167}, {X=http://www.Department2.University2.edu/UndergraduateStudent54}, {X=http://www.Department2.University2.edu/UndergraduateStudent237}, {X=http://www.Department2.University2.edu/UndergraduateStudent306}, {X=http://www.Department2.University2.edu/UndergraduateStudent72}, {X=http://www.Department2.University2.edu/UndergraduateStudent77}, {X=http://www.Department2.University2.edu/UndergraduateStudent9}, {X=http://www.Department2.University2.edu/UndergraduateStudent65}, {X=http://www.Department2.University2.edu/UndergraduateStudent340}, {X=http://www.Department2.University2.edu/UndergraduateStudent208}, {X=http://www.Department2.University2.edu/UndergraduateStudent11}, {X=http://www.Department2.University2.edu/UndergraduateStudent67}, {X=http://www.Department2.University2.edu/UndergraduateStudent322}, {X=http://www.Department2.University2.edu/UndergraduateStudent70}, {X=http://www.Department2.University2.edu/UndergraduateStudent299}, {X=http://www.Department2.University2.edu/UndergraduateStudent134}, {X=http://www.Department2.University2.edu/UndergraduateStudent28}, {X=http://www.Department2.University2.edu/UndergraduateStudent335}, {X=http://www.Department2.University2.edu/UndergraduateStudent288}, {X=http://www.Department2.University2.edu/UndergraduateStudent129}, {X=http://www.Department2.University2.edu/UndergraduateStudent125}, {X=http://www.Department2.University2.edu/UndergraduateStudent97}, {X=http://www.Department2.University2.edu/UndergraduateStudent137}, {X=http://www.Department2.University2.edu/UndergraduateStudent161}, {X=http://www.Department2.University2.edu/UndergraduateStudent162}, {X=http://www.Department2.University2.edu/UndergraduateStudent348}, {X=http://www.Department2.University2.edu/UndergraduateStudent10}, {X=http://www.Department2.University2.edu/UndergraduateStudent357}, {X=http://www.Department2.University2.edu/UndergraduateStudent293}, {X=http://www.Department2.University2.edu/UndergraduateStudent328}, {X=http://www.Department2.University2.edu/UndergraduateStudent350}, {X=http://www.Department2.University2.edu/UndergraduateStudent59}, {X=http://www.Department2.University2.edu/UndergraduateStudent209}, {X=http://www.Department2.University2.edu/UndergraduateStudent269}, {X=http://www.Department2.University2.edu/UndergraduateStudent1}, {X=http://www.Department2.University2.edu/UndergraduateStudent64}, {X=http://www.Department2.University2.edu/UndergraduateStudent245}, {X=http://www.Department2.University2.edu/UndergraduateStudent272}, {X=http://www.Department2.University2.edu/UndergraduateStudent95}, {X=http://www.Department2.University2.edu/UndergraduateStudent109}, {X=http://www.Department2.University2.edu/UndergraduateStudent337}, {X=http://www.Department2.University2.edu/UndergraduateStudent104}, {X=http://www.Department2.University2.edu/UndergraduateStudent179}, {X=http://www.Department2.University2.edu/UndergraduateStudent43}, {X=http://www.Department2.University2.edu/UndergraduateStudent4}, {X=http://www.Department2.University2.edu/UndergraduateStudent102}, {X=http://www.Department2.University2.edu/UndergraduateStudent117}, {X=http://www.Department2.University2.edu/UndergraduateStudent182}, {X=http://www.Department2.University2.edu/UndergraduateStudent324}, {X=http://www.Department2.University2.edu/UndergraduateStudent51}, {X=http://www.Department2.University2.edu/UndergraduateStudent119}, {X=http://www.Department2.University2.edu/UndergraduateStudent280}, {X=http://www.Department2.University2.edu/UndergraduateStudent38}, {X=http://www.Department2.University2.edu/UndergraduateStudent274}, {X=http://www.Department2.University2.edu/UndergraduateStudent93}, {X=http://www.Department2.University2.edu/UndergraduateStudent58}, {X=http://www.Department2.University2.edu/UndergraduateStudent258}, {X=http://www.Department2.University2.edu/UndergraduateStudent223}, {X=http://www.Department2.University2.edu/UndergraduateStudent177}, {X=http://www.Department2.University2.edu/UndergraduateStudent146}, {X=http://www.Department2.University2.edu/UndergraduateStudent101}, {X=http://www.Department2.University2.edu/UndergraduateStudent140}, {X=http://www.Department2.University2.edu/UndergraduateStudent32}, {X=http://www.Department2.University2.edu/UndergraduateStudent220}, {X=http://www.Department2.University2.edu/UndergraduateStudent90}, {X=http://www.Department2.University2.edu/UndergraduateStudent135}, {X=http://www.Department2.University2.edu/UndergraduateStudent186}, {X=http://www.Department2.University2.edu/UndergraduateStudent312}, {X=http://www.Department2.University2.edu/UndergraduateStudent286}, {X=http://www.Department2.University2.edu/UndergraduateStudent341}, {X=http://www.Department2.University2.edu/UndergraduateStudent342}, {X=http://www.Department2.University2.edu/UndergraduateStudent295}, {X=http://www.Department2.University2.edu/UndergraduateStudent267}, {X=http://www.Department2.University2.edu/UndergraduateStudent355}, {X=http://www.Department2.University2.edu/UndergraduateStudent34}, {X=http://www.Department2.University2.edu/UndergraduateStudent320}, {X=http://www.Department2.University2.edu/UndergraduateStudent321}, {X=http://www.Department2.University2.edu/UndergraduateStudent158}, {X=http://www.Department2.University2.edu/UndergraduateStudent171}, {X=http://www.Department2.University2.edu/UndergraduateStudent300}, {X=http://www.Department2.University2.edu/UndergraduateStudent275}, {X=http://www.Department2.University2.edu/UndergraduateStudent318}, {X=http://www.Department2.University2.edu/UndergraduateStudent165}, {X=http://www.Department2.University2.edu/UndergraduateStudent57}, {X=http://www.Department2.University2.edu/UndergraduateStudent115}, {X=http://www.Department2.University2.edu/UndergraduateStudent151}, {X=http://www.Department2.University2.edu/UndergraduateStudent88}, {X=http://www.Department2.University2.edu/UndergraduateStudent194}, {X=http://www.Department2.University2.edu/UndergraduateStudent169}, {X=http://www.Department2.University2.edu/UndergraduateStudent147}, {X=http://www.Department2.University2.edu/UndergraduateStudent46}, {X=http://www.Department2.University2.edu/UndergraduateStudent79}, {X=http://www.Department2.University2.edu/UndergraduateStudent302}, {X=http://www.Department2.University2.edu/UndergraduateStudent231}, {X=http://www.Department2.University2.edu/UndergraduateStudent63}, {X=http://www.Department2.University2.edu/UndergraduateStudent256}, {X=http://www.Department2.University2.edu/UndergraduateStudent336}, {X=http://www.Department2.University2.edu/UndergraduateStudent264}, {X=http://www.Department2.University2.edu/UndergraduateStudent247}, {X=http://www.Department2.University2.edu/UndergraduateStudent283}, {X=http://www.Department2.University2.edu/UndergraduateStudent214}, {X=http://www.Department2.University2.edu/UndergraduateStudent191}, {X=http://www.Department2.University2.edu/UndergraduateStudent313}, {X=http://www.Department2.University2.edu/UndergraduateStudent42}, {X=http://www.Department2.University2.edu/UndergraduateStudent100}, {X=http://www.Department2.University2.edu/UndergraduateStudent83}, {X=http://www.Department2.University2.edu/UndergraduateStudent75}, {X=http://www.Department2.University2.edu/UndergraduateStudent69}, {X=http://www.Department2.University2.edu/UndergraduateStudent98}, {X=http://www.Department2.University2.edu/UndergraduateStudent204}, {X=http://www.Department2.University2.edu/UndergraduateStudent356}, {X=http://www.Department2.University2.edu/UndergraduateStudent20}, {X=http://www.Department2.University2.edu/UndergraduateStudent111}, {X=http://www.Department2.University2.edu/UndergraduateStudent277}, {X=http://www.Department2.University2.edu/UndergraduateStudent360}, {X=http://www.Department2.University2.edu/UndergraduateStudent190}, {X=http://www.Department2.University2.edu/UndergraduateStudent87}, {X=http://www.Department2.University2.edu/UndergraduateStudent5}, {X=http://www.Department2.University2.edu/UndergraduateStudent189}, {X=http://www.Department2.University2.edu/UndergraduateStudent2}, {X=http://www.Department2.University2.edu/UndergraduateStudent282}, {X=http://www.Department2.University2.edu/UndergraduateStudent224}, {X=http://www.Department2.University2.edu/UndergraduateStudent84}, {X=http://www.Department2.University2.edu/UndergraduateStudent281}, {X=http://www.Department2.University2.edu/UndergraduateStudent331}, {X=http://www.Department2.University2.edu/UndergraduateStudent226}, {X=http://www.Department2.University2.edu/UndergraduateStudent132}, {X=http://www.Department2.University2.edu/UndergraduateStudent44}, {X=http://www.Department2.University2.edu/UndergraduateStudent33}, {X=http://www.Department2.University2.edu/UndergraduateStudent166}, {X=http://www.Department2.University2.edu/UndergraduateStudent74}, {X=http://www.Department2.University2.edu/UndergraduateStudent207}, {X=http://www.Department2.University2.edu/UndergraduateStudent244}, {X=http://www.Department2.University2.edu/UndergraduateStudent19}, {X=http://www.Department2.University2.edu/UndergraduateStudent175}, {X=http://www.Department2.University2.edu/UndergraduateStudent68}, {X=http://www.Department2.University2.edu/UndergraduateStudent323}, {X=http://www.Department2.University2.edu/UndergraduateStudent45}, {X=http://www.Department2.University2.edu/UndergraduateStudent154}, {X=http://www.Department2.University2.edu/UndergraduateStudent127}, {X=http://www.Department2.University2.edu/UndergraduateStudent8}, {X=http://www.Department2.University2.edu/UndergraduateStudent152}, {X=http://www.Department2.University2.edu/UndergraduateStudent53}, {X=http://www.Department2.University2.edu/UndergraduateStudent329}, {X=http://www.Department2.University2.edu/UndergraduateStudent200}, {X=http://www.Department2.University2.edu/UndergraduateStudent232}, {X=http://www.Department2.University2.edu/UndergraduateStudent21}, {X=http://www.Department2.University2.edu/UndergraduateStudent273}, {X=http://www.Department2.University2.edu/UndergraduateStudent159}, {X=http://www.Department2.University2.edu/UndergraduateStudent99}, {X=http://www.Department2.University2.edu/UndergraduateStudent292}, {X=http://www.Department2.University2.edu/UndergraduateStudent242}, {X=http://www.Department2.University2.edu/UndergraduateStudent353}, {X=http://www.Department2.University2.edu/UndergraduateStudent343}, {X=http://www.Department2.University2.edu/UndergraduateStudent238}, {X=http://www.Department2.University2.edu/UndergraduateStudent18}, {X=http://www.Department2.University2.edu/UndergraduateStudent187}, {X=http://www.Department2.University2.edu/UndergraduateStudent334}, {X=http://www.Department2.University2.edu/UndergraduateStudent143}, {X=http://www.Department2.University2.edu/UndergraduateStudent27}, {X=http://www.Department2.University2.edu/UndergraduateStudent174}, {X=http://www.Department2.University2.edu/UndergraduateStudent250}, {X=http://www.Department2.University2.edu/UndergraduateStudent30}, {X=http://www.Department2.University2.edu/UndergraduateStudent234}, {X=http://www.Department2.University2.edu/UndergraduateStudent150}, {X=http://www.Department2.University2.edu/UndergraduateStudent289}, {X=http://www.Department2.University2.edu/UndergraduateStudent164}, {X=http://www.Department2.University2.edu/UndergraduateStudent241}, {X=http://www.Department2.University2.edu/UndergraduateStudent126}, {X=http://www.Department2.University2.edu/UndergraduateStudent225}, {X=http://www.Department2.University2.edu/UndergraduateStudent257}, {X=http://www.Department2.University2.edu/UndergraduateStudent155}, {X=http://www.Department2.University2.edu/UndergraduateStudent185}, {X=http://www.Department2.University2.edu/UndergraduateStudent327}, {X=http://www.Department2.University2.edu/UndergraduateStudent196}, {X=http://www.Department2.University2.edu/UndergraduateStudent66}, {X=http://www.Department2.University2.edu/UndergraduateStudent229}, {X=http://www.Department2.University2.edu/UndergraduateStudent113}, {X=http://www.Department2.University2.edu/UndergraduateStudent346}, {X=http://www.Department2.University2.edu/UndergraduateStudent180}, {X=http://www.Department2.University2.edu/UndergraduateStudent279}, {X=http://www.Department2.University2.edu/UndergraduateStudent305}, {X=http://www.Department2.University2.edu/UndergraduateStudent130}, {X=http://www.Department2.University2.edu/UndergraduateStudent17}, {X=http://www.Department2.University2.edu/UndergraduateStudent246}, {X=http://www.Department2.University2.edu/UndergraduateStudent294}, {X=http://www.Department2.University2.edu/UndergraduateStudent278}, {X=http://www.Department2.University2.edu/UndergraduateStudent270}, {X=http://www.Department2.University2.edu/UndergraduateStudent81}]
