timestamp[ms];uniID;depID;queryID;time1[ns];time2[ns];time3[ns];time4[ns];time5[ns];time6[ns];time7[ns];time8[ns];time9[ns];time10[ns];average[ns];Complexity;resultSize;resultMapToString
1490623207646;0;10;1;1633766;606930;556774;556885;556793;557337;554633;567218;551780;555552;669766;7124;40;[{X=http://www.Department10.University0.edu/GraduateStudent81}, {X=http://www.Department10.University0.edu/GraduateStudent29}, {X=http://www.Department10.University0.edu/GraduateStudent137}, {X=http://www.Department10.University0.edu/GraduateStudent107}, {X=http://www.Department10.University0.edu/GraduateStudent81}, {X=http://www.Department10.University0.edu/GraduateStudent29}, {X=http://www.Department10.University0.edu/GraduateStudent137}, {X=http://www.Department10.University0.edu/GraduateStudent107}, {X=http://www.Department10.University0.edu/GraduateStudent81}, {X=http://www.Department10.University0.edu/GraduateStudent29}, {X=http://www.Department10.University0.edu/GraduateStudent137}, {X=http://www.Department10.University0.edu/GraduateStudent107}, {X=http://www.Department10.University0.edu/GraduateStudent81}, {X=http://www.Department10.University0.edu/GraduateStudent29}, {X=http://www.Department10.University0.edu/GraduateStudent137}, {X=http://www.Department10.University0.edu/GraduateStudent107}, {X=http://www.Department10.University0.edu/GraduateStudent81}, {X=http://www.Department10.University0.edu/GraduateStudent29}, {X=http://www.Department10.University0.edu/GraduateStudent137}, {X=http://www.Department10.University0.edu/GraduateStudent107}, {X=http://www.Department10.University0.edu/GraduateStudent81}, {X=http://www.Department10.University0.edu/GraduateStudent29}, {X=http://www.Department10.University0.edu/GraduateStudent137}, {X=http://www.Department10.University0.edu/GraduateStudent107}, {X=http://www.Department10.University0.edu/GraduateStudent81}, {X=http://www.Department10.University0.edu/GraduateStudent29}, {X=http://www.Department10.University0.edu/GraduateStudent137}, {X=http://www.Department10.University0.edu/GraduateStudent107}, {X=http://www.Department10.University0.edu/GraduateStudent81}, {X=http://www.Department10.University0.edu/GraduateStudent29}, {X=http://www.Department10.University0.edu/GraduateStudent137}, {X=http://www.Department10.University0.edu/GraduateStudent107}, {X=http://www.Department10.University0.edu/GraduateStudent81}, {X=http://www.Department10.University0.edu/GraduateStudent29}, {X=http://www.Department10.University0.edu/GraduateStudent137}, {X=http://www.Department10.University0.edu/GraduateStudent107}, {X=http://www.Department10.University0.edu/GraduateStudent81}, {X=http://www.Department10.University0.edu/GraduateStudent29}, {X=http://www.Department10.University0.edu/GraduateStudent137}, {X=http://www.Department10.University0.edu/GraduateStudent107}]
1490623207653;0;10;2;2041764;1158545;1102913;1088845;1087935;1111345;1087780;1081047;1124009;1097492;1198167;7124;0;[]
1490623207665;0;10;3;829877;557118;551468;547661;557977;580035;550394;546069;544984;543207;580879;7124;90;[{X=http://www.Department10.University0.edu/AssistantProfessor0/Publication6}, {X=http://www.Department10.University0.edu/AssistantProfessor0/Publication8}, {X=http://www.Department10.University0.edu/AssistantProfessor0/Publication5}, {X=http://www.Department10.University0.edu/AssistantProfessor0/Publication3}, {X=http://www.Department10.University0.edu/AssistantProfessor0/Publication7}, {X=http://www.Department10.University0.edu/AssistantProfessor0/Publication0}, {X=http://www.Department10.University0.edu/AssistantProfessor0/Publication1}, {X=http://www.Department10.University0.edu/AssistantProfessor0/Publication4}, {X=http://www.Department10.University0.edu/AssistantProfessor0/Publication2}, {X=http://www.Department10.University0.edu/AssistantProfessor0/Publication6}, {X=http://www.Department10.University0.edu/AssistantProfessor0/Publication8}, {X=http://www.Department10.University0.edu/AssistantProfessor0/Publication5}, {X=http://www.Department10.University0.edu/AssistantProfessor0/Publication3}, {X=http://www.Department10.University0.edu/AssistantProfessor0/Publication7}, {X=http://www.Department10.University0.edu/AssistantProfessor0/Publication0}, {X=http://www.Department10.University0.edu/AssistantProfessor0/Publication1}, {X=http://www.Department10.University0.edu/AssistantProfessor0/Publication4}, {X=http://www.Department10.University0.edu/AssistantProfessor0/Publication2}, {X=http://www.Department10.University0.edu/AssistantProfessor0/Publication6}, {X=http://www.Department10.University0.edu/AssistantProfessor0/Publication8}, {X=http://www.Department10.University0.edu/AssistantProfessor0/Publication5}, {X=http://www.Department10.University0.edu/AssistantProfessor0/Publication3}, {X=http://www.Department10.University0.edu/AssistantProfessor0/Publication7}, {X=http://www.Department10.University0.edu/AssistantProfessor0/Publication0}, {X=http://www.Department10.University0.edu/AssistantProfessor0/Publication1}, {X=http://www.Department10.University0.edu/AssistantProfessor0/Publication4}, {X=http://www.Department10.University0.edu/AssistantProfessor0/Publication2}, {X=http://www.Department10.University0.edu/AssistantProfessor0/Publication6}, {X=http://www.Department10.University0.edu/AssistantProfessor0/Publication8}, {X=http://www.Department10.University0.edu/AssistantProfessor0/Publication5}, {X=http://www.Department10.University0.edu/AssistantProfessor0/Publication3}, {X=http://www.Department10.University0.edu/AssistantProfessor0/Publication7}, {X=http://www.Department10.University0.edu/AssistantProfessor0/Publication0}, {X=http://www.Department10.University0.edu/AssistantProfessor0/Publication1}, {X=http://www.Department10.University0.edu/AssistantProfessor0/Publication4}, {X=http://www.Department10.University0.edu/AssistantProfessor0/Publication2}, {X=http://www.Department10.University0.edu/AssistantProfessor0/Publication6}, {X=http://www.Department10.University0.edu/AssistantProfessor0/Publication8}, {X=http://www.Department10.University0.edu/AssistantProfessor0/Publication5}, {X=http://www.Department10.University0.edu/AssistantProfessor0/Publication3}, {X=http://www.Department10.University0.edu/AssistantProfessor0/Publication7}, {X=http://www.Department10.University0.edu/AssistantProfessor0/Publication0}, {X=http://www.Department10.University0.edu/AssistantProfessor0/Publication1}, {X=http://www.Department10.University0.edu/AssistantProfessor0/Publication4}, {X=http://www.Department10.University0.edu/AssistantProfessor0/Publication2}, {X=http://www.Department10.University0.edu/AssistantProfessor0/Publication6}, {X=http://www.Department10.University0.edu/AssistantProfessor0/Publication8}, {X=http://www.Department10.University0.edu/AssistantProfessor0/Publication5}, {X=http://www.Department10.University0.edu/AssistantProfessor0/Publication3}, {X=http://www.Department10.University0.edu/AssistantProfessor0/Publication7}, {X=http://www.Department10.University0.edu/AssistantProfessor0/Publication0}, {X=http://www.Department10.University0.edu/AssistantProfessor0/Publication1}, {X=http://www.Department10.University0.edu/AssistantProfessor0/Publication4}, {X=http://www.Department10.University0.edu/AssistantProfessor0/Publication2}, {X=http://www.Department10.University0.edu/AssistantProfessor0/Publication6}, {X=http://www.Department10.University0.edu/AssistantProfessor0/Publication8}, {X=http://www.Department10.University0.edu/AssistantProfessor0/Publication5}, {X=http://www.Department10.University0.edu/AssistantProfessor0/Publication3}, {X=http://www.Department10.University0.edu/AssistantProfessor0/Publication7}, {X=http://www.Department10.University0.edu/AssistantProfessor0/Publication0}, {X=http://www.Department10.University0.edu/AssistantProfessor0/Publication1}, {X=http://www.Department10.University0.edu/AssistantProfessor0/Publication4}, {X=http://www.Department10.University0.edu/AssistantProfessor0/Publication2}, {X=http://www.Department10.University0.edu/AssistantProfessor0/Publication6}, {X=http://www.Department10.University0.edu/AssistantProfessor0/Publication8}, {X=http://www.Department10.University0.edu/AssistantProfessor0/Publication5}, {X=http://www.Department10.University0.edu/AssistantProfessor0/Publication3}, {X=http://www.Department10.University0.edu/AssistantProfessor0/Publication7}, {X=http://www.Department10.University0.edu/AssistantProfessor0/Publication0}, {X=http://www.Department10.University0.edu/AssistantProfessor0/Publication1}, {X=http://www.Department10.University0.edu/AssistantProfessor0/Publication4}, {X=http://www.Department10.University0.edu/AssistantProfessor0/Publication2}, {X=http://www.Department10.University0.edu/AssistantProfessor0/Publication6}, {X=http://www.Department10.University0.edu/AssistantProfessor0/Publication8}, {X=http://www.Department10.University0.edu/AssistantProfessor0/Publication5}, {X=http://www.Department10.University0.edu/AssistantProfessor0/Publication3}, {X=http://www.Department10.University0.edu/AssistantProfessor0/Publication7}, {X=http://www.Department10.University0.edu/AssistantProfessor0/Publication0}, {X=http://www.Department10.University0.edu/AssistantProfessor0/Publication1}, {X=http://www.Department10.University0.edu/AssistantProfessor0/Publication4}, {X=http://www.Department10.University0.edu/AssistantProfessor0/Publication2}, {X=http://www.Department10.University0.edu/AssistantProfessor0/Publication6}, {X=http://www.Department10.University0.edu/AssistantProfessor0/Publication8}, {X=http://www.Department10.University0.edu/AssistantProfessor0/Publication5}, {X=http://www.Department10.University0.edu/AssistantProfessor0/Publication3}, {X=http://www.Department10.University0.edu/AssistantProfessor0/Publication7}, {X=http://www.Department10.University0.edu/AssistantProfessor0/Publication0}, {X=http://www.Department10.University0.edu/AssistantProfessor0/Publication1}, {X=http://www.Department10.University0.edu/AssistantProfessor0/Publication4}, {X=http://www.Department10.University0.edu/AssistantProfessor0/Publication2}]
1490623207671;0;10;4;2006998;1417097;1504537;1774655;1827474;1405302;1346933;1333028;1313981;1305480;1523548;7124;290;[{X=http://www.Department10.University0.edu/AssociateProfessor8, Y1=AssociateProfessor8, Y2=AssociateProfessor8@Department10.University0.edu, Y3=xxx-xxx-xxxx}, {X=http://www.Department10.University0.edu/FullProfessor2, Y1=FullProfessor2, Y2=FullProfessor2@Department10.University0.edu, Y3=xxx-xxx-xxxx}, {X=http://www.Department10.University0.edu/AssistantProfessor9, Y1=AssistantProfessor9, Y2=AssistantProfessor9@Department10.University0.edu, Y3=xxx-xxx-xxxx}, {X=http://www.Department10.University0.edu/AssistantProfessor4, Y1=AssistantProfessor4, Y2=AssistantProfessor4@Department10.University0.edu, Y3=xxx-xxx-xxxx}, {X=http://www.Department10.University0.edu/AssistantProfessor10, Y1=AssistantProfessor10, Y2=AssistantProfessor10@Department10.University0.edu, Y3=xxx-xxx-xxxx}, {X=http://www.Department10.University0.edu/AssistantProfessor6, Y1=AssistantProfessor6, Y2=AssistantProfessor6@Department10.University0.edu, Y3=xxx-xxx-xxxx}, {X=http://www.Department10.University0.edu/AssistantProfessor5, Y1=AssistantProfessor5, Y2=AssistantProfessor5@Department10.University0.edu, Y3=xxx-xxx-xxxx}, {X=http://www.Department10.University0.edu/FullProfessor5, Y1=FullProfessor5, Y2=FullProfessor5@Department10.University0.edu, Y3=xxx-xxx-xxxx}, {X=http://www.Department10.University0.edu/AssistantProfessor0, Y1=AssistantProfessor0, Y2=AssistantProfessor0@Department10.University0.edu, Y3=xxx-xxx-xxxx}, {X=http://www.Department10.University0.edu/AssociateProfessor5, Y1=AssociateProfessor5, Y2=AssociateProfessor5@Department10.University0.edu, Y3=xxx-xxx-xxxx}, {X=http://www.Department10.University0.edu/AssistantProfessor1, Y1=AssistantProfessor1, Y2=AssistantProfessor1@Department10.University0.edu, Y3=xxx-xxx-xxxx}, {X=http://www.Department10.University0.edu/AssociateProfessor0, Y1=AssociateProfessor0, Y2=AssociateProfessor0@Department10.University0.edu, Y3=xxx-xxx-xxxx}, {X=http://www.Department10.University0.edu/AssociateProfessor3, Y1=AssociateProfessor3, Y2=AssociateProfessor3@Department10.University0.edu, Y3=xxx-xxx-xxxx}, {X=http://www.Department10.University0.edu/AssociateProfessor2, Y1=AssociateProfessor2, Y2=AssociateProfessor2@Department10.University0.edu, Y3=xxx-xxx-xxxx}, {X=http://www.Department10.University0.edu/AssociateProfessor10, Y1=AssociateProfessor10, Y2=AssociateProfessor10@Department10.University0.edu, Y3=xxx-xxx-xxxx}, {X=http://www.Department10.University0.edu/AssociateProfessor1, Y1=AssociateProfessor1, Y2=AssociateProfessor1@Department10.University0.edu, Y3=xxx-xxx-xxxx}, {X=http://www.Department10.University0.edu/AssistantProfessor8, Y1=AssistantProfessor8, Y2=AssistantProfessor8@Department10.University0.edu, Y3=xxx-xxx-xxxx}, {X=http://www.Department10.University0.edu/AssistantProfessor2, Y1=AssistantProfessor2, Y2=AssistantProfessor2@Department10.University0.edu, Y3=xxx-xxx-xxxx}, {X=http://www.Department10.University0.edu/AssociateProfessor6, Y1=AssociateProfessor6, Y2=AssociateProfessor6@Department10.University0.edu, Y3=xxx-xxx-xxxx}, {X=http://www.Department10.University0.edu/AssistantProfessor7, Y1=AssistantProfessor7, Y2=AssistantProfessor7@Department10.University0.edu, Y3=xxx-xxx-xxxx}, {X=http://www.Department10.University0.edu/FullProfessor1, Y1=FullProfessor1, Y2=FullProfessor1@Department10.University0.edu, Y3=xxx-xxx-xxxx}, {X=http://www.Department10.University0.edu/AssociateProfessor9, Y1=AssociateProfessor9, Y2=AssociateProfessor9@Department10.University0.edu, Y3=xxx-xxx-xxxx}, {X=http://www.Department10.University0.edu/AssociateProfessor7, Y1=AssociateProfessor7, Y2=AssociateProfessor7@Department10.University0.edu, Y3=xxx-xxx-xxxx}, {X=http://www.Department10.University0.edu/FullProfessor0, Y1=FullProfessor0, Y2=FullProfessor0@Department10.University0.edu, Y3=xxx-xxx-xxxx}, {X=http://www.Department10.University0.edu/AssistantProfessor3, Y1=AssistantProfessor3, Y2=AssistantProfessor3@Department10.University0.edu, Y3=xxx-xxx-xxxx}, {X=http://www.Department10.University0.edu/FullProfessor6, Y1=FullProfessor6, Y2=FullProfessor6@Department10.University0.edu, Y3=xxx-xxx-xxxx}, {X=http://www.Department10.University0.edu/AssociateProfessor4, Y1=AssociateProfessor4, Y2=AssociateProfessor4@Department10.University0.edu, Y3=xxx-xxx-xxxx}, {X=http://www.Department10.University0.edu/FullProfessor4, Y1=FullProfessor4, Y2=FullProfessor4@Department10.University0.edu, Y3=xxx-xxx-xxxx}, {X=http://www.Department10.University0.edu/FullProfessor3, Y1=FullProfessor3, Y2=FullProfessor3@Department10.University0.edu, Y3=xxx-xxx-xxxx}, {X=http://www.Department10.University0.edu/AssociateProfessor8, Y1=AssociateProfessor8, Y2=AssociateProfessor8@Department10.University0.edu, Y3=xxx-xxx-xxxx}, {X=http://www.Department10.University0.edu/FullProfessor2, Y1=FullProfessor2, Y2=FullProfessor2@Department10.University0.edu, Y3=xxx-xxx-xxxx}, {X=http://www.Department10.University0.edu/AssistantProfessor9, Y1=AssistantProfessor9, Y2=AssistantProfessor9@Department10.University0.edu, Y3=xxx-xxx-xxxx}, {X=http://www.Department10.University0.edu/AssistantProfessor4, Y1=AssistantProfessor4, Y2=AssistantProfessor4@Department10.University0.edu, Y3=xxx-xxx-xxxx}, {X=http://www.Department10.University0.edu/AssistantProfessor10, Y1=AssistantProfessor10, Y2=AssistantProfessor10@Department10.University0.edu, Y3=xxx-xxx-xxxx}, {X=http://www.Department10.University0.edu/AssistantProfessor6, Y1=AssistantProfessor6, Y2=AssistantProfessor6@Department10.University0.edu, Y3=xxx-xxx-xxxx}, {X=http://www.Department10.University0.edu/AssistantProfessor5, Y1=AssistantProfessor5, Y2=AssistantProfessor5@Department10.University0.edu, Y3=xxx-xxx-xxxx}, {X=http://www.Department10.University0.edu/FullProfessor5, Y1=FullProfessor5, Y2=FullProfessor5@Department10.University0.edu, Y3=xxx-xxx-xxxx}, {X=http://www.Department10.University0.edu/AssistantProfessor0, Y1=AssistantProfessor0, Y2=AssistantProfessor0@Department10.University0.edu, Y3=xxx-xxx-xxxx}, {X=http://www.Department10.University0.edu/AssociateProfessor5, Y1=AssociateProfessor5, Y2=AssociateProfessor5@Department10.University0.edu, Y3=xxx-xxx-xxxx}, {X=http://www.Department10.University0.edu/AssistantProfessor1, Y1=AssistantProfessor1, Y2=AssistantProfessor1@Department10.University0.edu, Y3=xxx-xxx-xxxx}, {X=http://www.Department10.University0.edu/AssociateProfessor0, Y1=AssociateProfessor0, Y2=AssociateProfessor0@Department10.University0.edu, Y3=xxx-xxx-xxxx}, {X=http://www.Department10.University0.edu/AssociateProfessor3, Y1=AssociateProfessor3, Y2=AssociateProfessor3@Department10.University0.edu, Y3=xxx-xxx-xxxx}, {X=http://www.Department10.University0.edu/AssociateProfessor2, Y1=AssociateProfessor2, Y2=AssociateProfessor2@Department10.University0.edu, Y3=xxx-xxx-xxxx}, {X=http://www.Department10.University0.edu/AssociateProfessor10, Y1=AssociateProfessor10, Y2=AssociateProfessor10@Department10.University0.edu, Y3=xxx-xxx-xxxx}, {X=http://www.Department10.University0.edu/AssociateProfessor1, Y1=AssociateProfessor1, Y2=AssociateProfessor1@Department10.University0.edu, Y3=xxx-xxx-xxxx}, {X=http://www.Department10.University0.edu/AssistantProfessor8, Y1=AssistantProfessor8, Y2=AssistantProfessor8@Department10.University0.edu, Y3=xxx-xxx-xxxx}, {X=http://www.Department10.University0.edu/AssistantProfessor2, Y1=AssistantProfessor2, Y2=AssistantProfessor2@Department10.University0.edu, Y3=xxx-xxx-xxxx}, {X=http://www.Department10.University0.edu/AssociateProfessor6, Y1=AssociateProfessor6, Y2=AssociateProfessor6@Department10.University0.edu, Y3=xxx-xxx-xxxx}, {X=http://www.Department10.University0.edu/AssistantProfessor7, Y1=AssistantProfessor7, Y2=AssistantProfessor7@Department10.University0.edu, Y3=xxx-xxx-xxxx}, {X=http://www.Department10.University0.edu/FullProfessor1, Y1=FullProfessor1, Y2=FullProfessor1@Department10.University0.edu, Y3=xxx-xxx-xxxx}, {X=http://www.Department10.University0.edu/AssociateProfessor9, Y1=AssociateProfessor9, Y2=AssociateProfessor9@Department10.University0.edu, Y3=xxx-xxx-xxxx}, {X=http://www.Department10.University0.edu/AssociateProfessor7, Y1=AssociateProfessor7, Y2=AssociateProfessor7@Department10.University0.edu, Y3=xxx-xxx-xxxx}, {X=http://www.Department10.University0.edu/FullProfessor0, Y1=FullProfessor0, Y2=FullProfessor0@Department10.University0.edu, Y3=xxx-xxx-xxxx}, {X=http://www.Department10.University0.edu/AssistantProfessor3, Y1=AssistantProfessor3, Y2=AssistantProfessor3@Department10.University0.edu, Y3=xxx-xxx-xxxx}, {X=http://www.Department10.University0.edu/FullProfessor6, Y1=FullProfessor6, Y2=FullProfessor6@Department10.University0.edu, Y3=xxx-xxx-xxxx}, {X=http://www.Department10.University0.edu/AssociateProfessor4, Y1=AssociateProfessor4, Y2=AssociateProfessor4@Department10.University0.edu, Y3=xxx-xxx-xxxx}, {X=http://www.Department10.University0.edu/FullProfessor4, Y1=FullProfessor4, Y2=FullProfessor4@Department10.University0.edu, Y3=xxx-xxx-xxxx}, {X=http://www.Department10.University0.edu/FullProfessor3, Y1=FullProfessor3, Y2=FullProfessor3@Department10.University0.edu, Y3=xxx-xxx-xxxx}, {X=http://www.Department10.University0.edu/AssociateProfessor8, Y1=AssociateProfessor8, Y2=AssociateProfessor8@Department10.University0.edu, Y3=xxx-xxx-xxxx}, {X=http://www.Department10.University0.edu/FullProfessor2, Y1=FullProfessor2, Y2=FullProfessor2@Department10.University0.edu, Y3=xxx-xxx-xxxx}, {X=http://www.Department10.University0.edu/AssistantProfessor9, Y1=AssistantProfessor9, Y2=AssistantProfessor9@Department10.University0.edu, Y3=xxx-xxx-xxxx}, {X=http://www.Department10.University0.edu/AssistantProfessor4, Y1=AssistantProfessor4, Y2=AssistantProfessor4@Department10.University0.edu, Y3=xxx-xxx-xxxx}, {X=http://www.Department10.University0.edu/AssistantProfessor10, Y1=AssistantProfessor10, Y2=AssistantProfessor10@Department10.University0.edu, Y3=xxx-xxx-xxxx}, {X=http://www.Department10.University0.edu/AssistantProfessor6, Y1=AssistantProfessor6, Y2=AssistantProfessor6@Department10.University0.edu, Y3=xxx-xxx-xxxx}, {X=http://www.Department10.University0.edu/AssistantProfessor5, Y1=AssistantProfessor5, Y2=AssistantProfessor5@Department10.University0.edu, Y3=xxx-xxx-xxxx}, {X=http://www.Department10.University0.edu/FullProfessor5, Y1=FullProfessor5, Y2=FullProfessor5@Department10.University0.edu, Y3=xxx-xxx-xxxx}, {X=http://www.Department10.University0.edu/AssistantProfessor0, Y1=AssistantProfessor0, Y2=AssistantProfessor0@Department10.University0.edu, Y3=xxx-xxx-xxxx}, {X=http://www.Department10.University0.edu/AssociateProfessor5, Y1=AssociateProfessor5, Y2=AssociateProfessor5@Department10.University0.edu, Y3=xxx-xxx-xxxx}, {X=http://www.Department10.University0.edu/AssistantProfessor1, Y1=AssistantProfessor1, Y2=AssistantProfessor1@Department10.University0.edu, Y3=xxx-xxx-xxxx}, {X=http://www.Department10.University0.edu/AssociateProfessor0, Y1=AssociateProfessor0, Y2=AssociateProfessor0@Department10.University0.edu, Y3=xxx-xxx-xxxx}, {X=http://www.Department10.University0.edu/AssociateProfessor3, Y1=AssociateProfessor3, Y2=AssociateProfessor3@Department10.University0.edu, Y3=xxx-xxx-xxxx}, {X=http://www.Department10.University0.edu/AssociateProfessor2, Y1=AssociateProfessor2, Y2=AssociateProfessor2@Department10.University0.edu, Y3=xxx-xxx-xxxx}, {X=http://www.Department10.University0.edu/AssociateProfessor10, Y1=AssociateProfessor10, Y2=AssociateProfessor10@Department10.University0.edu, Y3=xxx-xxx-xxxx}, {X=http://www.Department10.University0.edu/AssociateProfessor1, Y1=AssociateProfessor1, Y2=AssociateProfessor1@Department10.University0.edu, Y3=xxx-xxx-xxxx}, {X=http://www.Department10.University0.edu/AssistantProfessor8, Y1=AssistantProfessor8, Y2=AssistantProfessor8@Department10.University0.edu, Y3=xxx-xxx-xxxx}, {X=http://www.Department10.University0.edu/AssistantProfessor2, Y1=AssistantProfessor2, Y2=AssistantProfessor2@Department10.University0.edu, Y3=xxx-xxx-xxxx}, {X=http://www.Department10.University0.edu/AssociateProfessor6, Y1=AssociateProfessor6, Y2=AssociateProfessor6@Department10.University0.edu, Y3=xxx-xxx-xxxx}, {X=http://www.Department10.University0.edu/AssistantProfessor7, Y1=AssistantProfessor7, Y2=AssistantProfessor7@Department10.University0.edu, Y3=xxx-xxx-xxxx}, {X=http://www.Department10.University0.edu/FullProfessor1, Y1=FullProfessor1, Y2=FullProfessor1@Department10.University0.edu, Y3=xxx-xxx-xxxx}, {X=http://www.Department10.University0.edu/AssociateProfessor9, Y1=AssociateProfessor9, Y2=AssociateProfessor9@Department10.University0.edu, Y3=xxx-xxx-xxxx}, {X=http://www.Department10.University0.edu/AssociateProfessor7, Y1=AssociateProfessor7, Y2=AssociateProfessor7@Department10.University0.edu, Y3=xxx-xxx-xxxx}, {X=http://www.Department10.University0.edu/FullProfessor0, Y1=FullProfessor0, Y2=FullProfessor0@Department10.University0.edu, Y3=xxx-xxx-xxxx}, {X=http://www.Department10.University0.edu/AssistantProfessor3, Y1=AssistantProfessor3, Y2=AssistantProfessor3@Department10.University0.edu, Y3=xxx-xxx-xxxx}, {X=http://www.Department10.University0.edu/FullProfessor6, Y1=FullProfessor6, Y2=FullProfessor6@Department10.University0.edu, Y3=xxx-xxx-xxxx}, {X=http://www.Department10.University0.edu/AssociateProfessor4, Y1=AssociateProfessor4, Y2=AssociateProfessor4@Department10.University0.edu, Y3=xxx-xxx-xxxx}, {X=http://www.Department10.University0.edu/FullProfessor4, Y1=FullProfessor4, Y2=FullProfessor4@Department10.University0.edu, Y3=xxx-xxx-xxxx}, {X=http://www.Department10.University0.edu/FullProfessor3, Y1=FullProfessor3, Y2=FullProfessor3@Department10.University0.edu, Y3=xxx-xxx-xxxx}, {X=http://www.Department10.University0.edu/AssociateProfessor8, Y1=AssociateProfessor8, Y2=AssociateProfessor8@Department10.University0.edu, Y3=xxx-xxx-xxxx}, {X=http://www.Department10.University0.edu/FullProfessor2, Y1=FullProfessor2, Y2=FullProfessor2@Department10.University0.edu, Y3=xxx-xxx-xxxx}, {X=http://www.Department10.University0.edu/AssistantProfessor9, Y1=AssistantProfessor9, Y2=AssistantProfessor9@Department10.University0.edu, Y3=xxx-xxx-xxxx}, {X=http://www.Department10.University0.edu/AssistantProfessor4, Y1=AssistantProfessor4, Y2=AssistantProfessor4@Department10.University0.edu, Y3=xxx-xxx-xxxx}, {X=http://www.Department10.University0.edu/AssistantProfessor10, Y1=AssistantProfessor10, Y2=AssistantProfessor10@Department10.University0.edu, Y3=xxx-xxx-xxxx}, {X=http://www.Department10.University0.edu/AssistantProfessor6, Y1=AssistantProfessor6, Y2=AssistantProfessor6@Department10.University0.edu, Y3=xxx-xxx-xxxx}, {X=http://www.Department10.University0.edu/AssistantProfessor5, Y1=AssistantProfessor5, Y2=AssistantProfessor5@Department10.University0.edu, Y3=xxx-xxx-xxxx}, {X=http://www.Department10.University0.edu/FullProfessor5, Y1=FullProfessor5, Y2=FullProfessor5@Department10.University0.edu, Y3=xxx-xxx-xxxx}, {X=http://www.Department10.University0.edu/AssistantProfessor0, Y1=AssistantProfessor0, Y2=AssistantProfessor0@Department10.University0.edu, Y3=xxx-xxx-xxxx}, {X=http://www.Department10.University0.edu/AssociateProfessor5, Y1=AssociateProfessor5, Y2=AssociateProfessor5@Department10.University0.edu, Y3=xxx-xxx-xxxx}, {X=http://www.Department10.University0.edu/AssistantProfessor1, Y1=AssistantProfessor1, Y2=AssistantProfessor1@Department10.University0.edu, Y3=xxx-xxx-xxxx}, {X=http://www.Department10.University0.edu/AssociateProfessor0, Y1=AssociateProfessor0, Y2=AssociateProfessor0@Department10.University0.edu, Y3=xxx-xxx-xxxx}, {X=http://www.Department10.University0.edu/AssociateProfessor3, Y1=AssociateProfessor3, Y2=AssociateProfessor3@Department10.University0.edu, Y3=xxx-xxx-xxxx}, {X=http://www.Department10.University0.edu/AssociateProfessor2, Y1=AssociateProfessor2, Y2=AssociateProfessor2@Department10.University0.edu, Y3=xxx-xxx-xxxx}, {X=http://www.Department10.University0.edu/AssociateProfessor10, Y1=AssociateProfessor10, Y2=AssociateProfessor10@Department10.University0.edu, Y3=xxx-xxx-xxxx}, {X=http://www.Department10.University0.edu/AssociateProfessor1, Y1=AssociateProfessor1, Y2=AssociateProfessor1@Department10.University0.edu, Y3=xxx-xxx-xxxx}, {X=http://www.Department10.University0.edu/AssistantProfessor8, Y1=AssistantProfessor8, Y2=AssistantProfessor8@Department10.University0.edu, Y3=xxx-xxx-xxxx}, {X=http://www.Department10.University0.edu/AssistantProfessor2, Y1=AssistantProfessor2, Y2=AssistantProfessor2@Department10.University0.edu, Y3=xxx-xxx-xxxx}, {X=http://www.Department10.University0.edu/AssociateProfessor6, Y1=AssociateProfessor6, Y2=AssociateProfessor6@Department10.University0.edu, Y3=xxx-xxx-xxxx}, {X=http://www.Department10.University0.edu/AssistantProfessor7, Y1=AssistantProfessor7, Y2=AssistantProfessor7@Department10.University0.edu, Y3=xxx-xxx-xxxx}, {X=http://www.Department10.University0.edu/FullProfessor1, Y1=FullProfessor1, Y2=FullProfessor1@Department10.University0.edu, Y3=xxx-xxx-xxxx}, {X=http://www.Department10.University0.edu/AssociateProfessor9, Y1=AssociateProfessor9, Y2=AssociateProfessor9@Department10.University0.edu, Y3=xxx-xxx-xxxx}, {X=http://www.Department10.University0.edu/AssociateProfessor7, Y1=AssociateProfessor7, Y2=AssociateProfessor7@Department10.University0.edu, Y3=xxx-xxx-xxxx}, {X=http://www.Department10.University0.edu/FullProfessor0, Y1=FullProfessor0, Y2=FullProfessor0@Department10.University0.edu, Y3=xxx-xxx-xxxx}, {X=http://www.Department10.University0.edu/AssistantProfessor3, Y1=AssistantProfessor3, Y2=AssistantProfessor3@Department10.University0.edu, Y3=xxx-xxx-xxxx}, {X=http://www.Department10.University0.edu/FullProfessor6, Y1=FullProfessor6, Y2=FullProfessor6@Department10.University0.edu, Y3=xxx-xxx-xxxx}, {X=http://www.Department10.University0.edu/AssociateProfessor4, Y1=AssociateProfessor4, Y2=AssociateProfessor4@Department10.University0.edu, Y3=xxx-xxx-xxxx}, {X=http://www.Department10.University0.edu/FullProfessor4, Y1=FullProfessor4, Y2=FullProfessor4@Department10.University0.edu, Y3=xxx-xxx-xxxx}, {X=http://www.Department10.University0.edu/FullProfessor3, Y1=FullProfessor3, Y2=FullProfessor3@Department10.University0.edu, Y3=xxx-xxx-xxxx}, {X=http://www.Department10.University0.edu/AssociateProfessor8, Y1=AssociateProfessor8, Y2=AssociateProfessor8@Department10.University0.edu, Y3=xxx-xxx-xxxx}, {X=http://www.Department10.University0.edu/FullProfessor2, Y1=FullProfessor2, Y2=FullProfessor2@Department10.University0.edu, Y3=xxx-xxx-xxxx}, {X=http://www.Department10.University0.edu/AssistantProfessor9, Y1=AssistantProfessor9, Y2=AssistantProfessor9@Department10.University0.edu, Y3=xxx-xxx-xxxx}, {X=http://www.Department10.University0.edu/AssistantProfessor4, Y1=AssistantProfessor4, Y2=AssistantProfessor4@Department10.University0.edu, Y3=xxx-xxx-xxxx}, {X=http://www.Department10.University0.edu/AssistantProfessor10, Y1=AssistantProfessor10, Y2=AssistantProfessor10@Department10.University0.edu, Y3=xxx-xxx-xxxx}, {X=http://www.Department10.University0.edu/AssistantProfessor6, Y1=AssistantProfessor6, Y2=AssistantProfessor6@Department10.University0.edu, Y3=xxx-xxx-xxxx}, {X=http://www.Department10.University0.edu/AssistantProfessor5, Y1=AssistantProfessor5, Y2=AssistantProfessor5@Department10.University0.edu, Y3=xxx-xxx-xxxx}, {X=http://www.Department10.University0.edu/FullProfessor5, Y1=FullProfessor5, Y2=FullProfessor5@Department10.University0.edu, Y3=xxx-xxx-xxxx}, {X=http://www.Department10.University0.edu/AssistantProfessor0, Y1=AssistantProfessor0, Y2=AssistantProfessor0@Department10.University0.edu, Y3=xxx-xxx-xxxx}, {X=http://www.Department10.University0.edu/AssociateProfessor5, Y1=AssociateProfessor5, Y2=AssociateProfessor5@Department10.University0.edu, Y3=xxx-xxx-xxxx}, {X=http://www.Department10.University0.edu/AssistantProfessor1, Y1=AssistantProfessor1, Y2=AssistantProfessor1@Department10.University0.edu, Y3=xxx-xxx-xxxx}, {X=http://www.Department10.University0.edu/AssociateProfessor0, Y1=AssociateProfessor0, Y2=AssociateProfessor0@Department10.University0.edu, Y3=xxx-xxx-xxxx}, {X=http://www.Department10.University0.edu/AssociateProfessor3, Y1=AssociateProfessor3, Y2=AssociateProfessor3@Department10.University0.edu, Y3=xxx-xxx-xxxx}, {X=http://www.Department10.University0.edu/AssociateProfessor2, Y1=AssociateProfessor2, Y2=AssociateProfessor2@Department10.University0.edu, Y3=xxx-xxx-xxxx}, {X=http://www.Department10.University0.edu/AssociateProfessor10, Y1=AssociateProfessor10, Y2=AssociateProfessor10@Department10.University0.edu, Y3=xxx-xxx-xxxx}, {X=http://www.Department10.University0.edu/AssociateProfessor1, Y1=AssociateProfessor1, Y2=AssociateProfessor1@Department10.University0.edu, Y3=xxx-xxx-xxxx}, {X=http://www.Department10.University0.edu/AssistantProfessor8, Y1=AssistantProfessor8, Y2=AssistantProfessor8@Department10.University0.edu, Y3=xxx-xxx-xxxx}, {X=http://www.Department10.University0.edu/AssistantProfessor2, Y1=AssistantProfessor2, Y2=AssistantProfessor2@Department10.University0.edu, Y3=xxx-xxx-xxxx}, {X=http://www.Department10.University0.edu/AssociateProfessor6, Y1=AssociateProfessor6, Y2=AssociateProfessor6@Department10.University0.edu, Y3=xxx-xxx-xxxx}, {X=http://www.Department10.University0.edu/AssistantProfessor7, Y1=AssistantProfessor7, Y2=AssistantProfessor7@Department10.University0.edu, Y3=xxx-xxx-xxxx}, {X=http://www.Department10.University0.edu/FullProfessor1, Y1=FullProfessor1, Y2=FullProfessor1@Department10.University0.edu, Y3=xxx-xxx-xxxx}, {X=http://www.Department10.University0.edu/AssociateProfessor9, Y1=AssociateProfessor9, Y2=AssociateProfessor9@Department10.University0.edu, Y3=xxx-xxx-xxxx}, {X=http://www.Department10.University0.edu/AssociateProfessor7, Y1=AssociateProfessor7, Y2=AssociateProfessor7@Department10.University0.edu, Y3=xxx-xxx-xxxx}, {X=http://www.Department10.University0.edu/FullProfessor0, Y1=FullProfessor0, Y2=FullProfessor0@Department10.University0.edu, Y3=xxx-xxx-xxxx}, {X=http://www.Department10.University0.edu/AssistantProfessor3, Y1=AssistantProfessor3, Y2=AssistantProfessor3@Department10.University0.edu, Y3=xxx-xxx-xxxx}, {X=http://www.Department10.University0.edu/FullProfessor6, Y1=FullProfessor6, Y2=FullProfessor6@Department10.University0.edu, Y3=xxx-xxx-xxxx}, {X=http://www.Department10.University0.edu/AssociateProfessor4, Y1=AssociateProfessor4, Y2=AssociateProfessor4@Department10.University0.edu, Y3=xxx-xxx-xxxx}, {X=http://www.Department10.University0.edu/FullProfessor4, Y1=FullProfessor4, Y2=FullProfessor4@Department10.University0.edu, Y3=xxx-xxx-xxxx}, {X=http://www.Department10.University0.edu/FullProfessor3, Y1=FullProfessor3, Y2=FullProfessor3@Department10.University0.edu, Y3=xxx-xxx-xxxx}, {X=http://www.Department10.University0.edu/AssociateProfessor8, Y1=AssociateProfessor8, Y2=AssociateProfessor8@Department10.University0.edu, Y3=xxx-xxx-xxxx}, {X=http://www.Department10.University0.edu/FullProfessor2, Y1=FullProfessor2, Y2=FullProfessor2@Department10.University0.edu, Y3=xxx-xxx-xxxx}, {X=http://www.Department10.University0.edu/AssistantProfessor9, Y1=AssistantProfessor9, Y2=AssistantProfessor9@Department10.University0.edu, Y3=xxx-xxx-xxxx}, {X=http://www.Department10.University0.edu/AssistantProfessor4, Y1=AssistantProfessor4, Y2=AssistantProfessor4@Department10.University0.edu, Y3=xxx-xxx-xxxx}, {X=http://www.Department10.University0.edu/AssistantProfessor10, Y1=AssistantProfessor10, Y2=AssistantProfessor10@Department10.University0.edu, Y3=xxx-xxx-xxxx}, {X=http://www.Department10.University0.edu/AssistantProfessor6, Y1=AssistantProfessor6, Y2=AssistantProfessor6@Department10.University0.edu, Y3=xxx-xxx-xxxx}, {X=http://www.Department10.University0.edu/AssistantProfessor5, Y1=AssistantProfessor5, Y2=AssistantProfessor5@Department10.University0.edu, Y3=xxx-xxx-xxxx}, {X=http://www.Department10.University0.edu/FullProfessor5, Y1=FullProfessor5, Y2=FullProfessor5@Department10.University0.edu, Y3=xxx-xxx-xxxx}, {X=http://www.Department10.University0.edu/AssistantProfessor0, Y1=AssistantProfessor0, Y2=AssistantProfessor0@Department10.University0.edu, Y3=xxx-xxx-xxxx}, {X=http://www.Department10.University0.edu/AssociateProfessor5, Y1=AssociateProfessor5, Y2=AssociateProfessor5@Department10.University0.edu, Y3=xxx-xxx-xxxx}, {X=http://www.Department10.University0.edu/AssistantProfessor1, Y1=AssistantProfessor1, Y2=AssistantProfessor1@Department10.University0.edu, Y3=xxx-xxx-xxxx}, {X=http://www.Department10.University0.edu/AssociateProfessor0, Y1=AssociateProfessor0, Y2=AssociateProfessor0@Department10.University0.edu, Y3=xxx-xxx-xxxx}, {X=http://www.Department10.University0.edu/AssociateProfessor3, Y1=AssociateProfessor3, Y2=AssociateProfessor3@Department10.University0.edu, Y3=xxx-xxx-xxxx}, {X=http://www.Department10.University0.edu/AssociateProfessor2, Y1=AssociateProfessor2, Y2=AssociateProfessor2@Department10.University0.edu, Y3=xxx-xxx-xxxx}, {X=http://www.Department10.University0.edu/AssociateProfessor10, Y1=AssociateProfessor10, Y2=AssociateProfessor10@Department10.University0.edu, Y3=xxx-xxx-xxxx}, {X=http://www.Department10.University0.edu/AssociateProfessor1, Y1=AssociateProfessor1, Y2=AssociateProfessor1@Department10.University0.edu, Y3=xxx-xxx-xxxx}, {X=http://www.Department10.University0.edu/AssistantProfessor8, Y1=AssistantProfessor8, Y2=AssistantProfessor8@Department10.University0.edu, Y3=xxx-xxx-xxxx}, {X=http://www.Department10.University0.edu/AssistantProfessor2, Y1=AssistantProfessor2, Y2=AssistantProfessor2@Department10.University0.edu, Y3=xxx-xxx-xxxx}, {X=http://www.Department10.University0.edu/AssociateProfessor6, Y1=AssociateProfessor6, Y2=AssociateProfessor6@Department10.University0.edu, Y3=xxx-xxx-xxxx}, {X=http://www.Department10.University0.edu/AssistantProfessor7, Y1=AssistantProfessor7, Y2=AssistantProfessor7@Department10.University0.edu, Y3=xxx-xxx-xxxx}, {X=http://www.Department10.University0.edu/FullProfessor1, Y1=FullProfessor1, Y2=FullProfessor1@Department10.University0.edu, Y3=xxx-xxx-xxxx}, {X=http://www.Department10.University0.edu/AssociateProfessor9, Y1=AssociateProfessor9, Y2=AssociateProfessor9@Department10.University0.edu, Y3=xxx-xxx-xxxx}, {X=http://www.Department10.University0.edu/AssociateProfessor7, Y1=AssociateProfessor7, Y2=AssociateProfessor7@Department10.University0.edu, Y3=xxx-xxx-xxxx}, {X=http://www.Department10.University0.edu/FullProfessor0, Y1=FullProfessor0, Y2=FullProfessor0@Department10.University0.edu, Y3=xxx-xxx-xxxx}, {X=http://www.Department10.University0.edu/AssistantProfessor3, Y1=AssistantProfessor3, Y2=AssistantProfessor3@Department10.University0.edu, Y3=xxx-xxx-xxxx}, {X=http://www.Department10.University0.edu/FullProfessor6, Y1=FullProfessor6, Y2=FullProfessor6@Department10.University0.edu, Y3=xxx-xxx-xxxx}, {X=http://www.Department10.University0.edu/AssociateProfessor4, Y1=AssociateProfessor4, Y2=AssociateProfessor4@Department10.University0.edu, Y3=xxx-xxx-xxxx}, {X=http://www.Department10.University0.edu/FullProfessor4, Y1=FullProfessor4, Y2=FullProfessor4@Department10.University0.edu, Y3=xxx-xxx-xxxx}, {X=http://www.Department10.University0.edu/FullProfessor3, Y1=FullProfessor3, Y2=FullProfessor3@Department10.University0.edu, Y3=xxx-xxx-xxxx}, {X=http://www.Department10.University0.edu/AssociateProfessor8, Y1=AssociateProfessor8, Y2=AssociateProfessor8@Department10.University0.edu, Y3=xxx-xxx-xxxx}, {X=http://www.Department10.University0.edu/FullProfessor2, Y1=FullProfessor2, Y2=FullProfessor2@Department10.University0.edu, Y3=xxx-xxx-xxxx}, {X=http://www.Department10.University0.edu/AssistantProfessor9, Y1=AssistantProfessor9, Y2=AssistantProfessor9@Department10.University0.edu, Y3=xxx-xxx-xxxx}, {X=http://www.Department10.University0.edu/AssistantProfessor4, Y1=AssistantProfessor4, Y2=AssistantProfessor4@Department10.University0.edu, Y3=xxx-xxx-xxxx}, {X=http://www.Department10.University0.edu/AssistantProfessor10, Y1=AssistantProfessor10, Y2=AssistantProfessor10@Department10.University0.edu, Y3=xxx-xxx-xxxx}, {X=http://www.Department10.University0.edu/AssistantProfessor6, Y1=AssistantProfessor6, Y2=AssistantProfessor6@Department10.University0.edu, Y3=xxx-xxx-xxxx}, {X=http://www.Department10.University0.edu/AssistantProfessor5, Y1=AssistantProfessor5, Y2=AssistantProfessor5@Department10.University0.edu, Y3=xxx-xxx-xxxx}, {X=http://www.Department10.University0.edu/FullProfessor5, Y1=FullProfessor5, Y2=FullProfessor5@Department10.University0.edu, Y3=xxx-xxx-xxxx}, {X=http://www.Department10.University0.edu/AssistantProfessor0, Y1=AssistantProfessor0, Y2=AssistantProfessor0@Department10.University0.edu, Y3=xxx-xxx-xxxx}, {X=http://www.Department10.University0.edu/AssociateProfessor5, Y1=AssociateProfessor5, Y2=AssociateProfessor5@Department10.University0.edu, Y3=xxx-xxx-xxxx}, {X=http://www.Department10.University0.edu/AssistantProfessor1, Y1=AssistantProfessor1, Y2=AssistantProfessor1@Department10.University0.edu, Y3=xxx-xxx-xxxx}, {X=http://www.Department10.University0.edu/AssociateProfessor0, Y1=AssociateProfessor0, Y2=AssociateProfessor0@Department10.University0.edu, Y3=xxx-xxx-xxxx}, {X=http://www.Department10.University0.edu/AssociateProfessor3, Y1=AssociateProfessor3, Y2=AssociateProfessor3@Department10.University0.edu, Y3=xxx-xxx-xxxx}, {X=http://www.Department10.University0.edu/AssociateProfessor2, Y1=AssociateProfessor2, Y2=AssociateProfessor2@Department10.University0.edu, Y3=xxx-xxx-xxxx}, {X=http://www.Department10.University0.edu/AssociateProfessor10, Y1=AssociateProfessor10, Y2=AssociateProfessor10@Department10.University0.edu, Y3=xxx-xxx-xxxx}, {X=http://www.Department10.University0.edu/AssociateProfessor1, Y1=AssociateProfessor1, Y2=AssociateProfessor1@Department10.University0.edu, Y3=xxx-xxx-xxxx}, {X=http://www.Department10.University0.edu/AssistantProfessor8, Y1=AssistantProfessor8, Y2=AssistantProfessor8@Department10.University0.edu, Y3=xxx-xxx-xxxx}, {X=http://www.Department10.University0.edu/AssistantProfessor2, Y1=AssistantProfessor2, Y2=AssistantProfessor2@Department10.University0.edu, Y3=xxx-xxx-xxxx}, {X=http://www.Department10.University0.edu/AssociateProfessor6, Y1=AssociateProfessor6, Y2=AssociateProfessor6@Department10.University0.edu, Y3=xxx-xxx-xxxx}, {X=http://www.Department10.University0.edu/AssistantProfessor7, Y1=AssistantProfessor7, Y2=AssistantProfessor7@Department10.University0.edu, Y3=xxx-xxx-xxxx}, {X=http://www.Department10.University0.edu/FullProfessor1, Y1=FullProfessor1, Y2=FullProfessor1@Department10.University0.edu, Y3=xxx-xxx-xxxx}, {X=http://www.Department10.University0.edu/AssociateProfessor9, Y1=AssociateProfessor9, Y2=AssociateProfessor9@Department10.University0.edu, Y3=xxx-xxx-xxxx}, {X=http://www.Department10.University0.edu/AssociateProfessor7, Y1=AssociateProfessor7, Y2=AssociateProfessor7@Department10.University0.edu, Y3=xxx-xxx-xxxx}, {X=http://www.Department10.University0.edu/FullProfessor0, Y1=FullProfessor0, Y2=FullProfessor0@Department10.University0.edu, Y3=xxx-xxx-xxxx}, {X=http://www.Department10.University0.edu/AssistantProfessor3, Y1=AssistantProfessor3, Y2=AssistantProfessor3@Department10.University0.edu, Y3=xxx-xxx-xxxx}, {X=http://www.Department10.University0.edu/FullProfessor6, Y1=FullProfessor6, Y2=FullProfessor6@Department10.University0.edu, Y3=xxx-xxx-xxxx}, {X=http://www.Department10.University0.edu/AssociateProfessor4, Y1=AssociateProfessor4, Y2=AssociateProfessor4@Department10.University0.edu, Y3=xxx-xxx-xxxx}, {X=http://www.Department10.University0.edu/FullProfessor4, Y1=FullProfessor4, Y2=FullProfessor4@Department10.University0.edu, Y3=xxx-xxx-xxxx}, {X=http://www.Department10.University0.edu/FullProfessor3, Y1=FullProfessor3, Y2=FullProfessor3@Department10.University0.edu, Y3=xxx-xxx-xxxx}, {X=http://www.Department10.University0.edu/AssociateProfessor8, Y1=AssociateProfessor8, Y2=AssociateProfessor8@Department10.University0.edu, Y3=xxx-xxx-xxxx}, {X=http://www.Department10.University0.edu/FullProfessor2, Y1=FullProfessor2, Y2=FullProfessor2@Department10.University0.edu, Y3=xxx-xxx-xxxx}, {X=http://www.Department10.University0.edu/AssistantProfessor9, Y1=AssistantProfessor9, Y2=AssistantProfessor9@Department10.University0.edu, Y3=xxx-xxx-xxxx}, {X=http://www.Department10.University0.edu/AssistantProfessor4, Y1=AssistantProfessor4, Y2=AssistantProfessor4@Department10.University0.edu, Y3=xxx-xxx-xxxx}, {X=http://www.Department10.University0.edu/AssistantProfessor10, Y1=AssistantProfessor10, Y2=AssistantProfessor10@Department10.University0.edu, Y3=xxx-xxx-xxxx}, {X=http://www.Department10.University0.edu/AssistantProfessor6, Y1=AssistantProfessor6, Y2=AssistantProfessor6@Department10.University0.edu, Y3=xxx-xxx-xxxx}, {X=http://www.Department10.University0.edu/AssistantProfessor5, Y1=AssistantProfessor5, Y2=AssistantProfessor5@Department10.University0.edu, Y3=xxx-xxx-xxxx}, {X=http://www.Department10.University0.edu/FullProfessor5, Y1=FullProfessor5, Y2=FullProfessor5@Department10.University0.edu, Y3=xxx-xxx-xxxx}, {X=http://www.Department10.University0.edu/AssistantProfessor0, Y1=AssistantProfessor0, Y2=AssistantProfessor0@Department10.University0.edu, Y3=xxx-xxx-xxxx}, {X=http://www.Department10.University0.edu/AssociateProfessor5, Y1=AssociateProfessor5, Y2=AssociateProfessor5@Department10.University0.edu, Y3=xxx-xxx-xxxx}, {X=http://www.Department10.University0.edu/AssistantProfessor1, Y1=AssistantProfessor1, Y2=AssistantProfessor1@Department10.University0.edu, Y3=xxx-xxx-xxxx}, {X=http://www.Department10.University0.edu/AssociateProfessor0, Y1=AssociateProfessor0, Y2=AssociateProfessor0@Department10.University0.edu, Y3=xxx-xxx-xxxx}, {X=http://www.Department10.University0.edu/AssociateProfessor3, Y1=AssociateProfessor3, Y2=AssociateProfessor3@Department10.University0.edu, Y3=xxx-xxx-xxxx}, {X=http://www.Department10.University0.edu/AssociateProfessor2, Y1=AssociateProfessor2, Y2=AssociateProfessor2@Department10.University0.edu, Y3=xxx-xxx-xxxx}, {X=http://www.Department10.University0.edu/AssociateProfessor10, Y1=AssociateProfessor10, Y2=AssociateProfessor10@Department10.University0.edu, Y3=xxx-xxx-xxxx}, {X=http://www.Department10.University0.edu/AssociateProfessor1, Y1=AssociateProfessor1, Y2=AssociateProfessor1@Department10.University0.edu, Y3=xxx-xxx-xxxx}, {X=http://www.Department10.University0.edu/AssistantProfessor8, Y1=AssistantProfessor8, Y2=AssistantProfessor8@Department10.University0.edu, Y3=xxx-xxx-xxxx}, {X=http://www.Department10.University0.edu/AssistantProfessor2, Y1=AssistantProfessor2, Y2=AssistantProfessor2@Department10.University0.edu, Y3=xxx-xxx-xxxx}, {X=http://www.Department10.University0.edu/AssociateProfessor6, Y1=AssociateProfessor6, Y2=AssociateProfessor6@Department10.University0.edu, Y3=xxx-xxx-xxxx}, {X=http://www.Department10.University0.edu/AssistantProfessor7, Y1=AssistantProfessor7, Y2=AssistantProfessor7@Department10.University0.edu, Y3=xxx-xxx-xxxx}, {X=http://www.Department10.University0.edu/FullProfessor1, Y1=FullProfessor1, Y2=FullProfessor1@Department10.University0.edu, Y3=xxx-xxx-xxxx}, {X=http://www.Department10.University0.edu/AssociateProfessor9, Y1=AssociateProfessor9, Y2=AssociateProfessor9@Department10.University0.edu, Y3=xxx-xxx-xxxx}, {X=http://www.Department10.University0.edu/AssociateProfessor7, Y1=AssociateProfessor7, Y2=AssociateProfessor7@Department10.University0.edu, Y3=xxx-xxx-xxxx}, {X=http://www.Department10.University0.edu/FullProfessor0, Y1=FullProfessor0, Y2=FullProfessor0@Department10.University0.edu, Y3=xxx-xxx-xxxx}, {X=http://www.Department10.University0.edu/AssistantProfessor3, Y1=AssistantProfessor3, Y2=AssistantProfessor3@Department10.University0.edu, Y3=xxx-xxx-xxxx}, {X=http://www.Department10.University0.edu/FullProfessor6, Y1=FullProfessor6, Y2=FullProfessor6@Department10.University0.edu, Y3=xxx-xxx-xxxx}, {X=http://www.Department10.University0.edu/AssociateProfessor4, Y1=AssociateProfessor4, Y2=AssociateProfessor4@Department10.University0.edu, Y3=xxx-xxx-xxxx}, {X=http://www.Department10.University0.edu/FullProfessor4, Y1=FullProfessor4, Y2=FullProfessor4@Department10.University0.edu, Y3=xxx-xxx-xxxx}, {X=http://www.Department10.University0.edu/FullProfessor3, Y1=FullProfessor3, Y2=FullProfessor3@Department10.University0.edu, Y3=xxx-xxx-xxxx}, {X=http://www.Department10.University0.edu/AssociateProfessor8, Y1=AssociateProfessor8, Y2=AssociateProfessor8@Department10.University0.edu, Y3=xxx-xxx-xxxx}, {X=http://www.Department10.University0.edu/FullProfessor2, Y1=FullProfessor2, Y2=FullProfessor2@Department10.University0.edu, Y3=xxx-xxx-xxxx}, {X=http://www.Department10.University0.edu/AssistantProfessor9, Y1=AssistantProfessor9, Y2=AssistantProfessor9@Department10.University0.edu, Y3=xxx-xxx-xxxx}, {X=http://www.Department10.University0.edu/AssistantProfessor4, Y1=AssistantProfessor4, Y2=AssistantProfessor4@Department10.University0.edu, Y3=xxx-xxx-xxxx}, {X=http://www.Department10.University0.edu/AssistantProfessor10, Y1=AssistantProfessor10, Y2=AssistantProfessor10@Department10.University0.edu, Y3=xxx-xxx-xxxx}, {X=http://www.Department10.University0.edu/AssistantProfessor6, Y1=AssistantProfessor6, Y2=AssistantProfessor6@Department10.University0.edu, Y3=xxx-xxx-xxxx}, {X=http://www.Department10.University0.edu/AssistantProfessor5, Y1=AssistantProfessor5, Y2=AssistantProfessor5@Department10.University0.edu, Y3=xxx-xxx-xxxx}, {X=http://www.Department10.University0.edu/FullProfessor5, Y1=FullProfessor5, Y2=FullProfessor5@Department10.University0.edu, Y3=xxx-xxx-xxxx}, {X=http://www.Department10.University0.edu/AssistantProfessor0, Y1=AssistantProfessor0, Y2=AssistantProfessor0@Department10.University0.edu, Y3=xxx-xxx-xxxx}, {X=http://www.Department10.University0.edu/AssociateProfessor5, Y1=AssociateProfessor5, Y2=AssociateProfessor5@Department10.University0.edu, Y3=xxx-xxx-xxxx}, {X=http://www.Department10.University0.edu/AssistantProfessor1, Y1=AssistantProfessor1, Y2=AssistantProfessor1@Department10.University0.edu, Y3=xxx-xxx-xxxx}, {X=http://www.Department10.University0.edu/AssociateProfessor0, Y1=AssociateProfessor0, Y2=AssociateProfessor0@Department10.University0.edu, Y3=xxx-xxx-xxxx}, {X=http://www.Department10.University0.edu/AssociateProfessor3, Y1=AssociateProfessor3, Y2=AssociateProfessor3@Department10.University0.edu, Y3=xxx-xxx-xxxx}, {X=http://www.Department10.University0.edu/AssociateProfessor2, Y1=AssociateProfessor2, Y2=AssociateProfessor2@Department10.University0.edu, Y3=xxx-xxx-xxxx}, {X=http://www.Department10.University0.edu/AssociateProfessor10, Y1=AssociateProfessor10, Y2=AssociateProfessor10@Department10.University0.edu, Y3=xxx-xxx-xxxx}, {X=http://www.Department10.University0.edu/AssociateProfessor1, Y1=AssociateProfessor1, Y2=AssociateProfessor1@Department10.University0.edu, Y3=xxx-xxx-xxxx}, {X=http://www.Department10.University0.edu/AssistantProfessor8, Y1=AssistantProfessor8, Y2=AssistantProfessor8@Department10.University0.edu, Y3=xxx-xxx-xxxx}, {X=http://www.Department10.University0.edu/AssistantProfessor2, Y1=AssistantProfessor2, Y2=AssistantProfessor2@Department10.University0.edu, Y3=xxx-xxx-xxxx}, {X=http://www.Department10.University0.edu/AssociateProfessor6, Y1=AssociateProfessor6, Y2=AssociateProfessor6@Department10.University0.edu, Y3=xxx-xxx-xxxx}, {X=http://www.Department10.University0.edu/AssistantProfessor7, Y1=AssistantProfessor7, Y2=AssistantProfessor7@Department10.University0.edu, Y3=xxx-xxx-xxxx}, {X=http://www.Department10.University0.edu/FullProfessor1, Y1=FullProfessor1, Y2=FullProfessor1@Department10.University0.edu, Y3=xxx-xxx-xxxx}, {X=http://www.Department10.University0.edu/AssociateProfessor9, Y1=AssociateProfessor9, Y2=AssociateProfessor9@Department10.University0.edu, Y3=xxx-xxx-xxxx}, {X=http://www.Department10.University0.edu/AssociateProfessor7, Y1=AssociateProfessor7, Y2=AssociateProfessor7@Department10.University0.edu, Y3=xxx-xxx-xxxx}, {X=http://www.Department10.University0.edu/FullProfessor0, Y1=FullProfessor0, Y2=FullProfessor0@Department10.University0.edu, Y3=xxx-xxx-xxxx}, {X=http://www.Department10.University0.edu/AssistantProfessor3, Y1=AssistantProfessor3, Y2=AssistantProfessor3@Department10.University0.edu, Y3=xxx-xxx-xxxx}, {X=http://www.Department10.University0.edu/FullProfessor6, Y1=FullProfessor6, Y2=FullProfessor6@Department10.University0.edu, Y3=xxx-xxx-xxxx}, {X=http://www.Department10.University0.edu/AssociateProfessor4, Y1=AssociateProfessor4, Y2=AssociateProfessor4@Department10.University0.edu, Y3=xxx-xxx-xxxx}, {X=http://www.Department10.University0.edu/FullProfessor4, Y1=FullProfessor4, Y2=FullProfessor4@Department10.University0.edu, Y3=xxx-xxx-xxxx}, {X=http://www.Department10.University0.edu/FullProfessor3, Y1=FullProfessor3, Y2=FullProfessor3@Department10.University0.edu, Y3=xxx-xxx-xxxx}, {X=http://www.Department10.University0.edu/AssociateProfessor8, Y1=AssociateProfessor8, Y2=AssociateProfessor8@Department10.University0.edu, Y3=xxx-xxx-xxxx}, {X=http://www.Department10.University0.edu/FullProfessor2, Y1=FullProfessor2, Y2=FullProfessor2@Department10.University0.edu, Y3=xxx-xxx-xxxx}, {X=http://www.Department10.University0.edu/AssistantProfessor9, Y1=AssistantProfessor9, Y2=AssistantProfessor9@Department10.University0.edu, Y3=xxx-xxx-xxxx}, {X=http://www.Department10.University0.edu/AssistantProfessor4, Y1=AssistantProfessor4, Y2=AssistantProfessor4@Department10.University0.edu, Y3=xxx-xxx-xxxx}, {X=http://www.Department10.University0.edu/AssistantProfessor10, Y1=AssistantProfessor10, Y2=AssistantProfessor10@Department10.University0.edu, Y3=xxx-xxx-xxxx}, {X=http://www.Department10.University0.edu/AssistantProfessor6, Y1=AssistantProfessor6, Y2=AssistantProfessor6@Department10.University0.edu, Y3=xxx-xxx-xxxx}, {X=http://www.Department10.University0.edu/AssistantProfessor5, Y1=AssistantProfessor5, Y2=AssistantProfessor5@Department10.University0.edu, Y3=xxx-xxx-xxxx}, {X=http://www.Department10.University0.edu/FullProfessor5, Y1=FullProfessor5, Y2=FullProfessor5@Department10.University0.edu, Y3=xxx-xxx-xxxx}, {X=http://www.Department10.University0.edu/AssistantProfessor0, Y1=AssistantProfessor0, Y2=AssistantProfessor0@Department10.University0.edu, Y3=xxx-xxx-xxxx}, {X=http://www.Department10.University0.edu/AssociateProfessor5, Y1=AssociateProfessor5, Y2=AssociateProfessor5@Department10.University0.edu, Y3=xxx-xxx-xxxx}, {X=http://www.Department10.University0.edu/AssistantProfessor1, Y1=AssistantProfessor1, Y2=AssistantProfessor1@Department10.University0.edu, Y3=xxx-xxx-xxxx}, {X=http://www.Department10.University0.edu/AssociateProfessor0, Y1=AssociateProfessor0, Y2=AssociateProfessor0@Department10.University0.edu, Y3=xxx-xxx-xxxx}, {X=http://www.Department10.University0.edu/AssociateProfessor3, Y1=AssociateProfessor3, Y2=AssociateProfessor3@Department10.University0.edu, Y3=xxx-xxx-xxxx}, {X=http://www.Department10.University0.edu/AssociateProfessor2, Y1=AssociateProfessor2, Y2=AssociateProfessor2@Department10.University0.edu, Y3=xxx-xxx-xxxx}, {X=http://www.Department10.University0.edu/AssociateProfessor10, Y1=AssociateProfessor10, Y2=AssociateProfessor10@Department10.University0.edu, Y3=xxx-xxx-xxxx}, {X=http://www.Department10.University0.edu/AssociateProfessor1, Y1=AssociateProfessor1, Y2=AssociateProfessor1@Department10.University0.edu, Y3=xxx-xxx-xxxx}, {X=http://www.Department10.University0.edu/AssistantProfessor8, Y1=AssistantProfessor8, Y2=AssistantProfessor8@Department10.University0.edu, Y3=xxx-xxx-xxxx}, {X=http://www.Department10.University0.edu/AssistantProfessor2, Y1=AssistantProfessor2, Y2=AssistantProfessor2@Department10.University0.edu, Y3=xxx-xxx-xxxx}, {X=http://www.Department10.University0.edu/AssociateProfessor6, Y1=AssociateProfessor6, Y2=AssociateProfessor6@Department10.University0.edu, Y3=xxx-xxx-xxxx}, {X=http://www.Department10.University0.edu/AssistantProfessor7, Y1=AssistantProfessor7, Y2=AssistantProfessor7@Department10.University0.edu, Y3=xxx-xxx-xxxx}, {X=http://www.Department10.University0.edu/FullProfessor1, Y1=FullProfessor1, Y2=FullProfessor1@Department10.University0.edu, Y3=xxx-xxx-xxxx}, {X=http://www.Department10.University0.edu/AssociateProfessor9, Y1=AssociateProfessor9, Y2=AssociateProfessor9@Department10.University0.edu, Y3=xxx-xxx-xxxx}, {X=http://www.Department10.University0.edu/AssociateProfessor7, Y1=AssociateProfessor7, Y2=AssociateProfessor7@Department10.University0.edu, Y3=xxx-xxx-xxxx}, {X=http://www.Department10.University0.edu/FullProfessor0, Y1=FullProfessor0, Y2=FullProfessor0@Department10.University0.edu, Y3=xxx-xxx-xxxx}, {X=http://www.Department10.University0.edu/AssistantProfessor3, Y1=AssistantProfessor3, Y2=AssistantProfessor3@Department10.University0.edu, Y3=xxx-xxx-xxxx}, {X=http://www.Department10.University0.edu/FullProfessor6, Y1=FullProfessor6, Y2=FullProfessor6@Department10.University0.edu, Y3=xxx-xxx-xxxx}, {X=http://www.Department10.University0.edu/AssociateProfessor4, Y1=AssociateProfessor4, Y2=AssociateProfessor4@Department10.University0.edu, Y3=xxx-xxx-xxxx}, {X=http://www.Department10.University0.edu/FullProfessor4, Y1=FullProfessor4, Y2=FullProfessor4@Department10.University0.edu, Y3=xxx-xxx-xxxx}, {X=http://www.Department10.University0.edu/FullProfessor3, Y1=FullProfessor3, Y2=FullProfessor3@Department10.University0.edu, Y3=xxx-xxx-xxxx}]
1490623207691;0;10;5;1381877;998761;1392138;1098834;960335;969772;937154;1018548;947646;955703;1066076;7124;5850;[{X=http://www.Department10.University0.edu/UndergraduateStudent111}, {X=http://www.Department10.University0.edu/GraduateStudent92}, {X=http://www.Department10.University0.edu/UndergraduateStudent55}, {X=http://www.Department10.University0.edu/GraduateStudent90}, {X=http://www.Department10.University0.edu/GraduateStudent51}, {X=http://www.Department10.University0.edu/UndergraduateStudent193}, {X=http://www.Department10.University0.edu/UndergraduateStudent400}, {X=http://www.Department10.University0.edu/UndergraduateStudent108}, {X=http://www.Department10.University0.edu/AssistantProfessor6}, {X=http://www.Department10.University0.edu/UndergraduateStudent69}, {X=http://www.Department10.University0.edu/UndergraduateStudent132}, {X=http://www.Department10.University0.edu/UndergraduateStudent99}, {X=http://www.Department10.University0.edu/UndergraduateStudent226}, {X=http://www.Department10.University0.edu/UndergraduateStudent362}, {X=http://www.Department10.University0.edu/UndergraduateStudent81}, {X=http://www.Department10.University0.edu/UndergraduateStudent203}, {X=http://www.Department10.University0.edu/UndergraduateStudent334}, {X=http://www.Department10.University0.edu/GraduateStudent122}, {X=http://www.Department10.University0.edu/GraduateStudent1}, {X=http://www.Department10.University0.edu/GraduateStudent114}, {X=http://www.Department10.University0.edu/UndergraduateStudent378}, {X=http://www.Department10.University0.edu/UndergraduateStudent264}, {X=http://www.Department10.University0.edu/UndergraduateStudent338}, {X=http://www.Department10.University0.edu/GraduateStudent88}, {X=http://www.Department10.University0.edu/GraduateStudent15}, {X=http://www.Department10.University0.edu/UndergraduateStudent176}, {X=http://www.Department10.University0.edu/UndergraduateStudent45}, {X=http://www.Department10.University0.edu/UndergraduateStudent86}, {X=http://www.Department10.University0.edu/GraduateStudent127}, {X=http://www.Department10.University0.edu/UndergraduateStudent165}, {X=http://www.Department10.University0.edu/UndergraduateStudent172}, {X=http://www.Department10.University0.edu/UndergraduateStudent268}, {X=http://www.Department10.University0.edu/UndergraduateStudent251}, {X=http://www.Department10.University0.edu/GraduateStudent66}, {X=http://www.Department10.University0.edu/UndergraduateStudent254}, {X=http://www.Department10.University0.edu/UndergraduateStudent190}, {X=http://www.Department10.University0.edu/UndergraduateStudent408}, {X=http://www.Department10.University0.edu/GraduateStudent2}, {X=http://www.Department10.University0.edu/UndergraduateStudent118}, {X=http://www.Department10.University0.edu/UndergraduateStudent367}, {X=http://www.Department10.University0.edu/UndergraduateStudent77}, {X=http://www.Department10.University0.edu/UndergraduateStudent374}, {X=http://www.Department10.University0.edu/UndergraduateStudent398}, {X=http://www.Department10.University0.edu/UndergraduateStudent135}, {X=http://www.Department10.University0.edu/UndergraduateStudent58}, {X=http://www.Department10.University0.edu/UndergraduateStudent306}, {X=http://www.Department10.University0.edu/GraduateStudent0}, {X=http://www.Department10.University0.edu/UndergraduateStudent71}, {X=http://www.Department10.University0.edu/UndergraduateStudent157}, {X=http://www.Department10.University0.edu/UndergraduateStudent119}, {X=http://www.Department10.University0.edu/UndergraduateStudent235}, {X=http://www.Department10.University0.edu/UndergraduateStudent25}, {X=http://www.Department10.University0.edu/UndergraduateStudent325}, {X=http://www.Department10.University0.edu/GraduateStudent21}, {X=http://www.Department10.University0.edu/UndergraduateStudent236}, {X=http://www.Department10.University0.edu/UndergraduateStudent96}, {X=http://www.Department10.University0.edu/UndergraduateStudent255}, {X=http://www.Department10.University0.edu/UndergraduateStudent0}, {X=http://www.Department10.University0.edu/UndergraduateStudent313}, {X=http://www.Department10.University0.edu/UndergraduateStudent399}, {X=http://www.Department10.University0.edu/UndergraduateStudent267}, {X=http://www.Department10.University0.edu/UndergraduateStudent38}, {X=http://www.Department10.University0.edu/GraduateStudent57}, {X=http://www.Department10.University0.edu/UndergraduateStudent180}, {X=http://www.Department10.University0.edu/UndergraduateStudent143}, {X=http://www.Department10.University0.edu/UndergraduateStudent76}, {X=http://www.Department10.University0.edu/UndergraduateStudent101}, {X=http://www.Department10.University0.edu/UndergraduateStudent342}, {X=http://www.Department10.University0.edu/UndergraduateStudent168}, {X=http://www.Department10.University0.edu/UndergraduateStudent6}, {X=http://www.Department10.University0.edu/UndergraduateStudent144}, {X=http://www.Department10.University0.edu/UndergraduateStudent311}, {X=http://www.Department10.University0.edu/GraduateStudent44}, {X=http://www.Department10.University0.edu/FullProfessor2}, {X=http://www.Department10.University0.edu/GraduateStudent30}, {X=http://www.Department10.University0.edu/UndergraduateStudent152}, {X=http://www.Department10.University0.edu/UndergraduateStudent72}, {X=http://www.Department10.University0.edu/UndergraduateStudent341}, {X=http://www.Department10.University0.edu/GraduateStudent46}, {X=http://www.Department10.University0.edu/UndergraduateStudent336}, {X=http://www.Department10.University0.edu/UndergraduateStudent350}, {X=http://www.Department10.University0.edu/FullProfessor5}, {X=http://www.Department10.University0.edu/GraduateStudent76}, {X=http://www.Department10.University0.edu/GraduateStudent40}, {X=http://www.Department10.University0.edu/UndergraduateStudent162}, {X=http://www.Department10.University0.edu/GraduateStudent97}, {X=http://www.Department10.University0.edu/UndergraduateStudent159}, {X=http://www.Department10.University0.edu/UndergraduateStudent109}, {X=http://www.Department10.University0.edu/GraduateStudent99}, {X=http://www.Department10.University0.edu/UndergraduateStudent365}, {X=http://www.Department10.University0.edu/UndergraduateStudent4}, {X=http://www.Department10.University0.edu/GraduateStudent62}, {X=http://www.Department10.University0.edu/GraduateStudent12}, {X=http://www.Department10.University0.edu/UndergraduateStudent379}, {X=http://www.Department10.University0.edu/GraduateStudent61}, {X=http://www.Department10.University0.edu/GraduateStudent124}, {X=http://www.Department10.University0.edu/UndergraduateStudent384}, {X=http://www.Department10.University0.edu/AssistantProfessor7}, {X=http://www.Department10.University0.edu/UndergraduateStudent28}, {X=http://www.Department10.University0.edu/UndergraduateStudent192}, {X=http://www.Department10.University0.edu/UndergraduateStudent42}, {X=http://www.Department10.University0.edu/UndergraduateStudent153}, {X=http://www.Department10.University0.edu/UndergraduateStudent160}, {X=http://www.Department10.University0.edu/UndergraduateStudent154}, {X=http://www.Department10.University0.edu/GraduateStudent29}, {X=http://www.Department10.University0.edu/AssistantProfessor3}, {X=http://www.Department10.University0.edu/GraduateStudent118}, {X=http://www.Department10.University0.edu/GraduateStudent80}, {X=http://www.Department10.University0.edu/UndergraduateStudent18}, {X=http://www.Department10.University0.edu/UndergraduateStudent328}, {X=http://www.Department10.University0.edu/GraduateStudent60}, {X=http://www.Department10.University0.edu/UndergraduateStudent315}, {X=http://www.Department10.University0.edu/GraduateStudent113}, {X=http://www.Department10.University0.edu/UndergraduateStudent130}, {X=http://www.Department10.University0.edu/UndergraduateStudent34}, {X=http://www.Department10.University0.edu/UndergraduateStudent231}, {X=http://www.Department10.University0.edu/Lecturer5}, {X=http://www.Department10.University0.edu/GraduateStudent86}, {X=http://www.Department10.University0.edu/UndergraduateStudent229}, {X=http://www.Department10.University0.edu/UndergraduateStudent303}, {X=http://www.Department10.University0.edu/UndergraduateStudent171}, {X=http://www.Department10.University0.edu/UndergraduateStudent47}, {X=http://www.Department10.University0.edu/UndergraduateStudent94}, {X=http://www.Department10.University0.edu/GraduateStudent45}, {X=http://www.Department10.University0.edu/UndergraduateStudent318}, {X=http://www.Department10.University0.edu/GraduateStudent23}, {X=http://www.Department10.University0.edu/UndergraduateStudent35}, {X=http://www.Department10.University0.edu/UndergraduateStudent320}, {X=http://www.Department10.University0.edu/UndergraduateStudent113}, {X=http://www.Department10.University0.edu/UndergraduateStudent9}, {X=http://www.Department10.University0.edu/UndergraduateStudent127}, {X=http://www.Department10.University0.edu/UndergraduateStudent258}, {X=http://www.Department10.University0.edu/FullProfessor3}, {X=http://www.Department10.University0.edu/GraduateStudent70}, {X=http://www.Department10.University0.edu/UndergraduateStudent78}, {X=http://www.Department10.University0.edu/UndergraduateStudent373}, {X=http://www.Department10.University0.edu/GraduateStudent72}, {X=http://www.Department10.University0.edu/UndergraduateStudent238}, {X=http://www.Department10.University0.edu/UndergraduateStudent331}, {X=http://www.Department10.University0.edu/UndergraduateStudent209}, {X=http://www.Department10.University0.edu/UndergraduateStudent221}, {X=http://www.Department10.University0.edu/UndergraduateStudent326}, {X=http://www.Department10.University0.edu/UndergraduateStudent8}, {X=http://www.Department10.University0.edu/UndergraduateStudent87}, {X=http://www.Department10.University0.edu/UndergraduateStudent244}, {X=http://www.Department10.University0.edu/UndergraduateStudent300}, {X=http://www.Department10.University0.edu/UndergraduateStudent262}, {X=http://www.Department10.University0.edu/UndergraduateStudent10}, {X=http://www.Department10.University0.edu/UndergraduateStudent356}, {X=http://www.Department10.University0.edu/UndergraduateStudent391}, {X=http://www.Department10.University0.edu/UndergraduateStudent346}, {X=http://www.Department10.University0.edu/GraduateStudent121}, {X=http://www.Department10.University0.edu/UndergraduateStudent185}, {X=http://www.Department10.University0.edu/UndergraduateStudent301}, {X=http://www.Department10.University0.edu/GraduateStudent43}, {X=http://www.Department10.University0.edu/UndergraduateStudent404}, {X=http://www.Department10.University0.edu/UndergraduateStudent11}, {X=http://www.Department10.University0.edu/UndergraduateStudent316}, {X=http://www.Department10.University0.edu/UndergraduateStudent75}, {X=http://www.Department10.University0.edu/UndergraduateStudent93}, {X=http://www.Department10.University0.edu/GraduateStudent89}, {X=http://www.Department10.University0.edu/GraduateStudent136}, {X=http://www.Department10.University0.edu/UndergraduateStudent52}, {X=http://www.Department10.University0.edu/UndergraduateStudent40}, {X=http://www.Department10.University0.edu/UndergraduateStudent358}, {X=http://www.Department10.University0.edu/UndergraduateStudent37}, {X=http://www.Department10.University0.edu/UndergraduateStudent196}, {X=http://www.Department10.University0.edu/UndergraduateStudent164}, {X=http://www.Department10.University0.edu/UndergraduateStudent16}, {X=http://www.Department10.University0.edu/UndergraduateStudent17}, {X=http://www.Department10.University0.edu/GraduateStudent84}, {X=http://www.Department10.University0.edu/AssistantProfessor9}, {X=http://www.Department10.University0.edu/GraduateStudent132}, {X=http://www.Department10.University0.edu/UndergraduateStudent20}, {X=http://www.Department10.University0.edu/UndergraduateStudent294}, {X=http://www.Department10.University0.edu/UndergraduateStudent282}, {X=http://www.Department10.University0.edu/UndergraduateStudent388}, {X=http://www.Department10.University0.edu/UndergraduateStudent370}, {X=http://www.Department10.University0.edu/UndergraduateStudent216}, {X=http://www.Department10.University0.edu/GraduateStudent112}, {X=http://www.Department10.University0.edu/UndergraduateStudent292}, {X=http://www.Department10.University0.edu/UndergraduateStudent270}, {X=http://www.Department10.University0.edu/UndergraduateStudent340}, {X=http://www.Department10.University0.edu/UndergraduateStudent309}, {X=http://www.Department10.University0.edu/UndergraduateStudent142}, {X=http://www.Department10.University0.edu/UndergraduateStudent310}, {X=http://www.Department10.University0.edu/UndergraduateStudent129}, {X=http://www.Department10.University0.edu/UndergraduateStudent249}, {X=http://www.Department10.University0.edu/UndergraduateStudent410}, {X=http://www.Department10.University0.edu/UndergraduateStudent147}, {X=http://www.Department10.University0.edu/UndergraduateStudent59}, {X=http://www.Department10.University0.edu/UndergraduateStudent181}, {X=http://www.Department10.University0.edu/UndergraduateStudent213}, {X=http://www.Department10.University0.edu/UndergraduateStudent386}, {X=http://www.Department10.University0.edu/GraduateStudent109}, {X=http://www.Department10.University0.edu/UndergraduateStudent295}, {X=http://www.Department10.University0.edu/GraduateStudent105}, {X=http://www.Department10.University0.edu/UndergraduateStudent396}, {X=http://www.Department10.University0.edu/UndergraduateStudent121}, {X=http://www.Department10.University0.edu/GraduateStudent14}, {X=http://www.Department10.University0.edu/UndergraduateStudent212}, {X=http://www.Department10.University0.edu/GraduateStudent20}, {X=http://www.Department10.University0.edu/UndergraduateStudent66}, {X=http://www.Department10.University0.edu/UndergraduateStudent61}, {X=http://www.Department10.University0.edu/GraduateStudent64}, {X=http://www.Department10.University0.edu/UndergraduateStudent279}, {X=http://www.Department10.University0.edu/UndergraduateStudent74}, {X=http://www.Department10.University0.edu/UndergraduateStudent198}, {X=http://www.Department10.University0.edu/UndergraduateStudent277}, {X=http://www.Department10.University0.edu/UndergraduateStudent240}, {X=http://www.Department10.University0.edu/UndergraduateStudent304}, {X=http://www.Department10.University0.edu/UndergraduateStudent252}, {X=http://www.Department10.University0.edu/UndergraduateStudent204}, {X=http://www.Department10.University0.edu/AssistantProfessor4}, {X=http://www.Department10.University0.edu/UndergraduateStudent214}, {X=http://www.Department10.University0.edu/UndergraduateStudent149}, {X=http://www.Department10.University0.edu/GraduateStudent116}, {X=http://www.Department10.University0.edu/UndergraduateStudent116}, {X=http://www.Department10.University0.edu/UndergraduateStudent299}, {X=http://www.Department10.University0.edu/UndergraduateStudent3}, {X=http://www.Department10.University0.edu/UndergraduateStudent15}, {X=http://www.Department10.University0.edu/UndergraduateStudent261}, {X=http://www.Department10.University0.edu/GraduateStudent100}, {X=http://www.Department10.University0.edu/UndergraduateStudent80}, {X=http://www.Department10.University0.edu/AssociateProfessor0}, {X=http://www.Department10.University0.edu/UndergraduateStudent406}, {X=http://www.Department10.University0.edu/UndergraduateStudent369}, {X=http://www.Department10.University0.edu/UndergraduateStudent175}, {X=http://www.Department10.University0.edu/AssociateProfessor3}, {X=http://www.Department10.University0.edu/UndergraduateStudent148}, {X=http://www.Department10.University0.edu/Lecturer2}, {X=http://www.Department10.University0.edu/GraduateStudent129}, {X=http://www.Department10.University0.edu/UndergraduateStudent122}, {X=http://www.Department10.University0.edu/UndergraduateStudent228}, {X=http://www.Department10.University0.edu/UndergraduateStudent102}, {X=http://www.Department10.University0.edu/GraduateStudent115}, {X=http://www.Department10.University0.edu/UndergraduateStudent354}, {X=http://www.Department10.University0.edu/UndergraduateStudent174}, {X=http://www.Department10.University0.edu/UndergraduateStudent155}, {X=http://www.Department10.University0.edu/UndergraduateStudent349}, {X=http://www.Department10.University0.edu/GraduateStudent82}, {X=http://www.Department10.University0.edu/UndergraduateStudent219}, {X=http://www.Department10.University0.edu/AssociateProfessor8}, {X=http://www.Department10.University0.edu/UndergraduateStudent243}, {X=http://www.Department10.University0.edu/UndergraduateStudent26}, {X=http://www.Department10.University0.edu/GraduateStudent9}, {X=http://www.Department10.University0.edu/UndergraduateStudent247}, {X=http://www.Department10.University0.edu/GraduateStudent49}, {X=http://www.Department10.University0.edu/GraduateStudent108}, {X=http://www.Department10.University0.edu/UndergraduateStudent272}, {X=http://www.Department10.University0.edu/GraduateStudent81}, {X=http://www.Department10.University0.edu/UndergraduateStudent239}, {X=http://www.Department10.University0.edu/UndergraduateStudent13}, {X=http://www.Department10.University0.edu/UndergraduateStudent195}, {X=http://www.Department10.University0.edu/GraduateStudent94}, {X=http://www.Department10.University0.edu/UndergraduateStudent183}, {X=http://www.Department10.University0.edu/UndergraduateStudent163}, {X=http://www.Department10.University0.edu/GraduateStudent65}, {X=http://www.Department10.University0.edu/UndergraduateStudent27}, {X=http://www.Department10.University0.edu/UndergraduateStudent30}, {X=http://www.Department10.University0.edu/UndergraduateStudent125}, {X=http://www.Department10.University0.edu/UndergraduateStudent14}, {X=http://www.Department10.University0.edu/UndergraduateStudent70}, {X=http://www.Department10.University0.edu/UndergraduateStudent53}, {X=http://www.Department10.University0.edu/UndergraduateStudent329}, {X=http://www.Department10.University0.edu/UndergraduateStudent139}, {X=http://www.Department10.University0.edu/GraduateStudent18}, {X=http://www.Department10.University0.edu/UndergraduateStudent333}, {X=http://www.Department10.University0.edu/UndergraduateStudent359}, {X=http://www.Department10.University0.edu/GraduateStudent19}, {X=http://www.Department10.University0.edu/UndergraduateStudent187}, {X=http://www.Department10.University0.edu/UndergraduateStudent202}, {X=http://www.Department10.University0.edu/GraduateStudent91}, {X=http://www.Department10.University0.edu/UndergraduateStudent385}, {X=http://www.Department10.University0.edu/AssociateProfessor4}, {X=http://www.Department10.University0.edu/UndergraduateStudent286}, {X=http://www.Department10.University0.edu/UndergraduateStudent206}, {X=http://www.Department10.University0.edu/UndergraduateStudent225}, {X=http://www.Department10.University0.edu/UndergraduateStudent182}, {X=http://www.Department10.University0.edu/UndergraduateStudent283}, {X=http://www.Department10.University0.edu/UndergraduateStudent161}, {X=http://www.Department10.University0.edu/UndergraduateStudent23}, {X=http://www.Department10.University0.edu/UndergraduateStudent401}, {X=http://www.Department10.University0.edu/GraduateStudent54}, {X=http://www.Department10.University0.edu/AssistantProfessor5}, {X=http://www.Department10.University0.edu/UndergraduateStudent321}, {X=http://www.Department10.University0.edu/UndergraduateStudent296}, {X=http://www.Department10.University0.edu/UndergraduateStudent178}, {X=http://www.Department10.University0.edu/UndergraduateStudent344}, {X=http://www.Department10.University0.edu/GraduateStudent25}, {X=http://www.Department10.University0.edu/UndergraduateStudent257}, {X=http://www.Department10.University0.edu/UndergraduateStudent383}, {X=http://www.Department10.University0.edu/UndergraduateStudent63}, {X=http://www.Department10.University0.edu/UndergraduateStudent57}, {X=http://www.Department10.University0.edu/GraduateStudent104}, {X=http://www.Department10.University0.edu/UndergraduateStudent335}, {X=http://www.Department10.University0.edu/UndergraduateStudent207}, {X=http://www.Department10.University0.edu/UndergraduateStudent248}, {X=http://www.Department10.University0.edu/GraduateStudent11}, {X=http://www.Department10.University0.edu/UndergraduateStudent298}, {X=http://www.Department10.University0.edu/FullProfessor1}, {X=http://www.Department10.University0.edu/GraduateStudent13}, {X=http://www.Department10.University0.edu/UndergraduateStudent90}, {X=http://www.Department10.University0.edu/UndergraduateStudent194}, {X=http://www.Department10.University0.edu/GraduateStudent68}, {X=http://www.Department10.University0.edu/GraduateStudent10}, {X=http://www.Department10.University0.edu/UndergraduateStudent173}, {X=http://www.Department10.University0.edu/UndergraduateStudent39}, {X=http://www.Department10.University0.edu/UndergraduateStudent217}, {X=http://www.Department10.University0.edu/UndergraduateStudent158}, {X=http://www.Department10.University0.edu/GraduateStudent93}, {X=http://www.Department10.University0.edu/UndergraduateStudent211}, {X=http://www.Department10.University0.edu/UndergraduateStudent382}, {X=http://www.Department10.University0.edu/GraduateStudent39}, {X=http://www.Department10.University0.edu/UndergraduateStudent201}, {X=http://www.Department10.University0.edu/GraduateStudent63}, {X=http://www.Department10.University0.edu/GraduateStudent52}, {X=http://www.Department10.University0.edu/UndergraduateStudent353}, {X=http://www.Department10.University0.edu/GraduateStudent101}, {X=http://www.Department10.University0.edu/GraduateStudent125}, {X=http://www.Department10.University0.edu/UndergraduateStudent2}, {X=http://www.Department10.University0.edu/UndergraduateStudent62}, {X=http://www.Department10.University0.edu/UndergraduateStudent22}, {X=http://www.Department10.University0.edu/UndergraduateStudent234}, {X=http://www.Department10.University0.edu/UndergraduateStudent308}, {X=http://www.Department10.University0.edu/AssistantProfessor1}, {X=http://www.Department10.University0.edu/UndergraduateStudent97}, {X=http://www.Department10.University0.edu/GraduateStudent4}, {X=http://www.Department10.University0.edu/UndergraduateStudent377}, {X=http://www.Department10.University0.edu/UndergraduateStudent41}, {X=http://www.Department10.University0.edu/UndergraduateStudent250}, {X=http://www.Department10.University0.edu/UndergraduateStudent330}, {X=http://www.Department10.University0.edu/UndergraduateStudent227}, {X=http://www.Department10.University0.edu/GraduateStudent96}, {X=http://www.Department10.University0.edu/AssistantProfessor2}, {X=http://www.Department10.University0.edu/UndergraduateStudent199}, {X=http://www.Department10.University0.edu/GraduateStudent131}, {X=http://www.Department10.University0.edu/UndergraduateStudent265}, {X=http://www.Department10.University0.edu/UndergraduateStudent131}, {X=http://www.Department10.University0.edu/FullProfessor0}, {X=http://www.Department10.University0.edu/UndergraduateStudent48}, {X=http://www.Department10.University0.edu/GraduateStudent33}, {X=http://www.Department10.University0.edu/UndergraduateStudent137}, {X=http://www.Department10.University0.edu/UndergraduateStudent281}, {X=http://www.Department10.University0.edu/UndergraduateStudent166}, {X=http://www.Department10.University0.edu/UndergraduateStudent233}, {X=http://www.Department10.University0.edu/GraduateStudent98}, {X=http://www.Department10.University0.edu/UndergraduateStudent67}, {X=http://www.Department10.University0.edu/UndergraduateStudent85}, {X=http://www.Department10.University0.edu/UndergraduateStudent88}, {X=http://www.Department10.University0.edu/UndergraduateStudent120}, {X=http://www.Department10.University0.edu/GraduateStudent123}, {X=http://www.Department10.University0.edu/GraduateStudent110}, {X=http://www.Department10.University0.edu/UndergraduateStudent36}, {X=http://www.Department10.University0.edu/UndergraduateStudent151}, {X=http://www.Department10.University0.edu/GraduateStudent31}, {X=http://www.Department10.University0.edu/UndergraduateStudent82}, {X=http://www.Department10.University0.edu/GraduateStudent35}, {X=http://www.Department10.University0.edu/UndergraduateStudent241}, {X=http://www.Department10.University0.edu/GraduateStudent34}, {X=http://www.Department10.University0.edu/UndergraduateStudent126}, {X=http://www.Department10.University0.edu/UndergraduateStudent184}, {X=http://www.Department10.University0.edu/AssociateProfessor2}, {X=http://www.Department10.University0.edu/UndergraduateStudent169}, {X=http://www.Department10.University0.edu/UndergraduateStudent12}, {X=http://www.Department10.University0.edu/UndergraduateStudent133}, {X=http://www.Department10.University0.edu/UndergraduateStudent84}, {X=http://www.Department10.University0.edu/GraduateStudent8}, {X=http://www.Department10.University0.edu/UndergraduateStudent403}, {X=http://www.Department10.University0.edu/UndergraduateStudent60}, {X=http://www.Department10.University0.edu/GraduateStudent26}, {X=http://www.Department10.University0.edu/UndergraduateStudent402}, {X=http://www.Department10.University0.edu/UndergraduateStudent210}, {X=http://www.Department10.University0.edu/GraduateStudent69}, {X=http://www.Department10.University0.edu/UndergraduateStudent123}, {X=http://www.Department10.University0.edu/UndergraduateStudent167}, {X=http://www.Department10.University0.edu/UndergraduateStudent361}, {X=http://www.Department10.University0.edu/GraduateStudent5}, {X=http://www.Department10.University0.edu/FullProfessor4}, {X=http://www.Department10.University0.edu/GraduateStudent55}, {X=http://www.Department10.University0.edu/GraduateStudent134}, {X=http://www.Department10.University0.edu/UndergraduateStudent200}, {X=http://www.Department10.University0.edu/UndergraduateStudent29}, {X=http://www.Department10.University0.edu/GraduateStudent16}, {X=http://www.Department10.University0.edu/UndergraduateStudent271}, {X=http://www.Department10.University0.edu/UndergraduateStudent322}, {X=http://www.Department10.University0.edu/UndergraduateStudent33}, {X=http://www.Department10.University0.edu/UndergraduateStudent405}, {X=http://www.Department10.University0.edu/AssistantProfessor10}, {X=http://www.Department10.University0.edu/UndergraduateStudent146}, {X=http://www.Department10.University0.edu/UndergraduateStudent56}, {X=http://www.Department10.University0.edu/UndergraduateStudent107}, {X=http://www.Department10.University0.edu/UndergraduateStudent170}, {X=http://www.Department10.University0.edu/UndergraduateStudent395}, {X=http://www.Department10.University0.edu/UndergraduateStudent230}, {X=http://www.Department10.University0.edu/AssistantProfessor0}, {X=http://www.Department10.University0.edu/GraduateStudent36}, {X=http://www.Department10.University0.edu/UndergraduateStudent352}, {X=http://www.Department10.University0.edu/UndergraduateStudent110}, {X=http://www.Department10.University0.edu/GraduateStudent74}, {X=http://www.Department10.University0.edu/GraduateStudent120}, {X=http://www.Department10.University0.edu/GraduateStudent83}, {X=http://www.Department10.University0.edu/UndergraduateStudent312}, {X=http://www.Department10.University0.edu/UndergraduateStudent141}, {X=http://www.Department10.University0.edu/GraduateStudent137}, {X=http://www.Department10.University0.edu/GraduateStudent75}, {X=http://www.Department10.University0.edu/Lecturer0}, {X=http://www.Department10.University0.edu/UndergraduateStudent380}, {X=http://www.Department10.University0.edu/Lecturer1}, {X=http://www.Department10.University0.edu/GraduateStudent117}, {X=http://www.Department10.University0.edu/GraduateStudent27}, {X=http://www.Department10.University0.edu/UndergraduateStudent363}, {X=http://www.Department10.University0.edu/UndergraduateStudent389}, {X=http://www.Department10.University0.edu/UndergraduateStudent105}, {X=http://www.Department10.University0.edu/GraduateStudent73}, {X=http://www.Department10.University0.edu/UndergraduateStudent280}, {X=http://www.Department10.University0.edu/UndergraduateStudent115}, {X=http://www.Department10.University0.edu/GraduateStudent58}, {X=http://www.Department10.University0.edu/UndergraduateStudent191}, {X=http://www.Department10.University0.edu/UndergraduateStudent79}, {X=http://www.Department10.University0.edu/UndergraduateStudent259}, {X=http://www.Department10.University0.edu/UndergraduateStudent324}, {X=http://www.Department10.University0.edu/UndergraduateStudent188}, {X=http://www.Department10.University0.edu/UndergraduateStudent100}, {X=http://www.Department10.University0.edu/UndergraduateStudent50}, {X=http://www.Department10.University0.edu/UndergraduateStudent65}, {X=http://www.Department10.University0.edu/UndergraduateStudent49}, {X=http://www.Department10.University0.edu/UndergraduateStudent189}, {X=http://www.Department10.University0.edu/UndergraduateStudent140}, {X=http://www.Department10.University0.edu/GraduateStudent17}, {X=http://www.Department10.University0.edu/GraduateStudent85}, {X=http://www.Department10.University0.edu/UndergraduateStudent366}, {X=http://www.Department10.University0.edu/UndergraduateStudent136}, {X=http://www.Department10.University0.edu/UndergraduateStudent138}, {X=http://www.Department10.University0.edu/UndergraduateStudent327}, {X=http://www.Department10.University0.edu/GraduateStudent119}, {X=http://www.Department10.University0.edu/UndergraduateStudent269}, {X=http://www.Department10.University0.edu/UndergraduateStudent73}, {X=http://www.Department10.University0.edu/AssociateProfessor5}, {X=http://www.Department10.University0.edu/UndergraduateStudent103}, {X=http://www.Department10.University0.edu/UndergraduateStudent54}, {X=http://www.Department10.University0.edu/GraduateStudent128}, {X=http://www.Department10.University0.edu/GraduateStudent130}, {X=http://www.Department10.University0.edu/UndergraduateStudent368}, {X=http://www.Department10.University0.edu/GraduateStudent87}, {X=http://www.Department10.University0.edu/UndergraduateStudent215}, {X=http://www.Department10.University0.edu/UndergraduateStudent351}, {X=http://www.Department10.University0.edu/GraduateStudent37}, {X=http://www.Department10.University0.edu/GraduateStudent79}, {X=http://www.Department10.University0.edu/UndergraduateStudent5}, {X=http://www.Department10.University0.edu/GraduateStudent67}, {X=http://www.Department10.University0.edu/GraduateStudent41}, {X=http://www.Department10.University0.edu/UndergraduateStudent134}, {X=http://www.Department10.University0.edu/UndergraduateStudent276}, {X=http://www.Department10.University0.edu/GraduateStudent42}, {X=http://www.Department10.University0.edu/UndergraduateStudent253}, {X=http://www.Department10.University0.edu/GraduateStudent22}, {X=http://www.Department10.University0.edu/UndergraduateStudent91}, {X=http://www.Department10.University0.edu/UndergraduateStudent355}, {X=http://www.Department10.University0.edu/UndergraduateStudent245}, {X=http://www.Department10.University0.edu/UndergraduateStudent260}, {X=http://www.Department10.University0.edu/UndergraduateStudent357}, {X=http://www.Department10.University0.edu/UndergraduateStudent150}, {X=http://www.Department10.University0.edu/UndergraduateStudent106}, {X=http://www.Department10.University0.edu/GraduateStudent48}, {X=http://www.Department10.University0.edu/UndergraduateStudent305}, {X=http://www.Department10.University0.edu/GraduateStudent7}, {X=http://www.Department10.University0.edu/UndergraduateStudent290}, {X=http://www.Department10.University0.edu/UndergraduateStudent343}, {X=http://www.Department10.University0.edu/UndergraduateStudent246}, {X=http://www.Department10.University0.edu/UndergraduateStudent302}, {X=http://www.Department10.University0.edu/UndergraduateStudent407}, {X=http://www.Department10.University0.edu/UndergraduateStudent348}, {X=http://www.Department10.University0.edu/UndergraduateStudent273}, {X=http://www.Department10.University0.edu/UndergraduateStudent128}, {X=http://www.Department10.University0.edu/Lecturer3}, {X=http://www.Department10.University0.edu/UndergraduateStudent92}, {X=http://www.Department10.University0.edu/GraduateStudent71}, {X=http://www.Department10.University0.edu/GraduateStudent53}, {X=http://www.Department10.University0.edu/UndergraduateStudent7}, {X=http://www.Department10.University0.edu/UndergraduateStudent220}, {X=http://www.Department10.University0.edu/UndergraduateStudent409}, {X=http://www.Department10.University0.edu/UndergraduateStudent297}, {X=http://www.Department10.University0.edu/UndergraduateStudent339}, {X=http://www.Department10.University0.edu/UndergraduateStudent83}, {X=http://www.Department10.University0.edu/UndergraduateStudent394}, {X=http://www.Department10.University0.edu/UndergraduateStudent376}, {X=http://www.Department10.University0.edu/UndergraduateStudent21}, {X=http://www.Department10.University0.edu/AssociateProfessor9}, {X=http://www.Department10.University0.edu/UndergraduateStudent218}, {X=http://www.Department10.University0.edu/UndergraduateStudent293}, {X=http://www.Department10.University0.edu/UndergraduateStudent31}, {X=http://www.Department10.University0.edu/GraduateStudent111}, {X=http://www.Department10.University0.edu/UndergraduateStudent314}, {X=http://www.Department10.University0.edu/GraduateStudent78}, {X=http://www.Department10.University0.edu/UndergraduateStudent332}, {X=http://www.Department10.University0.edu/Lecturer6}, {X=http://www.Department10.University0.edu/UndergraduateStudent284}, {X=http://www.Department10.University0.edu/UndergraduateStudent397}, {X=http://www.Department10.University0.edu/UndergraduateStudent51}, {X=http://www.Department10.University0.edu/GraduateStudent77}, {X=http://www.Department10.University0.edu/UndergraduateStudent104}, {X=http://www.Department10.University0.edu/GraduateStudent103}, {X=http://www.Department10.University0.edu/UndergraduateStudent323}, {X=http://www.Department10.University0.edu/GraduateStudent135}, {X=http://www.Department10.University0.edu/Lecturer4}, {X=http://www.Department10.University0.edu/UndergraduateStudent317}, {X=http://www.Department10.University0.edu/GraduateStudent126}, {X=http://www.Department10.University0.edu/UndergraduateStudent24}, {X=http://www.Department10.University0.edu/UndergraduateStudent64}, {X=http://www.Department10.University0.edu/GraduateStudent59}, {X=http://www.Department10.University0.edu/UndergraduateStudent46}, {X=http://www.Department10.University0.edu/UndergraduateStudent266}, {X=http://www.Department10.University0.edu/GraduateStudent3}, {X=http://www.Department10.University0.edu/UndergraduateStudent256}, {X=http://www.Department10.University0.edu/AssociateProfessor1}, {X=http://www.Department10.University0.edu/GraduateStudent6}, {X=http://www.Department10.University0.edu/UndergraduateStudent222}, {X=http://www.Department10.University0.edu/AssistantProfessor8}, {X=http://www.Department10.University0.edu/UndergraduateStudent347}, {X=http://www.Department10.University0.edu/UndergraduateStudent275}, {X=http://www.Department10.University0.edu/UndergraduateStudent205}, {X=http://www.Department10.University0.edu/UndergraduateStudent381}, {X=http://www.Department10.University0.edu/UndergraduateStudent291}, {X=http://www.Department10.University0.edu/GraduateStudent107}, {X=http://www.Department10.University0.edu/UndergraduateStudent145}, {X=http://www.Department10.University0.edu/UndergraduateStudent237}, {X=http://www.Department10.University0.edu/UndergraduateStudent124}, {X=http://www.Department10.University0.edu/UndergraduateStudent242}, {X=http://www.Department10.University0.edu/UndergraduateStudent197}, {X=http://www.Department10.University0.edu/UndergraduateStudent372}, {X=http://www.Department10.University0.edu/UndergraduateStudent177}, {X=http://www.Department10.University0.edu/FullProfessor6}, {X=http://www.Department10.University0.edu/GraduateStudent102}, {X=http://www.Department10.University0.edu/GraduateStudent38}, {X=http://www.Department10.University0.edu/UndergraduateStudent43}, {X=http://www.Department10.University0.edu/UndergraduateStudent392}, {X=http://www.Department10.University0.edu/UndergraduateStudent98}, {X=http://www.Department10.University0.edu/GraduateStudent56}, {X=http://www.Department10.University0.edu/UndergraduateStudent223}, {X=http://www.Department10.University0.edu/UndergraduateStudent32}, {X=http://www.Department10.University0.edu/UndergraduateStudent319}, {X=http://www.Department10.University0.edu/UndergraduateStudent112}, {X=http://www.Department10.University0.edu/UndergraduateStudent44}, {X=http://www.Department10.University0.edu/UndergraduateStudent117}, {X=http://www.Department10.University0.edu/UndergraduateStudent371}, {X=http://www.Department10.University0.edu/UndergraduateStudent289}, {X=http://www.Department10.University0.edu/UndergraduateStudent263}, {X=http://www.Department10.University0.edu/UndergraduateStudent19}, {X=http://www.Department10.University0.edu/UndergraduateStudent390}, {X=http://www.Department10.University0.edu/UndergraduateStudent307}, {X=http://www.Department10.University0.edu/UndergraduateStudent1}, {X=http://www.Department10.University0.edu/AssociateProfessor10}, {X=http://www.Department10.University0.edu/UndergraduateStudent95}, {X=http://www.Department10.University0.edu/GraduateStudent50}, {X=http://www.Department10.University0.edu/UndergraduateStudent288}, {X=http://www.Department10.University0.edu/GraduateStudent28}, {X=http://www.Department10.University0.edu/GraduateStudent47}, {X=http://www.Department10.University0.edu/GraduateStudent24}, {X=http://www.Department10.University0.edu/GraduateStudent95}, {X=http://www.Department10.University0.edu/UndergraduateStudent393}, {X=http://www.Department10.University0.edu/UndergraduateStudent208}, {X=http://www.Department10.University0.edu/AssociateProfessor6}, {X=http://www.Department10.University0.edu/UndergraduateStudent68}, {X=http://www.Department10.University0.edu/UndergraduateStudent186}, {X=http://www.Department10.University0.edu/UndergraduateStudent114}, {X=http://www.Department10.University0.edu/UndergraduateStudent278}, {X=http://www.Department10.University0.edu/AssociateProfessor7}, {X=http://www.Department10.University0.edu/UndergraduateStudent232}, {X=http://www.Department10.University0.edu/UndergraduateStudent360}, {X=http://www.Department10.University0.edu/UndergraduateStudent179}, {X=http://www.Department10.University0.edu/UndergraduateStudent287}, {X=http://www.Department10.University0.edu/GraduateStudent106}, {X=http://www.Department10.University0.edu/UndergraduateStudent274}, {X=http://www.Department10.University0.edu/UndergraduateStudent89}, {X=http://www.Department10.University0.edu/GraduateStudent133}, {X=http://www.Department10.University0.edu/UndergraduateStudent285}, {X=http://www.Department10.University0.edu/UndergraduateStudent224}, {X=http://www.Department10.University0.edu/UndergraduateStudent387}, {X=http://www.Department10.University0.edu/UndergraduateStudent345}, {X=http://www.Department10.University0.edu/UndergraduateStudent364}, {X=http://www.Department10.University0.edu/UndergraduateStudent375}, {X=http://www.Department10.University0.edu/UndergraduateStudent156}, {X=http://www.Department10.University0.edu/UndergraduateStudent337}, {X=http://www.Department10.University0.edu/GraduateStudent32}, {X=http://www.Department10.University0.edu/UndergraduateStudent111}, {X=http://www.Department10.University0.edu/GraduateStudent92}, {X=http://www.Department10.University0.edu/UndergraduateStudent55}, {X=http://www.Department10.University0.edu/GraduateStudent90}, {X=http://www.Department10.University0.edu/GraduateStudent51}, {X=http://www.Department10.University0.edu/UndergraduateStudent193}, {X=http://www.Department10.University0.edu/UndergraduateStudent400}, {X=http://www.Department10.University0.edu/UndergraduateStudent108}, {X=http://www.Department10.University0.edu/AssistantProfessor6}, {X=http://www.Department10.University0.edu/UndergraduateStudent69}, {X=http://www.Department10.University0.edu/UndergraduateStudent132}, {X=http://www.Department10.University0.edu/UndergraduateStudent99}, {X=http://www.Department10.University0.edu/UndergraduateStudent226}, {X=http://www.Department10.University0.edu/UndergraduateStudent362}, {X=http://www.Department10.University0.edu/UndergraduateStudent81}, {X=http://www.Department10.University0.edu/UndergraduateStudent203}, {X=http://www.Department10.University0.edu/UndergraduateStudent334}, {X=http://www.Department10.University0.edu/GraduateStudent122}, {X=http://www.Department10.University0.edu/GraduateStudent1}, {X=http://www.Department10.University0.edu/GraduateStudent114}, {X=http://www.Department10.University0.edu/UndergraduateStudent378}, {X=http://www.Department10.University0.edu/UndergraduateStudent264}, {X=http://www.Department10.University0.edu/UndergraduateStudent338}, {X=http://www.Department10.University0.edu/GraduateStudent88}, {X=http://www.Department10.University0.edu/GraduateStudent15}, {X=http://www.Department10.University0.edu/UndergraduateStudent176}, {X=http://www.Department10.University0.edu/UndergraduateStudent45}, {X=http://www.Department10.University0.edu/UndergraduateStudent86}, {X=http://www.Department10.University0.edu/GraduateStudent127}, {X=http://www.Department10.University0.edu/UndergraduateStudent165}, {X=http://www.Department10.University0.edu/UndergraduateStudent172}, {X=http://www.Department10.University0.edu/UndergraduateStudent268}, {X=http://www.Department10.University0.edu/UndergraduateStudent251}, {X=http://www.Department10.University0.edu/GraduateStudent66}, {X=http://www.Department10.University0.edu/UndergraduateStudent254}, {X=http://www.Department10.University0.edu/UndergraduateStudent190}, {X=http://www.Department10.University0.edu/UndergraduateStudent408}, {X=http://www.Department10.University0.edu/GraduateStudent2}, {X=http://www.Department10.University0.edu/UndergraduateStudent118}, {X=http://www.Department10.University0.edu/UndergraduateStudent367}, {X=http://www.Department10.University0.edu/UndergraduateStudent77}, {X=http://www.Department10.University0.edu/UndergraduateStudent374}, {X=http://www.Department10.University0.edu/UndergraduateStudent398}, {X=http://www.Department10.University0.edu/UndergraduateStudent135}, {X=http://www.Department10.University0.edu/UndergraduateStudent58}, {X=http://www.Department10.University0.edu/UndergraduateStudent306}, {X=http://www.Department10.University0.edu/GraduateStudent0}, {X=http://www.Department10.University0.edu/UndergraduateStudent71}, {X=http://www.Department10.University0.edu/UndergraduateStudent157}, {X=http://www.Department10.University0.edu/UndergraduateStudent119}, {X=http://www.Department10.University0.edu/UndergraduateStudent235}, {X=http://www.Department10.University0.edu/UndergraduateStudent25}, {X=http://www.Department10.University0.edu/UndergraduateStudent325}, {X=http://www.Department10.University0.edu/GraduateStudent21}, {X=http://www.Department10.University0.edu/UndergraduateStudent236}, {X=http://www.Department10.University0.edu/UndergraduateStudent96}, {X=http://www.Department10.University0.edu/UndergraduateStudent255}, {X=http://www.Department10.University0.edu/UndergraduateStudent0}, {X=http://www.Department10.University0.edu/UndergraduateStudent313}, {X=http://www.Department10.University0.edu/UndergraduateStudent399}, {X=http://www.Department10.University0.edu/UndergraduateStudent267}, {X=http://www.Department10.University0.edu/UndergraduateStudent38}, {X=http://www.Department10.University0.edu/GraduateStudent57}, {X=http://www.Department10.University0.edu/UndergraduateStudent180}, {X=http://www.Department10.University0.edu/UndergraduateStudent143}, {X=http://www.Department10.University0.edu/UndergraduateStudent76}, {X=http://www.Department10.University0.edu/UndergraduateStudent101}, {X=http://www.Department10.University0.edu/UndergraduateStudent342}, {X=http://www.Department10.University0.edu/UndergraduateStudent168}, {X=http://www.Department10.University0.edu/UndergraduateStudent6}, {X=http://www.Department10.University0.edu/UndergraduateStudent144}, {X=http://www.Department10.University0.edu/UndergraduateStudent311}, {X=http://www.Department10.University0.edu/GraduateStudent44}, {X=http://www.Department10.University0.edu/FullProfessor2}, {X=http://www.Department10.University0.edu/GraduateStudent30}, {X=http://www.Department10.University0.edu/UndergraduateStudent152}, {X=http://www.Department10.University0.edu/UndergraduateStudent72}, {X=http://www.Department10.University0.edu/UndergraduateStudent341}, {X=http://www.Department10.University0.edu/GraduateStudent46}, {X=http://www.Department10.University0.edu/UndergraduateStudent336}, {X=http://www.Department10.University0.edu/UndergraduateStudent350}, {X=http://www.Department10.University0.edu/FullProfessor5}, {X=http://www.Department10.University0.edu/GraduateStudent76}, {X=http://www.Department10.University0.edu/GraduateStudent40}, {X=http://www.Department10.University0.edu/UndergraduateStudent162}, {X=http://www.Department10.University0.edu/GraduateStudent97}, {X=http://www.Department10.University0.edu/UndergraduateStudent159}, {X=http://www.Department10.University0.edu/UndergraduateStudent109}, {X=http://www.Department10.University0.edu/GraduateStudent99}, {X=http://www.Department10.University0.edu/UndergraduateStudent365}, {X=http://www.Department10.University0.edu/UndergraduateStudent4}, {X=http://www.Department10.University0.edu/GraduateStudent62}, {X=http://www.Department10.University0.edu/GraduateStudent12}, {X=http://www.Department10.University0.edu/UndergraduateStudent379}, {X=http://www.Department10.University0.edu/GraduateStudent61}, {X=http://www.Department10.University0.edu/GraduateStudent124}, {X=http://www.Department10.University0.edu/UndergraduateStudent384}, {X=http://www.Department10.University0.edu/AssistantProfessor7}, {X=http://www.Department10.University0.edu/UndergraduateStudent28}, {X=http://www.Department10.University0.edu/UndergraduateStudent192}, {X=http://www.Department10.University0.edu/UndergraduateStudent42}, {X=http://www.Department10.University0.edu/UndergraduateStudent153}, {X=http://www.Department10.University0.edu/UndergraduateStudent160}, {X=http://www.Department10.University0.edu/UndergraduateStudent154}, {X=http://www.Department10.University0.edu/GraduateStudent29}, {X=http://www.Department10.University0.edu/AssistantProfessor3}, {X=http://www.Department10.University0.edu/GraduateStudent118}, {X=http://www.Department10.University0.edu/GraduateStudent80}, {X=http://www.Department10.University0.edu/UndergraduateStudent18}, {X=http://www.Department10.University0.edu/UndergraduateStudent328}, {X=http://www.Department10.University0.edu/GraduateStudent60}, {X=http://www.Department10.University0.edu/UndergraduateStudent315}, {X=http://www.Department10.University0.edu/GraduateStudent113}, {X=http://www.Department10.University0.edu/UndergraduateStudent130}, {X=http://www.Department10.University0.edu/UndergraduateStudent34}, {X=http://www.Department10.University0.edu/UndergraduateStudent231}, {X=http://www.Department10.University0.edu/Lecturer5}, {X=http://www.Department10.University0.edu/GraduateStudent86}, {X=http://www.Department10.University0.edu/UndergraduateStudent229}, {X=http://www.Department10.University0.edu/UndergraduateStudent303}, {X=http://www.Department10.University0.edu/UndergraduateStudent171}, {X=http://www.Department10.University0.edu/UndergraduateStudent47}, {X=http://www.Department10.University0.edu/UndergraduateStudent94}, {X=http://www.Department10.University0.edu/GraduateStudent45}, {X=http://www.Department10.University0.edu/UndergraduateStudent318}, {X=http://www.Department10.University0.edu/GraduateStudent23}, {X=http://www.Department10.University0.edu/UndergraduateStudent35}, {X=http://www.Department10.University0.edu/UndergraduateStudent320}, {X=http://www.Department10.University0.edu/UndergraduateStudent113}, {X=http://www.Department10.University0.edu/UndergraduateStudent9}, {X=http://www.Department10.University0.edu/UndergraduateStudent127}, {X=http://www.Department10.University0.edu/UndergraduateStudent258}, {X=http://www.Department10.University0.edu/FullProfessor3}, {X=http://www.Department10.University0.edu/GraduateStudent70}, {X=http://www.Department10.University0.edu/UndergraduateStudent78}, {X=http://www.Department10.University0.edu/UndergraduateStudent373}, {X=http://www.Department10.University0.edu/GraduateStudent72}, {X=http://www.Department10.University0.edu/UndergraduateStudent238}, {X=http://www.Department10.University0.edu/UndergraduateStudent331}, {X=http://www.Department10.University0.edu/UndergraduateStudent209}, {X=http://www.Department10.University0.edu/UndergraduateStudent221}, {X=http://www.Department10.University0.edu/UndergraduateStudent326}, {X=http://www.Department10.University0.edu/UndergraduateStudent8}, {X=http://www.Department10.University0.edu/UndergraduateStudent87}, {X=http://www.Department10.University0.edu/UndergraduateStudent244}, {X=http://www.Department10.University0.edu/UndergraduateStudent300}, {X=http://www.Department10.University0.edu/UndergraduateStudent262}, {X=http://www.Department10.University0.edu/UndergraduateStudent10}, {X=http://www.Department10.University0.edu/UndergraduateStudent356}, {X=http://www.Department10.University0.edu/UndergraduateStudent391}, {X=http://www.Department10.University0.edu/UndergraduateStudent346}, {X=http://www.Department10.University0.edu/GraduateStudent121}, {X=http://www.Department10.University0.edu/UndergraduateStudent185}, {X=http://www.Department10.University0.edu/UndergraduateStudent301}, {X=http://www.Department10.University0.edu/GraduateStudent43}, {X=http://www.Department10.University0.edu/UndergraduateStudent404}, {X=http://www.Department10.University0.edu/UndergraduateStudent11}, {X=http://www.Department10.University0.edu/UndergraduateStudent316}, {X=http://www.Department10.University0.edu/UndergraduateStudent75}, {X=http://www.Department10.University0.edu/UndergraduateStudent93}, {X=http://www.Department10.University0.edu/GraduateStudent89}, {X=http://www.Department10.University0.edu/GraduateStudent136}, {X=http://www.Department10.University0.edu/UndergraduateStudent52}, {X=http://www.Department10.University0.edu/UndergraduateStudent40}, {X=http://www.Department10.University0.edu/UndergraduateStudent358}, {X=http://www.Department10.University0.edu/UndergraduateStudent37}, {X=http://www.Department10.University0.edu/UndergraduateStudent196}, {X=http://www.Department10.University0.edu/UndergraduateStudent164}, {X=http://www.Department10.University0.edu/UndergraduateStudent16}, {X=http://www.Department10.University0.edu/UndergraduateStudent17}, {X=http://www.Department10.University0.edu/GraduateStudent84}, {X=http://www.Department10.University0.edu/AssistantProfessor9}, {X=http://www.Department10.University0.edu/GraduateStudent132}, {X=http://www.Department10.University0.edu/UndergraduateStudent20}, {X=http://www.Department10.University0.edu/UndergraduateStudent294}, {X=http://www.Department10.University0.edu/UndergraduateStudent282}, {X=http://www.Department10.University0.edu/UndergraduateStudent388}, {X=http://www.Department10.University0.edu/UndergraduateStudent370}, {X=http://www.Department10.University0.edu/UndergraduateStudent216}, {X=http://www.Department10.University0.edu/GraduateStudent112}, {X=http://www.Department10.University0.edu/UndergraduateStudent292}, {X=http://www.Department10.University0.edu/UndergraduateStudent270}, {X=http://www.Department10.University0.edu/UndergraduateStudent340}, {X=http://www.Department10.University0.edu/UndergraduateStudent309}, {X=http://www.Department10.University0.edu/UndergraduateStudent142}, {X=http://www.Department10.University0.edu/UndergraduateStudent310}, {X=http://www.Department10.University0.edu/UndergraduateStudent129}, {X=http://www.Department10.University0.edu/UndergraduateStudent249}, {X=http://www.Department10.University0.edu/UndergraduateStudent410}, {X=http://www.Department10.University0.edu/UndergraduateStudent147}, {X=http://www.Department10.University0.edu/UndergraduateStudent59}, {X=http://www.Department10.University0.edu/UndergraduateStudent181}, {X=http://www.Department10.University0.edu/UndergraduateStudent213}, {X=http://www.Department10.University0.edu/UndergraduateStudent386}, {X=http://www.Department10.University0.edu/GraduateStudent109}, {X=http://www.Department10.University0.edu/UndergraduateStudent295}, {X=http://www.Department10.University0.edu/GraduateStudent105}, {X=http://www.Department10.University0.edu/UndergraduateStudent396}, {X=http://www.Department10.University0.edu/UndergraduateStudent121}, {X=http://www.Department10.University0.edu/GraduateStudent14}, {X=http://www.Department10.University0.edu/UndergraduateStudent212}, {X=http://www.Department10.University0.edu/GraduateStudent20}, {X=http://www.Department10.University0.edu/UndergraduateStudent66}, {X=http://www.Department10.University0.edu/UndergraduateStudent61}, {X=http://www.Department10.University0.edu/GraduateStudent64}, {X=http://www.Department10.University0.edu/UndergraduateStudent279}, {X=http://www.Department10.University0.edu/UndergraduateStudent74}, {X=http://www.Department10.University0.edu/UndergraduateStudent198}, {X=http://www.Department10.University0.edu/UndergraduateStudent277}, {X=http://www.Department10.University0.edu/UndergraduateStudent240}, {X=http://www.Department10.University0.edu/UndergraduateStudent304}, {X=http://www.Department10.University0.edu/UndergraduateStudent252}, {X=http://www.Department10.University0.edu/UndergraduateStudent204}, {X=http://www.Department10.University0.edu/AssistantProfessor4}, {X=http://www.Department10.University0.edu/UndergraduateStudent214}, {X=http://www.Department10.University0.edu/UndergraduateStudent149}, {X=http://www.Department10.University0.edu/GraduateStudent116}, {X=http://www.Department10.University0.edu/UndergraduateStudent116}, {X=http://www.Department10.University0.edu/UndergraduateStudent299}, {X=http://www.Department10.University0.edu/UndergraduateStudent3}, {X=http://www.Department10.University0.edu/UndergraduateStudent15}, {X=http://www.Department10.University0.edu/UndergraduateStudent261}, {X=http://www.Department10.University0.edu/GraduateStudent100}, {X=http://www.Department10.University0.edu/UndergraduateStudent80}, {X=http://www.Department10.University0.edu/AssociateProfessor0}, {X=http://www.Department10.University0.edu/UndergraduateStudent406}, {X=http://www.Department10.University0.edu/UndergraduateStudent369}, {X=http://www.Department10.University0.edu/UndergraduateStudent175}, {X=http://www.Department10.University0.edu/AssociateProfessor3}, {X=http://www.Department10.University0.edu/UndergraduateStudent148}, {X=http://www.Department10.University0.edu/Lecturer2}, {X=http://www.Department10.University0.edu/GraduateStudent129}, {X=http://www.Department10.University0.edu/UndergraduateStudent122}, {X=http://www.Department10.University0.edu/UndergraduateStudent228}, {X=http://www.Department10.University0.edu/UndergraduateStudent102}, {X=http://www.Department10.University0.edu/GraduateStudent115}, {X=http://www.Department10.University0.edu/UndergraduateStudent354}, {X=http://www.Department10.University0.edu/UndergraduateStudent174}, {X=http://www.Department10.University0.edu/UndergraduateStudent155}, {X=http://www.Department10.University0.edu/UndergraduateStudent349}, {X=http://www.Department10.University0.edu/GraduateStudent82}, {X=http://www.Department10.University0.edu/UndergraduateStudent219}, {X=http://www.Department10.University0.edu/AssociateProfessor8}, {X=http://www.Department10.University0.edu/UndergraduateStudent243}, {X=http://www.Department10.University0.edu/UndergraduateStudent26}, {X=http://www.Department10.University0.edu/GraduateStudent9}, {X=http://www.Department10.University0.edu/UndergraduateStudent247}, {X=http://www.Department10.University0.edu/GraduateStudent49}, {X=http://www.Department10.University0.edu/GraduateStudent108}, {X=http://www.Department10.University0.edu/UndergraduateStudent272}, {X=http://www.Department10.University0.edu/GraduateStudent81}, {X=http://www.Department10.University0.edu/UndergraduateStudent239}, {X=http://www.Department10.University0.edu/UndergraduateStudent13}, {X=http://www.Department10.University0.edu/UndergraduateStudent195}, {X=http://www.Department10.University0.edu/GraduateStudent94}, {X=http://www.Department10.University0.edu/UndergraduateStudent183}, {X=http://www.Department10.University0.edu/UndergraduateStudent163}, {X=http://www.Department10.University0.edu/GraduateStudent65}, {X=http://www.Department10.University0.edu/UndergraduateStudent27}, {X=http://www.Department10.University0.edu/UndergraduateStudent30}, {X=http://www.Department10.University0.edu/UndergraduateStudent125}, {X=http://www.Department10.University0.edu/UndergraduateStudent14}, {X=http://www.Department10.University0.edu/UndergraduateStudent70}, {X=http://www.Department10.University0.edu/UndergraduateStudent53}, {X=http://www.Department10.University0.edu/UndergraduateStudent329}, {X=http://www.Department10.University0.edu/UndergraduateStudent139}, {X=http://www.Department10.University0.edu/GraduateStudent18}, {X=http://www.Department10.University0.edu/UndergraduateStudent333}, {X=http://www.Department10.University0.edu/UndergraduateStudent359}, {X=http://www.Department10.University0.edu/GraduateStudent19}, {X=http://www.Department10.University0.edu/UndergraduateStudent187}, {X=http://www.Department10.University0.edu/UndergraduateStudent202}, {X=http://www.Department10.University0.edu/GraduateStudent91}, {X=http://www.Department10.University0.edu/UndergraduateStudent385}, {X=http://www.Department10.University0.edu/AssociateProfessor4}, {X=http://www.Department10.University0.edu/UndergraduateStudent286}, {X=http://www.Department10.University0.edu/UndergraduateStudent206}, {X=http://www.Department10.University0.edu/UndergraduateStudent225}, {X=http://www.Department10.University0.edu/UndergraduateStudent182}, {X=http://www.Department10.University0.edu/UndergraduateStudent283}, {X=http://www.Department10.University0.edu/UndergraduateStudent161}, {X=http://www.Department10.University0.edu/UndergraduateStudent23}, {X=http://www.Department10.University0.edu/UndergraduateStudent401}, {X=http://www.Department10.University0.edu/GraduateStudent54}, {X=http://www.Department10.University0.edu/AssistantProfessor5}, {X=http://www.Department10.University0.edu/UndergraduateStudent321}, {X=http://www.Department10.University0.edu/UndergraduateStudent296}, {X=http://www.Department10.University0.edu/UndergraduateStudent178}, {X=http://www.Department10.University0.edu/UndergraduateStudent344}, {X=http://www.Department10.University0.edu/GraduateStudent25}, {X=http://www.Department10.University0.edu/UndergraduateStudent257}, {X=http://www.Department10.University0.edu/UndergraduateStudent383}, {X=http://www.Department10.University0.edu/UndergraduateStudent63}, {X=http://www.Department10.University0.edu/UndergraduateStudent57}, {X=http://www.Department10.University0.edu/GraduateStudent104}, {X=http://www.Department10.University0.edu/UndergraduateStudent335}, {X=http://www.Department10.University0.edu/UndergraduateStudent207}, {X=http://www.Department10.University0.edu/UndergraduateStudent248}, {X=http://www.Department10.University0.edu/GraduateStudent11}, {X=http://www.Department10.University0.edu/UndergraduateStudent298}, {X=http://www.Department10.University0.edu/FullProfessor1}, {X=http://www.Department10.University0.edu/GraduateStudent13}, {X=http://www.Department10.University0.edu/UndergraduateStudent90}, {X=http://www.Department10.University0.edu/UndergraduateStudent194}, {X=http://www.Department10.University0.edu/GraduateStudent68}, {X=http://www.Department10.University0.edu/GraduateStudent10}, {X=http://www.Department10.University0.edu/UndergraduateStudent173}, {X=http://www.Department10.University0.edu/UndergraduateStudent39}, {X=http://www.Department10.University0.edu/UndergraduateStudent217}, {X=http://www.Department10.University0.edu/UndergraduateStudent158}, {X=http://www.Department10.University0.edu/GraduateStudent93}, {X=http://www.Department10.University0.edu/UndergraduateStudent211}, {X=http://www.Department10.University0.edu/UndergraduateStudent382}, {X=http://www.Department10.University0.edu/GraduateStudent39}, {X=http://www.Department10.University0.edu/UndergraduateStudent201}, {X=http://www.Department10.University0.edu/GraduateStudent63}, {X=http://www.Department10.University0.edu/GraduateStudent52}, {X=http://www.Department10.University0.edu/UndergraduateStudent353}, {X=http://www.Department10.University0.edu/GraduateStudent101}, {X=http://www.Department10.University0.edu/GraduateStudent125}, {X=http://www.Department10.University0.edu/UndergraduateStudent2}, {X=http://www.Department10.University0.edu/UndergraduateStudent62}, {X=http://www.Department10.University0.edu/UndergraduateStudent22}, {X=http://www.Department10.University0.edu/UndergraduateStudent234}, {X=http://www.Department10.University0.edu/UndergraduateStudent308}, {X=http://www.Department10.University0.edu/AssistantProfessor1}, {X=http://www.Department10.University0.edu/UndergraduateStudent97}, {X=http://www.Department10.University0.edu/GraduateStudent4}, {X=http://www.Department10.University0.edu/UndergraduateStudent377}, {X=http://www.Department10.University0.edu/UndergraduateStudent41}, {X=http://www.Department10.University0.edu/UndergraduateStudent250}, {X=http://www.Department10.University0.edu/UndergraduateStudent330}, {X=http://www.Department10.University0.edu/UndergraduateStudent227}, {X=http://www.Department10.University0.edu/GraduateStudent96}, {X=http://www.Department10.University0.edu/AssistantProfessor2}, {X=http://www.Department10.University0.edu/UndergraduateStudent199}, {X=http://www.Department10.University0.edu/GraduateStudent131}, {X=http://www.Department10.University0.edu/UndergraduateStudent265}, {X=http://www.Department10.University0.edu/UndergraduateStudent131}, {X=http://www.Department10.University0.edu/FullProfessor0}, {X=http://www.Department10.University0.edu/UndergraduateStudent48}, {X=http://www.Department10.University0.edu/GraduateStudent33}, {X=http://www.Department10.University0.edu/UndergraduateStudent137}, {X=http://www.Department10.University0.edu/UndergraduateStudent281}, {X=http://www.Department10.University0.edu/UndergraduateStudent166}, {X=http://www.Department10.University0.edu/UndergraduateStudent233}, {X=http://www.Department10.University0.edu/GraduateStudent98}, {X=http://www.Department10.University0.edu/UndergraduateStudent67}, {X=http://www.Department10.University0.edu/UndergraduateStudent85}, {X=http://www.Department10.University0.edu/UndergraduateStudent88}, {X=http://www.Department10.University0.edu/UndergraduateStudent120}, {X=http://www.Department10.University0.edu/GraduateStudent123}, {X=http://www.Department10.University0.edu/GraduateStudent110}, {X=http://www.Department10.University0.edu/UndergraduateStudent36}, {X=http://www.Department10.University0.edu/UndergraduateStudent151}, {X=http://www.Department10.University0.edu/GraduateStudent31}, {X=http://www.Department10.University0.edu/UndergraduateStudent82}, {X=http://www.Department10.University0.edu/GraduateStudent35}, {X=http://www.Department10.University0.edu/UndergraduateStudent241}, {X=http://www.Department10.University0.edu/GraduateStudent34}, {X=http://www.Department10.University0.edu/UndergraduateStudent126}, {X=http://www.Department10.University0.edu/UndergraduateStudent184}, {X=http://www.Department10.University0.edu/AssociateProfessor2}, {X=http://www.Department10.University0.edu/UndergraduateStudent169}, {X=http://www.Department10.University0.edu/UndergraduateStudent12}, {X=http://www.Department10.University0.edu/UndergraduateStudent133}, {X=http://www.Department10.University0.edu/UndergraduateStudent84}, {X=http://www.Department10.University0.edu/GraduateStudent8}, {X=http://www.Department10.University0.edu/UndergraduateStudent403}, {X=http://www.Department10.University0.edu/UndergraduateStudent60}, {X=http://www.Department10.University0.edu/GraduateStudent26}, {X=http://www.Department10.University0.edu/UndergraduateStudent402}, {X=http://www.Department10.University0.edu/UndergraduateStudent210}, {X=http://www.Department10.University0.edu/GraduateStudent69}, {X=http://www.Department10.University0.edu/UndergraduateStudent123}, {X=http://www.Department10.University0.edu/UndergraduateStudent167}, {X=http://www.Department10.University0.edu/UndergraduateStudent361}, {X=http://www.Department10.University0.edu/GraduateStudent5}, {X=http://www.Department10.University0.edu/FullProfessor4}, {X=http://www.Department10.University0.edu/GraduateStudent55}, {X=http://www.Department10.University0.edu/GraduateStudent134}, {X=http://www.Department10.University0.edu/UndergraduateStudent200}, {X=http://www.Department10.University0.edu/UndergraduateStudent29}, {X=http://www.Department10.University0.edu/GraduateStudent16}, {X=http://www.Department10.University0.edu/UndergraduateStudent271}, {X=http://www.Department10.University0.edu/UndergraduateStudent322}, {X=http://www.Department10.University0.edu/UndergraduateStudent33}, {X=http://www.Department10.University0.edu/UndergraduateStudent405}, {X=http://www.Department10.University0.edu/AssistantProfessor10}, {X=http://www.Department10.University0.edu/UndergraduateStudent146}, {X=http://www.Department10.University0.edu/UndergraduateStudent56}, {X=http://www.Department10.University0.edu/UndergraduateStudent107}, {X=http://www.Department10.University0.edu/UndergraduateStudent170}, {X=http://www.Department10.University0.edu/UndergraduateStudent395}, {X=http://www.Department10.University0.edu/UndergraduateStudent230}, {X=http://www.Department10.University0.edu/AssistantProfessor0}, {X=http://www.Department10.University0.edu/GraduateStudent36}, {X=http://www.Department10.University0.edu/UndergraduateStudent352}, {X=http://www.Department10.University0.edu/UndergraduateStudent110}, {X=http://www.Department10.University0.edu/GraduateStudent74}, {X=http://www.Department10.University0.edu/GraduateStudent120}, {X=http://www.Department10.University0.edu/GraduateStudent83}, {X=http://www.Department10.University0.edu/UndergraduateStudent312}, {X=http://www.Department10.University0.edu/UndergraduateStudent141}, {X=http://www.Department10.University0.edu/GraduateStudent137}, {X=http://www.Department10.University0.edu/GraduateStudent75}, {X=http://www.Department10.University0.edu/Lecturer0}, {X=http://www.Department10.University0.edu/UndergraduateStudent380}, {X=http://www.Department10.University0.edu/Lecturer1}, {X=http://www.Department10.University0.edu/GraduateStudent117}, {X=http://www.Department10.University0.edu/GraduateStudent27}, {X=http://www.Department10.University0.edu/UndergraduateStudent363}, {X=http://www.Department10.University0.edu/UndergraduateStudent389}, {X=http://www.Department10.University0.edu/UndergraduateStudent105}, {X=http://www.Department10.University0.edu/GraduateStudent73}, {X=http://www.Department10.University0.edu/UndergraduateStudent280}, {X=http://www.Department10.University0.edu/UndergraduateStudent115}, {X=http://www.Department10.University0.edu/GraduateStudent58}, {X=http://www.Department10.University0.edu/UndergraduateStudent191}, {X=http://www.Department10.University0.edu/UndergraduateStudent79}, {X=http://www.Department10.University0.edu/UndergraduateStudent259}, {X=http://www.Department10.University0.edu/UndergraduateStudent324}, {X=http://www.Department10.University0.edu/UndergraduateStudent188}, {X=http://www.Department10.University0.edu/UndergraduateStudent100}, {X=http://www.Department10.University0.edu/UndergraduateStudent50}, {X=http://www.Department10.University0.edu/UndergraduateStudent65}, {X=http://www.Department10.University0.edu/UndergraduateStudent49}, {X=http://www.Department10.University0.edu/UndergraduateStudent189}, {X=http://www.Department10.University0.edu/UndergraduateStudent140}, {X=http://www.Department10.University0.edu/GraduateStudent17}, {X=http://www.Department10.University0.edu/GraduateStudent85}, {X=http://www.Department10.University0.edu/UndergraduateStudent366}, {X=http://www.Department10.University0.edu/UndergraduateStudent136}, {X=http://www.Department10.University0.edu/UndergraduateStudent138}, {X=http://www.Department10.University0.edu/UndergraduateStudent327}, {X=http://www.Department10.University0.edu/GraduateStudent119}, {X=http://www.Department10.University0.edu/UndergraduateStudent269}, {X=http://www.Department10.University0.edu/UndergraduateStudent73}, {X=http://www.Department10.University0.edu/AssociateProfessor5}, {X=http://www.Department10.University0.edu/UndergraduateStudent103}, {X=http://www.Department10.University0.edu/UndergraduateStudent54}, {X=http://www.Department10.University0.edu/GraduateStudent128}, {X=http://www.Department10.University0.edu/GraduateStudent130}, {X=http://www.Department10.University0.edu/UndergraduateStudent368}, {X=http://www.Department10.University0.edu/GraduateStudent87}, {X=http://www.Department10.University0.edu/UndergraduateStudent215}, {X=http://www.Department10.University0.edu/UndergraduateStudent351}, {X=http://www.Department10.University0.edu/GraduateStudent37}, {X=http://www.Department10.University0.edu/GraduateStudent79}, {X=http://www.Department10.University0.edu/UndergraduateStudent5}, {X=http://www.Department10.University0.edu/GraduateStudent67}, {X=http://www.Department10.University0.edu/GraduateStudent41}, {X=http://www.Department10.University0.edu/UndergraduateStudent134}, {X=http://www.Department10.University0.edu/UndergraduateStudent276}, {X=http://www.Department10.University0.edu/GraduateStudent42}, {X=http://www.Department10.University0.edu/UndergraduateStudent253}, {X=http://www.Department10.University0.edu/GraduateStudent22}, {X=http://www.Department10.University0.edu/UndergraduateStudent91}, {X=http://www.Department10.University0.edu/UndergraduateStudent355}, {X=http://www.Department10.University0.edu/UndergraduateStudent245}, {X=http://www.Department10.University0.edu/UndergraduateStudent260}, {X=http://www.Department10.University0.edu/UndergraduateStudent357}, {X=http://www.Department10.University0.edu/UndergraduateStudent150}, {X=http://www.Department10.University0.edu/UndergraduateStudent106}, {X=http://www.Department10.University0.edu/GraduateStudent48}, {X=http://www.Department10.University0.edu/UndergraduateStudent305}, {X=http://www.Department10.University0.edu/GraduateStudent7}, {X=http://www.Department10.University0.edu/UndergraduateStudent290}, {X=http://www.Department10.University0.edu/UndergraduateStudent343}, {X=http://www.Department10.University0.edu/UndergraduateStudent246}, {X=http://www.Department10.University0.edu/UndergraduateStudent302}, {X=http://www.Department10.University0.edu/UndergraduateStudent407}, {X=http://www.Department10.University0.edu/UndergraduateStudent348}, {X=http://www.Department10.University0.edu/UndergraduateStudent273}, {X=http://www.Department10.University0.edu/UndergraduateStudent128}, {X=http://www.Department10.University0.edu/Lecturer3}, {X=http://www.Department10.University0.edu/UndergraduateStudent92}, {X=http://www.Department10.University0.edu/GraduateStudent71}, {X=http://www.Department10.University0.edu/GraduateStudent53}, {X=http://www.Department10.University0.edu/UndergraduateStudent7}, {X=http://www.Department10.University0.edu/UndergraduateStudent220}, {X=http://www.Department10.University0.edu/UndergraduateStudent409}, {X=http://www.Department10.University0.edu/UndergraduateStudent297}, {X=http://www.Department10.University0.edu/UndergraduateStudent339}, {X=http://www.Department10.University0.edu/UndergraduateStudent83}, {X=http://www.Department10.University0.edu/UndergraduateStudent394}, {X=http://www.Department10.University0.edu/UndergraduateStudent376}, {X=http://www.Department10.University0.edu/UndergraduateStudent21}, {X=http://www.Department10.University0.edu/AssociateProfessor9}, {X=http://www.Department10.University0.edu/UndergraduateStudent218}, {X=http://www.Department10.University0.edu/UndergraduateStudent293}, {X=http://www.Department10.University0.edu/UndergraduateStudent31}, {X=http://www.Department10.University0.edu/GraduateStudent111}, {X=http://www.Department10.University0.edu/UndergraduateStudent314}, {X=http://www.Department10.University0.edu/GraduateStudent78}, {X=http://www.Department10.University0.edu/UndergraduateStudent332}, {X=http://www.Department10.University0.edu/Lecturer6}, {X=http://www.Department10.University0.edu/UndergraduateStudent284}, {X=http://www.Department10.University0.edu/UndergraduateStudent397}, {X=http://www.Department10.University0.edu/UndergraduateStudent51}, {X=http://www.Department10.University0.edu/GraduateStudent77}, {X=http://www.Department10.University0.edu/UndergraduateStudent104}, {X=http://www.Department10.University0.edu/GraduateStudent103}, {X=http://www.Department10.University0.edu/UndergraduateStudent323}, {X=http://www.Department10.University0.edu/GraduateStudent135}, {X=http://www.Department10.University0.edu/Lecturer4}, {X=http://www.Department10.University0.edu/UndergraduateStudent317}, {X=http://www.Department10.University0.edu/GraduateStudent126}, {X=http://www.Department10.University0.edu/UndergraduateStudent24}, {X=http://www.Department10.University0.edu/UndergraduateStudent64}, {X=http://www.Department10.University0.edu/GraduateStudent59}, {X=http://www.Department10.University0.edu/UndergraduateStudent46}, {X=http://www.Department10.University0.edu/UndergraduateStudent266}, {X=http://www.Department10.University0.edu/GraduateStudent3}, {X=http://www.Department10.University0.edu/UndergraduateStudent256}, {X=http://www.Department10.University0.edu/AssociateProfessor1}, {X=http://www.Department10.University0.edu/GraduateStudent6}, {X=http://www.Department10.University0.edu/UndergraduateStudent222}, {X=http://www.Department10.University0.edu/AssistantProfessor8}, {X=http://www.Department10.University0.edu/UndergraduateStudent347}, {X=http://www.Department10.University0.edu/UndergraduateStudent275}, {X=http://www.Department10.University0.edu/UndergraduateStudent205}, {X=http://www.Department10.University0.edu/UndergraduateStudent381}, {X=http://www.Department10.University0.edu/UndergraduateStudent291}, {X=http://www.Department10.University0.edu/GraduateStudent107}, {X=http://www.Department10.University0.edu/UndergraduateStudent145}, {X=http://www.Department10.University0.edu/UndergraduateStudent237}, {X=http://www.Department10.University0.edu/UndergraduateStudent124}, {X=http://www.Department10.University0.edu/UndergraduateStudent242}, {X=http://www.Department10.University0.edu/UndergraduateStudent197}, {X=http://www.Department10.University0.edu/UndergraduateStudent372}, {X=http://www.Department10.University0.edu/UndergraduateStudent177}, {X=http://www.Department10.University0.edu/FullProfessor6}, {X=http://www.Department10.University0.edu/GraduateStudent102}, {X=http://www.Department10.University0.edu/GraduateStudent38}, {X=http://www.Department10.University0.edu/UndergraduateStudent43}, {X=http://www.Department10.University0.edu/UndergraduateStudent392}, {X=http://www.Department10.University0.edu/UndergraduateStudent98}, {X=http://www.Department10.University0.edu/GraduateStudent56}, {X=http://www.Department10.University0.edu/UndergraduateStudent223}, {X=http://www.Department10.University0.edu/UndergraduateStudent32}, {X=http://www.Department10.University0.edu/UndergraduateStudent319}, {X=http://www.Department10.University0.edu/UndergraduateStudent112}, {X=http://www.Department10.University0.edu/UndergraduateStudent44}, {X=http://www.Department10.University0.edu/UndergraduateStudent117}, {X=http://www.Department10.University0.edu/UndergraduateStudent371}, {X=http://www.Department10.University0.edu/UndergraduateStudent289}, {X=http://www.Department10.University0.edu/UndergraduateStudent263}, {X=http://www.Department10.University0.edu/UndergraduateStudent19}, {X=http://www.Department10.University0.edu/UndergraduateStudent390}, {X=http://www.Department10.University0.edu/UndergraduateStudent307}, {X=http://www.Department10.University0.edu/UndergraduateStudent1}, {X=http://www.Department10.University0.edu/AssociateProfessor10}, {X=http://www.Department10.University0.edu/UndergraduateStudent95}, {X=http://www.Department10.University0.edu/GraduateStudent50}, {X=http://www.Department10.University0.edu/UndergraduateStudent288}, {X=http://www.Department10.University0.edu/GraduateStudent28}, {X=http://www.Department10.University0.edu/GraduateStudent47}, {X=http://www.Department10.University0.edu/GraduateStudent24}, {X=http://www.Department10.University0.edu/GraduateStudent95}, {X=http://www.Department10.University0.edu/UndergraduateStudent393}, {X=http://www.Department10.University0.edu/UndergraduateStudent208}, {X=http://www.Department10.University0.edu/AssociateProfessor6}, {X=http://www.Department10.University0.edu/UndergraduateStudent68}, {X=http://www.Department10.University0.edu/UndergraduateStudent186}, {X=http://www.Department10.University0.edu/UndergraduateStudent114}, {X=http://www.Department10.University0.edu/UndergraduateStudent278}, {X=http://www.Department10.University0.edu/AssociateProfessor7}, {X=http://www.Department10.University0.edu/UndergraduateStudent232}, {X=http://www.Department10.University0.edu/UndergraduateStudent360}, {X=http://www.Department10.University0.edu/UndergraduateStudent179}, {X=http://www.Department10.University0.edu/UndergraduateStudent287}, {X=http://www.Department10.University0.edu/GraduateStudent106}, {X=http://www.Department10.University0.edu/UndergraduateStudent274}, {X=http://www.Department10.University0.edu/UndergraduateStudent89}, {X=http://www.Department10.University0.edu/GraduateStudent133}, {X=http://www.Department10.University0.edu/UndergraduateStudent285}, {X=http://www.Department10.University0.edu/UndergraduateStudent224}, {X=http://www.Department10.University0.edu/UndergraduateStudent387}, {X=http://www.Department10.University0.edu/UndergraduateStudent345}, {X=http://www.Department10.University0.edu/UndergraduateStudent364}, {X=http://www.Department10.University0.edu/UndergraduateStudent375}, {X=http://www.Department10.University0.edu/UndergraduateStudent156}, {X=http://www.Department10.University0.edu/UndergraduateStudent337}, {X=http://www.Department10.University0.edu/GraduateStudent32}, {X=http://www.Department10.University0.edu/UndergraduateStudent111}, {X=http://www.Department10.University0.edu/GraduateStudent92}, {X=http://www.Department10.University0.edu/UndergraduateStudent55}, {X=http://www.Department10.University0.edu/GraduateStudent90}, {X=http://www.Department10.University0.edu/GraduateStudent51}, {X=http://www.Department10.University0.edu/UndergraduateStudent193}, {X=http://www.Department10.University0.edu/UndergraduateStudent400}, {X=http://www.Department10.University0.edu/UndergraduateStudent108}, {X=http://www.Department10.University0.edu/AssistantProfessor6}, {X=http://www.Department10.University0.edu/UndergraduateStudent69}, {X=http://www.Department10.University0.edu/UndergraduateStudent132}, {X=http://www.Department10.University0.edu/UndergraduateStudent99}, {X=http://www.Department10.University0.edu/UndergraduateStudent226}, {X=http://www.Department10.University0.edu/UndergraduateStudent362}, {X=http://www.Department10.University0.edu/UndergraduateStudent81}, {X=http://www.Department10.University0.edu/UndergraduateStudent203}, {X=http://www.Department10.University0.edu/UndergraduateStudent334}, {X=http://www.Department10.University0.edu/GraduateStudent122}, {X=http://www.Department10.University0.edu/GraduateStudent1}, {X=http://www.Department10.University0.edu/GraduateStudent114}, {X=http://www.Department10.University0.edu/UndergraduateStudent378}, {X=http://www.Department10.University0.edu/UndergraduateStudent264}, {X=http://www.Department10.University0.edu/UndergraduateStudent338}, {X=http://www.Department10.University0.edu/GraduateStudent88}, {X=http://www.Department10.University0.edu/GraduateStudent15}, {X=http://www.Department10.University0.edu/UndergraduateStudent176}, {X=http://www.Department10.University0.edu/UndergraduateStudent45}, {X=http://www.Department10.University0.edu/UndergraduateStudent86}, {X=http://www.Department10.University0.edu/GraduateStudent127}, {X=http://www.Department10.University0.edu/UndergraduateStudent165}, {X=http://www.Department10.University0.edu/UndergraduateStudent172}, {X=http://www.Department10.University0.edu/UndergraduateStudent268}, {X=http://www.Department10.University0.edu/UndergraduateStudent251}, {X=http://www.Department10.University0.edu/GraduateStudent66}, {X=http://www.Department10.University0.edu/UndergraduateStudent254}, {X=http://www.Department10.University0.edu/UndergraduateStudent190}, {X=http://www.Department10.University0.edu/UndergraduateStudent408}, {X=http://www.Department10.University0.edu/GraduateStudent2}, {X=http://www.Department10.University0.edu/UndergraduateStudent118}, {X=http://www.Department10.University0.edu/UndergraduateStudent367}, {X=http://www.Department10.University0.edu/UndergraduateStudent77}, {X=http://www.Department10.University0.edu/UndergraduateStudent374}, {X=http://www.Department10.University0.edu/UndergraduateStudent398}, {X=http://www.Department10.University0.edu/UndergraduateStudent135}, {X=http://www.Department10.University0.edu/UndergraduateStudent58}, {X=http://www.Department10.University0.edu/UndergraduateStudent306}, {X=http://www.Department10.University0.edu/GraduateStudent0}, {X=http://www.Department10.University0.edu/UndergraduateStudent71}, {X=http://www.Department10.University0.edu/UndergraduateStudent157}, {X=http://www.Department10.University0.edu/UndergraduateStudent119}, {X=http://www.Department10.University0.edu/UndergraduateStudent235}, {X=http://www.Department10.University0.edu/UndergraduateStudent25}, {X=http://www.Department10.University0.edu/UndergraduateStudent325}, {X=http://www.Department10.University0.edu/GraduateStudent21}, {X=http://www.Department10.University0.edu/UndergraduateStudent236}, {X=http://www.Department10.University0.edu/UndergraduateStudent96}, {X=http://www.Department10.University0.edu/UndergraduateStudent255}, {X=http://www.Department10.University0.edu/UndergraduateStudent0}, {X=http://www.Department10.University0.edu/UndergraduateStudent313}, {X=http://www.Department10.University0.edu/UndergraduateStudent399}, {X=http://www.Department10.University0.edu/UndergraduateStudent267}, {X=http://www.Department10.University0.edu/UndergraduateStudent38}, {X=http://www.Department10.University0.edu/GraduateStudent57}, {X=http://www.Department10.University0.edu/UndergraduateStudent180}, {X=http://www.Department10.University0.edu/UndergraduateStudent143}, {X=http://www.Department10.University0.edu/UndergraduateStudent76}, {X=http://www.Department10.University0.edu/UndergraduateStudent101}, {X=http://www.Department10.University0.edu/UndergraduateStudent342}, {X=http://www.Department10.University0.edu/UndergraduateStudent168}, {X=http://www.Department10.University0.edu/UndergraduateStudent6}, {X=http://www.Department10.University0.edu/UndergraduateStudent144}, {X=http://www.Department10.University0.edu/UndergraduateStudent311}, {X=http://www.Department10.University0.edu/GraduateStudent44}, {X=http://www.Department10.University0.edu/FullProfessor2}, {X=http://www.Department10.University0.edu/GraduateStudent30}, {X=http://www.Department10.University0.edu/UndergraduateStudent152}, {X=http://www.Department10.University0.edu/UndergraduateStudent72}, {X=http://www.Department10.University0.edu/UndergraduateStudent341}, {X=http://www.Department10.University0.edu/GraduateStudent46}, {X=http://www.Department10.University0.edu/UndergraduateStudent336}, {X=http://www.Department10.University0.edu/UndergraduateStudent350}, {X=http://www.Department10.University0.edu/FullProfessor5}, {X=http://www.Department10.University0.edu/GraduateStudent76}, {X=http://www.Department10.University0.edu/GraduateStudent40}, {X=http://www.Department10.University0.edu/UndergraduateStudent162}, {X=http://www.Department10.University0.edu/GraduateStudent97}, {X=http://www.Department10.University0.edu/UndergraduateStudent159}, {X=http://www.Department10.University0.edu/UndergraduateStudent109}, {X=http://www.Department10.University0.edu/GraduateStudent99}, {X=http://www.Department10.University0.edu/UndergraduateStudent365}, {X=http://www.Department10.University0.edu/UndergraduateStudent4}, {X=http://www.Department10.University0.edu/GraduateStudent62}, {X=http://www.Department10.University0.edu/GraduateStudent12}, {X=http://www.Department10.University0.edu/UndergraduateStudent379}, {X=http://www.Department10.University0.edu/GraduateStudent61}, {X=http://www.Department10.University0.edu/GraduateStudent124}, {X=http://www.Department10.University0.edu/UndergraduateStudent384}, {X=http://www.Department10.University0.edu/AssistantProfessor7}, {X=http://www.Department10.University0.edu/UndergraduateStudent28}, {X=http://www.Department10.University0.edu/UndergraduateStudent192}, {X=http://www.Department10.University0.edu/UndergraduateStudent42}, {X=http://www.Department10.University0.edu/UndergraduateStudent153}, {X=http://www.Department10.University0.edu/UndergraduateStudent160}, {X=http://www.Department10.University0.edu/UndergraduateStudent154}, {X=http://www.Department10.University0.edu/GraduateStudent29}, {X=http://www.Department10.University0.edu/AssistantProfessor3}, {X=http://www.Department10.University0.edu/GraduateStudent118}, {X=http://www.Department10.University0.edu/GraduateStudent80}, {X=http://www.Department10.University0.edu/UndergraduateStudent18}, {X=http://www.Department10.University0.edu/UndergraduateStudent328}, {X=http://www.Department10.University0.edu/GraduateStudent60}, {X=http://www.Department10.University0.edu/UndergraduateStudent315}, {X=http://www.Department10.University0.edu/GraduateStudent113}, {X=http://www.Department10.University0.edu/UndergraduateStudent130}, {X=http://www.Department10.University0.edu/UndergraduateStudent34}, {X=http://www.Department10.University0.edu/UndergraduateStudent231}, {X=http://www.Department10.University0.edu/Lecturer5}, {X=http://www.Department10.University0.edu/GraduateStudent86}, {X=http://www.Department10.University0.edu/UndergraduateStudent229}, {X=http://www.Department10.University0.edu/UndergraduateStudent303}, {X=http://www.Department10.University0.edu/UndergraduateStudent171}, {X=http://www.Department10.University0.edu/UndergraduateStudent47}, {X=http://www.Department10.University0.edu/UndergraduateStudent94}, {X=http://www.Department10.University0.edu/GraduateStudent45}, {X=http://www.Department10.University0.edu/UndergraduateStudent318}, {X=http://www.Department10.University0.edu/GraduateStudent23}, {X=http://www.Department10.University0.edu/UndergraduateStudent35}, {X=http://www.Department10.University0.edu/UndergraduateStudent320}, {X=http://www.Department10.University0.edu/UndergraduateStudent113}, {X=http://www.Department10.University0.edu/UndergraduateStudent9}, {X=http://www.Department10.University0.edu/UndergraduateStudent127}, {X=http://www.Department10.University0.edu/UndergraduateStudent258}, {X=http://www.Department10.University0.edu/FullProfessor3}, {X=http://www.Department10.University0.edu/GraduateStudent70}, {X=http://www.Department10.University0.edu/UndergraduateStudent78}, {X=http://www.Department10.University0.edu/UndergraduateStudent373}, {X=http://www.Department10.University0.edu/GraduateStudent72}, {X=http://www.Department10.University0.edu/UndergraduateStudent238}, {X=http://www.Department10.University0.edu/UndergraduateStudent331}, {X=http://www.Department10.University0.edu/UndergraduateStudent209}, {X=http://www.Department10.University0.edu/UndergraduateStudent221}, {X=http://www.Department10.University0.edu/UndergraduateStudent326}, {X=http://www.Department10.University0.edu/UndergraduateStudent8}, {X=http://www.Department10.University0.edu/UndergraduateStudent87}, {X=http://www.Department10.University0.edu/UndergraduateStudent244}, {X=http://www.Department10.University0.edu/UndergraduateStudent300}, {X=http://www.Department10.University0.edu/UndergraduateStudent262}, {X=http://www.Department10.University0.edu/UndergraduateStudent10}, {X=http://www.Department10.University0.edu/UndergraduateStudent356}, {X=http://www.Department10.University0.edu/UndergraduateStudent391}, {X=http://www.Department10.University0.edu/UndergraduateStudent346}, {X=http://www.Department10.University0.edu/GraduateStudent121}, {X=http://www.Department10.University0.edu/UndergraduateStudent185}, {X=http://www.Department10.University0.edu/UndergraduateStudent301}, {X=http://www.Department10.University0.edu/GraduateStudent43}, {X=http://www.Department10.University0.edu/UndergraduateStudent404}, {X=http://www.Department10.University0.edu/UndergraduateStudent11}, {X=http://www.Department10.University0.edu/UndergraduateStudent316}, {X=http://www.Department10.University0.edu/UndergraduateStudent75}, {X=http://www.Department10.University0.edu/UndergraduateStudent93}, {X=http://www.Department10.University0.edu/GraduateStudent89}, {X=http://www.Department10.University0.edu/GraduateStudent136}, {X=http://www.Department10.University0.edu/UndergraduateStudent52}, {X=http://www.Department10.University0.edu/UndergraduateStudent40}, {X=http://www.Department10.University0.edu/UndergraduateStudent358}, {X=http://www.Department10.University0.edu/UndergraduateStudent37}, {X=http://www.Department10.University0.edu/UndergraduateStudent196}, {X=http://www.Department10.University0.edu/UndergraduateStudent164}, {X=http://www.Department10.University0.edu/UndergraduateStudent16}, {X=http://www.Department10.University0.edu/UndergraduateStudent17}, {X=http://www.Department10.University0.edu/GraduateStudent84}, {X=http://www.Department10.University0.edu/AssistantProfessor9}, {X=http://www.Department10.University0.edu/GraduateStudent132}, {X=http://www.Department10.University0.edu/UndergraduateStudent20}, {X=http://www.Department10.University0.edu/UndergraduateStudent294}, {X=http://www.Department10.University0.edu/UndergraduateStudent282}, {X=http://www.Department10.University0.edu/UndergraduateStudent388}, {X=http://www.Department10.University0.edu/UndergraduateStudent370}, {X=http://www.Department10.University0.edu/UndergraduateStudent216}, {X=http://www.Department10.University0.edu/GraduateStudent112}, {X=http://www.Department10.University0.edu/UndergraduateStudent292}, {X=http://www.Department10.University0.edu/UndergraduateStudent270}, {X=http://www.Department10.University0.edu/UndergraduateStudent340}, {X=http://www.Department10.University0.edu/UndergraduateStudent309}, {X=http://www.Department10.University0.edu/UndergraduateStudent142}, {X=http://www.Department10.University0.edu/UndergraduateStudent310}, {X=http://www.Department10.University0.edu/UndergraduateStudent129}, {X=http://www.Department10.University0.edu/UndergraduateStudent249}, {X=http://www.Department10.University0.edu/UndergraduateStudent410}, {X=http://www.Department10.University0.edu/UndergraduateStudent147}, {X=http://www.Department10.University0.edu/UndergraduateStudent59}, {X=http://www.Department10.University0.edu/UndergraduateStudent181}, {X=http://www.Department10.University0.edu/UndergraduateStudent213}, {X=http://www.Department10.University0.edu/UndergraduateStudent386}, {X=http://www.Department10.University0.edu/GraduateStudent109}, {X=http://www.Department10.University0.edu/UndergraduateStudent295}, {X=http://www.Department10.University0.edu/GraduateStudent105}, {X=http://www.Department10.University0.edu/UndergraduateStudent396}, {X=http://www.Department10.University0.edu/UndergraduateStudent121}, {X=http://www.Department10.University0.edu/GraduateStudent14}, {X=http://www.Department10.University0.edu/UndergraduateStudent212}, {X=http://www.Department10.University0.edu/GraduateStudent20}, {X=http://www.Department10.University0.edu/UndergraduateStudent66}, {X=http://www.Department10.University0.edu/UndergraduateStudent61}, {X=http://www.Department10.University0.edu/GraduateStudent64}, {X=http://www.Department10.University0.edu/UndergraduateStudent279}, {X=http://www.Department10.University0.edu/UndergraduateStudent74}, {X=http://www.Department10.University0.edu/UndergraduateStudent198}, {X=http://www.Department10.University0.edu/UndergraduateStudent277}, {X=http://www.Department10.University0.edu/UndergraduateStudent240}, {X=http://www.Department10.University0.edu/UndergraduateStudent304}, {X=http://www.Department10.University0.edu/UndergraduateStudent252}, {X=http://www.Department10.University0.edu/UndergraduateStudent204}, {X=http://www.Department10.University0.edu/AssistantProfessor4}, {X=http://www.Department10.University0.edu/UndergraduateStudent214}, {X=http://www.Department10.University0.edu/UndergraduateStudent149}, {X=http://www.Department10.University0.edu/GraduateStudent116}, {X=http://www.Department10.University0.edu/UndergraduateStudent116}, {X=http://www.Department10.University0.edu/UndergraduateStudent299}, {X=http://www.Department10.University0.edu/UndergraduateStudent3}, {X=http://www.Department10.University0.edu/UndergraduateStudent15}, {X=http://www.Department10.University0.edu/UndergraduateStudent261}, {X=http://www.Department10.University0.edu/GraduateStudent100}, {X=http://www.Department10.University0.edu/UndergraduateStudent80}, {X=http://www.Department10.University0.edu/AssociateProfessor0}, {X=http://www.Department10.University0.edu/UndergraduateStudent406}, {X=http://www.Department10.University0.edu/UndergraduateStudent369}, {X=http://www.Department10.University0.edu/UndergraduateStudent175}, {X=http://www.Department10.University0.edu/AssociateProfessor3}, {X=http://www.Department10.University0.edu/UndergraduateStudent148}, {X=http://www.Department10.University0.edu/Lecturer2}, {X=http://www.Department10.University0.edu/GraduateStudent129}, {X=http://www.Department10.University0.edu/UndergraduateStudent122}, {X=http://www.Department10.University0.edu/UndergraduateStudent228}, {X=http://www.Department10.University0.edu/UndergraduateStudent102}, {X=http://www.Department10.University0.edu/GraduateStudent115}, {X=http://www.Department10.University0.edu/UndergraduateStudent354}, {X=http://www.Department10.University0.edu/UndergraduateStudent174}, {X=http://www.Department10.University0.edu/UndergraduateStudent155}, {X=http://www.Department10.University0.edu/UndergraduateStudent349}, {X=http://www.Department10.University0.edu/GraduateStudent82}, {X=http://www.Department10.University0.edu/UndergraduateStudent219}, {X=http://www.Department10.University0.edu/AssociateProfessor8}, {X=http://www.Department10.University0.edu/UndergraduateStudent243}, {X=http://www.Department10.University0.edu/UndergraduateStudent26}, {X=http://www.Department10.University0.edu/GraduateStudent9}, {X=http://www.Department10.University0.edu/UndergraduateStudent247}, {X=http://www.Department10.University0.edu/GraduateStudent49}, {X=http://www.Department10.University0.edu/GraduateStudent108}, {X=http://www.Department10.University0.edu/UndergraduateStudent272}, {X=http://www.Department10.University0.edu/GraduateStudent81}, {X=http://www.Department10.University0.edu/UndergraduateStudent239}, {X=http://www.Department10.University0.edu/UndergraduateStudent13}, {X=http://www.Department10.University0.edu/UndergraduateStudent195}, {X=http://www.Department10.University0.edu/GraduateStudent94}, {X=http://www.Department10.University0.edu/UndergraduateStudent183}, {X=http://www.Department10.University0.edu/UndergraduateStudent163}, {X=http://www.Department10.University0.edu/GraduateStudent65}, {X=http://www.Department10.University0.edu/UndergraduateStudent27}, {X=http://www.Department10.University0.edu/UndergraduateStudent30}, {X=http://www.Department10.University0.edu/UndergraduateStudent125}, {X=http://www.Department10.University0.edu/UndergraduateStudent14}, {X=http://www.Department10.University0.edu/UndergraduateStudent70}, {X=http://www.Department10.University0.edu/UndergraduateStudent53}, {X=http://www.Department10.University0.edu/UndergraduateStudent329}, {X=http://www.Department10.University0.edu/UndergraduateStudent139}, {X=http://www.Department10.University0.edu/GraduateStudent18}, {X=http://www.Department10.University0.edu/UndergraduateStudent333}, {X=http://www.Department10.University0.edu/UndergraduateStudent359}, {X=http://www.Department10.University0.edu/GraduateStudent19}, {X=http://www.Department10.University0.edu/UndergraduateStudent187}, {X=http://www.Department10.University0.edu/UndergraduateStudent202}, {X=http://www.Department10.University0.edu/GraduateStudent91}, {X=http://www.Department10.University0.edu/UndergraduateStudent385}, {X=http://www.Department10.University0.edu/AssociateProfessor4}, {X=http://www.Department10.University0.edu/UndergraduateStudent286}, {X=http://www.Department10.University0.edu/UndergraduateStudent206}, {X=http://www.Department10.University0.edu/UndergraduateStudent225}, {X=http://www.Department10.University0.edu/UndergraduateStudent182}, {X=http://www.Department10.University0.edu/UndergraduateStudent283}, {X=http://www.Department10.University0.edu/UndergraduateStudent161}, {X=http://www.Department10.University0.edu/UndergraduateStudent23}, {X=http://www.Department10.University0.edu/UndergraduateStudent401}, {X=http://www.Department10.University0.edu/GraduateStudent54}, {X=http://www.Department10.University0.edu/AssistantProfessor5}, {X=http://www.Department10.University0.edu/UndergraduateStudent321}, {X=http://www.Department10.University0.edu/UndergraduateStudent296}, {X=http://www.Department10.University0.edu/UndergraduateStudent178}, {X=http://www.Department10.University0.edu/UndergraduateStudent344}, {X=http://www.Department10.University0.edu/GraduateStudent25}, {X=http://www.Department10.University0.edu/UndergraduateStudent257}, {X=http://www.Department10.University0.edu/UndergraduateStudent383}, {X=http://www.Department10.University0.edu/UndergraduateStudent63}, {X=http://www.Department10.University0.edu/UndergraduateStudent57}, {X=http://www.Department10.University0.edu/GraduateStudent104}, {X=http://www.Department10.University0.edu/UndergraduateStudent335}, {X=http://www.Department10.University0.edu/UndergraduateStudent207}, {X=http://www.Department10.University0.edu/UndergraduateStudent248}, {X=http://www.Department10.University0.edu/GraduateStudent11}, {X=http://www.Department10.University0.edu/UndergraduateStudent298}, {X=http://www.Department10.University0.edu/FullProfessor1}, {X=http://www.Department10.University0.edu/GraduateStudent13}, {X=http://www.Department10.University0.edu/UndergraduateStudent90}, {X=http://www.Department10.University0.edu/UndergraduateStudent194}, {X=http://www.Department10.University0.edu/GraduateStudent68}, {X=http://www.Department10.University0.edu/GraduateStudent10}, {X=http://www.Department10.University0.edu/UndergraduateStudent173}, {X=http://www.Department10.University0.edu/UndergraduateStudent39}, {X=http://www.Department10.University0.edu/UndergraduateStudent217}, {X=http://www.Department10.University0.edu/UndergraduateStudent158}, {X=http://www.Department10.University0.edu/GraduateStudent93}, {X=http://www.Department10.University0.edu/UndergraduateStudent211}, {X=http://www.Department10.University0.edu/UndergraduateStudent382}, {X=http://www.Department10.University0.edu/GraduateStudent39}, {X=http://www.Department10.University0.edu/UndergraduateStudent201}, {X=http://www.Department10.University0.edu/GraduateStudent63}, {X=http://www.Department10.University0.edu/GraduateStudent52}, {X=http://www.Department10.University0.edu/UndergraduateStudent353}, {X=http://www.Department10.University0.edu/GraduateStudent101}, {X=http://www.Department10.University0.edu/GraduateStudent125}, {X=http://www.Department10.University0.edu/UndergraduateStudent2}, {X=http://www.Department10.University0.edu/UndergraduateStudent62}, {X=http://www.Department10.University0.edu/UndergraduateStudent22}, {X=http://www.Department10.University0.edu/UndergraduateStudent234}, {X=http://www.Department10.University0.edu/UndergraduateStudent308}, {X=http://www.Department10.University0.edu/AssistantProfessor1}, {X=http://www.Department10.University0.edu/UndergraduateStudent97}, {X=http://www.Department10.University0.edu/GraduateStudent4}, {X=http://www.Department10.University0.edu/UndergraduateStudent377}, {X=http://www.Department10.University0.edu/UndergraduateStudent41}, {X=http://www.Department10.University0.edu/UndergraduateStudent250}, {X=http://www.Department10.University0.edu/UndergraduateStudent330}, {X=http://www.Department10.University0.edu/UndergraduateStudent227}, {X=http://www.Department10.University0.edu/GraduateStudent96}, {X=http://www.Department10.University0.edu/AssistantProfessor2}, {X=http://www.Department10.University0.edu/UndergraduateStudent199}, {X=http://www.Department10.University0.edu/GraduateStudent131}, {X=http://www.Department10.University0.edu/UndergraduateStudent265}, {X=http://www.Department10.University0.edu/UndergraduateStudent131}, {X=http://www.Department10.University0.edu/FullProfessor0}, {X=http://www.Department10.University0.edu/UndergraduateStudent48}, {X=http://www.Department10.University0.edu/GraduateStudent33}, {X=http://www.Department10.University0.edu/UndergraduateStudent137}, {X=http://www.Department10.University0.edu/UndergraduateStudent281}, {X=http://www.Department10.University0.edu/UndergraduateStudent166}, {X=http://www.Department10.University0.edu/UndergraduateStudent233}, {X=http://www.Department10.University0.edu/GraduateStudent98}, {X=http://www.Department10.University0.edu/UndergraduateStudent67}, {X=http://www.Department10.University0.edu/UndergraduateStudent85}, {X=http://www.Department10.University0.edu/UndergraduateStudent88}, {X=http://www.Department10.University0.edu/UndergraduateStudent120}, {X=http://www.Department10.University0.edu/GraduateStudent123}, {X=http://www.Department10.University0.edu/GraduateStudent110}, {X=http://www.Department10.University0.edu/UndergraduateStudent36}, {X=http://www.Department10.University0.edu/UndergraduateStudent151}, {X=http://www.Department10.University0.edu/GraduateStudent31}, {X=http://www.Department10.University0.edu/UndergraduateStudent82}, {X=http://www.Department10.University0.edu/GraduateStudent35}, {X=http://www.Department10.University0.edu/UndergraduateStudent241}, {X=http://www.Department10.University0.edu/GraduateStudent34}, {X=http://www.Department10.University0.edu/UndergraduateStudent126}, {X=http://www.Department10.University0.edu/UndergraduateStudent184}, {X=http://www.Department10.University0.edu/AssociateProfessor2}, {X=http://www.Department10.University0.edu/UndergraduateStudent169}, {X=http://www.Department10.University0.edu/UndergraduateStudent12}, {X=http://www.Department10.University0.edu/UndergraduateStudent133}, {X=http://www.Department10.University0.edu/UndergraduateStudent84}, {X=http://www.Department10.University0.edu/GraduateStudent8}, {X=http://www.Department10.University0.edu/UndergraduateStudent403}, {X=http://www.Department10.University0.edu/UndergraduateStudent60}, {X=http://www.Department10.University0.edu/GraduateStudent26}, {X=http://www.Department10.University0.edu/UndergraduateStudent402}, {X=http://www.Department10.University0.edu/UndergraduateStudent210}, {X=http://www.Department10.University0.edu/GraduateStudent69}, {X=http://www.Department10.University0.edu/UndergraduateStudent123}, {X=http://www.Department10.University0.edu/UndergraduateStudent167}, {X=http://www.Department10.University0.edu/UndergraduateStudent361}, {X=http://www.Department10.University0.edu/GraduateStudent5}, {X=http://www.Department10.University0.edu/FullProfessor4}, {X=http://www.Department10.University0.edu/GraduateStudent55}, {X=http://www.Department10.University0.edu/GraduateStudent134}, {X=http://www.Department10.University0.edu/UndergraduateStudent200}, {X=http://www.Department10.University0.edu/UndergraduateStudent29}, {X=http://www.Department10.University0.edu/GraduateStudent16}, {X=http://www.Department10.University0.edu/UndergraduateStudent271}, {X=http://www.Department10.University0.edu/UndergraduateStudent322}, {X=http://www.Department10.University0.edu/UndergraduateStudent33}, {X=http://www.Department10.University0.edu/UndergraduateStudent405}, {X=http://www.Department10.University0.edu/AssistantProfessor10}, {X=http://www.Department10.University0.edu/UndergraduateStudent146}, {X=http://www.Department10.University0.edu/UndergraduateStudent56}, {X=http://www.Department10.University0.edu/UndergraduateStudent107}, {X=http://www.Department10.University0.edu/UndergraduateStudent170}, {X=http://www.Department10.University0.edu/UndergraduateStudent395}, {X=http://www.Department10.University0.edu/UndergraduateStudent230}, {X=http://www.Department10.University0.edu/AssistantProfessor0}, {X=http://www.Department10.University0.edu/GraduateStudent36}, {X=http://www.Department10.University0.edu/UndergraduateStudent352}, {X=http://www.Department10.University0.edu/UndergraduateStudent110}, {X=http://www.Department10.University0.edu/GraduateStudent74}, {X=http://www.Department10.University0.edu/GraduateStudent120}, {X=http://www.Department10.University0.edu/GraduateStudent83}, {X=http://www.Department10.University0.edu/UndergraduateStudent312}, {X=http://www.Department10.University0.edu/UndergraduateStudent141}, {X=http://www.Department10.University0.edu/GraduateStudent137}, {X=http://www.Department10.University0.edu/GraduateStudent75}, {X=http://www.Department10.University0.edu/Lecturer0}, {X=http://www.Department10.University0.edu/UndergraduateStudent380}, {X=http://www.Department10.University0.edu/Lecturer1}, {X=http://www.Department10.University0.edu/GraduateStudent117}, {X=http://www.Department10.University0.edu/GraduateStudent27}, {X=http://www.Department10.University0.edu/UndergraduateStudent363}, {X=http://www.Department10.University0.edu/UndergraduateStudent389}, {X=http://www.Department10.University0.edu/UndergraduateStudent105}, {X=http://www.Department10.University0.edu/GraduateStudent73}, {X=http://www.Department10.University0.edu/UndergraduateStudent280}, {X=http://www.Department10.University0.edu/UndergraduateStudent115}, {X=http://www.Department10.University0.edu/GraduateStudent58}, {X=http://www.Department10.University0.edu/UndergraduateStudent191}, {X=http://www.Department10.University0.edu/UndergraduateStudent79}, {X=http://www.Department10.University0.edu/UndergraduateStudent259}, {X=http://www.Department10.University0.edu/UndergraduateStudent324}, {X=http://www.Department10.University0.edu/UndergraduateStudent188}, {X=http://www.Department10.University0.edu/UndergraduateStudent100}, {X=http://www.Department10.University0.edu/UndergraduateStudent50}, {X=http://www.Department10.University0.edu/UndergraduateStudent65}, {X=http://www.Department10.University0.edu/UndergraduateStudent49}, {X=http://www.Department10.University0.edu/UndergraduateStudent189}, {X=http://www.Department10.University0.edu/UndergraduateStudent140}, {X=http://www.Department10.University0.edu/GraduateStudent17}, {X=http://www.Department10.University0.edu/GraduateStudent85}, {X=http://www.Department10.University0.edu/UndergraduateStudent366}, {X=http://www.Department10.University0.edu/UndergraduateStudent136}, {X=http://www.Department10.University0.edu/UndergraduateStudent138}, {X=http://www.Department10.University0.edu/UndergraduateStudent327}, {X=http://www.Department10.University0.edu/GraduateStudent119}, {X=http://www.Department10.University0.edu/UndergraduateStudent269}, {X=http://www.Department10.University0.edu/UndergraduateStudent73}, {X=http://www.Department10.University0.edu/AssociateProfessor5}, {X=http://www.Department10.University0.edu/UndergraduateStudent103}, {X=http://www.Department10.University0.edu/UndergraduateStudent54}, {X=http://www.Department10.University0.edu/GraduateStudent128}, {X=http://www.Department10.University0.edu/GraduateStudent130}, {X=http://www.Department10.University0.edu/UndergraduateStudent368}, {X=http://www.Department10.University0.edu/GraduateStudent87}, {X=http://www.Department10.University0.edu/UndergraduateStudent215}, {X=http://www.Department10.University0.edu/UndergraduateStudent351}, {X=http://www.Department10.University0.edu/GraduateStudent37}, {X=http://www.Department10.University0.edu/GraduateStudent79}, {X=http://www.Department10.University0.edu/UndergraduateStudent5}, {X=http://www.Department10.University0.edu/GraduateStudent67}, {X=http://www.Department10.University0.edu/GraduateStudent41}, {X=http://www.Department10.University0.edu/UndergraduateStudent134}, {X=http://www.Department10.University0.edu/UndergraduateStudent276}, {X=http://www.Department10.University0.edu/GraduateStudent42}, {X=http://www.Department10.University0.edu/UndergraduateStudent253}, {X=http://www.Department10.University0.edu/GraduateStudent22}, {X=http://www.Department10.University0.edu/UndergraduateStudent91}, {X=http://www.Department10.University0.edu/UndergraduateStudent355}, {X=http://www.Department10.University0.edu/UndergraduateStudent245}, {X=http://www.Department10.University0.edu/UndergraduateStudent260}, {X=http://www.Department10.University0.edu/UndergraduateStudent357}, {X=http://www.Department10.University0.edu/UndergraduateStudent150}, {X=http://www.Department10.University0.edu/UndergraduateStudent106}, {X=http://www.Department10.University0.edu/GraduateStudent48}, {X=http://www.Department10.University0.edu/UndergraduateStudent305}, {X=http://www.Department10.University0.edu/GraduateStudent7}, {X=http://www.Department10.University0.edu/UndergraduateStudent290}, {X=http://www.Department10.University0.edu/UndergraduateStudent343}, {X=http://www.Department10.University0.edu/UndergraduateStudent246}, {X=http://www.Department10.University0.edu/UndergraduateStudent302}, {X=http://www.Department10.University0.edu/UndergraduateStudent407}, {X=http://www.Department10.University0.edu/UndergraduateStudent348}, {X=http://www.Department10.University0.edu/UndergraduateStudent273}, {X=http://www.Department10.University0.edu/UndergraduateStudent128}, {X=http://www.Department10.University0.edu/Lecturer3}, {X=http://www.Department10.University0.edu/UndergraduateStudent92}, {X=http://www.Department10.University0.edu/GraduateStudent71}, {X=http://www.Department10.University0.edu/GraduateStudent53}, {X=http://www.Department10.University0.edu/UndergraduateStudent7}, {X=http://www.Department10.University0.edu/UndergraduateStudent220}, {X=http://www.Department10.University0.edu/UndergraduateStudent409}, {X=http://www.Department10.University0.edu/UndergraduateStudent297}, {X=http://www.Department10.University0.edu/UndergraduateStudent339}, {X=http://www.Department10.University0.edu/UndergraduateStudent83}, {X=http://www.Department10.University0.edu/UndergraduateStudent394}, {X=http://www.Department10.University0.edu/UndergraduateStudent376}, {X=http://www.Department10.University0.edu/UndergraduateStudent21}, {X=http://www.Department10.University0.edu/AssociateProfessor9}, {X=http://www.Department10.University0.edu/UndergraduateStudent218}, {X=http://www.Department10.University0.edu/UndergraduateStudent293}, {X=http://www.Department10.University0.edu/UndergraduateStudent31}, {X=http://www.Department10.University0.edu/GraduateStudent111}, {X=http://www.Department10.University0.edu/UndergraduateStudent314}, {X=http://www.Department10.University0.edu/GraduateStudent78}, {X=http://www.Department10.University0.edu/UndergraduateStudent332}, {X=http://www.Department10.University0.edu/Lecturer6}, {X=http://www.Department10.University0.edu/UndergraduateStudent284}, {X=http://www.Department10.University0.edu/UndergraduateStudent397}, {X=http://www.Department10.University0.edu/UndergraduateStudent51}, {X=http://www.Department10.University0.edu/GraduateStudent77}, {X=http://www.Department10.University0.edu/UndergraduateStudent104}, {X=http://www.Department10.University0.edu/GraduateStudent103}, {X=http://www.Department10.University0.edu/UndergraduateStudent323}, {X=http://www.Department10.University0.edu/GraduateStudent135}, {X=http://www.Department10.University0.edu/Lecturer4}, {X=http://www.Department10.University0.edu/UndergraduateStudent317}, {X=http://www.Department10.University0.edu/GraduateStudent126}, {X=http://www.Department10.University0.edu/UndergraduateStudent24}, {X=http://www.Department10.University0.edu/UndergraduateStudent64}, {X=http://www.Department10.University0.edu/GraduateStudent59}, {X=http://www.Department10.University0.edu/UndergraduateStudent46}, {X=http://www.Department10.University0.edu/UndergraduateStudent266}, {X=http://www.Department10.University0.edu/GraduateStudent3}, {X=http://www.Department10.University0.edu/UndergraduateStudent256}, {X=http://www.Department10.University0.edu/AssociateProfessor1}, {X=http://www.Department10.University0.edu/GraduateStudent6}, {X=http://www.Department10.University0.edu/UndergraduateStudent222}, {X=http://www.Department10.University0.edu/AssistantProfessor8}, {X=http://www.Department10.University0.edu/UndergraduateStudent347}, {X=http://www.Department10.University0.edu/UndergraduateStudent275}, {X=http://www.Department10.University0.edu/UndergraduateStudent205}, {X=http://www.Department10.University0.edu/UndergraduateStudent381}, {X=http://www.Department10.University0.edu/UndergraduateStudent291}, {X=http://www.Department10.University0.edu/GraduateStudent107}, {X=http://www.Department10.University0.edu/UndergraduateStudent145}, {X=http://www.Department10.University0.edu/UndergraduateStudent237}, {X=http://www.Department10.University0.edu/UndergraduateStudent124}, {X=http://www.Department10.University0.edu/UndergraduateStudent242}, {X=http://www.Department10.University0.edu/UndergraduateStudent197}, {X=http://www.Department10.University0.edu/UndergraduateStudent372}, {X=http://www.Department10.University0.edu/UndergraduateStudent177}, {X=http://www.Department10.University0.edu/FullProfessor6}, {X=http://www.Department10.University0.edu/GraduateStudent102}, {X=http://www.Department10.University0.edu/GraduateStudent38}, {X=http://www.Department10.University0.edu/UndergraduateStudent43}, {X=http://www.Department10.University0.edu/UndergraduateStudent392}, {X=http://www.Department10.University0.edu/UndergraduateStudent98}, {X=http://www.Department10.University0.edu/GraduateStudent56}, {X=http://www.Department10.University0.edu/UndergraduateStudent223}, {X=http://www.Department10.University0.edu/UndergraduateStudent32}, {X=http://www.Department10.University0.edu/UndergraduateStudent319}, {X=http://www.Department10.University0.edu/UndergraduateStudent112}, {X=http://www.Department10.University0.edu/UndergraduateStudent44}, {X=http://www.Department10.University0.edu/UndergraduateStudent117}, {X=http://www.Department10.University0.edu/UndergraduateStudent371}, {X=http://www.Department10.University0.edu/UndergraduateStudent289}, {X=http://www.Department10.University0.edu/UndergraduateStudent263}, {X=http://www.Department10.University0.edu/UndergraduateStudent19}, {X=http://www.Department10.University0.edu/UndergraduateStudent390}, {X=http://www.Department10.University0.edu/UndergraduateStudent307}, {X=http://www.Department10.University0.edu/UndergraduateStudent1}, {X=http://www.Department10.University0.edu/AssociateProfessor10}, {X=http://www.Department10.University0.edu/UndergraduateStudent95}, {X=http://www.Department10.University0.edu/GraduateStudent50}, {X=http://www.Department10.University0.edu/UndergraduateStudent288}, {X=http://www.Department10.University0.edu/GraduateStudent28}, {X=http://www.Department10.University0.edu/GraduateStudent47}, {X=http://www.Department10.University0.edu/GraduateStudent24}, {X=http://www.Department10.University0.edu/GraduateStudent95}, {X=http://www.Department10.University0.edu/UndergraduateStudent393}, {X=http://www.Department10.University0.edu/UndergraduateStudent208}, {X=http://www.Department10.University0.edu/AssociateProfessor6}, {X=http://www.Department10.University0.edu/UndergraduateStudent68}, {X=http://www.Department10.University0.edu/UndergraduateStudent186}, {X=http://www.Department10.University0.edu/UndergraduateStudent114}, {X=http://www.Department10.University0.edu/UndergraduateStudent278}, {X=http://www.Department10.University0.edu/AssociateProfessor7}, {X=http://www.Department10.University0.edu/UndergraduateStudent232}, {X=http://www.Department10.University0.edu/UndergraduateStudent360}, {X=http://www.Department10.University0.edu/UndergraduateStudent179}, {X=http://www.Department10.University0.edu/UndergraduateStudent287}, {X=http://www.Department10.University0.edu/GraduateStudent106}, {X=http://www.Department10.University0.edu/UndergraduateStudent274}, {X=http://www.Department10.University0.edu/UndergraduateStudent89}, {X=http://www.Department10.University0.edu/GraduateStudent133}, {X=http://www.Department10.University0.edu/UndergraduateStudent285}, {X=http://www.Department10.University0.edu/UndergraduateStudent224}, {X=http://www.Department10.University0.edu/UndergraduateStudent387}, {X=http://www.Department10.University0.edu/UndergraduateStudent345}, {X=http://www.Department10.University0.edu/UndergraduateStudent364}, {X=http://www.Department10.University0.edu/UndergraduateStudent375}, {X=http://www.Department10.University0.edu/UndergraduateStudent156}, {X=http://www.Department10.University0.edu/UndergraduateStudent337}, {X=http://www.Department10.University0.edu/GraduateStudent32}, {X=http://www.Department10.University0.edu/UndergraduateStudent111}, {X=http://www.Department10.University0.edu/GraduateStudent92}, {X=http://www.Department10.University0.edu/UndergraduateStudent55}, {X=http://www.Department10.University0.edu/GraduateStudent90}, {X=http://www.Department10.University0.edu/GraduateStudent51}, {X=http://www.Department10.University0.edu/UndergraduateStudent193}, {X=http://www.Department10.University0.edu/UndergraduateStudent400}, {X=http://www.Department10.University0.edu/UndergraduateStudent108}, {X=http://www.Department10.University0.edu/AssistantProfessor6}, {X=http://www.Department10.University0.edu/UndergraduateStudent69}, {X=http://www.Department10.University0.edu/UndergraduateStudent132}, {X=http://www.Department10.University0.edu/UndergraduateStudent99}, {X=http://www.Department10.University0.edu/UndergraduateStudent226}, {X=http://www.Department10.University0.edu/UndergraduateStudent362}, {X=http://www.Department10.University0.edu/UndergraduateStudent81}, {X=http://www.Department10.University0.edu/UndergraduateStudent203}, {X=http://www.Department10.University0.edu/UndergraduateStudent334}, {X=http://www.Department10.University0.edu/GraduateStudent122}, {X=http://www.Department10.University0.edu/GraduateStudent1}, {X=http://www.Department10.University0.edu/GraduateStudent114}, {X=http://www.Department10.University0.edu/UndergraduateStudent378}, {X=http://www.Department10.University0.edu/UndergraduateStudent264}, {X=http://www.Department10.University0.edu/UndergraduateStudent338}, {X=http://www.Department10.University0.edu/GraduateStudent88}, {X=http://www.Department10.University0.edu/GraduateStudent15}, {X=http://www.Department10.University0.edu/UndergraduateStudent176}, {X=http://www.Department10.University0.edu/UndergraduateStudent45}, {X=http://www.Department10.University0.edu/UndergraduateStudent86}, {X=http://www.Department10.University0.edu/GraduateStudent127}, {X=http://www.Department10.University0.edu/UndergraduateStudent165}, {X=http://www.Department10.University0.edu/UndergraduateStudent172}, {X=http://www.Department10.University0.edu/UndergraduateStudent268}, {X=http://www.Department10.University0.edu/UndergraduateStudent251}, {X=http://www.Department10.University0.edu/GraduateStudent66}, {X=http://www.Department10.University0.edu/UndergraduateStudent254}, {X=http://www.Department10.University0.edu/UndergraduateStudent190}, {X=http://www.Department10.University0.edu/UndergraduateStudent408}, {X=http://www.Department10.University0.edu/GraduateStudent2}, {X=http://www.Department10.University0.edu/UndergraduateStudent118}, {X=http://www.Department10.University0.edu/UndergraduateStudent367}, {X=http://www.Department10.University0.edu/UndergraduateStudent77}, {X=http://www.Department10.University0.edu/UndergraduateStudent374}, {X=http://www.Department10.University0.edu/UndergraduateStudent398}, {X=http://www.Department10.University0.edu/UndergraduateStudent135}, {X=http://www.Department10.University0.edu/UndergraduateStudent58}, {X=http://www.Department10.University0.edu/UndergraduateStudent306}, {X=http://www.Department10.University0.edu/GraduateStudent0}, {X=http://www.Department10.University0.edu/UndergraduateStudent71}, {X=http://www.Department10.University0.edu/UndergraduateStudent157}, {X=http://www.Department10.University0.edu/UndergraduateStudent119}, {X=http://www.Department10.University0.edu/UndergraduateStudent235}, {X=http://www.Department10.University0.edu/UndergraduateStudent25}, {X=http://www.Department10.University0.edu/UndergraduateStudent325}, {X=http://www.Department10.University0.edu/GraduateStudent21}, {X=http://www.Department10.University0.edu/UndergraduateStudent236}, {X=http://www.Department10.University0.edu/UndergraduateStudent96}, {X=http://www.Department10.University0.edu/UndergraduateStudent255}, {X=http://www.Department10.University0.edu/UndergraduateStudent0}, {X=http://www.Department10.University0.edu/UndergraduateStudent313}, {X=http://www.Department10.University0.edu/UndergraduateStudent399}, {X=http://www.Department10.University0.edu/UndergraduateStudent267}, {X=http://www.Department10.University0.edu/UndergraduateStudent38}, {X=http://www.Department10.University0.edu/GraduateStudent57}, {X=http://www.Department10.University0.edu/UndergraduateStudent180}, {X=http://www.Department10.University0.edu/UndergraduateStudent143}, {X=http://www.Department10.University0.edu/UndergraduateStudent76}, {X=http://www.Department10.University0.edu/UndergraduateStudent101}, {X=http://www.Department10.University0.edu/UndergraduateStudent342}, {X=http://www.Department10.University0.edu/UndergraduateStudent168}, {X=http://www.Department10.University0.edu/UndergraduateStudent6}, {X=http://www.Department10.University0.edu/UndergraduateStudent144}, {X=http://www.Department10.University0.edu/UndergraduateStudent311}, {X=http://www.Department10.University0.edu/GraduateStudent44}, {X=http://www.Department10.University0.edu/FullProfessor2}, {X=http://www.Department10.University0.edu/GraduateStudent30}, {X=http://www.Department10.University0.edu/UndergraduateStudent152}, {X=http://www.Department10.University0.edu/UndergraduateStudent72}, {X=http://www.Department10.University0.edu/UndergraduateStudent341}, {X=http://www.Department10.University0.edu/GraduateStudent46}, {X=http://www.Department10.University0.edu/UndergraduateStudent336}, {X=http://www.Department10.University0.edu/UndergraduateStudent350}, {X=http://www.Department10.University0.edu/FullProfessor5}, {X=http://www.Department10.University0.edu/GraduateStudent76}, {X=http://www.Department10.University0.edu/GraduateStudent40}, {X=http://www.Department10.University0.edu/UndergraduateStudent162}, {X=http://www.Department10.University0.edu/GraduateStudent97}, {X=http://www.Department10.University0.edu/UndergraduateStudent159}, {X=http://www.Department10.University0.edu/UndergraduateStudent109}, {X=http://www.Department10.University0.edu/GraduateStudent99}, {X=http://www.Department10.University0.edu/UndergraduateStudent365}, {X=http://www.Department10.University0.edu/UndergraduateStudent4}, {X=http://www.Department10.University0.edu/GraduateStudent62}, {X=http://www.Department10.University0.edu/GraduateStudent12}, {X=http://www.Department10.University0.edu/UndergraduateStudent379}, {X=http://www.Department10.University0.edu/GraduateStudent61}, {X=http://www.Department10.University0.edu/GraduateStudent124}, {X=http://www.Department10.University0.edu/UndergraduateStudent384}, {X=http://www.Department10.University0.edu/AssistantProfessor7}, {X=http://www.Department10.University0.edu/UndergraduateStudent28}, {X=http://www.Department10.University0.edu/UndergraduateStudent192}, {X=http://www.Department10.University0.edu/UndergraduateStudent42}, {X=http://www.Department10.University0.edu/UndergraduateStudent153}, {X=http://www.Department10.University0.edu/UndergraduateStudent160}, {X=http://www.Department10.University0.edu/UndergraduateStudent154}, {X=http://www.Department10.University0.edu/GraduateStudent29}, {X=http://www.Department10.University0.edu/AssistantProfessor3}, {X=http://www.Department10.University0.edu/GraduateStudent118}, {X=http://www.Department10.University0.edu/GraduateStudent80}, {X=http://www.Department10.University0.edu/UndergraduateStudent18}, {X=http://www.Department10.University0.edu/UndergraduateStudent328}, {X=http://www.Department10.University0.edu/GraduateStudent60}, {X=http://www.Department10.University0.edu/UndergraduateStudent315}, {X=http://www.Department10.University0.edu/GraduateStudent113}, {X=http://www.Department10.University0.edu/UndergraduateStudent130}, {X=http://www.Department10.University0.edu/UndergraduateStudent34}, {X=http://www.Department10.University0.edu/UndergraduateStudent231}, {X=http://www.Department10.University0.edu/Lecturer5}, {X=http://www.Department10.University0.edu/GraduateStudent86}, {X=http://www.Department10.University0.edu/UndergraduateStudent229}, {X=http://www.Department10.University0.edu/UndergraduateStudent303}, {X=http://www.Department10.University0.edu/UndergraduateStudent171}, {X=http://www.Department10.University0.edu/UndergraduateStudent47}, {X=http://www.Department10.University0.edu/UndergraduateStudent94}, {X=http://www.Department10.University0.edu/GraduateStudent45}, {X=http://www.Department10.University0.edu/UndergraduateStudent318}, {X=http://www.Department10.University0.edu/GraduateStudent23}, {X=http://www.Department10.University0.edu/UndergraduateStudent35}, {X=http://www.Department10.University0.edu/UndergraduateStudent320}, {X=http://www.Department10.University0.edu/UndergraduateStudent113}, {X=http://www.Department10.University0.edu/UndergraduateStudent9}, {X=http://www.Department10.University0.edu/UndergraduateStudent127}, {X=http://www.Department10.University0.edu/UndergraduateStudent258}, {X=http://www.Department10.University0.edu/FullProfessor3}, {X=http://www.Department10.University0.edu/GraduateStudent70}, {X=http://www.Department10.University0.edu/UndergraduateStudent78}, {X=http://www.Department10.University0.edu/UndergraduateStudent373}, {X=http://www.Department10.University0.edu/GraduateStudent72}, {X=http://www.Department10.University0.edu/UndergraduateStudent238}, {X=http://www.Department10.University0.edu/UndergraduateStudent331}, {X=http://www.Department10.University0.edu/UndergraduateStudent209}, {X=http://www.Department10.University0.edu/UndergraduateStudent221}, {X=http://www.Department10.University0.edu/UndergraduateStudent326}, {X=http://www.Department10.University0.edu/UndergraduateStudent8}, {X=http://www.Department10.University0.edu/UndergraduateStudent87}, {X=http://www.Department10.University0.edu/UndergraduateStudent244}, {X=http://www.Department10.University0.edu/UndergraduateStudent300}, {X=http://www.Department10.University0.edu/UndergraduateStudent262}, {X=http://www.Department10.University0.edu/UndergraduateStudent10}, {X=http://www.Department10.University0.edu/UndergraduateStudent356}, {X=http://www.Department10.University0.edu/UndergraduateStudent391}, {X=http://www.Department10.University0.edu/UndergraduateStudent346}, {X=http://www.Department10.University0.edu/GraduateStudent121}, {X=http://www.Department10.University0.edu/UndergraduateStudent185}, {X=http://www.Department10.University0.edu/UndergraduateStudent301}, {X=http://www.Department10.University0.edu/GraduateStudent43}, {X=http://www.Department10.University0.edu/UndergraduateStudent404}, {X=http://www.Department10.University0.edu/UndergraduateStudent11}, {X=http://www.Department10.University0.edu/UndergraduateStudent316}, {X=http://www.Department10.University0.edu/UndergraduateStudent75}, {X=http://www.Department10.University0.edu/UndergraduateStudent93}, {X=http://www.Department10.University0.edu/GraduateStudent89}, {X=http://www.Department10.University0.edu/GraduateStudent136}, {X=http://www.Department10.University0.edu/UndergraduateStudent52}, {X=http://www.Department10.University0.edu/UndergraduateStudent40}, {X=http://www.Department10.University0.edu/UndergraduateStudent358}, {X=http://www.Department10.University0.edu/UndergraduateStudent37}, {X=http://www.Department10.University0.edu/UndergraduateStudent196}, {X=http://www.Department10.University0.edu/UndergraduateStudent164}, {X=http://www.Department10.University0.edu/UndergraduateStudent16}, {X=http://www.Department10.University0.edu/UndergraduateStudent17}, {X=http://www.Department10.University0.edu/GraduateStudent84}, {X=http://www.Department10.University0.edu/AssistantProfessor9}, {X=http://www.Department10.University0.edu/GraduateStudent132}, {X=http://www.Department10.University0.edu/UndergraduateStudent20}, {X=http://www.Department10.University0.edu/UndergraduateStudent294}, {X=http://www.Department10.University0.edu/UndergraduateStudent282}, {X=http://www.Department10.University0.edu/UndergraduateStudent388}, {X=http://www.Department10.University0.edu/UndergraduateStudent370}, {X=http://www.Department10.University0.edu/UndergraduateStudent216}, {X=http://www.Department10.University0.edu/GraduateStudent112}, {X=http://www.Department10.University0.edu/UndergraduateStudent292}, {X=http://www.Department10.University0.edu/UndergraduateStudent270}, {X=http://www.Department10.University0.edu/UndergraduateStudent340}, {X=http://www.Department10.University0.edu/UndergraduateStudent309}, {X=http://www.Department10.University0.edu/UndergraduateStudent142}, {X=http://www.Department10.University0.edu/UndergraduateStudent310}, {X=http://www.Department10.University0.edu/UndergraduateStudent129}, {X=http://www.Department10.University0.edu/UndergraduateStudent249}, {X=http://www.Department10.University0.edu/UndergraduateStudent410}, {X=http://www.Department10.University0.edu/UndergraduateStudent147}, {X=http://www.Department10.University0.edu/UndergraduateStudent59}, {X=http://www.Department10.University0.edu/UndergraduateStudent181}, {X=http://www.Department10.University0.edu/UndergraduateStudent213}, {X=http://www.Department10.University0.edu/UndergraduateStudent386}, {X=http://www.Department10.University0.edu/GraduateStudent109}, {X=http://www.Department10.University0.edu/UndergraduateStudent295}, {X=http://www.Department10.University0.edu/GraduateStudent105}, {X=http://www.Department10.University0.edu/UndergraduateStudent396}, {X=http://www.Department10.University0.edu/UndergraduateStudent121}, {X=http://www.Department10.University0.edu/GraduateStudent14}, {X=http://www.Department10.University0.edu/UndergraduateStudent212}, {X=http://www.Department10.University0.edu/GraduateStudent20}, {X=http://www.Department10.University0.edu/UndergraduateStudent66}, {X=http://www.Department10.University0.edu/UndergraduateStudent61}, {X=http://www.Department10.University0.edu/GraduateStudent64}, {X=http://www.Department10.University0.edu/UndergraduateStudent279}, {X=http://www.Department10.University0.edu/UndergraduateStudent74}, {X=http://www.Department10.University0.edu/UndergraduateStudent198}, {X=http://www.Department10.University0.edu/UndergraduateStudent277}, {X=http://www.Department10.University0.edu/UndergraduateStudent240}, {X=http://www.Department10.University0.edu/UndergraduateStudent304}, {X=http://www.Department10.University0.edu/UndergraduateStudent252}, {X=http://www.Department10.University0.edu/UndergraduateStudent204}, {X=http://www.Department10.University0.edu/AssistantProfessor4}, {X=http://www.Department10.University0.edu/UndergraduateStudent214}, {X=http://www.Department10.University0.edu/UndergraduateStudent149}, {X=http://www.Department10.University0.edu/GraduateStudent116}, {X=http://www.Department10.University0.edu/UndergraduateStudent116}, {X=http://www.Department10.University0.edu/UndergraduateStudent299}, {X=http://www.Department10.University0.edu/UndergraduateStudent3}, {X=http://www.Department10.University0.edu/UndergraduateStudent15}, {X=http://www.Department10.University0.edu/UndergraduateStudent261}, {X=http://www.Department10.University0.edu/GraduateStudent100}, {X=http://www.Department10.University0.edu/UndergraduateStudent80}, {X=http://www.Department10.University0.edu/AssociateProfessor0}, {X=http://www.Department10.University0.edu/UndergraduateStudent406}, {X=http://www.Department10.University0.edu/UndergraduateStudent369}, {X=http://www.Department10.University0.edu/UndergraduateStudent175}, {X=http://www.Department10.University0.edu/AssociateProfessor3}, {X=http://www.Department10.University0.edu/UndergraduateStudent148}, {X=http://www.Department10.University0.edu/Lecturer2}, {X=http://www.Department10.University0.edu/GraduateStudent129}, {X=http://www.Department10.University0.edu/UndergraduateStudent122}, {X=http://www.Department10.University0.edu/UndergraduateStudent228}, {X=http://www.Department10.University0.edu/UndergraduateStudent102}, {X=http://www.Department10.University0.edu/GraduateStudent115}, {X=http://www.Department10.University0.edu/UndergraduateStudent354}, {X=http://www.Department10.University0.edu/UndergraduateStudent174}, {X=http://www.Department10.University0.edu/UndergraduateStudent155}, {X=http://www.Department10.University0.edu/UndergraduateStudent349}, {X=http://www.Department10.University0.edu/GraduateStudent82}, {X=http://www.Department10.University0.edu/UndergraduateStudent219}, {X=http://www.Department10.University0.edu/AssociateProfessor8}, {X=http://www.Department10.University0.edu/UndergraduateStudent243}, {X=http://www.Department10.University0.edu/UndergraduateStudent26}, {X=http://www.Department10.University0.edu/GraduateStudent9}, {X=http://www.Department10.University0.edu/UndergraduateStudent247}, {X=http://www.Department10.University0.edu/GraduateStudent49}, {X=http://www.Department10.University0.edu/GraduateStudent108}, {X=http://www.Department10.University0.edu/UndergraduateStudent272}, {X=http://www.Department10.University0.edu/GraduateStudent81}, {X=http://www.Department10.University0.edu/UndergraduateStudent239}, {X=http://www.Department10.University0.edu/UndergraduateStudent13}, {X=http://www.Department10.University0.edu/UndergraduateStudent195}, {X=http://www.Department10.University0.edu/GraduateStudent94}, {X=http://www.Department10.University0.edu/UndergraduateStudent183}, {X=http://www.Department10.University0.edu/UndergraduateStudent163}, {X=http://www.Department10.University0.edu/GraduateStudent65}, {X=http://www.Department10.University0.edu/UndergraduateStudent27}, {X=http://www.Department10.University0.edu/UndergraduateStudent30}, {X=http://www.Department10.University0.edu/UndergraduateStudent125}, {X=http://www.Department10.University0.edu/UndergraduateStudent14}, {X=http://www.Department10.University0.edu/UndergraduateStudent70}, {X=http://www.Department10.University0.edu/UndergraduateStudent53}, {X=http://www.Department10.University0.edu/UndergraduateStudent329}, {X=http://www.Department10.University0.edu/UndergraduateStudent139}, {X=http://www.Department10.University0.edu/GraduateStudent18}, {X=http://www.Department10.University0.edu/UndergraduateStudent333}, {X=http://www.Department10.University0.edu/UndergraduateStudent359}, {X=http://www.Department10.University0.edu/GraduateStudent19}, {X=http://www.Department10.University0.edu/UndergraduateStudent187}, {X=http://www.Department10.University0.edu/UndergraduateStudent202}, {X=http://www.Department10.University0.edu/GraduateStudent91}, {X=http://www.Department10.University0.edu/UndergraduateStudent385}, {X=http://www.Department10.University0.edu/AssociateProfessor4}, {X=http://www.Department10.University0.edu/UndergraduateStudent286}, {X=http://www.Department10.University0.edu/UndergraduateStudent206}, {X=http://www.Department10.University0.edu/UndergraduateStudent225}, {X=http://www.Department10.University0.edu/UndergraduateStudent182}, {X=http://www.Department10.University0.edu/UndergraduateStudent283}, {X=http://www.Department10.University0.edu/UndergraduateStudent161}, {X=http://www.Department10.University0.edu/UndergraduateStudent23}, {X=http://www.Department10.University0.edu/UndergraduateStudent401}, {X=http://www.Department10.University0.edu/GraduateStudent54}, {X=http://www.Department10.University0.edu/AssistantProfessor5}, {X=http://www.Department10.University0.edu/UndergraduateStudent321}, {X=http://www.Department10.University0.edu/UndergraduateStudent296}, {X=http://www.Department10.University0.edu/UndergraduateStudent178}, {X=http://www.Department10.University0.edu/UndergraduateStudent344}, {X=http://www.Department10.University0.edu/GraduateStudent25}, {X=http://www.Department10.University0.edu/UndergraduateStudent257}, {X=http://www.Department10.University0.edu/UndergraduateStudent383}, {X=http://www.Department10.University0.edu/UndergraduateStudent63}, {X=http://www.Department10.University0.edu/UndergraduateStudent57}, {X=http://www.Department10.University0.edu/GraduateStudent104}, {X=http://www.Department10.University0.edu/UndergraduateStudent335}, {X=http://www.Department10.University0.edu/UndergraduateStudent207}, {X=http://www.Department10.University0.edu/UndergraduateStudent248}, {X=http://www.Department10.University0.edu/GraduateStudent11}, {X=http://www.Department10.University0.edu/UndergraduateStudent298}, {X=http://www.Department10.University0.edu/FullProfessor1}, {X=http://www.Department10.University0.edu/GraduateStudent13}, {X=http://www.Department10.University0.edu/UndergraduateStudent90}, {X=http://www.Department10.University0.edu/UndergraduateStudent194}, {X=http://www.Department10.University0.edu/GraduateStudent68}, {X=http://www.Department10.University0.edu/GraduateStudent10}, {X=http://www.Department10.University0.edu/UndergraduateStudent173}, {X=http://www.Department10.University0.edu/UndergraduateStudent39}, {X=http://www.Department10.University0.edu/UndergraduateStudent217}, {X=http://www.Department10.University0.edu/UndergraduateStudent158}, {X=http://www.Department10.University0.edu/GraduateStudent93}, {X=http://www.Department10.University0.edu/UndergraduateStudent211}, {X=http://www.Department10.University0.edu/UndergraduateStudent382}, {X=http://www.Department10.University0.edu/GraduateStudent39}, {X=http://www.Department10.University0.edu/UndergraduateStudent201}, {X=http://www.Department10.University0.edu/GraduateStudent63}, {X=http://www.Department10.University0.edu/GraduateStudent52}, {X=http://www.Department10.University0.edu/UndergraduateStudent353}, {X=http://www.Department10.University0.edu/GraduateStudent101}, {X=http://www.Department10.University0.edu/GraduateStudent125}, {X=http://www.Department10.University0.edu/UndergraduateStudent2}, {X=http://www.Department10.University0.edu/UndergraduateStudent62}, {X=http://www.Department10.University0.edu/UndergraduateStudent22}, {X=http://www.Department10.University0.edu/UndergraduateStudent234}, {X=http://www.Department10.University0.edu/UndergraduateStudent308}, {X=http://www.Department10.University0.edu/AssistantProfessor1}, {X=http://www.Department10.University0.edu/UndergraduateStudent97}, {X=http://www.Department10.University0.edu/GraduateStudent4}, {X=http://www.Department10.University0.edu/UndergraduateStudent377}, {X=http://www.Department10.University0.edu/UndergraduateStudent41}, {X=http://www.Department10.University0.edu/UndergraduateStudent250}, {X=http://www.Department10.University0.edu/UndergraduateStudent330}, {X=http://www.Department10.University0.edu/UndergraduateStudent227}, {X=http://www.Department10.University0.edu/GraduateStudent96}, {X=http://www.Department10.University0.edu/AssistantProfessor2}, {X=http://www.Department10.University0.edu/UndergraduateStudent199}, {X=http://www.Department10.University0.edu/GraduateStudent131}, {X=http://www.Department10.University0.edu/UndergraduateStudent265}, {X=http://www.Department10.University0.edu/UndergraduateStudent131}, {X=http://www.Department10.University0.edu/FullProfessor0}, {X=http://www.Department10.University0.edu/UndergraduateStudent48}, {X=http://www.Department10.University0.edu/GraduateStudent33}, {X=http://www.Department10.University0.edu/UndergraduateStudent137}, {X=http://www.Department10.University0.edu/UndergraduateStudent281}, {X=http://www.Department10.University0.edu/UndergraduateStudent166}, {X=http://www.Department10.University0.edu/UndergraduateStudent233}, {X=http://www.Department10.University0.edu/GraduateStudent98}, {X=http://www.Department10.University0.edu/UndergraduateStudent67}, {X=http://www.Department10.University0.edu/UndergraduateStudent85}, {X=http://www.Department10.University0.edu/UndergraduateStudent88}, {X=http://www.Department10.University0.edu/UndergraduateStudent120}, {X=http://www.Department10.University0.edu/GraduateStudent123}, {X=http://www.Department10.University0.edu/GraduateStudent110}, {X=http://www.Department10.University0.edu/UndergraduateStudent36}, {X=http://www.Department10.University0.edu/UndergraduateStudent151}, {X=http://www.Department10.University0.edu/GraduateStudent31}, {X=http://www.Department10.University0.edu/UndergraduateStudent82}, {X=http://www.Department10.University0.edu/GraduateStudent35}, {X=http://www.Department10.University0.edu/UndergraduateStudent241}, {X=http://www.Department10.University0.edu/GraduateStudent34}, {X=http://www.Department10.University0.edu/UndergraduateStudent126}, {X=http://www.Department10.University0.edu/UndergraduateStudent184}, {X=http://www.Department10.University0.edu/AssociateProfessor2}, {X=http://www.Department10.University0.edu/UndergraduateStudent169}, {X=http://www.Department10.University0.edu/UndergraduateStudent12}, {X=http://www.Department10.University0.edu/UndergraduateStudent133}, {X=http://www.Department10.University0.edu/UndergraduateStudent84}, {X=http://www.Department10.University0.edu/GraduateStudent8}, {X=http://www.Department10.University0.edu/UndergraduateStudent403}, {X=http://www.Department10.University0.edu/UndergraduateStudent60}, {X=http://www.Department10.University0.edu/GraduateStudent26}, {X=http://www.Department10.University0.edu/UndergraduateStudent402}, {X=http://www.Department10.University0.edu/UndergraduateStudent210}, {X=http://www.Department10.University0.edu/GraduateStudent69}, {X=http://www.Department10.University0.edu/UndergraduateStudent123}, {X=http://www.Department10.University0.edu/UndergraduateStudent167}, {X=http://www.Department10.University0.edu/UndergraduateStudent361}, {X=http://www.Department10.University0.edu/GraduateStudent5}, {X=http://www.Department10.University0.edu/FullProfessor4}, {X=http://www.Department10.University0.edu/GraduateStudent55}, {X=http://www.Department10.University0.edu/GraduateStudent134}, {X=http://www.Department10.University0.edu/UndergraduateStudent200}, {X=http://www.Department10.University0.edu/UndergraduateStudent29}, {X=http://www.Department10.University0.edu/GraduateStudent16}, {X=http://www.Department10.University0.edu/UndergraduateStudent271}, {X=http://www.Department10.University0.edu/UndergraduateStudent322}, {X=http://www.Department10.University0.edu/UndergraduateStudent33}, {X=http://www.Department10.University0.edu/UndergraduateStudent405}, {X=http://www.Department10.University0.edu/AssistantProfessor10}, {X=http://www.Department10.University0.edu/UndergraduateStudent146}, {X=http://www.Department10.University0.edu/UndergraduateStudent56}, {X=http://www.Department10.University0.edu/UndergraduateStudent107}, {X=http://www.Department10.University0.edu/UndergraduateStudent170}, {X=http://www.Department10.University0.edu/UndergraduateStudent395}, {X=http://www.Department10.University0.edu/UndergraduateStudent230}, {X=http://www.Department10.University0.edu/AssistantProfessor0}, {X=http://www.Department10.University0.edu/GraduateStudent36}, {X=http://www.Department10.University0.edu/UndergraduateStudent352}, {X=http://www.Department10.University0.edu/UndergraduateStudent110}, {X=http://www.Department10.University0.edu/GraduateStudent74}, {X=http://www.Department10.University0.edu/GraduateStudent120}, {X=http://www.Department10.University0.edu/GraduateStudent83}, {X=http://www.Department10.University0.edu/UndergraduateStudent312}, {X=http://www.Department10.University0.edu/UndergraduateStudent141}, {X=http://www.Department10.University0.edu/GraduateStudent137}, {X=http://www.Department10.University0.edu/GraduateStudent75}, {X=http://www.Department10.University0.edu/Lecturer0}, {X=http://www.Department10.University0.edu/UndergraduateStudent380}, {X=http://www.Department10.University0.edu/Lecturer1}, {X=http://www.Department10.University0.edu/GraduateStudent117}, {X=http://www.Department10.University0.edu/GraduateStudent27}, {X=http://www.Department10.University0.edu/UndergraduateStudent363}, {X=http://www.Department10.University0.edu/UndergraduateStudent389}, {X=http://www.Department10.University0.edu/UndergraduateStudent105}, {X=http://www.Department10.University0.edu/GraduateStudent73}, {X=http://www.Department10.University0.edu/UndergraduateStudent280}, {X=http://www.Department10.University0.edu/UndergraduateStudent115}, {X=http://www.Department10.University0.edu/GraduateStudent58}, {X=http://www.Department10.University0.edu/UndergraduateStudent191}, {X=http://www.Department10.University0.edu/UndergraduateStudent79}, {X=http://www.Department10.University0.edu/UndergraduateStudent259}, {X=http://www.Department10.University0.edu/UndergraduateStudent324}, {X=http://www.Department10.University0.edu/UndergraduateStudent188}, {X=http://www.Department10.University0.edu/UndergraduateStudent100}, {X=http://www.Department10.University0.edu/UndergraduateStudent50}, {X=http://www.Department10.University0.edu/UndergraduateStudent65}, {X=http://www.Department10.University0.edu/UndergraduateStudent49}, {X=http://www.Department10.University0.edu/UndergraduateStudent189}, {X=http://www.Department10.University0.edu/UndergraduateStudent140}, {X=http://www.Department10.University0.edu/GraduateStudent17}, {X=http://www.Department10.University0.edu/GraduateStudent85}, {X=http://www.Department10.University0.edu/UndergraduateStudent366}, {X=http://www.Department10.University0.edu/UndergraduateStudent136}, {X=http://www.Department10.University0.edu/UndergraduateStudent138}, {X=http://www.Department10.University0.edu/UndergraduateStudent327}, {X=http://www.Department10.University0.edu/GraduateStudent119}, {X=http://www.Department10.University0.edu/UndergraduateStudent269}, {X=http://www.Department10.University0.edu/UndergraduateStudent73}, {X=http://www.Department10.University0.edu/AssociateProfessor5}, {X=http://www.Department10.University0.edu/UndergraduateStudent103}, {X=http://www.Department10.University0.edu/UndergraduateStudent54}, {X=http://www.Department10.University0.edu/GraduateStudent128}, {X=http://www.Department10.University0.edu/GraduateStudent130}, {X=http://www.Department10.University0.edu/UndergraduateStudent368}, {X=http://www.Department10.University0.edu/GraduateStudent87}, {X=http://www.Department10.University0.edu/UndergraduateStudent215}, {X=http://www.Department10.University0.edu/UndergraduateStudent351}, {X=http://www.Department10.University0.edu/GraduateStudent37}, {X=http://www.Department10.University0.edu/GraduateStudent79}, {X=http://www.Department10.University0.edu/UndergraduateStudent5}, {X=http://www.Department10.University0.edu/GraduateStudent67}, {X=http://www.Department10.University0.edu/GraduateStudent41}, {X=http://www.Department10.University0.edu/UndergraduateStudent134}, {X=http://www.Department10.University0.edu/UndergraduateStudent276}, {X=http://www.Department10.University0.edu/GraduateStudent42}, {X=http://www.Department10.University0.edu/UndergraduateStudent253}, {X=http://www.Department10.University0.edu/GraduateStudent22}, {X=http://www.Department10.University0.edu/UndergraduateStudent91}, {X=http://www.Department10.University0.edu/UndergraduateStudent355}, {X=http://www.Department10.University0.edu/UndergraduateStudent245}, {X=http://www.Department10.University0.edu/UndergraduateStudent260}, {X=http://www.Department10.University0.edu/UndergraduateStudent357}, {X=http://www.Department10.University0.edu/UndergraduateStudent150}, {X=http://www.Department10.University0.edu/UndergraduateStudent106}, {X=http://www.Department10.University0.edu/GraduateStudent48}, {X=http://www.Department10.University0.edu/UndergraduateStudent305}, {X=http://www.Department10.University0.edu/GraduateStudent7}, {X=http://www.Department10.University0.edu/UndergraduateStudent290}, {X=http://www.Department10.University0.edu/UndergraduateStudent343}, {X=http://www.Department10.University0.edu/UndergraduateStudent246}, {X=http://www.Department10.University0.edu/UndergraduateStudent302}, {X=http://www.Department10.University0.edu/UndergraduateStudent407}, {X=http://www.Department10.University0.edu/UndergraduateStudent348}, {X=http://www.Department10.University0.edu/UndergraduateStudent273}, {X=http://www.Department10.University0.edu/UndergraduateStudent128}, {X=http://www.Department10.University0.edu/Lecturer3}, {X=http://www.Department10.University0.edu/UndergraduateStudent92}, {X=http://www.Department10.University0.edu/GraduateStudent71}, {X=http://www.Department10.University0.edu/GraduateStudent53}, {X=http://www.Department10.University0.edu/UndergraduateStudent7}, {X=http://www.Department10.University0.edu/UndergraduateStudent220}, {X=http://www.Department10.University0.edu/UndergraduateStudent409}, {X=http://www.Department10.University0.edu/UndergraduateStudent297}, {X=http://www.Department10.University0.edu/UndergraduateStudent339}, {X=http://www.Department10.University0.edu/UndergraduateStudent83}, {X=http://www.Department10.University0.edu/UndergraduateStudent394}, {X=http://www.Department10.University0.edu/UndergraduateStudent376}, {X=http://www.Department10.University0.edu/UndergraduateStudent21}, {X=http://www.Department10.University0.edu/AssociateProfessor9}, {X=http://www.Department10.University0.edu/UndergraduateStudent218}, {X=http://www.Department10.University0.edu/UndergraduateStudent293}, {X=http://www.Department10.University0.edu/UndergraduateStudent31}, {X=http://www.Department10.University0.edu/GraduateStudent111}, {X=http://www.Department10.University0.edu/UndergraduateStudent314}, {X=http://www.Department10.University0.edu/GraduateStudent78}, {X=http://www.Department10.University0.edu/UndergraduateStudent332}, {X=http://www.Department10.University0.edu/Lecturer6}, {X=http://www.Department10.University0.edu/UndergraduateStudent284}, {X=http://www.Department10.University0.edu/UndergraduateStudent397}, {X=http://www.Department10.University0.edu/UndergraduateStudent51}, {X=http://www.Department10.University0.edu/GraduateStudent77}, {X=http://www.Department10.University0.edu/UndergraduateStudent104}, {X=http://www.Department10.University0.edu/GraduateStudent103}, {X=http://www.Department10.University0.edu/UndergraduateStudent323}, {X=http://www.Department10.University0.edu/GraduateStudent135}, {X=http://www.Department10.University0.edu/Lecturer4}, {X=http://www.Department10.University0.edu/UndergraduateStudent317}, {X=http://www.Department10.University0.edu/GraduateStudent126}, {X=http://www.Department10.University0.edu/UndergraduateStudent24}, {X=http://www.Department10.University0.edu/UndergraduateStudent64}, {X=http://www.Department10.University0.edu/GraduateStudent59}, {X=http://www.Department10.University0.edu/UndergraduateStudent46}, {X=http://www.Department10.University0.edu/UndergraduateStudent266}, {X=http://www.Department10.University0.edu/GraduateStudent3}, {X=http://www.Department10.University0.edu/UndergraduateStudent256}, {X=http://www.Department10.University0.edu/AssociateProfessor1}, {X=http://www.Department10.University0.edu/GraduateStudent6}, {X=http://www.Department10.University0.edu/UndergraduateStudent222}, {X=http://www.Department10.University0.edu/AssistantProfessor8}, {X=http://www.Department10.University0.edu/UndergraduateStudent347}, {X=http://www.Department10.University0.edu/UndergraduateStudent275}, {X=http://www.Department10.University0.edu/UndergraduateStudent205}, {X=http://www.Department10.University0.edu/UndergraduateStudent381}, {X=http://www.Department10.University0.edu/UndergraduateStudent291}, {X=http://www.Department10.University0.edu/GraduateStudent107}, {X=http://www.Department10.University0.edu/UndergraduateStudent145}, {X=http://www.Department10.University0.edu/UndergraduateStudent237}, {X=http://www.Department10.University0.edu/UndergraduateStudent124}, {X=http://www.Department10.University0.edu/UndergraduateStudent242}, {X=http://www.Department10.University0.edu/UndergraduateStudent197}, {X=http://www.Department10.University0.edu/UndergraduateStudent372}, {X=http://www.Department10.University0.edu/UndergraduateStudent177}, {X=http://www.Department10.University0.edu/FullProfessor6}, {X=http://www.Department10.University0.edu/GraduateStudent102}, {X=http://www.Department10.University0.edu/GraduateStudent38}, {X=http://www.Department10.University0.edu/UndergraduateStudent43}, {X=http://www.Department10.University0.edu/UndergraduateStudent392}, {X=http://www.Department10.University0.edu/UndergraduateStudent98}, {X=http://www.Department10.University0.edu/GraduateStudent56}, {X=http://www.Department10.University0.edu/UndergraduateStudent223}, {X=http://www.Department10.University0.edu/UndergraduateStudent32}, {X=http://www.Department10.University0.edu/UndergraduateStudent319}, {X=http://www.Department10.University0.edu/UndergraduateStudent112}, {X=http://www.Department10.University0.edu/UndergraduateStudent44}, {X=http://www.Department10.University0.edu/UndergraduateStudent117}, {X=http://www.Department10.University0.edu/UndergraduateStudent371}, {X=http://www.Department10.University0.edu/UndergraduateStudent289}, {X=http://www.Department10.University0.edu/UndergraduateStudent263}, {X=http://www.Department10.University0.edu/UndergraduateStudent19}, {X=http://www.Department10.University0.edu/UndergraduateStudent390}, {X=http://www.Department10.University0.edu/UndergraduateStudent307}, {X=http://www.Department10.University0.edu/UndergraduateStudent1}, {X=http://www.Department10.University0.edu/AssociateProfessor10}, {X=http://www.Department10.University0.edu/UndergraduateStudent95}, {X=http://www.Department10.University0.edu/GraduateStudent50}, {X=http://www.Department10.University0.edu/UndergraduateStudent288}, {X=http://www.Department10.University0.edu/GraduateStudent28}, {X=http://www.Department10.University0.edu/GraduateStudent47}, {X=http://www.Department10.University0.edu/GraduateStudent24}, {X=http://www.Department10.University0.edu/GraduateStudent95}, {X=http://www.Department10.University0.edu/UndergraduateStudent393}, {X=http://www.Department10.University0.edu/UndergraduateStudent208}, {X=http://www.Department10.University0.edu/AssociateProfessor6}, {X=http://www.Department10.University0.edu/UndergraduateStudent68}, {X=http://www.Department10.University0.edu/UndergraduateStudent186}, {X=http://www.Department10.University0.edu/UndergraduateStudent114}, {X=http://www.Department10.University0.edu/UndergraduateStudent278}, {X=http://www.Department10.University0.edu/AssociateProfessor7}, {X=http://www.Department10.University0.edu/UndergraduateStudent232}, {X=http://www.Department10.University0.edu/UndergraduateStudent360}, {X=http://www.Department10.University0.edu/UndergraduateStudent179}, {X=http://www.Department10.University0.edu/UndergraduateStudent287}, {X=http://www.Department10.University0.edu/GraduateStudent106}, {X=http://www.Department10.University0.edu/UndergraduateStudent274}, {X=http://www.Department10.University0.edu/UndergraduateStudent89}, {X=http://www.Department10.University0.edu/GraduateStudent133}, {X=http://www.Department10.University0.edu/UndergraduateStudent285}, {X=http://www.Department10.University0.edu/UndergraduateStudent224}, {X=http://www.Department10.University0.edu/UndergraduateStudent387}, {X=http://www.Department10.University0.edu/UndergraduateStudent345}, {X=http://www.Department10.University0.edu/UndergraduateStudent364}, {X=http://www.Department10.University0.edu/UndergraduateStudent375}, {X=http://www.Department10.University0.edu/UndergraduateStudent156}, {X=http://www.Department10.University0.edu/UndergraduateStudent337}, {X=http://www.Department10.University0.edu/GraduateStudent32}, {X=http://www.Department10.University0.edu/UndergraduateStudent111}, {X=http://www.Department10.University0.edu/GraduateStudent92}, {X=http://www.Department10.University0.edu/UndergraduateStudent55}, {X=http://www.Department10.University0.edu/GraduateStudent90}, {X=http://www.Department10.University0.edu/GraduateStudent51}, {X=http://www.Department10.University0.edu/UndergraduateStudent193}, {X=http://www.Department10.University0.edu/UndergraduateStudent400}, {X=http://www.Department10.University0.edu/UndergraduateStudent108}, {X=http://www.Department10.University0.edu/AssistantProfessor6}, {X=http://www.Department10.University0.edu/UndergraduateStudent69}, {X=http://www.Department10.University0.edu/UndergraduateStudent132}, {X=http://www.Department10.University0.edu/UndergraduateStudent99}, {X=http://www.Department10.University0.edu/UndergraduateStudent226}, {X=http://www.Department10.University0.edu/UndergraduateStudent362}, {X=http://www.Department10.University0.edu/UndergraduateStudent81}, {X=http://www.Department10.University0.edu/UndergraduateStudent203}, {X=http://www.Department10.University0.edu/UndergraduateStudent334}, {X=http://www.Department10.University0.edu/GraduateStudent122}, {X=http://www.Department10.University0.edu/GraduateStudent1}, {X=http://www.Department10.University0.edu/GraduateStudent114}, {X=http://www.Department10.University0.edu/UndergraduateStudent378}, {X=http://www.Department10.University0.edu/UndergraduateStudent264}, {X=http://www.Department10.University0.edu/UndergraduateStudent338}, {X=http://www.Department10.University0.edu/GraduateStudent88}, {X=http://www.Department10.University0.edu/GraduateStudent15}, {X=http://www.Department10.University0.edu/UndergraduateStudent176}, {X=http://www.Department10.University0.edu/UndergraduateStudent45}, {X=http://www.Department10.University0.edu/UndergraduateStudent86}, {X=http://www.Department10.University0.edu/GraduateStudent127}, {X=http://www.Department10.University0.edu/UndergraduateStudent165}, {X=http://www.Department10.University0.edu/UndergraduateStudent172}, {X=http://www.Department10.University0.edu/UndergraduateStudent268}, {X=http://www.Department10.University0.edu/UndergraduateStudent251}, {X=http://www.Department10.University0.edu/GraduateStudent66}, {X=http://www.Department10.University0.edu/UndergraduateStudent254}, {X=http://www.Department10.University0.edu/UndergraduateStudent190}, {X=http://www.Department10.University0.edu/UndergraduateStudent408}, {X=http://www.Department10.University0.edu/GraduateStudent2}, {X=http://www.Department10.University0.edu/UndergraduateStudent118}, {X=http://www.Department10.University0.edu/UndergraduateStudent367}, {X=http://www.Department10.University0.edu/UndergraduateStudent77}, {X=http://www.Department10.University0.edu/UndergraduateStudent374}, {X=http://www.Department10.University0.edu/UndergraduateStudent398}, {X=http://www.Department10.University0.edu/UndergraduateStudent135}, {X=http://www.Department10.University0.edu/UndergraduateStudent58}, {X=http://www.Department10.University0.edu/UndergraduateStudent306}, {X=http://www.Department10.University0.edu/GraduateStudent0}, {X=http://www.Department10.University0.edu/UndergraduateStudent71}, {X=http://www.Department10.University0.edu/UndergraduateStudent157}, {X=http://www.Department10.University0.edu/UndergraduateStudent119}, {X=http://www.Department10.University0.edu/UndergraduateStudent235}, {X=http://www.Department10.University0.edu/UndergraduateStudent25}, {X=http://www.Department10.University0.edu/UndergraduateStudent325}, {X=http://www.Department10.University0.edu/GraduateStudent21}, {X=http://www.Department10.University0.edu/UndergraduateStudent236}, {X=http://www.Department10.University0.edu/UndergraduateStudent96}, {X=http://www.Department10.University0.edu/UndergraduateStudent255}, {X=http://www.Department10.University0.edu/UndergraduateStudent0}, {X=http://www.Department10.University0.edu/UndergraduateStudent313}, {X=http://www.Department10.University0.edu/UndergraduateStudent399}, {X=http://www.Department10.University0.edu/UndergraduateStudent267}, {X=http://www.Department10.University0.edu/UndergraduateStudent38}, {X=http://www.Department10.University0.edu/GraduateStudent57}, {X=http://www.Department10.University0.edu/UndergraduateStudent180}, {X=http://www.Department10.University0.edu/UndergraduateStudent143}, {X=http://www.Department10.University0.edu/UndergraduateStudent76}, {X=http://www.Department10.University0.edu/UndergraduateStudent101}, {X=http://www.Department10.University0.edu/UndergraduateStudent342}, {X=http://www.Department10.University0.edu/UndergraduateStudent168}, {X=http://www.Department10.University0.edu/UndergraduateStudent6}, {X=http://www.Department10.University0.edu/UndergraduateStudent144}, {X=http://www.Department10.University0.edu/UndergraduateStudent311}, {X=http://www.Department10.University0.edu/GraduateStudent44}, {X=http://www.Department10.University0.edu/FullProfessor2}, {X=http://www.Department10.University0.edu/GraduateStudent30}, {X=http://www.Department10.University0.edu/UndergraduateStudent152}, {X=http://www.Department10.University0.edu/UndergraduateStudent72}, {X=http://www.Department10.University0.edu/UndergraduateStudent341}, {X=http://www.Department10.University0.edu/GraduateStudent46}, {X=http://www.Department10.University0.edu/UndergraduateStudent336}, {X=http://www.Department10.University0.edu/UndergraduateStudent350}, {X=http://www.Department10.University0.edu/FullProfessor5}, {X=http://www.Department10.University0.edu/GraduateStudent76}, {X=http://www.Department10.University0.edu/GraduateStudent40}, {X=http://www.Department10.University0.edu/UndergraduateStudent162}, {X=http://www.Department10.University0.edu/GraduateStudent97}, {X=http://www.Department10.University0.edu/UndergraduateStudent159}, {X=http://www.Department10.University0.edu/UndergraduateStudent109}, {X=http://www.Department10.University0.edu/GraduateStudent99}, {X=http://www.Department10.University0.edu/UndergraduateStudent365}, {X=http://www.Department10.University0.edu/UndergraduateStudent4}, {X=http://www.Department10.University0.edu/GraduateStudent62}, {X=http://www.Department10.University0.edu/GraduateStudent12}, {X=http://www.Department10.University0.edu/UndergraduateStudent379}, {X=http://www.Department10.University0.edu/GraduateStudent61}, {X=http://www.Department10.University0.edu/GraduateStudent124}, {X=http://www.Department10.University0.edu/UndergraduateStudent384}, {X=http://www.Department10.University0.edu/AssistantProfessor7}, {X=http://www.Department10.University0.edu/UndergraduateStudent28}, {X=http://www.Department10.University0.edu/UndergraduateStudent192}, {X=http://www.Department10.University0.edu/UndergraduateStudent42}, {X=http://www.Department10.University0.edu/UndergraduateStudent153}, {X=http://www.Department10.University0.edu/UndergraduateStudent160}, {X=http://www.Department10.University0.edu/UndergraduateStudent154}, {X=http://www.Department10.University0.edu/GraduateStudent29}, {X=http://www.Department10.University0.edu/AssistantProfessor3}, {X=http://www.Department10.University0.edu/GraduateStudent118}, {X=http://www.Department10.University0.edu/GraduateStudent80}, {X=http://www.Department10.University0.edu/UndergraduateStudent18}, {X=http://www.Department10.University0.edu/UndergraduateStudent328}, {X=http://www.Department10.University0.edu/GraduateStudent60}, {X=http://www.Department10.University0.edu/UndergraduateStudent315}, {X=http://www.Department10.University0.edu/GraduateStudent113}, {X=http://www.Department10.University0.edu/UndergraduateStudent130}, {X=http://www.Department10.University0.edu/UndergraduateStudent34}, {X=http://www.Department10.University0.edu/UndergraduateStudent231}, {X=http://www.Department10.University0.edu/Lecturer5}, {X=http://www.Department10.University0.edu/GraduateStudent86}, {X=http://www.Department10.University0.edu/UndergraduateStudent229}, {X=http://www.Department10.University0.edu/UndergraduateStudent303}, {X=http://www.Department10.University0.edu/UndergraduateStudent171}, {X=http://www.Department10.University0.edu/UndergraduateStudent47}, {X=http://www.Department10.University0.edu/UndergraduateStudent94}, {X=http://www.Department10.University0.edu/GraduateStudent45}, {X=http://www.Department10.University0.edu/UndergraduateStudent318}, {X=http://www.Department10.University0.edu/GraduateStudent23}, {X=http://www.Department10.University0.edu/UndergraduateStudent35}, {X=http://www.Department10.University0.edu/UndergraduateStudent320}, {X=http://www.Department10.University0.edu/UndergraduateStudent113}, {X=http://www.Department10.University0.edu/UndergraduateStudent9}, {X=http://www.Department10.University0.edu/UndergraduateStudent127}, {X=http://www.Department10.University0.edu/UndergraduateStudent258}, {X=http://www.Department10.University0.edu/FullProfessor3}, {X=http://www.Department10.University0.edu/GraduateStudent70}, {X=http://www.Department10.University0.edu/UndergraduateStudent78}, {X=http://www.Department10.University0.edu/UndergraduateStudent373}, {X=http://www.Department10.University0.edu/GraduateStudent72}, {X=http://www.Department10.University0.edu/UndergraduateStudent238}, {X=http://www.Department10.University0.edu/UndergraduateStudent331}, {X=http://www.Department10.University0.edu/UndergraduateStudent209}, {X=http://www.Department10.University0.edu/UndergraduateStudent221}, {X=http://www.Department10.University0.edu/UndergraduateStudent326}, {X=http://www.Department10.University0.edu/UndergraduateStudent8}, {X=http://www.Department10.University0.edu/UndergraduateStudent87}, {X=http://www.Department10.University0.edu/UndergraduateStudent244}, {X=http://www.Department10.University0.edu/UndergraduateStudent300}, {X=http://www.Department10.University0.edu/UndergraduateStudent262}, {X=http://www.Department10.University0.edu/UndergraduateStudent10}, {X=http://www.Department10.University0.edu/UndergraduateStudent356}, {X=http://www.Department10.University0.edu/UndergraduateStudent391}, {X=http://www.Department10.University0.edu/UndergraduateStudent346}, {X=http://www.Department10.University0.edu/GraduateStudent121}, {X=http://www.Department10.University0.edu/UndergraduateStudent185}, {X=http://www.Department10.University0.edu/UndergraduateStudent301}, {X=http://www.Department10.University0.edu/GraduateStudent43}, {X=http://www.Department10.University0.edu/UndergraduateStudent404}, {X=http://www.Department10.University0.edu/UndergraduateStudent11}, {X=http://www.Department10.University0.edu/UndergraduateStudent316}, {X=http://www.Department10.University0.edu/UndergraduateStudent75}, {X=http://www.Department10.University0.edu/UndergraduateStudent93}, {X=http://www.Department10.University0.edu/GraduateStudent89}, {X=http://www.Department10.University0.edu/GraduateStudent136}, {X=http://www.Department10.University0.edu/UndergraduateStudent52}, {X=http://www.Department10.University0.edu/UndergraduateStudent40}, {X=http://www.Department10.University0.edu/UndergraduateStudent358}, {X=http://www.Department10.University0.edu/UndergraduateStudent37}, {X=http://www.Department10.University0.edu/UndergraduateStudent196}, {X=http://www.Department10.University0.edu/UndergraduateStudent164}, {X=http://www.Department10.University0.edu/UndergraduateStudent16}, {X=http://www.Department10.University0.edu/UndergraduateStudent17}, {X=http://www.Department10.University0.edu/GraduateStudent84}, {X=http://www.Department10.University0.edu/AssistantProfessor9}, {X=http://www.Department10.University0.edu/GraduateStudent132}, {X=http://www.Department10.University0.edu/UndergraduateStudent20}, {X=http://www.Department10.University0.edu/UndergraduateStudent294}, {X=http://www.Department10.University0.edu/UndergraduateStudent282}, {X=http://www.Department10.University0.edu/UndergraduateStudent388}, {X=http://www.Department10.University0.edu/UndergraduateStudent370}, {X=http://www.Department10.University0.edu/UndergraduateStudent216}, {X=http://www.Department10.University0.edu/GraduateStudent112}, {X=http://www.Department10.University0.edu/UndergraduateStudent292}, {X=http://www.Department10.University0.edu/UndergraduateStudent270}, {X=http://www.Department10.University0.edu/UndergraduateStudent340}, {X=http://www.Department10.University0.edu/UndergraduateStudent309}, {X=http://www.Department10.University0.edu/UndergraduateStudent142}, {X=http://www.Department10.University0.edu/UndergraduateStudent310}, {X=http://www.Department10.University0.edu/UndergraduateStudent129}, {X=http://www.Department10.University0.edu/UndergraduateStudent249}, {X=http://www.Department10.University0.edu/UndergraduateStudent410}, {X=http://www.Department10.University0.edu/UndergraduateStudent147}, {X=http://www.Department10.University0.edu/UndergraduateStudent59}, {X=http://www.Department10.University0.edu/UndergraduateStudent181}, {X=http://www.Department10.University0.edu/UndergraduateStudent213}, {X=http://www.Department10.University0.edu/UndergraduateStudent386}, {X=http://www.Department10.University0.edu/GraduateStudent109}, {X=http://www.Department10.University0.edu/UndergraduateStudent295}, {X=http://www.Department10.University0.edu/GraduateStudent105}, {X=http://www.Department10.University0.edu/UndergraduateStudent396}, {X=http://www.Department10.University0.edu/UndergraduateStudent121}, {X=http://www.Department10.University0.edu/GraduateStudent14}, {X=http://www.Department10.University0.edu/UndergraduateStudent212}, {X=http://www.Department10.University0.edu/GraduateStudent20}, {X=http://www.Department10.University0.edu/UndergraduateStudent66}, {X=http://www.Department10.University0.edu/UndergraduateStudent61}, {X=http://www.Department10.University0.edu/GraduateStudent64}, {X=http://www.Department10.University0.edu/UndergraduateStudent279}, {X=http://www.Department10.University0.edu/UndergraduateStudent74}, {X=http://www.Department10.University0.edu/UndergraduateStudent198}, {X=http://www.Department10.University0.edu/UndergraduateStudent277}, {X=http://www.Department10.University0.edu/UndergraduateStudent240}, {X=http://www.Department10.University0.edu/UndergraduateStudent304}, {X=http://www.Department10.University0.edu/UndergraduateStudent252}, {X=http://www.Department10.University0.edu/UndergraduateStudent204}, {X=http://www.Department10.University0.edu/AssistantProfessor4}, {X=http://www.Department10.University0.edu/UndergraduateStudent214}, {X=http://www.Department10.University0.edu/UndergraduateStudent149}, {X=http://www.Department10.University0.edu/GraduateStudent116}, {X=http://www.Department10.University0.edu/UndergraduateStudent116}, {X=http://www.Department10.University0.edu/UndergraduateStudent299}, {X=http://www.Department10.University0.edu/UndergraduateStudent3}, {X=http://www.Department10.University0.edu/UndergraduateStudent15}, {X=http://www.Department10.University0.edu/UndergraduateStudent261}, {X=http://www.Department10.University0.edu/GraduateStudent100}, {X=http://www.Department10.University0.edu/UndergraduateStudent80}, {X=http://www.Department10.University0.edu/AssociateProfessor0}, {X=http://www.Department10.University0.edu/UndergraduateStudent406}, {X=http://www.Department10.University0.edu/UndergraduateStudent369}, {X=http://www.Department10.University0.edu/UndergraduateStudent175}, {X=http://www.Department10.University0.edu/AssociateProfessor3}, {X=http://www.Department10.University0.edu/UndergraduateStudent148}, {X=http://www.Department10.University0.edu/Lecturer2}, {X=http://www.Department10.University0.edu/GraduateStudent129}, {X=http://www.Department10.University0.edu/UndergraduateStudent122}, {X=http://www.Department10.University0.edu/UndergraduateStudent228}, {X=http://www.Department10.University0.edu/UndergraduateStudent102}, {X=http://www.Department10.University0.edu/GraduateStudent115}, {X=http://www.Department10.University0.edu/UndergraduateStudent354}, {X=http://www.Department10.University0.edu/UndergraduateStudent174}, {X=http://www.Department10.University0.edu/UndergraduateStudent155}, {X=http://www.Department10.University0.edu/UndergraduateStudent349}, {X=http://www.Department10.University0.edu/GraduateStudent82}, {X=http://www.Department10.University0.edu/UndergraduateStudent219}, {X=http://www.Department10.University0.edu/AssociateProfessor8}, {X=http://www.Department10.University0.edu/UndergraduateStudent243}, {X=http://www.Department10.University0.edu/UndergraduateStudent26}, {X=http://www.Department10.University0.edu/GraduateStudent9}, {X=http://www.Department10.University0.edu/UndergraduateStudent247}, {X=http://www.Department10.University0.edu/GraduateStudent49}, {X=http://www.Department10.University0.edu/GraduateStudent108}, {X=http://www.Department10.University0.edu/UndergraduateStudent272}, {X=http://www.Department10.University0.edu/GraduateStudent81}, {X=http://www.Department10.University0.edu/UndergraduateStudent239}, {X=http://www.Department10.University0.edu/UndergraduateStudent13}, {X=http://www.Department10.University0.edu/UndergraduateStudent195}, {X=http://www.Department10.University0.edu/GraduateStudent94}, {X=http://www.Department10.University0.edu/UndergraduateStudent183}, {X=http://www.Department10.University0.edu/UndergraduateStudent163}, {X=http://www.Department10.University0.edu/GraduateStudent65}, {X=http://www.Department10.University0.edu/UndergraduateStudent27}, {X=http://www.Department10.University0.edu/UndergraduateStudent30}, {X=http://www.Department10.University0.edu/UndergraduateStudent125}, {X=http://www.Department10.University0.edu/UndergraduateStudent14}, {X=http://www.Department10.University0.edu/UndergraduateStudent70}, {X=http://www.Department10.University0.edu/UndergraduateStudent53}, {X=http://www.Department10.University0.edu/UndergraduateStudent329}, {X=http://www.Department10.University0.edu/UndergraduateStudent139}, {X=http://www.Department10.University0.edu/GraduateStudent18}, {X=http://www.Department10.University0.edu/UndergraduateStudent333}, {X=http://www.Department10.University0.edu/UndergraduateStudent359}, {X=http://www.Department10.University0.edu/GraduateStudent19}, {X=http://www.Department10.University0.edu/UndergraduateStudent187}, {X=http://www.Department10.University0.edu/UndergraduateStudent202}, {X=http://www.Department10.University0.edu/GraduateStudent91}, {X=http://www.Department10.University0.edu/UndergraduateStudent385}, {X=http://www.Department10.University0.edu/AssociateProfessor4}, {X=http://www.Department10.University0.edu/UndergraduateStudent286}, {X=http://www.Department10.University0.edu/UndergraduateStudent206}, {X=http://www.Department10.University0.edu/UndergraduateStudent225}, {X=http://www.Department10.University0.edu/UndergraduateStudent182}, {X=http://www.Department10.University0.edu/UndergraduateStudent283}, {X=http://www.Department10.University0.edu/UndergraduateStudent161}, {X=http://www.Department10.University0.edu/UndergraduateStudent23}, {X=http://www.Department10.University0.edu/UndergraduateStudent401}, {X=http://www.Department10.University0.edu/GraduateStudent54}, {X=http://www.Department10.University0.edu/AssistantProfessor5}, {X=http://www.Department10.University0.edu/UndergraduateStudent321}, {X=http://www.Department10.University0.edu/UndergraduateStudent296}, {X=http://www.Department10.University0.edu/UndergraduateStudent178}, {X=http://www.Department10.University0.edu/UndergraduateStudent344}, {X=http://www.Department10.University0.edu/GraduateStudent25}, {X=http://www.Department10.University0.edu/UndergraduateStudent257}, {X=http://www.Department10.University0.edu/UndergraduateStudent383}, {X=http://www.Department10.University0.edu/UndergraduateStudent63}, {X=http://www.Department10.University0.edu/UndergraduateStudent57}, {X=http://www.Department10.University0.edu/GraduateStudent104}, {X=http://www.Department10.University0.edu/UndergraduateStudent335}, {X=http://www.Department10.University0.edu/UndergraduateStudent207}, {X=http://www.Department10.University0.edu/UndergraduateStudent248}, {X=http://www.Department10.University0.edu/GraduateStudent11}, {X=http://www.Department10.University0.edu/UndergraduateStudent298}, {X=http://www.Department10.University0.edu/FullProfessor1}, {X=http://www.Department10.University0.edu/GraduateStudent13}, {X=http://www.Department10.University0.edu/UndergraduateStudent90}, {X=http://www.Department10.University0.edu/UndergraduateStudent194}, {X=http://www.Department10.University0.edu/GraduateStudent68}, {X=http://www.Department10.University0.edu/GraduateStudent10}, {X=http://www.Department10.University0.edu/UndergraduateStudent173}, {X=http://www.Department10.University0.edu/UndergraduateStudent39}, {X=http://www.Department10.University0.edu/UndergraduateStudent217}, {X=http://www.Department10.University0.edu/UndergraduateStudent158}, {X=http://www.Department10.University0.edu/GraduateStudent93}, {X=http://www.Department10.University0.edu/UndergraduateStudent211}, {X=http://www.Department10.University0.edu/UndergraduateStudent382}, {X=http://www.Department10.University0.edu/GraduateStudent39}, {X=http://www.Department10.University0.edu/UndergraduateStudent201}, {X=http://www.Department10.University0.edu/GraduateStudent63}, {X=http://www.Department10.University0.edu/GraduateStudent52}, {X=http://www.Department10.University0.edu/UndergraduateStudent353}, {X=http://www.Department10.University0.edu/GraduateStudent101}, {X=http://www.Department10.University0.edu/GraduateStudent125}, {X=http://www.Department10.University0.edu/UndergraduateStudent2}, {X=http://www.Department10.University0.edu/UndergraduateStudent62}, {X=http://www.Department10.University0.edu/UndergraduateStudent22}, {X=http://www.Department10.University0.edu/UndergraduateStudent234}, {X=http://www.Department10.University0.edu/UndergraduateStudent308}, {X=http://www.Department10.University0.edu/AssistantProfessor1}, {X=http://www.Department10.University0.edu/UndergraduateStudent97}, {X=http://www.Department10.University0.edu/GraduateStudent4}, {X=http://www.Department10.University0.edu/UndergraduateStudent377}, {X=http://www.Department10.University0.edu/UndergraduateStudent41}, {X=http://www.Department10.University0.edu/UndergraduateStudent250}, {X=http://www.Department10.University0.edu/UndergraduateStudent330}, {X=http://www.Department10.University0.edu/UndergraduateStudent227}, {X=http://www.Department10.University0.edu/GraduateStudent96}, {X=http://www.Department10.University0.edu/AssistantProfessor2}, {X=http://www.Department10.University0.edu/UndergraduateStudent199}, {X=http://www.Department10.University0.edu/GraduateStudent131}, {X=http://www.Department10.University0.edu/UndergraduateStudent265}, {X=http://www.Department10.University0.edu/UndergraduateStudent131}, {X=http://www.Department10.University0.edu/FullProfessor0}, {X=http://www.Department10.University0.edu/UndergraduateStudent48}, {X=http://www.Department10.University0.edu/GraduateStudent33}, {X=http://www.Department10.University0.edu/UndergraduateStudent137}, {X=http://www.Department10.University0.edu/UndergraduateStudent281}, {X=http://www.Department10.University0.edu/UndergraduateStudent166}, {X=http://www.Department10.University0.edu/UndergraduateStudent233}, {X=http://www.Department10.University0.edu/GraduateStudent98}, {X=http://www.Department10.University0.edu/UndergraduateStudent67}, {X=http://www.Department10.University0.edu/UndergraduateStudent85}, {X=http://www.Department10.University0.edu/UndergraduateStudent88}, {X=http://www.Department10.University0.edu/UndergraduateStudent120}, {X=http://www.Department10.University0.edu/GraduateStudent123}, {X=http://www.Department10.University0.edu/GraduateStudent110}, {X=http://www.Department10.University0.edu/UndergraduateStudent36}, {X=http://www.Department10.University0.edu/UndergraduateStudent151}, {X=http://www.Department10.University0.edu/GraduateStudent31}, {X=http://www.Department10.University0.edu/UndergraduateStudent82}, {X=http://www.Department10.University0.edu/GraduateStudent35}, {X=http://www.Department10.University0.edu/UndergraduateStudent241}, {X=http://www.Department10.University0.edu/GraduateStudent34}, {X=http://www.Department10.University0.edu/UndergraduateStudent126}, {X=http://www.Department10.University0.edu/UndergraduateStudent184}, {X=http://www.Department10.University0.edu/AssociateProfessor2}, {X=http://www.Department10.University0.edu/UndergraduateStudent169}, {X=http://www.Department10.University0.edu/UndergraduateStudent12}, {X=http://www.Department10.University0.edu/UndergraduateStudent133}, {X=http://www.Department10.University0.edu/UndergraduateStudent84}, {X=http://www.Department10.University0.edu/GraduateStudent8}, {X=http://www.Department10.University0.edu/UndergraduateStudent403}, {X=http://www.Department10.University0.edu/UndergraduateStudent60}, {X=http://www.Department10.University0.edu/GraduateStudent26}, {X=http://www.Department10.University0.edu/UndergraduateStudent402}, {X=http://www.Department10.University0.edu/UndergraduateStudent210}, {X=http://www.Department10.University0.edu/GraduateStudent69}, {X=http://www.Department10.University0.edu/UndergraduateStudent123}, {X=http://www.Department10.University0.edu/UndergraduateStudent167}, {X=http://www.Department10.University0.edu/UndergraduateStudent361}, {X=http://www.Department10.University0.edu/GraduateStudent5}, {X=http://www.Department10.University0.edu/FullProfessor4}, {X=http://www.Department10.University0.edu/GraduateStudent55}, {X=http://www.Department10.University0.edu/GraduateStudent134}, {X=http://www.Department10.University0.edu/UndergraduateStudent200}, {X=http://www.Department10.University0.edu/UndergraduateStudent29}, {X=http://www.Department10.University0.edu/GraduateStudent16}, {X=http://www.Department10.University0.edu/UndergraduateStudent271}, {X=http://www.Department10.University0.edu/UndergraduateStudent322}, {X=http://www.Department10.University0.edu/UndergraduateStudent33}, {X=http://www.Department10.University0.edu/UndergraduateStudent405}, {X=http://www.Department10.University0.edu/AssistantProfessor10}, {X=http://www.Department10.University0.edu/UndergraduateStudent146}, {X=http://www.Department10.University0.edu/UndergraduateStudent56}, {X=http://www.Department10.University0.edu/UndergraduateStudent107}, {X=http://www.Department10.University0.edu/UndergraduateStudent170}, {X=http://www.Department10.University0.edu/UndergraduateStudent395}, {X=http://www.Department10.University0.edu/UndergraduateStudent230}, {X=http://www.Department10.University0.edu/AssistantProfessor0}, {X=http://www.Department10.University0.edu/GraduateStudent36}, {X=http://www.Department10.University0.edu/UndergraduateStudent352}, {X=http://www.Department10.University0.edu/UndergraduateStudent110}, {X=http://www.Department10.University0.edu/GraduateStudent74}, {X=http://www.Department10.University0.edu/GraduateStudent120}, {X=http://www.Department10.University0.edu/GraduateStudent83}, {X=http://www.Department10.University0.edu/UndergraduateStudent312}, {X=http://www.Department10.University0.edu/UndergraduateStudent141}, {X=http://www.Department10.University0.edu/GraduateStudent137}, {X=http://www.Department10.University0.edu/GraduateStudent75}, {X=http://www.Department10.University0.edu/Lecturer0}, {X=http://www.Department10.University0.edu/UndergraduateStudent380}, {X=http://www.Department10.University0.edu/Lecturer1}, {X=http://www.Department10.University0.edu/GraduateStudent117}, {X=http://www.Department10.University0.edu/GraduateStudent27}, {X=http://www.Department10.University0.edu/UndergraduateStudent363}, {X=http://www.Department10.University0.edu/UndergraduateStudent389}, {X=http://www.Department10.University0.edu/UndergraduateStudent105}, {X=http://www.Department10.University0.edu/GraduateStudent73}, {X=http://www.Department10.University0.edu/UndergraduateStudent280}, {X=http://www.Department10.University0.edu/UndergraduateStudent115}, {X=http://www.Department10.University0.edu/GraduateStudent58}, {X=http://www.Department10.University0.edu/UndergraduateStudent191}, {X=http://www.Department10.University0.edu/UndergraduateStudent79}, {X=http://www.Department10.University0.edu/UndergraduateStudent259}, {X=http://www.Department10.University0.edu/UndergraduateStudent324}, {X=http://www.Department10.University0.edu/UndergraduateStudent188}, {X=http://www.Department10.University0.edu/UndergraduateStudent100}, {X=http://www.Department10.University0.edu/UndergraduateStudent50}, {X=http://www.Department10.University0.edu/UndergraduateStudent65}, {X=http://www.Department10.University0.edu/UndergraduateStudent49}, {X=http://www.Department10.University0.edu/UndergraduateStudent189}, {X=http://www.Department10.University0.edu/UndergraduateStudent140}, {X=http://www.Department10.University0.edu/GraduateStudent17}, {X=http://www.Department10.University0.edu/GraduateStudent85}, {X=http://www.Department10.University0.edu/UndergraduateStudent366}, {X=http://www.Department10.University0.edu/UndergraduateStudent136}, {X=http://www.Department10.University0.edu/UndergraduateStudent138}, {X=http://www.Department10.University0.edu/UndergraduateStudent327}, {X=http://www.Department10.University0.edu/GraduateStudent119}, {X=http://www.Department10.University0.edu/UndergraduateStudent269}, {X=http://www.Department10.University0.edu/UndergraduateStudent73}, {X=http://www.Department10.University0.edu/AssociateProfessor5}, {X=http://www.Department10.University0.edu/UndergraduateStudent103}, {X=http://www.Department10.University0.edu/UndergraduateStudent54}, {X=http://www.Department10.University0.edu/GraduateStudent128}, {X=http://www.Department10.University0.edu/GraduateStudent130}, {X=http://www.Department10.University0.edu/UndergraduateStudent368}, {X=http://www.Department10.University0.edu/GraduateStudent87}, {X=http://www.Department10.University0.edu/UndergraduateStudent215}, {X=http://www.Department10.University0.edu/UndergraduateStudent351}, {X=http://www.Department10.University0.edu/GraduateStudent37}, {X=http://www.Department10.University0.edu/GraduateStudent79}, {X=http://www.Department10.University0.edu/UndergraduateStudent5}, {X=http://www.Department10.University0.edu/GraduateStudent67}, {X=http://www.Department10.University0.edu/GraduateStudent41}, {X=http://www.Department10.University0.edu/UndergraduateStudent134}, {X=http://www.Department10.University0.edu/UndergraduateStudent276}, {X=http://www.Department10.University0.edu/GraduateStudent42}, {X=http://www.Department10.University0.edu/UndergraduateStudent253}, {X=http://www.Department10.University0.edu/GraduateStudent22}, {X=http://www.Department10.University0.edu/UndergraduateStudent91}, {X=http://www.Department10.University0.edu/UndergraduateStudent355}, {X=http://www.Department10.University0.edu/UndergraduateStudent245}, {X=http://www.Department10.University0.edu/UndergraduateStudent260}, {X=http://www.Department10.University0.edu/UndergraduateStudent357}, {X=http://www.Department10.University0.edu/UndergraduateStudent150}, {X=http://www.Department10.University0.edu/UndergraduateStudent106}, {X=http://www.Department10.University0.edu/GraduateStudent48}, {X=http://www.Department10.University0.edu/UndergraduateStudent305}, {X=http://www.Department10.University0.edu/GraduateStudent7}, {X=http://www.Department10.University0.edu/UndergraduateStudent290}, {X=http://www.Department10.University0.edu/UndergraduateStudent343}, {X=http://www.Department10.University0.edu/UndergraduateStudent246}, {X=http://www.Department10.University0.edu/UndergraduateStudent302}, {X=http://www.Department10.University0.edu/UndergraduateStudent407}, {X=http://www.Department10.University0.edu/UndergraduateStudent348}, {X=http://www.Department10.University0.edu/UndergraduateStudent273}, {X=http://www.Department10.University0.edu/UndergraduateStudent128}, {X=http://www.Department10.University0.edu/Lecturer3}, {X=http://www.Department10.University0.edu/UndergraduateStudent92}, {X=http://www.Department10.University0.edu/GraduateStudent71}, {X=http://www.Department10.University0.edu/GraduateStudent53}, {X=http://www.Department10.University0.edu/UndergraduateStudent7}, {X=http://www.Department10.University0.edu/UndergraduateStudent220}, {X=http://www.Department10.University0.edu/UndergraduateStudent409}, {X=http://www.Department10.University0.edu/UndergraduateStudent297}, {X=http://www.Department10.University0.edu/UndergraduateStudent339}, {X=http://www.Department10.University0.edu/UndergraduateStudent83}, {X=http://www.Department10.University0.edu/UndergraduateStudent394}, {X=http://www.Department10.University0.edu/UndergraduateStudent376}, {X=http://www.Department10.University0.edu/UndergraduateStudent21}, {X=http://www.Department10.University0.edu/AssociateProfessor9}, {X=http://www.Department10.University0.edu/UndergraduateStudent218}, {X=http://www.Department10.University0.edu/UndergraduateStudent293}, {X=http://www.Department10.University0.edu/UndergraduateStudent31}, {X=http://www.Department10.University0.edu/GraduateStudent111}, {X=http://www.Department10.University0.edu/UndergraduateStudent314}, {X=http://www.Department10.University0.edu/GraduateStudent78}, {X=http://www.Department10.University0.edu/UndergraduateStudent332}, {X=http://www.Department10.University0.edu/Lecturer6}, {X=http://www.Department10.University0.edu/UndergraduateStudent284}, {X=http://www.Department10.University0.edu/UndergraduateStudent397}, {X=http://www.Department10.University0.edu/UndergraduateStudent51}, {X=http://www.Department10.University0.edu/GraduateStudent77}, {X=http://www.Department10.University0.edu/UndergraduateStudent104}, {X=http://www.Department10.University0.edu/GraduateStudent103}, {X=http://www.Department10.University0.edu/UndergraduateStudent323}, {X=http://www.Department10.University0.edu/GraduateStudent135}, {X=http://www.Department10.University0.edu/Lecturer4}, {X=http://www.Department10.University0.edu/UndergraduateStudent317}, {X=http://www.Department10.University0.edu/GraduateStudent126}, {X=http://www.Department10.University0.edu/UndergraduateStudent24}, {X=http://www.Department10.University0.edu/UndergraduateStudent64}, {X=http://www.Department10.University0.edu/GraduateStudent59}, {X=http://www.Department10.University0.edu/UndergraduateStudent46}, {X=http://www.Department10.University0.edu/UndergraduateStudent266}, {X=http://www.Department10.University0.edu/GraduateStudent3}, {X=http://www.Department10.University0.edu/UndergraduateStudent256}, {X=http://www.Department10.University0.edu/AssociateProfessor1}, {X=http://www.Department10.University0.edu/GraduateStudent6}, {X=http://www.Department10.University0.edu/UndergraduateStudent222}, {X=http://www.Department10.University0.edu/AssistantProfessor8}, {X=http://www.Department10.University0.edu/UndergraduateStudent347}, {X=http://www.Department10.University0.edu/UndergraduateStudent275}, {X=http://www.Department10.University0.edu/UndergraduateStudent205}, {X=http://www.Department10.University0.edu/UndergraduateStudent381}, {X=http://www.Department10.University0.edu/UndergraduateStudent291}, {X=http://www.Department10.University0.edu/GraduateStudent107}, {X=http://www.Department10.University0.edu/UndergraduateStudent145}, {X=http://www.Department10.University0.edu/UndergraduateStudent237}, {X=http://www.Department10.University0.edu/UndergraduateStudent124}, {X=http://www.Department10.University0.edu/UndergraduateStudent242}, {X=http://www.Department10.University0.edu/UndergraduateStudent197}, {X=http://www.Department10.University0.edu/UndergraduateStudent372}, {X=http://www.Department10.University0.edu/UndergraduateStudent177}, {X=http://www.Department10.University0.edu/FullProfessor6}, {X=http://www.Department10.University0.edu/GraduateStudent102}, {X=http://www.Department10.University0.edu/GraduateStudent38}, {X=http://www.Department10.University0.edu/UndergraduateStudent43}, {X=http://www.Department10.University0.edu/UndergraduateStudent392}, {X=http://www.Department10.University0.edu/UndergraduateStudent98}, {X=http://www.Department10.University0.edu/GraduateStudent56}, {X=http://www.Department10.University0.edu/UndergraduateStudent223}, {X=http://www.Department10.University0.edu/UndergraduateStudent32}, {X=http://www.Department10.University0.edu/UndergraduateStudent319}, {X=http://www.Department10.University0.edu/UndergraduateStudent112}, {X=http://www.Department10.University0.edu/UndergraduateStudent44}, {X=http://www.Department10.University0.edu/UndergraduateStudent117}, {X=http://www.Department10.University0.edu/UndergraduateStudent371}, {X=http://www.Department10.University0.edu/UndergraduateStudent289}, {X=http://www.Department10.University0.edu/UndergraduateStudent263}, {X=http://www.Department10.University0.edu/UndergraduateStudent19}, {X=http://www.Department10.University0.edu/UndergraduateStudent390}, {X=http://www.Department10.University0.edu/UndergraduateStudent307}, {X=http://www.Department10.University0.edu/UndergraduateStudent1}, {X=http://www.Department10.University0.edu/AssociateProfessor10}, {X=http://www.Department10.University0.edu/UndergraduateStudent95}, {X=http://www.Department10.University0.edu/GraduateStudent50}, {X=http://www.Department10.University0.edu/UndergraduateStudent288}, {X=http://www.Department10.University0.edu/GraduateStudent28}, {X=http://www.Department10.University0.edu/GraduateStudent47}, {X=http://www.Department10.University0.edu/GraduateStudent24}, {X=http://www.Department10.University0.edu/GraduateStudent95}, {X=http://www.Department10.University0.edu/UndergraduateStudent393}, {X=http://www.Department10.University0.edu/UndergraduateStudent208}, {X=http://www.Department10.University0.edu/AssociateProfessor6}, {X=http://www.Department10.University0.edu/UndergraduateStudent68}, {X=http://www.Department10.University0.edu/UndergraduateStudent186}, {X=http://www.Department10.University0.edu/UndergraduateStudent114}, {X=http://www.Department10.University0.edu/UndergraduateStudent278}, {X=http://www.Department10.University0.edu/AssociateProfessor7}, {X=http://www.Department10.University0.edu/UndergraduateStudent232}, {X=http://www.Department10.University0.edu/UndergraduateStudent360}, {X=http://www.Department10.University0.edu/UndergraduateStudent179}, {X=http://www.Department10.University0.edu/UndergraduateStudent287}, {X=http://www.Department10.University0.edu/GraduateStudent106}, {X=http://www.Department10.University0.edu/UndergraduateStudent274}, {X=http://www.Department10.University0.edu/UndergraduateStudent89}, {X=http://www.Department10.University0.edu/GraduateStudent133}, {X=http://www.Department10.University0.edu/UndergraduateStudent285}, {X=http://www.Department10.University0.edu/UndergraduateStudent224}, {X=http://www.Department10.University0.edu/UndergraduateStudent387}, {X=http://www.Department10.University0.edu/UndergraduateStudent345}, {X=http://www.Department10.University0.edu/UndergraduateStudent364}, {X=http://www.Department10.University0.edu/UndergraduateStudent375}, {X=http://www.Department10.University0.edu/UndergraduateStudent156}, {X=http://www.Department10.University0.edu/UndergraduateStudent337}, {X=http://www.Department10.University0.edu/GraduateStudent32}, {X=http://www.Department10.University0.edu/UndergraduateStudent111}, {X=http://www.Department10.University0.edu/GraduateStudent92}, {X=http://www.Department10.University0.edu/UndergraduateStudent55}, {X=http://www.Department10.University0.edu/GraduateStudent90}, {X=http://www.Department10.University0.edu/GraduateStudent51}, {X=http://www.Department10.University0.edu/UndergraduateStudent193}, {X=http://www.Department10.University0.edu/UndergraduateStudent400}, {X=http://www.Department10.University0.edu/UndergraduateStudent108}, {X=http://www.Department10.University0.edu/AssistantProfessor6}, {X=http://www.Department10.University0.edu/UndergraduateStudent69}, {X=http://www.Department10.University0.edu/UndergraduateStudent132}, {X=http://www.Department10.University0.edu/UndergraduateStudent99}, {X=http://www.Department10.University0.edu/UndergraduateStudent226}, {X=http://www.Department10.University0.edu/UndergraduateStudent362}, {X=http://www.Department10.University0.edu/UndergraduateStudent81}, {X=http://www.Department10.University0.edu/UndergraduateStudent203}, {X=http://www.Department10.University0.edu/UndergraduateStudent334}, {X=http://www.Department10.University0.edu/GraduateStudent122}, {X=http://www.Department10.University0.edu/GraduateStudent1}, {X=http://www.Department10.University0.edu/GraduateStudent114}, {X=http://www.Department10.University0.edu/UndergraduateStudent378}, {X=http://www.Department10.University0.edu/UndergraduateStudent264}, {X=http://www.Department10.University0.edu/UndergraduateStudent338}, {X=http://www.Department10.University0.edu/GraduateStudent88}, {X=http://www.Department10.University0.edu/GraduateStudent15}, {X=http://www.Department10.University0.edu/UndergraduateStudent176}, {X=http://www.Department10.University0.edu/UndergraduateStudent45}, {X=http://www.Department10.University0.edu/UndergraduateStudent86}, {X=http://www.Department10.University0.edu/GraduateStudent127}, {X=http://www.Department10.University0.edu/UndergraduateStudent165}, {X=http://www.Department10.University0.edu/UndergraduateStudent172}, {X=http://www.Department10.University0.edu/UndergraduateStudent268}, {X=http://www.Department10.University0.edu/UndergraduateStudent251}, {X=http://www.Department10.University0.edu/GraduateStudent66}, {X=http://www.Department10.University0.edu/UndergraduateStudent254}, {X=http://www.Department10.University0.edu/UndergraduateStudent190}, {X=http://www.Department10.University0.edu/UndergraduateStudent408}, {X=http://www.Department10.University0.edu/GraduateStudent2}, {X=http://www.Department10.University0.edu/UndergraduateStudent118}, {X=http://www.Department10.University0.edu/UndergraduateStudent367}, {X=http://www.Department10.University0.edu/UndergraduateStudent77}, {X=http://www.Department10.University0.edu/UndergraduateStudent374}, {X=http://www.Department10.University0.edu/UndergraduateStudent398}, {X=http://www.Department10.University0.edu/UndergraduateStudent135}, {X=http://www.Department10.University0.edu/UndergraduateStudent58}, {X=http://www.Department10.University0.edu/UndergraduateStudent306}, {X=http://www.Department10.University0.edu/GraduateStudent0}, {X=http://www.Department10.University0.edu/UndergraduateStudent71}, {X=http://www.Department10.University0.edu/UndergraduateStudent157}, {X=http://www.Department10.University0.edu/UndergraduateStudent119}, {X=http://www.Department10.University0.edu/UndergraduateStudent235}, {X=http://www.Department10.University0.edu/UndergraduateStudent25}, {X=http://www.Department10.University0.edu/UndergraduateStudent325}, {X=http://www.Department10.University0.edu/GraduateStudent21}, {X=http://www.Department10.University0.edu/UndergraduateStudent236}, {X=http://www.Department10.University0.edu/UndergraduateStudent96}, {X=http://www.Department10.University0.edu/UndergraduateStudent255}, {X=http://www.Department10.University0.edu/UndergraduateStudent0}, {X=http://www.Department10.University0.edu/UndergraduateStudent313}, {X=http://www.Department10.University0.edu/UndergraduateStudent399}, {X=http://www.Department10.University0.edu/UndergraduateStudent267}, {X=http://www.Department10.University0.edu/UndergraduateStudent38}, {X=http://www.Department10.University0.edu/GraduateStudent57}, {X=http://www.Department10.University0.edu/UndergraduateStudent180}, {X=http://www.Department10.University0.edu/UndergraduateStudent143}, {X=http://www.Department10.University0.edu/UndergraduateStudent76}, {X=http://www.Department10.University0.edu/UndergraduateStudent101}, {X=http://www.Department10.University0.edu/UndergraduateStudent342}, {X=http://www.Department10.University0.edu/UndergraduateStudent168}, {X=http://www.Department10.University0.edu/UndergraduateStudent6}, {X=http://www.Department10.University0.edu/UndergraduateStudent144}, {X=http://www.Department10.University0.edu/UndergraduateStudent311}, {X=http://www.Department10.University0.edu/GraduateStudent44}, {X=http://www.Department10.University0.edu/FullProfessor2}, {X=http://www.Department10.University0.edu/GraduateStudent30}, {X=http://www.Department10.University0.edu/UndergraduateStudent152}, {X=http://www.Department10.University0.edu/UndergraduateStudent72}, {X=http://www.Department10.University0.edu/UndergraduateStudent341}, {X=http://www.Department10.University0.edu/GraduateStudent46}, {X=http://www.Department10.University0.edu/UndergraduateStudent336}, {X=http://www.Department10.University0.edu/UndergraduateStudent350}, {X=http://www.Department10.University0.edu/FullProfessor5}, {X=http://www.Department10.University0.edu/GraduateStudent76}, {X=http://www.Department10.University0.edu/GraduateStudent40}, {X=http://www.Department10.University0.edu/UndergraduateStudent162}, {X=http://www.Department10.University0.edu/GraduateStudent97}, {X=http://www.Department10.University0.edu/UndergraduateStudent159}, {X=http://www.Department10.University0.edu/UndergraduateStudent109}, {X=http://www.Department10.University0.edu/GraduateStudent99}, {X=http://www.Department10.University0.edu/UndergraduateStudent365}, {X=http://www.Department10.University0.edu/UndergraduateStudent4}, {X=http://www.Department10.University0.edu/GraduateStudent62}, {X=http://www.Department10.University0.edu/GraduateStudent12}, {X=http://www.Department10.University0.edu/UndergraduateStudent379}, {X=http://www.Department10.University0.edu/GraduateStudent61}, {X=http://www.Department10.University0.edu/GraduateStudent124}, {X=http://www.Department10.University0.edu/UndergraduateStudent384}, {X=http://www.Department10.University0.edu/AssistantProfessor7}, {X=http://www.Department10.University0.edu/UndergraduateStudent28}, {X=http://www.Department10.University0.edu/UndergraduateStudent192}, {X=http://www.Department10.University0.edu/UndergraduateStudent42}, {X=http://www.Department10.University0.edu/UndergraduateStudent153}, {X=http://www.Department10.University0.edu/UndergraduateStudent160}, {X=http://www.Department10.University0.edu/UndergraduateStudent154}, {X=http://www.Department10.University0.edu/GraduateStudent29}, {X=http://www.Department10.University0.edu/AssistantProfessor3}, {X=http://www.Department10.University0.edu/GraduateStudent118}, {X=http://www.Department10.University0.edu/GraduateStudent80}, {X=http://www.Department10.University0.edu/UndergraduateStudent18}, {X=http://www.Department10.University0.edu/UndergraduateStudent328}, {X=http://www.Department10.University0.edu/GraduateStudent60}, {X=http://www.Department10.University0.edu/UndergraduateStudent315}, {X=http://www.Department10.University0.edu/GraduateStudent113}, {X=http://www.Department10.University0.edu/UndergraduateStudent130}, {X=http://www.Department10.University0.edu/UndergraduateStudent34}, {X=http://www.Department10.University0.edu/UndergraduateStudent231}, {X=http://www.Department10.University0.edu/Lecturer5}, {X=http://www.Department10.University0.edu/GraduateStudent86}, {X=http://www.Department10.University0.edu/UndergraduateStudent229}, {X=http://www.Department10.University0.edu/UndergraduateStudent303}, {X=http://www.Department10.University0.edu/UndergraduateStudent171}, {X=http://www.Department10.University0.edu/UndergraduateStudent47}, {X=http://www.Department10.University0.edu/UndergraduateStudent94}, {X=http://www.Department10.University0.edu/GraduateStudent45}, {X=http://www.Department10.University0.edu/UndergraduateStudent318}, {X=http://www.Department10.University0.edu/GraduateStudent23}, {X=http://www.Department10.University0.edu/UndergraduateStudent35}, {X=http://www.Department10.University0.edu/UndergraduateStudent320}, {X=http://www.Department10.University0.edu/UndergraduateStudent113}, {X=http://www.Department10.University0.edu/UndergraduateStudent9}, {X=http://www.Department10.University0.edu/UndergraduateStudent127}, {X=http://www.Department10.University0.edu/UndergraduateStudent258}, {X=http://www.Department10.University0.edu/FullProfessor3}, {X=http://www.Department10.University0.edu/GraduateStudent70}, {X=http://www.Department10.University0.edu/UndergraduateStudent78}, {X=http://www.Department10.University0.edu/UndergraduateStudent373}, {X=http://www.Department10.University0.edu/GraduateStudent72}, {X=http://www.Department10.University0.edu/UndergraduateStudent238}, {X=http://www.Department10.University0.edu/UndergraduateStudent331}, {X=http://www.Department10.University0.edu/UndergraduateStudent209}, {X=http://www.Department10.University0.edu/UndergraduateStudent221}, {X=http://www.Department10.University0.edu/UndergraduateStudent326}, {X=http://www.Department10.University0.edu/UndergraduateStudent8}, {X=http://www.Department10.University0.edu/UndergraduateStudent87}, {X=http://www.Department10.University0.edu/UndergraduateStudent244}, {X=http://www.Department10.University0.edu/UndergraduateStudent300}, {X=http://www.Department10.University0.edu/UndergraduateStudent262}, {X=http://www.Department10.University0.edu/UndergraduateStudent10}, {X=http://www.Department10.University0.edu/UndergraduateStudent356}, {X=http://www.Department10.University0.edu/UndergraduateStudent391}, {X=http://www.Department10.University0.edu/UndergraduateStudent346}, {X=http://www.Department10.University0.edu/GraduateStudent121}, {X=http://www.Department10.University0.edu/UndergraduateStudent185}, {X=http://www.Department10.University0.edu/UndergraduateStudent301}, {X=http://www.Department10.University0.edu/GraduateStudent43}, {X=http://www.Department10.University0.edu/UndergraduateStudent404}, {X=http://www.Department10.University0.edu/UndergraduateStudent11}, {X=http://www.Department10.University0.edu/UndergraduateStudent316}, {X=http://www.Department10.University0.edu/UndergraduateStudent75}, {X=http://www.Department10.University0.edu/UndergraduateStudent93}, {X=http://www.Department10.University0.edu/GraduateStudent89}, {X=http://www.Department10.University0.edu/GraduateStudent136}, {X=http://www.Department10.University0.edu/UndergraduateStudent52}, {X=http://www.Department10.University0.edu/UndergraduateStudent40}, {X=http://www.Department10.University0.edu/UndergraduateStudent358}, {X=http://www.Department10.University0.edu/UndergraduateStudent37}, {X=http://www.Department10.University0.edu/UndergraduateStudent196}, {X=http://www.Department10.University0.edu/UndergraduateStudent164}, {X=http://www.Department10.University0.edu/UndergraduateStudent16}, {X=http://www.Department10.University0.edu/UndergraduateStudent17}, {X=http://www.Department10.University0.edu/GraduateStudent84}, {X=http://www.Department10.University0.edu/AssistantProfessor9}, {X=http://www.Department10.University0.edu/GraduateStudent132}, {X=http://www.Department10.University0.edu/UndergraduateStudent20}, {X=http://www.Department10.University0.edu/UndergraduateStudent294}, {X=http://www.Department10.University0.edu/UndergraduateStudent282}, {X=http://www.Department10.University0.edu/UndergraduateStudent388}, {X=http://www.Department10.University0.edu/UndergraduateStudent370}, {X=http://www.Department10.University0.edu/UndergraduateStudent216}, {X=http://www.Department10.University0.edu/GraduateStudent112}, {X=http://www.Department10.University0.edu/UndergraduateStudent292}, {X=http://www.Department10.University0.edu/UndergraduateStudent270}, {X=http://www.Department10.University0.edu/UndergraduateStudent340}, {X=http://www.Department10.University0.edu/UndergraduateStudent309}, {X=http://www.Department10.University0.edu/UndergraduateStudent142}, {X=http://www.Department10.University0.edu/UndergraduateStudent310}, {X=http://www.Department10.University0.edu/UndergraduateStudent129}, {X=http://www.Department10.University0.edu/UndergraduateStudent249}, {X=http://www.Department10.University0.edu/UndergraduateStudent410}, {X=http://www.Department10.University0.edu/UndergraduateStudent147}, {X=http://www.Department10.University0.edu/UndergraduateStudent59}, {X=http://www.Department10.University0.edu/UndergraduateStudent181}, {X=http://www.Department10.University0.edu/UndergraduateStudent213}, {X=http://www.Department10.University0.edu/UndergraduateStudent386}, {X=http://www.Department10.University0.edu/GraduateStudent109}, {X=http://www.Department10.University0.edu/UndergraduateStudent295}, {X=http://www.Department10.University0.edu/GraduateStudent105}, {X=http://www.Department10.University0.edu/UndergraduateStudent396}, {X=http://www.Department10.University0.edu/UndergraduateStudent121}, {X=http://www.Department10.University0.edu/GraduateStudent14}, {X=http://www.Department10.University0.edu/UndergraduateStudent212}, {X=http://www.Department10.University0.edu/GraduateStudent20}, {X=http://www.Department10.University0.edu/UndergraduateStudent66}, {X=http://www.Department10.University0.edu/UndergraduateStudent61}, {X=http://www.Department10.University0.edu/GraduateStudent64}, {X=http://www.Department10.University0.edu/UndergraduateStudent279}, {X=http://www.Department10.University0.edu/UndergraduateStudent74}, {X=http://www.Department10.University0.edu/UndergraduateStudent198}, {X=http://www.Department10.University0.edu/UndergraduateStudent277}, {X=http://www.Department10.University0.edu/UndergraduateStudent240}, {X=http://www.Department10.University0.edu/UndergraduateStudent304}, {X=http://www.Department10.University0.edu/UndergraduateStudent252}, {X=http://www.Department10.University0.edu/UndergraduateStudent204}, {X=http://www.Department10.University0.edu/AssistantProfessor4}, {X=http://www.Department10.University0.edu/UndergraduateStudent214}, {X=http://www.Department10.University0.edu/UndergraduateStudent149}, {X=http://www.Department10.University0.edu/GraduateStudent116}, {X=http://www.Department10.University0.edu/UndergraduateStudent116}, {X=http://www.Department10.University0.edu/UndergraduateStudent299}, {X=http://www.Department10.University0.edu/UndergraduateStudent3}, {X=http://www.Department10.University0.edu/UndergraduateStudent15}, {X=http://www.Department10.University0.edu/UndergraduateStudent261}, {X=http://www.Department10.University0.edu/GraduateStudent100}, {X=http://www.Department10.University0.edu/UndergraduateStudent80}, {X=http://www.Department10.University0.edu/AssociateProfessor0}, {X=http://www.Department10.University0.edu/UndergraduateStudent406}, {X=http://www.Department10.University0.edu/UndergraduateStudent369}, {X=http://www.Department10.University0.edu/UndergraduateStudent175}, {X=http://www.Department10.University0.edu/AssociateProfessor3}, {X=http://www.Department10.University0.edu/UndergraduateStudent148}, {X=http://www.Department10.University0.edu/Lecturer2}, {X=http://www.Department10.University0.edu/GraduateStudent129}, {X=http://www.Department10.University0.edu/UndergraduateStudent122}, {X=http://www.Department10.University0.edu/UndergraduateStudent228}, {X=http://www.Department10.University0.edu/UndergraduateStudent102}, {X=http://www.Department10.University0.edu/GraduateStudent115}, {X=http://www.Department10.University0.edu/UndergraduateStudent354}, {X=http://www.Department10.University0.edu/UndergraduateStudent174}, {X=http://www.Department10.University0.edu/UndergraduateStudent155}, {X=http://www.Department10.University0.edu/UndergraduateStudent349}, {X=http://www.Department10.University0.edu/GraduateStudent82}, {X=http://www.Department10.University0.edu/UndergraduateStudent219}, {X=http://www.Department10.University0.edu/AssociateProfessor8}, {X=http://www.Department10.University0.edu/UndergraduateStudent243}, {X=http://www.Department10.University0.edu/UndergraduateStudent26}, {X=http://www.Department10.University0.edu/GraduateStudent9}, {X=http://www.Department10.University0.edu/UndergraduateStudent247}, {X=http://www.Department10.University0.edu/GraduateStudent49}, {X=http://www.Department10.University0.edu/GraduateStudent108}, {X=http://www.Department10.University0.edu/UndergraduateStudent272}, {X=http://www.Department10.University0.edu/GraduateStudent81}, {X=http://www.Department10.University0.edu/UndergraduateStudent239}, {X=http://www.Department10.University0.edu/UndergraduateStudent13}, {X=http://www.Department10.University0.edu/UndergraduateStudent195}, {X=http://www.Department10.University0.edu/GraduateStudent94}, {X=http://www.Department10.University0.edu/UndergraduateStudent183}, {X=http://www.Department10.University0.edu/UndergraduateStudent163}, {X=http://www.Department10.University0.edu/GraduateStudent65}, {X=http://www.Department10.University0.edu/UndergraduateStudent27}, {X=http://www.Department10.University0.edu/UndergraduateStudent30}, {X=http://www.Department10.University0.edu/UndergraduateStudent125}, {X=http://www.Department10.University0.edu/UndergraduateStudent14}, {X=http://www.Department10.University0.edu/UndergraduateStudent70}, {X=http://www.Department10.University0.edu/UndergraduateStudent53}, {X=http://www.Department10.University0.edu/UndergraduateStudent329}, {X=http://www.Department10.University0.edu/UndergraduateStudent139}, {X=http://www.Department10.University0.edu/GraduateStudent18}, {X=http://www.Department10.University0.edu/UndergraduateStudent333}, {X=http://www.Department10.University0.edu/UndergraduateStudent359}, {X=http://www.Department10.University0.edu/GraduateStudent19}, {X=http://www.Department10.University0.edu/UndergraduateStudent187}, {X=http://www.Department10.University0.edu/UndergraduateStudent202}, {X=http://www.Department10.University0.edu/GraduateStudent91}, {X=http://www.Department10.University0.edu/UndergraduateStudent385}, {X=http://www.Department10.University0.edu/AssociateProfessor4}, {X=http://www.Department10.University0.edu/UndergraduateStudent286}, {X=http://www.Department10.University0.edu/UndergraduateStudent206}, {X=http://www.Department10.University0.edu/UndergraduateStudent225}, {X=http://www.Department10.University0.edu/UndergraduateStudent182}, {X=http://www.Department10.University0.edu/UndergraduateStudent283}, {X=http://www.Department10.University0.edu/UndergraduateStudent161}, {X=http://www.Department10.University0.edu/UndergraduateStudent23}, {X=http://www.Department10.University0.edu/UndergraduateStudent401}, {X=http://www.Department10.University0.edu/GraduateStudent54}, {X=http://www.Department10.University0.edu/AssistantProfessor5}, {X=http://www.Department10.University0.edu/UndergraduateStudent321}, {X=http://www.Department10.University0.edu/UndergraduateStudent296}, {X=http://www.Department10.University0.edu/UndergraduateStudent178}, {X=http://www.Department10.University0.edu/UndergraduateStudent344}, {X=http://www.Department10.University0.edu/GraduateStudent25}, {X=http://www.Department10.University0.edu/UndergraduateStudent257}, {X=http://www.Department10.University0.edu/UndergraduateStudent383}, {X=http://www.Department10.University0.edu/UndergraduateStudent63}, {X=http://www.Department10.University0.edu/UndergraduateStudent57}, {X=http://www.Department10.University0.edu/GraduateStudent104}, {X=http://www.Department10.University0.edu/UndergraduateStudent335}, {X=http://www.Department10.University0.edu/UndergraduateStudent207}, {X=http://www.Department10.University0.edu/UndergraduateStudent248}, {X=http://www.Department10.University0.edu/GraduateStudent11}, {X=http://www.Department10.University0.edu/UndergraduateStudent298}, {X=http://www.Department10.University0.edu/FullProfessor1}, {X=http://www.Department10.University0.edu/GraduateStudent13}, {X=http://www.Department10.University0.edu/UndergraduateStudent90}, {X=http://www.Department10.University0.edu/UndergraduateStudent194}, {X=http://www.Department10.University0.edu/GraduateStudent68}, {X=http://www.Department10.University0.edu/GraduateStudent10}, {X=http://www.Department10.University0.edu/UndergraduateStudent173}, {X=http://www.Department10.University0.edu/UndergraduateStudent39}, {X=http://www.Department10.University0.edu/UndergraduateStudent217}, {X=http://www.Department10.University0.edu/UndergraduateStudent158}, {X=http://www.Department10.University0.edu/GraduateStudent93}, {X=http://www.Department10.University0.edu/UndergraduateStudent211}, {X=http://www.Department10.University0.edu/UndergraduateStudent382}, {X=http://www.Department10.University0.edu/GraduateStudent39}, {X=http://www.Department10.University0.edu/UndergraduateStudent201}, {X=http://www.Department10.University0.edu/GraduateStudent63}, {X=http://www.Department10.University0.edu/GraduateStudent52}, {X=http://www.Department10.University0.edu/UndergraduateStudent353}, {X=http://www.Department10.University0.edu/GraduateStudent101}, {X=http://www.Department10.University0.edu/GraduateStudent125}, {X=http://www.Department10.University0.edu/UndergraduateStudent2}, {X=http://www.Department10.University0.edu/UndergraduateStudent62}, {X=http://www.Department10.University0.edu/UndergraduateStudent22}, {X=http://www.Department10.University0.edu/UndergraduateStudent234}, {X=http://www.Department10.University0.edu/UndergraduateStudent308}, {X=http://www.Department10.University0.edu/AssistantProfessor1}, {X=http://www.Department10.University0.edu/UndergraduateStudent97}, {X=http://www.Department10.University0.edu/GraduateStudent4}, {X=http://www.Department10.University0.edu/UndergraduateStudent377}, {X=http://www.Department10.University0.edu/UndergraduateStudent41}, {X=http://www.Department10.University0.edu/UndergraduateStudent250}, {X=http://www.Department10.University0.edu/UndergraduateStudent330}, {X=http://www.Department10.University0.edu/UndergraduateStudent227}, {X=http://www.Department10.University0.edu/GraduateStudent96}, {X=http://www.Department10.University0.edu/AssistantProfessor2}, {X=http://www.Department10.University0.edu/UndergraduateStudent199}, {X=http://www.Department10.University0.edu/GraduateStudent131}, {X=http://www.Department10.University0.edu/UndergraduateStudent265}, {X=http://www.Department10.University0.edu/UndergraduateStudent131}, {X=http://www.Department10.University0.edu/FullProfessor0}, {X=http://www.Department10.University0.edu/UndergraduateStudent48}, {X=http://www.Department10.University0.edu/GraduateStudent33}, {X=http://www.Department10.University0.edu/UndergraduateStudent137}, {X=http://www.Department10.University0.edu/UndergraduateStudent281}, {X=http://www.Department10.University0.edu/UndergraduateStudent166}, {X=http://www.Department10.University0.edu/UndergraduateStudent233}, {X=http://www.Department10.University0.edu/GraduateStudent98}, {X=http://www.Department10.University0.edu/UndergraduateStudent67}, {X=http://www.Department10.University0.edu/UndergraduateStudent85}, {X=http://www.Department10.University0.edu/UndergraduateStudent88}, {X=http://www.Department10.University0.edu/UndergraduateStudent120}, {X=http://www.Department10.University0.edu/GraduateStudent123}, {X=http://www.Department10.University0.edu/GraduateStudent110}, {X=http://www.Department10.University0.edu/UndergraduateStudent36}, {X=http://www.Department10.University0.edu/UndergraduateStudent151}, {X=http://www.Department10.University0.edu/GraduateStudent31}, {X=http://www.Department10.University0.edu/UndergraduateStudent82}, {X=http://www.Department10.University0.edu/GraduateStudent35}, {X=http://www.Department10.University0.edu/UndergraduateStudent241}, {X=http://www.Department10.University0.edu/GraduateStudent34}, {X=http://www.Department10.University0.edu/UndergraduateStudent126}, {X=http://www.Department10.University0.edu/UndergraduateStudent184}, {X=http://www.Department10.University0.edu/AssociateProfessor2}, {X=http://www.Department10.University0.edu/UndergraduateStudent169}, {X=http://www.Department10.University0.edu/UndergraduateStudent12}, {X=http://www.Department10.University0.edu/UndergraduateStudent133}, {X=http://www.Department10.University0.edu/UndergraduateStudent84}, {X=http://www.Department10.University0.edu/GraduateStudent8}, {X=http://www.Department10.University0.edu/UndergraduateStudent403}, {X=http://www.Department10.University0.edu/UndergraduateStudent60}, {X=http://www.Department10.University0.edu/GraduateStudent26}, {X=http://www.Department10.University0.edu/UndergraduateStudent402}, {X=http://www.Department10.University0.edu/UndergraduateStudent210}, {X=http://www.Department10.University0.edu/GraduateStudent69}, {X=http://www.Department10.University0.edu/UndergraduateStudent123}, {X=http://www.Department10.University0.edu/UndergraduateStudent167}, {X=http://www.Department10.University0.edu/UndergraduateStudent361}, {X=http://www.Department10.University0.edu/GraduateStudent5}, {X=http://www.Department10.University0.edu/FullProfessor4}, {X=http://www.Department10.University0.edu/GraduateStudent55}, {X=http://www.Department10.University0.edu/GraduateStudent134}, {X=http://www.Department10.University0.edu/UndergraduateStudent200}, {X=http://www.Department10.University0.edu/UndergraduateStudent29}, {X=http://www.Department10.University0.edu/GraduateStudent16}, {X=http://www.Department10.University0.edu/UndergraduateStudent271}, {X=http://www.Department10.University0.edu/UndergraduateStudent322}, {X=http://www.Department10.University0.edu/UndergraduateStudent33}, {X=http://www.Department10.University0.edu/UndergraduateStudent405}, {X=http://www.Department10.University0.edu/AssistantProfessor10}, {X=http://www.Department10.University0.edu/UndergraduateStudent146}, {X=http://www.Department10.University0.edu/UndergraduateStudent56}, {X=http://www.Department10.University0.edu/UndergraduateStudent107}, {X=http://www.Department10.University0.edu/UndergraduateStudent170}, {X=http://www.Department10.University0.edu/UndergraduateStudent395}, {X=http://www.Department10.University0.edu/UndergraduateStudent230}, {X=http://www.Department10.University0.edu/AssistantProfessor0}, {X=http://www.Department10.University0.edu/GraduateStudent36}, {X=http://www.Department10.University0.edu/UndergraduateStudent352}, {X=http://www.Department10.University0.edu/UndergraduateStudent110}, {X=http://www.Department10.University0.edu/GraduateStudent74}, {X=http://www.Department10.University0.edu/GraduateStudent120}, {X=http://www.Department10.University0.edu/GraduateStudent83}, {X=http://www.Department10.University0.edu/UndergraduateStudent312}, {X=http://www.Department10.University0.edu/UndergraduateStudent141}, {X=http://www.Department10.University0.edu/GraduateStudent137}, {X=http://www.Department10.University0.edu/GraduateStudent75}, {X=http://www.Department10.University0.edu/Lecturer0}, {X=http://www.Department10.University0.edu/UndergraduateStudent380}, {X=http://www.Department10.University0.edu/Lecturer1}, {X=http://www.Department10.University0.edu/GraduateStudent117}, {X=http://www.Department10.University0.edu/GraduateStudent27}, {X=http://www.Department10.University0.edu/UndergraduateStudent363}, {X=http://www.Department10.University0.edu/UndergraduateStudent389}, {X=http://www.Department10.University0.edu/UndergraduateStudent105}, {X=http://www.Department10.University0.edu/GraduateStudent73}, {X=http://www.Department10.University0.edu/UndergraduateStudent280}, {X=http://www.Department10.University0.edu/UndergraduateStudent115}, {X=http://www.Department10.University0.edu/GraduateStudent58}, {X=http://www.Department10.University0.edu/UndergraduateStudent191}, {X=http://www.Department10.University0.edu/UndergraduateStudent79}, {X=http://www.Department10.University0.edu/UndergraduateStudent259}, {X=http://www.Department10.University0.edu/UndergraduateStudent324}, {X=http://www.Department10.University0.edu/UndergraduateStudent188}, {X=http://www.Department10.University0.edu/UndergraduateStudent100}, {X=http://www.Department10.University0.edu/UndergraduateStudent50}, {X=http://www.Department10.University0.edu/UndergraduateStudent65}, {X=http://www.Department10.University0.edu/UndergraduateStudent49}, {X=http://www.Department10.University0.edu/UndergraduateStudent189}, {X=http://www.Department10.University0.edu/UndergraduateStudent140}, {X=http://www.Department10.University0.edu/GraduateStudent17}, {X=http://www.Department10.University0.edu/GraduateStudent85}, {X=http://www.Department10.University0.edu/UndergraduateStudent366}, {X=http://www.Department10.University0.edu/UndergraduateStudent136}, {X=http://www.Department10.University0.edu/UndergraduateStudent138}, {X=http://www.Department10.University0.edu/UndergraduateStudent327}, {X=http://www.Department10.University0.edu/GraduateStudent119}, {X=http://www.Department10.University0.edu/UndergraduateStudent269}, {X=http://www.Department10.University0.edu/UndergraduateStudent73}, {X=http://www.Department10.University0.edu/AssociateProfessor5}, {X=http://www.Department10.University0.edu/UndergraduateStudent103}, {X=http://www.Department10.University0.edu/UndergraduateStudent54}, {X=http://www.Department10.University0.edu/GraduateStudent128}, {X=http://www.Department10.University0.edu/GraduateStudent130}, {X=http://www.Department10.University0.edu/UndergraduateStudent368}, {X=http://www.Department10.University0.edu/GraduateStudent87}, {X=http://www.Department10.University0.edu/UndergraduateStudent215}, {X=http://www.Department10.University0.edu/UndergraduateStudent351}, {X=http://www.Department10.University0.edu/GraduateStudent37}, {X=http://www.Department10.University0.edu/GraduateStudent79}, {X=http://www.Department10.University0.edu/UndergraduateStudent5}, {X=http://www.Department10.University0.edu/GraduateStudent67}, {X=http://www.Department10.University0.edu/GraduateStudent41}, {X=http://www.Department10.University0.edu/UndergraduateStudent134}, {X=http://www.Department10.University0.edu/UndergraduateStudent276}, {X=http://www.Department10.University0.edu/GraduateStudent42}, {X=http://www.Department10.University0.edu/UndergraduateStudent253}, {X=http://www.Department10.University0.edu/GraduateStudent22}, {X=http://www.Department10.University0.edu/UndergraduateStudent91}, {X=http://www.Department10.University0.edu/UndergraduateStudent355}, {X=http://www.Department10.University0.edu/UndergraduateStudent245}, {X=http://www.Department10.University0.edu/UndergraduateStudent260}, {X=http://www.Department10.University0.edu/UndergraduateStudent357}, {X=http://www.Department10.University0.edu/UndergraduateStudent150}, {X=http://www.Department10.University0.edu/UndergraduateStudent106}, {X=http://www.Department10.University0.edu/GraduateStudent48}, {X=http://www.Department10.University0.edu/UndergraduateStudent305}, {X=http://www.Department10.University0.edu/GraduateStudent7}, {X=http://www.Department10.University0.edu/UndergraduateStudent290}, {X=http://www.Department10.University0.edu/UndergraduateStudent343}, {X=http://www.Department10.University0.edu/UndergraduateStudent246}, {X=http://www.Department10.University0.edu/UndergraduateStudent302}, {X=http://www.Department10.University0.edu/UndergraduateStudent407}, {X=http://www.Department10.University0.edu/UndergraduateStudent348}, {X=http://www.Department10.University0.edu/UndergraduateStudent273}, {X=http://www.Department10.University0.edu/UndergraduateStudent128}, {X=http://www.Department10.University0.edu/Lecturer3}, {X=http://www.Department10.University0.edu/UndergraduateStudent92}, {X=http://www.Department10.University0.edu/GraduateStudent71}, {X=http://www.Department10.University0.edu/GraduateStudent53}, {X=http://www.Department10.University0.edu/UndergraduateStudent7}, {X=http://www.Department10.University0.edu/UndergraduateStudent220}, {X=http://www.Department10.University0.edu/UndergraduateStudent409}, {X=http://www.Department10.University0.edu/UndergraduateStudent297}, {X=http://www.Department10.University0.edu/UndergraduateStudent339}, {X=http://www.Department10.University0.edu/UndergraduateStudent83}, {X=http://www.Department10.University0.edu/UndergraduateStudent394}, {X=http://www.Department10.University0.edu/UndergraduateStudent376}, {X=http://www.Department10.University0.edu/UndergraduateStudent21}, {X=http://www.Department10.University0.edu/AssociateProfessor9}, {X=http://www.Department10.University0.edu/UndergraduateStudent218}, {X=http://www.Department10.University0.edu/UndergraduateStudent293}, {X=http://www.Department10.University0.edu/UndergraduateStudent31}, {X=http://www.Department10.University0.edu/GraduateStudent111}, {X=http://www.Department10.University0.edu/UndergraduateStudent314}, {X=http://www.Department10.University0.edu/GraduateStudent78}, {X=http://www.Department10.University0.edu/UndergraduateStudent332}, {X=http://www.Department10.University0.edu/Lecturer6}, {X=http://www.Department10.University0.edu/UndergraduateStudent284}, {X=http://www.Department10.University0.edu/UndergraduateStudent397}, {X=http://www.Department10.University0.edu/UndergraduateStudent51}, {X=http://www.Department10.University0.edu/GraduateStudent77}, {X=http://www.Department10.University0.edu/UndergraduateStudent104}, {X=http://www.Department10.University0.edu/GraduateStudent103}, {X=http://www.Department10.University0.edu/UndergraduateStudent323}, {X=http://www.Department10.University0.edu/GraduateStudent135}, {X=http://www.Department10.University0.edu/Lecturer4}, {X=http://www.Department10.University0.edu/UndergraduateStudent317}, {X=http://www.Department10.University0.edu/GraduateStudent126}, {X=http://www.Department10.University0.edu/UndergraduateStudent24}, {X=http://www.Department10.University0.edu/UndergraduateStudent64}, {X=http://www.Department10.University0.edu/GraduateStudent59}, {X=http://www.Department10.University0.edu/UndergraduateStudent46}, {X=http://www.Department10.University0.edu/UndergraduateStudent266}, {X=http://www.Department10.University0.edu/GraduateStudent3}, {X=http://www.Department10.University0.edu/UndergraduateStudent256}, {X=http://www.Department10.University0.edu/AssociateProfessor1}, {X=http://www.Department10.University0.edu/GraduateStudent6}, {X=http://www.Department10.University0.edu/UndergraduateStudent222}, {X=http://www.Department10.University0.edu/AssistantProfessor8}, {X=http://www.Department10.University0.edu/UndergraduateStudent347}, {X=http://www.Department10.University0.edu/UndergraduateStudent275}, {X=http://www.Department10.University0.edu/UndergraduateStudent205}, {X=http://www.Department10.University0.edu/UndergraduateStudent381}, {X=http://www.Department10.University0.edu/UndergraduateStudent291}, {X=http://www.Department10.University0.edu/GraduateStudent107}, {X=http://www.Department10.University0.edu/UndergraduateStudent145}, {X=http://www.Department10.University0.edu/UndergraduateStudent237}, {X=http://www.Department10.University0.edu/UndergraduateStudent124}, {X=http://www.Department10.University0.edu/UndergraduateStudent242}, {X=http://www.Department10.University0.edu/UndergraduateStudent197}, {X=http://www.Department10.University0.edu/UndergraduateStudent372}, {X=http://www.Department10.University0.edu/UndergraduateStudent177}, {X=http://www.Department10.University0.edu/FullProfessor6}, {X=http://www.Department10.University0.edu/GraduateStudent102}, {X=http://www.Department10.University0.edu/GraduateStudent38}, {X=http://www.Department10.University0.edu/UndergraduateStudent43}, {X=http://www.Department10.University0.edu/UndergraduateStudent392}, {X=http://www.Department10.University0.edu/UndergraduateStudent98}, {X=http://www.Department10.University0.edu/GraduateStudent56}, {X=http://www.Department10.University0.edu/UndergraduateStudent223}, {X=http://www.Department10.University0.edu/UndergraduateStudent32}, {X=http://www.Department10.University0.edu/UndergraduateStudent319}, {X=http://www.Department10.University0.edu/UndergraduateStudent112}, {X=http://www.Department10.University0.edu/UndergraduateStudent44}, {X=http://www.Department10.University0.edu/UndergraduateStudent117}, {X=http://www.Department10.University0.edu/UndergraduateStudent371}, {X=http://www.Department10.University0.edu/UndergraduateStudent289}, {X=http://www.Department10.University0.edu/UndergraduateStudent263}, {X=http://www.Department10.University0.edu/UndergraduateStudent19}, {X=http://www.Department10.University0.edu/UndergraduateStudent390}, {X=http://www.Department10.University0.edu/UndergraduateStudent307}, {X=http://www.Department10.University0.edu/UndergraduateStudent1}, {X=http://www.Department10.University0.edu/AssociateProfessor10}, {X=http://www.Department10.University0.edu/UndergraduateStudent95}, {X=http://www.Department10.University0.edu/GraduateStudent50}, {X=http://www.Department10.University0.edu/UndergraduateStudent288}, {X=http://www.Department10.University0.edu/GraduateStudent28}, {X=http://www.Department10.University0.edu/GraduateStudent47}, {X=http://www.Department10.University0.edu/GraduateStudent24}, {X=http://www.Department10.University0.edu/GraduateStudent95}, {X=http://www.Department10.University0.edu/UndergraduateStudent393}, {X=http://www.Department10.University0.edu/UndergraduateStudent208}, {X=http://www.Department10.University0.edu/AssociateProfessor6}, {X=http://www.Department10.University0.edu/UndergraduateStudent68}, {X=http://www.Department10.University0.edu/UndergraduateStudent186}, {X=http://www.Department10.University0.edu/UndergraduateStudent114}, {X=http://www.Department10.University0.edu/UndergraduateStudent278}, {X=http://www.Department10.University0.edu/AssociateProfessor7}, {X=http://www.Department10.University0.edu/UndergraduateStudent232}, {X=http://www.Department10.University0.edu/UndergraduateStudent360}, {X=http://www.Department10.University0.edu/UndergraduateStudent179}, {X=http://www.Department10.University0.edu/UndergraduateStudent287}, {X=http://www.Department10.University0.edu/GraduateStudent106}, {X=http://www.Department10.University0.edu/UndergraduateStudent274}, {X=http://www.Department10.University0.edu/UndergraduateStudent89}, {X=http://www.Department10.University0.edu/GraduateStudent133}, {X=http://www.Department10.University0.edu/UndergraduateStudent285}, {X=http://www.Department10.University0.edu/UndergraduateStudent224}, {X=http://www.Department10.University0.edu/UndergraduateStudent387}, {X=http://www.Department10.University0.edu/UndergraduateStudent345}, {X=http://www.Department10.University0.edu/UndergraduateStudent364}, {X=http://www.Department10.University0.edu/UndergraduateStudent375}, {X=http://www.Department10.University0.edu/UndergraduateStudent156}, {X=http://www.Department10.University0.edu/UndergraduateStudent337}, {X=http://www.Department10.University0.edu/GraduateStudent32}, {X=http://www.Department10.University0.edu/UndergraduateStudent111}, {X=http://www.Department10.University0.edu/GraduateStudent92}, {X=http://www.Department10.University0.edu/UndergraduateStudent55}, {X=http://www.Department10.University0.edu/GraduateStudent90}, {X=http://www.Department10.University0.edu/GraduateStudent51}, {X=http://www.Department10.University0.edu/UndergraduateStudent193}, {X=http://www.Department10.University0.edu/UndergraduateStudent400}, {X=http://www.Department10.University0.edu/UndergraduateStudent108}, {X=http://www.Department10.University0.edu/AssistantProfessor6}, {X=http://www.Department10.University0.edu/UndergraduateStudent69}, {X=http://www.Department10.University0.edu/UndergraduateStudent132}, {X=http://www.Department10.University0.edu/UndergraduateStudent99}, {X=http://www.Department10.University0.edu/UndergraduateStudent226}, {X=http://www.Department10.University0.edu/UndergraduateStudent362}, {X=http://www.Department10.University0.edu/UndergraduateStudent81}, {X=http://www.Department10.University0.edu/UndergraduateStudent203}, {X=http://www.Department10.University0.edu/UndergraduateStudent334}, {X=http://www.Department10.University0.edu/GraduateStudent122}, {X=http://www.Department10.University0.edu/GraduateStudent1}, {X=http://www.Department10.University0.edu/GraduateStudent114}, {X=http://www.Department10.University0.edu/UndergraduateStudent378}, {X=http://www.Department10.University0.edu/UndergraduateStudent264}, {X=http://www.Department10.University0.edu/UndergraduateStudent338}, {X=http://www.Department10.University0.edu/GraduateStudent88}, {X=http://www.Department10.University0.edu/GraduateStudent15}, {X=http://www.Department10.University0.edu/UndergraduateStudent176}, {X=http://www.Department10.University0.edu/UndergraduateStudent45}, {X=http://www.Department10.University0.edu/UndergraduateStudent86}, {X=http://www.Department10.University0.edu/GraduateStudent127}, {X=http://www.Department10.University0.edu/UndergraduateStudent165}, {X=http://www.Department10.University0.edu/UndergraduateStudent172}, {X=http://www.Department10.University0.edu/UndergraduateStudent268}, {X=http://www.Department10.University0.edu/UndergraduateStudent251}, {X=http://www.Department10.University0.edu/GraduateStudent66}, {X=http://www.Department10.University0.edu/UndergraduateStudent254}, {X=http://www.Department10.University0.edu/UndergraduateStudent190}, {X=http://www.Department10.University0.edu/UndergraduateStudent408}, {X=http://www.Department10.University0.edu/GraduateStudent2}, {X=http://www.Department10.University0.edu/UndergraduateStudent118}, {X=http://www.Department10.University0.edu/UndergraduateStudent367}, {X=http://www.Department10.University0.edu/UndergraduateStudent77}, {X=http://www.Department10.University0.edu/UndergraduateStudent374}, {X=http://www.Department10.University0.edu/UndergraduateStudent398}, {X=http://www.Department10.University0.edu/UndergraduateStudent135}, {X=http://www.Department10.University0.edu/UndergraduateStudent58}, {X=http://www.Department10.University0.edu/UndergraduateStudent306}, {X=http://www.Department10.University0.edu/GraduateStudent0}, {X=http://www.Department10.University0.edu/UndergraduateStudent71}, {X=http://www.Department10.University0.edu/UndergraduateStudent157}, {X=http://www.Department10.University0.edu/UndergraduateStudent119}, {X=http://www.Department10.University0.edu/UndergraduateStudent235}, {X=http://www.Department10.University0.edu/UndergraduateStudent25}, {X=http://www.Department10.University0.edu/UndergraduateStudent325}, {X=http://www.Department10.University0.edu/GraduateStudent21}, {X=http://www.Department10.University0.edu/UndergraduateStudent236}, {X=http://www.Department10.University0.edu/UndergraduateStudent96}, {X=http://www.Department10.University0.edu/UndergraduateStudent255}, {X=http://www.Department10.University0.edu/UndergraduateStudent0}, {X=http://www.Department10.University0.edu/UndergraduateStudent313}, {X=http://www.Department10.University0.edu/UndergraduateStudent399}, {X=http://www.Department10.University0.edu/UndergraduateStudent267}, {X=http://www.Department10.University0.edu/UndergraduateStudent38}, {X=http://www.Department10.University0.edu/GraduateStudent57}, {X=http://www.Department10.University0.edu/UndergraduateStudent180}, {X=http://www.Department10.University0.edu/UndergraduateStudent143}, {X=http://www.Department10.University0.edu/UndergraduateStudent76}, {X=http://www.Department10.University0.edu/UndergraduateStudent101}, {X=http://www.Department10.University0.edu/UndergraduateStudent342}, {X=http://www.Department10.University0.edu/UndergraduateStudent168}, {X=http://www.Department10.University0.edu/UndergraduateStudent6}, {X=http://www.Department10.University0.edu/UndergraduateStudent144}, {X=http://www.Department10.University0.edu/UndergraduateStudent311}, {X=http://www.Department10.University0.edu/GraduateStudent44}, {X=http://www.Department10.University0.edu/FullProfessor2}, {X=http://www.Department10.University0.edu/GraduateStudent30}, {X=http://www.Department10.University0.edu/UndergraduateStudent152}, {X=http://www.Department10.University0.edu/UndergraduateStudent72}, {X=http://www.Department10.University0.edu/UndergraduateStudent341}, {X=http://www.Department10.University0.edu/GraduateStudent46}, {X=http://www.Department10.University0.edu/UndergraduateStudent336}, {X=http://www.Department10.University0.edu/UndergraduateStudent350}, {X=http://www.Department10.University0.edu/FullProfessor5}, {X=http://www.Department10.University0.edu/GraduateStudent76}, {X=http://www.Department10.University0.edu/GraduateStudent40}, {X=http://www.Department10.University0.edu/UndergraduateStudent162}, {X=http://www.Department10.University0.edu/GraduateStudent97}, {X=http://www.Department10.University0.edu/UndergraduateStudent159}, {X=http://www.Department10.University0.edu/UndergraduateStudent109}, {X=http://www.Department10.University0.edu/GraduateStudent99}, {X=http://www.Department10.University0.edu/UndergraduateStudent365}, {X=http://www.Department10.University0.edu/UndergraduateStudent4}, {X=http://www.Department10.University0.edu/GraduateStudent62}, {X=http://www.Department10.University0.edu/GraduateStudent12}, {X=http://www.Department10.University0.edu/UndergraduateStudent379}, {X=http://www.Department10.University0.edu/GraduateStudent61}, {X=http://www.Department10.University0.edu/GraduateStudent124}, {X=http://www.Department10.University0.edu/UndergraduateStudent384}, {X=http://www.Department10.University0.edu/AssistantProfessor7}, {X=http://www.Department10.University0.edu/UndergraduateStudent28}, {X=http://www.Department10.University0.edu/UndergraduateStudent192}, {X=http://www.Department10.University0.edu/UndergraduateStudent42}, {X=http://www.Department10.University0.edu/UndergraduateStudent153}, {X=http://www.Department10.University0.edu/UndergraduateStudent160}, {X=http://www.Department10.University0.edu/UndergraduateStudent154}, {X=http://www.Department10.University0.edu/GraduateStudent29}, {X=http://www.Department10.University0.edu/AssistantProfessor3}, {X=http://www.Department10.University0.edu/GraduateStudent118}, {X=http://www.Department10.University0.edu/GraduateStudent80}, {X=http://www.Department10.University0.edu/UndergraduateStudent18}, {X=http://www.Department10.University0.edu/UndergraduateStudent328}, {X=http://www.Department10.University0.edu/GraduateStudent60}, {X=http://www.Department10.University0.edu/UndergraduateStudent315}, {X=http://www.Department10.University0.edu/GraduateStudent113}, {X=http://www.Department10.University0.edu/UndergraduateStudent130}, {X=http://www.Department10.University0.edu/UndergraduateStudent34}, {X=http://www.Department10.University0.edu/UndergraduateStudent231}, {X=http://www.Department10.University0.edu/Lecturer5}, {X=http://www.Department10.University0.edu/GraduateStudent86}, {X=http://www.Department10.University0.edu/UndergraduateStudent229}, {X=http://www.Department10.University0.edu/UndergraduateStudent303}, {X=http://www.Department10.University0.edu/UndergraduateStudent171}, {X=http://www.Department10.University0.edu/UndergraduateStudent47}, {X=http://www.Department10.University0.edu/UndergraduateStudent94}, {X=http://www.Department10.University0.edu/GraduateStudent45}, {X=http://www.Department10.University0.edu/UndergraduateStudent318}, {X=http://www.Department10.University0.edu/GraduateStudent23}, {X=http://www.Department10.University0.edu/UndergraduateStudent35}, {X=http://www.Department10.University0.edu/UndergraduateStudent320}, {X=http://www.Department10.University0.edu/UndergraduateStudent113}, {X=http://www.Department10.University0.edu/UndergraduateStudent9}, {X=http://www.Department10.University0.edu/UndergraduateStudent127}, {X=http://www.Department10.University0.edu/UndergraduateStudent258}, {X=http://www.Department10.University0.edu/FullProfessor3}, {X=http://www.Department10.University0.edu/GraduateStudent70}, {X=http://www.Department10.University0.edu/UndergraduateStudent78}, {X=http://www.Department10.University0.edu/UndergraduateStudent373}, {X=http://www.Department10.University0.edu/GraduateStudent72}, {X=http://www.Department10.University0.edu/UndergraduateStudent238}, {X=http://www.Department10.University0.edu/UndergraduateStudent331}, {X=http://www.Department10.University0.edu/UndergraduateStudent209}, {X=http://www.Department10.University0.edu/UndergraduateStudent221}, {X=http://www.Department10.University0.edu/UndergraduateStudent326}, {X=http://www.Department10.University0.edu/UndergraduateStudent8}, {X=http://www.Department10.University0.edu/UndergraduateStudent87}, {X=http://www.Department10.University0.edu/UndergraduateStudent244}, {X=http://www.Department10.University0.edu/UndergraduateStudent300}, {X=http://www.Department10.University0.edu/UndergraduateStudent262}, {X=http://www.Department10.University0.edu/UndergraduateStudent10}, {X=http://www.Department10.University0.edu/UndergraduateStudent356}, {X=http://www.Department10.University0.edu/UndergraduateStudent391}, {X=http://www.Department10.University0.edu/UndergraduateStudent346}, {X=http://www.Department10.University0.edu/GraduateStudent121}, {X=http://www.Department10.University0.edu/UndergraduateStudent185}, {X=http://www.Department10.University0.edu/UndergraduateStudent301}, {X=http://www.Department10.University0.edu/GraduateStudent43}, {X=http://www.Department10.University0.edu/UndergraduateStudent404}, {X=http://www.Department10.University0.edu/UndergraduateStudent11}, {X=http://www.Department10.University0.edu/UndergraduateStudent316}, {X=http://www.Department10.University0.edu/UndergraduateStudent75}, {X=http://www.Department10.University0.edu/UndergraduateStudent93}, {X=http://www.Department10.University0.edu/GraduateStudent89}, {X=http://www.Department10.University0.edu/GraduateStudent136}, {X=http://www.Department10.University0.edu/UndergraduateStudent52}, {X=http://www.Department10.University0.edu/UndergraduateStudent40}, {X=http://www.Department10.University0.edu/UndergraduateStudent358}, {X=http://www.Department10.University0.edu/UndergraduateStudent37}, {X=http://www.Department10.University0.edu/UndergraduateStudent196}, {X=http://www.Department10.University0.edu/UndergraduateStudent164}, {X=http://www.Department10.University0.edu/UndergraduateStudent16}, {X=http://www.Department10.University0.edu/UndergraduateStudent17}, {X=http://www.Department10.University0.edu/GraduateStudent84}, {X=http://www.Department10.University0.edu/AssistantProfessor9}, {X=http://www.Department10.University0.edu/GraduateStudent132}, {X=http://www.Department10.University0.edu/UndergraduateStudent20}, {X=http://www.Department10.University0.edu/UndergraduateStudent294}, {X=http://www.Department10.University0.edu/UndergraduateStudent282}, {X=http://www.Department10.University0.edu/UndergraduateStudent388}, {X=http://www.Department10.University0.edu/UndergraduateStudent370}, {X=http://www.Department10.University0.edu/UndergraduateStudent216}, {X=http://www.Department10.University0.edu/GraduateStudent112}, {X=http://www.Department10.University0.edu/UndergraduateStudent292}, {X=http://www.Department10.University0.edu/UndergraduateStudent270}, {X=http://www.Department10.University0.edu/UndergraduateStudent340}, {X=http://www.Department10.University0.edu/UndergraduateStudent309}, {X=http://www.Department10.University0.edu/UndergraduateStudent142}, {X=http://www.Department10.University0.edu/UndergraduateStudent310}, {X=http://www.Department10.University0.edu/UndergraduateStudent129}, {X=http://www.Department10.University0.edu/UndergraduateStudent249}, {X=http://www.Department10.University0.edu/UndergraduateStudent410}, {X=http://www.Department10.University0.edu/UndergraduateStudent147}, {X=http://www.Department10.University0.edu/UndergraduateStudent59}, {X=http://www.Department10.University0.edu/UndergraduateStudent181}, {X=http://www.Department10.University0.edu/UndergraduateStudent213}, {X=http://www.Department10.University0.edu/UndergraduateStudent386}, {X=http://www.Department10.University0.edu/GraduateStudent109}, {X=http://www.Department10.University0.edu/UndergraduateStudent295}, {X=http://www.Department10.University0.edu/GraduateStudent105}, {X=http://www.Department10.University0.edu/UndergraduateStudent396}, {X=http://www.Department10.University0.edu/UndergraduateStudent121}, {X=http://www.Department10.University0.edu/GraduateStudent14}, {X=http://www.Department10.University0.edu/UndergraduateStudent212}, {X=http://www.Department10.University0.edu/GraduateStudent20}, {X=http://www.Department10.University0.edu/UndergraduateStudent66}, {X=http://www.Department10.University0.edu/UndergraduateStudent61}, {X=http://www.Department10.University0.edu/GraduateStudent64}, {X=http://www.Department10.University0.edu/UndergraduateStudent279}, {X=http://www.Department10.University0.edu/UndergraduateStudent74}, {X=http://www.Department10.University0.edu/UndergraduateStudent198}, {X=http://www.Department10.University0.edu/UndergraduateStudent277}, {X=http://www.Department10.University0.edu/UndergraduateStudent240}, {X=http://www.Department10.University0.edu/UndergraduateStudent304}, {X=http://www.Department10.University0.edu/UndergraduateStudent252}, {X=http://www.Department10.University0.edu/UndergraduateStudent204}, {X=http://www.Department10.University0.edu/AssistantProfessor4}, {X=http://www.Department10.University0.edu/UndergraduateStudent214}, {X=http://www.Department10.University0.edu/UndergraduateStudent149}, {X=http://www.Department10.University0.edu/GraduateStudent116}, {X=http://www.Department10.University0.edu/UndergraduateStudent116}, {X=http://www.Department10.University0.edu/UndergraduateStudent299}, {X=http://www.Department10.University0.edu/UndergraduateStudent3}, {X=http://www.Department10.University0.edu/UndergraduateStudent15}, {X=http://www.Department10.University0.edu/UndergraduateStudent261}, {X=http://www.Department10.University0.edu/GraduateStudent100}, {X=http://www.Department10.University0.edu/UndergraduateStudent80}, {X=http://www.Department10.University0.edu/AssociateProfessor0}, {X=http://www.Department10.University0.edu/UndergraduateStudent406}, {X=http://www.Department10.University0.edu/UndergraduateStudent369}, {X=http://www.Department10.University0.edu/UndergraduateStudent175}, {X=http://www.Department10.University0.edu/AssociateProfessor3}, {X=http://www.Department10.University0.edu/UndergraduateStudent148}, {X=http://www.Department10.University0.edu/Lecturer2}, {X=http://www.Department10.University0.edu/GraduateStudent129}, {X=http://www.Department10.University0.edu/UndergraduateStudent122}, {X=http://www.Department10.University0.edu/UndergraduateStudent228}, {X=http://www.Department10.University0.edu/UndergraduateStudent102}, {X=http://www.Department10.University0.edu/GraduateStudent115}, {X=http://www.Department10.University0.edu/UndergraduateStudent354}, {X=http://www.Department10.University0.edu/UndergraduateStudent174}, {X=http://www.Department10.University0.edu/UndergraduateStudent155}, {X=http://www.Department10.University0.edu/UndergraduateStudent349}, {X=http://www.Department10.University0.edu/GraduateStudent82}, {X=http://www.Department10.University0.edu/UndergraduateStudent219}, {X=http://www.Department10.University0.edu/AssociateProfessor8}, {X=http://www.Department10.University0.edu/UndergraduateStudent243}, {X=http://www.Department10.University0.edu/UndergraduateStudent26}, {X=http://www.Department10.University0.edu/GraduateStudent9}, {X=http://www.Department10.University0.edu/UndergraduateStudent247}, {X=http://www.Department10.University0.edu/GraduateStudent49}, {X=http://www.Department10.University0.edu/GraduateStudent108}, {X=http://www.Department10.University0.edu/UndergraduateStudent272}, {X=http://www.Department10.University0.edu/GraduateStudent81}, {X=http://www.Department10.University0.edu/UndergraduateStudent239}, {X=http://www.Department10.University0.edu/UndergraduateStudent13}, {X=http://www.Department10.University0.edu/UndergraduateStudent195}, {X=http://www.Department10.University0.edu/GraduateStudent94}, {X=http://www.Department10.University0.edu/UndergraduateStudent183}, {X=http://www.Department10.University0.edu/UndergraduateStudent163}, {X=http://www.Department10.University0.edu/GraduateStudent65}, {X=http://www.Department10.University0.edu/UndergraduateStudent27}, {X=http://www.Department10.University0.edu/UndergraduateStudent30}, {X=http://www.Department10.University0.edu/UndergraduateStudent125}, {X=http://www.Department10.University0.edu/UndergraduateStudent14}, {X=http://www.Department10.University0.edu/UndergraduateStudent70}, {X=http://www.Department10.University0.edu/UndergraduateStudent53}, {X=http://www.Department10.University0.edu/UndergraduateStudent329}, {X=http://www.Department10.University0.edu/UndergraduateStudent139}, {X=http://www.Department10.University0.edu/GraduateStudent18}, {X=http://www.Department10.University0.edu/UndergraduateStudent333}, {X=http://www.Department10.University0.edu/UndergraduateStudent359}, {X=http://www.Department10.University0.edu/GraduateStudent19}, {X=http://www.Department10.University0.edu/UndergraduateStudent187}, {X=http://www.Department10.University0.edu/UndergraduateStudent202}, {X=http://www.Department10.University0.edu/GraduateStudent91}, {X=http://www.Department10.University0.edu/UndergraduateStudent385}, {X=http://www.Department10.University0.edu/AssociateProfessor4}, {X=http://www.Department10.University0.edu/UndergraduateStudent286}, {X=http://www.Department10.University0.edu/UndergraduateStudent206}, {X=http://www.Department10.University0.edu/UndergraduateStudent225}, {X=http://www.Department10.University0.edu/UndergraduateStudent182}, {X=http://www.Department10.University0.edu/UndergraduateStudent283}, {X=http://www.Department10.University0.edu/UndergraduateStudent161}, {X=http://www.Department10.University0.edu/UndergraduateStudent23}, {X=http://www.Department10.University0.edu/UndergraduateStudent401}, {X=http://www.Department10.University0.edu/GraduateStudent54}, {X=http://www.Department10.University0.edu/AssistantProfessor5}, {X=http://www.Department10.University0.edu/UndergraduateStudent321}, {X=http://www.Department10.University0.edu/UndergraduateStudent296}, {X=http://www.Department10.University0.edu/UndergraduateStudent178}, {X=http://www.Department10.University0.edu/UndergraduateStudent344}, {X=http://www.Department10.University0.edu/GraduateStudent25}, {X=http://www.Department10.University0.edu/UndergraduateStudent257}, {X=http://www.Department10.University0.edu/UndergraduateStudent383}, {X=http://www.Department10.University0.edu/UndergraduateStudent63}, {X=http://www.Department10.University0.edu/UndergraduateStudent57}, {X=http://www.Department10.University0.edu/GraduateStudent104}, {X=http://www.Department10.University0.edu/UndergraduateStudent335}, {X=http://www.Department10.University0.edu/UndergraduateStudent207}, {X=http://www.Department10.University0.edu/UndergraduateStudent248}, {X=http://www.Department10.University0.edu/GraduateStudent11}, {X=http://www.Department10.University0.edu/UndergraduateStudent298}, {X=http://www.Department10.University0.edu/FullProfessor1}, {X=http://www.Department10.University0.edu/GraduateStudent13}, {X=http://www.Department10.University0.edu/UndergraduateStudent90}, {X=http://www.Department10.University0.edu/UndergraduateStudent194}, {X=http://www.Department10.University0.edu/GraduateStudent68}, {X=http://www.Department10.University0.edu/GraduateStudent10}, {X=http://www.Department10.University0.edu/UndergraduateStudent173}, {X=http://www.Department10.University0.edu/UndergraduateStudent39}, {X=http://www.Department10.University0.edu/UndergraduateStudent217}, {X=http://www.Department10.University0.edu/UndergraduateStudent158}, {X=http://www.Department10.University0.edu/GraduateStudent93}, {X=http://www.Department10.University0.edu/UndergraduateStudent211}, {X=http://www.Department10.University0.edu/UndergraduateStudent382}, {X=http://www.Department10.University0.edu/GraduateStudent39}, {X=http://www.Department10.University0.edu/UndergraduateStudent201}, {X=http://www.Department10.University0.edu/GraduateStudent63}, {X=http://www.Department10.University0.edu/GraduateStudent52}, {X=http://www.Department10.University0.edu/UndergraduateStudent353}, {X=http://www.Department10.University0.edu/GraduateStudent101}, {X=http://www.Department10.University0.edu/GraduateStudent125}, {X=http://www.Department10.University0.edu/UndergraduateStudent2}, {X=http://www.Department10.University0.edu/UndergraduateStudent62}, {X=http://www.Department10.University0.edu/UndergraduateStudent22}, {X=http://www.Department10.University0.edu/UndergraduateStudent234}, {X=http://www.Department10.University0.edu/UndergraduateStudent308}, {X=http://www.Department10.University0.edu/AssistantProfessor1}, {X=http://www.Department10.University0.edu/UndergraduateStudent97}, {X=http://www.Department10.University0.edu/GraduateStudent4}, {X=http://www.Department10.University0.edu/UndergraduateStudent377}, {X=http://www.Department10.University0.edu/UndergraduateStudent41}, {X=http://www.Department10.University0.edu/UndergraduateStudent250}, {X=http://www.Department10.University0.edu/UndergraduateStudent330}, {X=http://www.Department10.University0.edu/UndergraduateStudent227}, {X=http://www.Department10.University0.edu/GraduateStudent96}, {X=http://www.Department10.University0.edu/AssistantProfessor2}, {X=http://www.Department10.University0.edu/UndergraduateStudent199}, {X=http://www.Department10.University0.edu/GraduateStudent131}, {X=http://www.Department10.University0.edu/UndergraduateStudent265}, {X=http://www.Department10.University0.edu/UndergraduateStudent131}, {X=http://www.Department10.University0.edu/FullProfessor0}, {X=http://www.Department10.University0.edu/UndergraduateStudent48}, {X=http://www.Department10.University0.edu/GraduateStudent33}, {X=http://www.Department10.University0.edu/UndergraduateStudent137}, {X=http://www.Department10.University0.edu/UndergraduateStudent281}, {X=http://www.Department10.University0.edu/UndergraduateStudent166}, {X=http://www.Department10.University0.edu/UndergraduateStudent233}, {X=http://www.Department10.University0.edu/GraduateStudent98}, {X=http://www.Department10.University0.edu/UndergraduateStudent67}, {X=http://www.Department10.University0.edu/UndergraduateStudent85}, {X=http://www.Department10.University0.edu/UndergraduateStudent88}, {X=http://www.Department10.University0.edu/UndergraduateStudent120}, {X=http://www.Department10.University0.edu/GraduateStudent123}, {X=http://www.Department10.University0.edu/GraduateStudent110}, {X=http://www.Department10.University0.edu/UndergraduateStudent36}, {X=http://www.Department10.University0.edu/UndergraduateStudent151}, {X=http://www.Department10.University0.edu/GraduateStudent31}, {X=http://www.Department10.University0.edu/UndergraduateStudent82}, {X=http://www.Department10.University0.edu/GraduateStudent35}, {X=http://www.Department10.University0.edu/UndergraduateStudent241}, {X=http://www.Department10.University0.edu/GraduateStudent34}, {X=http://www.Department10.University0.edu/UndergraduateStudent126}, {X=http://www.Department10.University0.edu/UndergraduateStudent184}, {X=http://www.Department10.University0.edu/AssociateProfessor2}, {X=http://www.Department10.University0.edu/UndergraduateStudent169}, {X=http://www.Department10.University0.edu/UndergraduateStudent12}, {X=http://www.Department10.University0.edu/UndergraduateStudent133}, {X=http://www.Department10.University0.edu/UndergraduateStudent84}, {X=http://www.Department10.University0.edu/GraduateStudent8}, {X=http://www.Department10.University0.edu/UndergraduateStudent403}, {X=http://www.Department10.University0.edu/UndergraduateStudent60}, {X=http://www.Department10.University0.edu/GraduateStudent26}, {X=http://www.Department10.University0.edu/UndergraduateStudent402}, {X=http://www.Department10.University0.edu/UndergraduateStudent210}, {X=http://www.Department10.University0.edu/GraduateStudent69}, {X=http://www.Department10.University0.edu/UndergraduateStudent123}, {X=http://www.Department10.University0.edu/UndergraduateStudent167}, {X=http://www.Department10.University0.edu/UndergraduateStudent361}, {X=http://www.Department10.University0.edu/GraduateStudent5}, {X=http://www.Department10.University0.edu/FullProfessor4}, {X=http://www.Department10.University0.edu/GraduateStudent55}, {X=http://www.Department10.University0.edu/GraduateStudent134}, {X=http://www.Department10.University0.edu/UndergraduateStudent200}, {X=http://www.Department10.University0.edu/UndergraduateStudent29}, {X=http://www.Department10.University0.edu/GraduateStudent16}, {X=http://www.Department10.University0.edu/UndergraduateStudent271}, {X=http://www.Department10.University0.edu/UndergraduateStudent322}, {X=http://www.Department10.University0.edu/UndergraduateStudent33}, {X=http://www.Department10.University0.edu/UndergraduateStudent405}, {X=http://www.Department10.University0.edu/AssistantProfessor10}, {X=http://www.Department10.University0.edu/UndergraduateStudent146}, {X=http://www.Department10.University0.edu/UndergraduateStudent56}, {X=http://www.Department10.University0.edu/UndergraduateStudent107}, {X=http://www.Department10.University0.edu/UndergraduateStudent170}, {X=http://www.Department10.University0.edu/UndergraduateStudent395}, {X=http://www.Department10.University0.edu/UndergraduateStudent230}, {X=http://www.Department10.University0.edu/AssistantProfessor0}, {X=http://www.Department10.University0.edu/GraduateStudent36}, {X=http://www.Department10.University0.edu/UndergraduateStudent352}, {X=http://www.Department10.University0.edu/UndergraduateStudent110}, {X=http://www.Department10.University0.edu/GraduateStudent74}, {X=http://www.Department10.University0.edu/GraduateStudent120}, {X=http://www.Department10.University0.edu/GraduateStudent83}, {X=http://www.Department10.University0.edu/UndergraduateStudent312}, {X=http://www.Department10.University0.edu/UndergraduateStudent141}, {X=http://www.Department10.University0.edu/GraduateStudent137}, {X=http://www.Department10.University0.edu/GraduateStudent75}, {X=http://www.Department10.University0.edu/Lecturer0}, {X=http://www.Department10.University0.edu/UndergraduateStudent380}, {X=http://www.Department10.University0.edu/Lecturer1}, {X=http://www.Department10.University0.edu/GraduateStudent117}, {X=http://www.Department10.University0.edu/GraduateStudent27}, {X=http://www.Department10.University0.edu/UndergraduateStudent363}, {X=http://www.Department10.University0.edu/UndergraduateStudent389}, {X=http://www.Department10.University0.edu/UndergraduateStudent105}, {X=http://www.Department10.University0.edu/GraduateStudent73}, {X=http://www.Department10.University0.edu/UndergraduateStudent280}, {X=http://www.Department10.University0.edu/UndergraduateStudent115}, {X=http://www.Department10.University0.edu/GraduateStudent58}, {X=http://www.Department10.University0.edu/UndergraduateStudent191}, {X=http://www.Department10.University0.edu/UndergraduateStudent79}, {X=http://www.Department10.University0.edu/UndergraduateStudent259}, {X=http://www.Department10.University0.edu/UndergraduateStudent324}, {X=http://www.Department10.University0.edu/UndergraduateStudent188}, {X=http://www.Department10.University0.edu/UndergraduateStudent100}, {X=http://www.Department10.University0.edu/UndergraduateStudent50}, {X=http://www.Department10.University0.edu/UndergraduateStudent65}, {X=http://www.Department10.University0.edu/UndergraduateStudent49}, {X=http://www.Department10.University0.edu/UndergraduateStudent189}, {X=http://www.Department10.University0.edu/UndergraduateStudent140}, {X=http://www.Department10.University0.edu/GraduateStudent17}, {X=http://www.Department10.University0.edu/GraduateStudent85}, {X=http://www.Department10.University0.edu/UndergraduateStudent366}, {X=http://www.Department10.University0.edu/UndergraduateStudent136}, {X=http://www.Department10.University0.edu/UndergraduateStudent138}, {X=http://www.Department10.University0.edu/UndergraduateStudent327}, {X=http://www.Department10.University0.edu/GraduateStudent119}, {X=http://www.Department10.University0.edu/UndergraduateStudent269}, {X=http://www.Department10.University0.edu/UndergraduateStudent73}, {X=http://www.Department10.University0.edu/AssociateProfessor5}, {X=http://www.Department10.University0.edu/UndergraduateStudent103}, {X=http://www.Department10.University0.edu/UndergraduateStudent54}, {X=http://www.Department10.University0.edu/GraduateStudent128}, {X=http://www.Department10.University0.edu/GraduateStudent130}, {X=http://www.Department10.University0.edu/UndergraduateStudent368}, {X=http://www.Department10.University0.edu/GraduateStudent87}, {X=http://www.Department10.University0.edu/UndergraduateStudent215}, {X=http://www.Department10.University0.edu/UndergraduateStudent351}, {X=http://www.Department10.University0.edu/GraduateStudent37}, {X=http://www.Department10.University0.edu/GraduateStudent79}, {X=http://www.Department10.University0.edu/UndergraduateStudent5}, {X=http://www.Department10.University0.edu/GraduateStudent67}, {X=http://www.Department10.University0.edu/GraduateStudent41}, {X=http://www.Department10.University0.edu/UndergraduateStudent134}, {X=http://www.Department10.University0.edu/UndergraduateStudent276}, {X=http://www.Department10.University0.edu/GraduateStudent42}, {X=http://www.Department10.University0.edu/UndergraduateStudent253}, {X=http://www.Department10.University0.edu/GraduateStudent22}, {X=http://www.Department10.University0.edu/UndergraduateStudent91}, {X=http://www.Department10.University0.edu/UndergraduateStudent355}, {X=http://www.Department10.University0.edu/UndergraduateStudent245}, {X=http://www.Department10.University0.edu/UndergraduateStudent260}, {X=http://www.Department10.University0.edu/UndergraduateStudent357}, {X=http://www.Department10.University0.edu/UndergraduateStudent150}, {X=http://www.Department10.University0.edu/UndergraduateStudent106}, {X=http://www.Department10.University0.edu/GraduateStudent48}, {X=http://www.Department10.University0.edu/UndergraduateStudent305}, {X=http://www.Department10.University0.edu/GraduateStudent7}, {X=http://www.Department10.University0.edu/UndergraduateStudent290}, {X=http://www.Department10.University0.edu/UndergraduateStudent343}, {X=http://www.Department10.University0.edu/UndergraduateStudent246}, {X=http://www.Department10.University0.edu/UndergraduateStudent302}, {X=http://www.Department10.University0.edu/UndergraduateStudent407}, {X=http://www.Department10.University0.edu/UndergraduateStudent348}, {X=http://www.Department10.University0.edu/UndergraduateStudent273}, {X=http://www.Department10.University0.edu/UndergraduateStudent128}, {X=http://www.Department10.University0.edu/Lecturer3}, {X=http://www.Department10.University0.edu/UndergraduateStudent92}, {X=http://www.Department10.University0.edu/GraduateStudent71}, {X=http://www.Department10.University0.edu/GraduateStudent53}, {X=http://www.Department10.University0.edu/UndergraduateStudent7}, {X=http://www.Department10.University0.edu/UndergraduateStudent220}, {X=http://www.Department10.University0.edu/UndergraduateStudent409}, {X=http://www.Department10.University0.edu/UndergraduateStudent297}, {X=http://www.Department10.University0.edu/UndergraduateStudent339}, {X=http://www.Department10.University0.edu/UndergraduateStudent83}, {X=http://www.Department10.University0.edu/UndergraduateStudent394}, {X=http://www.Department10.University0.edu/UndergraduateStudent376}, {X=http://www.Department10.University0.edu/UndergraduateStudent21}, {X=http://www.Department10.University0.edu/AssociateProfessor9}, {X=http://www.Department10.University0.edu/UndergraduateStudent218}, {X=http://www.Department10.University0.edu/UndergraduateStudent293}, {X=http://www.Department10.University0.edu/UndergraduateStudent31}, {X=http://www.Department10.University0.edu/GraduateStudent111}, {X=http://www.Department10.University0.edu/UndergraduateStudent314}, {X=http://www.Department10.University0.edu/GraduateStudent78}, {X=http://www.Department10.University0.edu/UndergraduateStudent332}, {X=http://www.Department10.University0.edu/Lecturer6}, {X=http://www.Department10.University0.edu/UndergraduateStudent284}, {X=http://www.Department10.University0.edu/UndergraduateStudent397}, {X=http://www.Department10.University0.edu/UndergraduateStudent51}, {X=http://www.Department10.University0.edu/GraduateStudent77}, {X=http://www.Department10.University0.edu/UndergraduateStudent104}, {X=http://www.Department10.University0.edu/GraduateStudent103}, {X=http://www.Department10.University0.edu/UndergraduateStudent323}, {X=http://www.Department10.University0.edu/GraduateStudent135}, {X=http://www.Department10.University0.edu/Lecturer4}, {X=http://www.Department10.University0.edu/UndergraduateStudent317}, {X=http://www.Department10.University0.edu/GraduateStudent126}, {X=http://www.Department10.University0.edu/UndergraduateStudent24}, {X=http://www.Department10.University0.edu/UndergraduateStudent64}, {X=http://www.Department10.University0.edu/GraduateStudent59}, {X=http://www.Department10.University0.edu/UndergraduateStudent46}, {X=http://www.Department10.University0.edu/UndergraduateStudent266}, {X=http://www.Department10.University0.edu/GraduateStudent3}, {X=http://www.Department10.University0.edu/UndergraduateStudent256}, {X=http://www.Department10.University0.edu/AssociateProfessor1}, {X=http://www.Department10.University0.edu/GraduateStudent6}, {X=http://www.Department10.University0.edu/UndergraduateStudent222}, {X=http://www.Department10.University0.edu/AssistantProfessor8}, {X=http://www.Department10.University0.edu/UndergraduateStudent347}, {X=http://www.Department10.University0.edu/UndergraduateStudent275}, {X=http://www.Department10.University0.edu/UndergraduateStudent205}, {X=http://www.Department10.University0.edu/UndergraduateStudent381}, {X=http://www.Department10.University0.edu/UndergraduateStudent291}, {X=http://www.Department10.University0.edu/GraduateStudent107}, {X=http://www.Department10.University0.edu/UndergraduateStudent145}, {X=http://www.Department10.University0.edu/UndergraduateStudent237}, {X=http://www.Department10.University0.edu/UndergraduateStudent124}, {X=http://www.Department10.University0.edu/UndergraduateStudent242}, {X=http://www.Department10.University0.edu/UndergraduateStudent197}, {X=http://www.Department10.University0.edu/UndergraduateStudent372}, {X=http://www.Department10.University0.edu/UndergraduateStudent177}, {X=http://www.Department10.University0.edu/FullProfessor6}, {X=http://www.Department10.University0.edu/GraduateStudent102}, {X=http://www.Department10.University0.edu/GraduateStudent38}, {X=http://www.Department10.University0.edu/UndergraduateStudent43}, {X=http://www.Department10.University0.edu/UndergraduateStudent392}, {X=http://www.Department10.University0.edu/UndergraduateStudent98}, {X=http://www.Department10.University0.edu/GraduateStudent56}, {X=http://www.Department10.University0.edu/UndergraduateStudent223}, {X=http://www.Department10.University0.edu/UndergraduateStudent32}, {X=http://www.Department10.University0.edu/UndergraduateStudent319}, {X=http://www.Department10.University0.edu/UndergraduateStudent112}, {X=http://www.Department10.University0.edu/UndergraduateStudent44}, {X=http://www.Department10.University0.edu/UndergraduateStudent117}, {X=http://www.Department10.University0.edu/UndergraduateStudent371}, {X=http://www.Department10.University0.edu/UndergraduateStudent289}, {X=http://www.Department10.University0.edu/UndergraduateStudent263}, {X=http://www.Department10.University0.edu/UndergraduateStudent19}, {X=http://www.Department10.University0.edu/UndergraduateStudent390}, {X=http://www.Department10.University0.edu/UndergraduateStudent307}, {X=http://www.Department10.University0.edu/UndergraduateStudent1}, {X=http://www.Department10.University0.edu/AssociateProfessor10}, {X=http://www.Department10.University0.edu/UndergraduateStudent95}, {X=http://www.Department10.University0.edu/GraduateStudent50}, {X=http://www.Department10.University0.edu/UndergraduateStudent288}, {X=http://www.Department10.University0.edu/GraduateStudent28}, {X=http://www.Department10.University0.edu/GraduateStudent47}, {X=http://www.Department10.University0.edu/GraduateStudent24}, {X=http://www.Department10.University0.edu/GraduateStudent95}, {X=http://www.Department10.University0.edu/UndergraduateStudent393}, {X=http://www.Department10.University0.edu/UndergraduateStudent208}, {X=http://www.Department10.University0.edu/AssociateProfessor6}, {X=http://www.Department10.University0.edu/UndergraduateStudent68}, {X=http://www.Department10.University0.edu/UndergraduateStudent186}, {X=http://www.Department10.University0.edu/UndergraduateStudent114}, {X=http://www.Department10.University0.edu/UndergraduateStudent278}, {X=http://www.Department10.University0.edu/AssociateProfessor7}, {X=http://www.Department10.University0.edu/UndergraduateStudent232}, {X=http://www.Department10.University0.edu/UndergraduateStudent360}, {X=http://www.Department10.University0.edu/UndergraduateStudent179}, {X=http://www.Department10.University0.edu/UndergraduateStudent287}, {X=http://www.Department10.University0.edu/GraduateStudent106}, {X=http://www.Department10.University0.edu/UndergraduateStudent274}, {X=http://www.Department10.University0.edu/UndergraduateStudent89}, {X=http://www.Department10.University0.edu/GraduateStudent133}, {X=http://www.Department10.University0.edu/UndergraduateStudent285}, {X=http://www.Department10.University0.edu/UndergraduateStudent224}, {X=http://www.Department10.University0.edu/UndergraduateStudent387}, {X=http://www.Department10.University0.edu/UndergraduateStudent345}, {X=http://www.Department10.University0.edu/UndergraduateStudent364}, {X=http://www.Department10.University0.edu/UndergraduateStudent375}, {X=http://www.Department10.University0.edu/UndergraduateStudent156}, {X=http://www.Department10.University0.edu/UndergraduateStudent337}, {X=http://www.Department10.University0.edu/GraduateStudent32}, {X=http://www.Department10.University0.edu/UndergraduateStudent111}, {X=http://www.Department10.University0.edu/GraduateStudent92}, {X=http://www.Department10.University0.edu/UndergraduateStudent55}, {X=http://www.Department10.University0.edu/GraduateStudent90}, {X=http://www.Department10.University0.edu/GraduateStudent51}, {X=http://www.Department10.University0.edu/UndergraduateStudent193}, {X=http://www.Department10.University0.edu/UndergraduateStudent400}, {X=http://www.Department10.University0.edu/UndergraduateStudent108}, {X=http://www.Department10.University0.edu/AssistantProfessor6}, {X=http://www.Department10.University0.edu/UndergraduateStudent69}, {X=http://www.Department10.University0.edu/UndergraduateStudent132}, {X=http://www.Department10.University0.edu/UndergraduateStudent99}, {X=http://www.Department10.University0.edu/UndergraduateStudent226}, {X=http://www.Department10.University0.edu/UndergraduateStudent362}, {X=http://www.Department10.University0.edu/UndergraduateStudent81}, {X=http://www.Department10.University0.edu/UndergraduateStudent203}, {X=http://www.Department10.University0.edu/UndergraduateStudent334}, {X=http://www.Department10.University0.edu/GraduateStudent122}, {X=http://www.Department10.University0.edu/GraduateStudent1}, {X=http://www.Department10.University0.edu/GraduateStudent114}, {X=http://www.Department10.University0.edu/UndergraduateStudent378}, {X=http://www.Department10.University0.edu/UndergraduateStudent264}, {X=http://www.Department10.University0.edu/UndergraduateStudent338}, {X=http://www.Department10.University0.edu/GraduateStudent88}, {X=http://www.Department10.University0.edu/GraduateStudent15}, {X=http://www.Department10.University0.edu/UndergraduateStudent176}, {X=http://www.Department10.University0.edu/UndergraduateStudent45}, {X=http://www.Department10.University0.edu/UndergraduateStudent86}, {X=http://www.Department10.University0.edu/GraduateStudent127}, {X=http://www.Department10.University0.edu/UndergraduateStudent165}, {X=http://www.Department10.University0.edu/UndergraduateStudent172}, {X=http://www.Department10.University0.edu/UndergraduateStudent268}, {X=http://www.Department10.University0.edu/UndergraduateStudent251}, {X=http://www.Department10.University0.edu/GraduateStudent66}, {X=http://www.Department10.University0.edu/UndergraduateStudent254}, {X=http://www.Department10.University0.edu/UndergraduateStudent190}, {X=http://www.Department10.University0.edu/UndergraduateStudent408}, {X=http://www.Department10.University0.edu/GraduateStudent2}, {X=http://www.Department10.University0.edu/UndergraduateStudent118}, {X=http://www.Department10.University0.edu/UndergraduateStudent367}, {X=http://www.Department10.University0.edu/UndergraduateStudent77}, {X=http://www.Department10.University0.edu/UndergraduateStudent374}, {X=http://www.Department10.University0.edu/UndergraduateStudent398}, {X=http://www.Department10.University0.edu/UndergraduateStudent135}, {X=http://www.Department10.University0.edu/UndergraduateStudent58}, {X=http://www.Department10.University0.edu/UndergraduateStudent306}, {X=http://www.Department10.University0.edu/GraduateStudent0}, {X=http://www.Department10.University0.edu/UndergraduateStudent71}, {X=http://www.Department10.University0.edu/UndergraduateStudent157}, {X=http://www.Department10.University0.edu/UndergraduateStudent119}, {X=http://www.Department10.University0.edu/UndergraduateStudent235}, {X=http://www.Department10.University0.edu/UndergraduateStudent25}, {X=http://www.Department10.University0.edu/UndergraduateStudent325}, {X=http://www.Department10.University0.edu/GraduateStudent21}, {X=http://www.Department10.University0.edu/UndergraduateStudent236}, {X=http://www.Department10.University0.edu/UndergraduateStudent96}, {X=http://www.Department10.University0.edu/UndergraduateStudent255}, {X=http://www.Department10.University0.edu/UndergraduateStudent0}, {X=http://www.Department10.University0.edu/UndergraduateStudent313}, {X=http://www.Department10.University0.edu/UndergraduateStudent399}, {X=http://www.Department10.University0.edu/UndergraduateStudent267}, {X=http://www.Department10.University0.edu/UndergraduateStudent38}, {X=http://www.Department10.University0.edu/GraduateStudent57}, {X=http://www.Department10.University0.edu/UndergraduateStudent180}, {X=http://www.Department10.University0.edu/UndergraduateStudent143}, {X=http://www.Department10.University0.edu/UndergraduateStudent76}, {X=http://www.Department10.University0.edu/UndergraduateStudent101}, {X=http://www.Department10.University0.edu/UndergraduateStudent342}, {X=http://www.Department10.University0.edu/UndergraduateStudent168}, {X=http://www.Department10.University0.edu/UndergraduateStudent6}, {X=http://www.Department10.University0.edu/UndergraduateStudent144}, {X=http://www.Department10.University0.edu/UndergraduateStudent311}, {X=http://www.Department10.University0.edu/GraduateStudent44}, {X=http://www.Department10.University0.edu/FullProfessor2}, {X=http://www.Department10.University0.edu/GraduateStudent30}, {X=http://www.Department10.University0.edu/UndergraduateStudent152}, {X=http://www.Department10.University0.edu/UndergraduateStudent72}, {X=http://www.Department10.University0.edu/UndergraduateStudent341}, {X=http://www.Department10.University0.edu/GraduateStudent46}, {X=http://www.Department10.University0.edu/UndergraduateStudent336}, {X=http://www.Department10.University0.edu/UndergraduateStudent350}, {X=http://www.Department10.University0.edu/FullProfessor5}, {X=http://www.Department10.University0.edu/GraduateStudent76}, {X=http://www.Department10.University0.edu/GraduateStudent40}, {X=http://www.Department10.University0.edu/UndergraduateStudent162}, {X=http://www.Department10.University0.edu/GraduateStudent97}, {X=http://www.Department10.University0.edu/UndergraduateStudent159}, {X=http://www.Department10.University0.edu/UndergraduateStudent109}, {X=http://www.Department10.University0.edu/GraduateStudent99}, {X=http://www.Department10.University0.edu/UndergraduateStudent365}, {X=http://www.Department10.University0.edu/UndergraduateStudent4}, {X=http://www.Department10.University0.edu/GraduateStudent62}, {X=http://www.Department10.University0.edu/GraduateStudent12}, {X=http://www.Department10.University0.edu/UndergraduateStudent379}, {X=http://www.Department10.University0.edu/GraduateStudent61}, {X=http://www.Department10.University0.edu/GraduateStudent124}, {X=http://www.Department10.University0.edu/UndergraduateStudent384}, {X=http://www.Department10.University0.edu/AssistantProfessor7}, {X=http://www.Department10.University0.edu/UndergraduateStudent28}, {X=http://www.Department10.University0.edu/UndergraduateStudent192}, {X=http://www.Department10.University0.edu/UndergraduateStudent42}, {X=http://www.Department10.University0.edu/UndergraduateStudent153}, {X=http://www.Department10.University0.edu/UndergraduateStudent160}, {X=http://www.Department10.University0.edu/UndergraduateStudent154}, {X=http://www.Department10.University0.edu/GraduateStudent29}, {X=http://www.Department10.University0.edu/AssistantProfessor3}, {X=http://www.Department10.University0.edu/GraduateStudent118}, {X=http://www.Department10.University0.edu/GraduateStudent80}, {X=http://www.Department10.University0.edu/UndergraduateStudent18}, {X=http://www.Department10.University0.edu/UndergraduateStudent328}, {X=http://www.Department10.University0.edu/GraduateStudent60}, {X=http://www.Department10.University0.edu/UndergraduateStudent315}, {X=http://www.Department10.University0.edu/GraduateStudent113}, {X=http://www.Department10.University0.edu/UndergraduateStudent130}, {X=http://www.Department10.University0.edu/UndergraduateStudent34}, {X=http://www.Department10.University0.edu/UndergraduateStudent231}, {X=http://www.Department10.University0.edu/Lecturer5}, {X=http://www.Department10.University0.edu/GraduateStudent86}, {X=http://www.Department10.University0.edu/UndergraduateStudent229}, {X=http://www.Department10.University0.edu/UndergraduateStudent303}, {X=http://www.Department10.University0.edu/UndergraduateStudent171}, {X=http://www.Department10.University0.edu/UndergraduateStudent47}, {X=http://www.Department10.University0.edu/UndergraduateStudent94}, {X=http://www.Department10.University0.edu/GraduateStudent45}, {X=http://www.Department10.University0.edu/UndergraduateStudent318}, {X=http://www.Department10.University0.edu/GraduateStudent23}, {X=http://www.Department10.University0.edu/UndergraduateStudent35}, {X=http://www.Department10.University0.edu/UndergraduateStudent320}, {X=http://www.Department10.University0.edu/UndergraduateStudent113}, {X=http://www.Department10.University0.edu/UndergraduateStudent9}, {X=http://www.Department10.University0.edu/UndergraduateStudent127}, {X=http://www.Department10.University0.edu/UndergraduateStudent258}, {X=http://www.Department10.University0.edu/FullProfessor3}, {X=http://www.Department10.University0.edu/GraduateStudent70}, {X=http://www.Department10.University0.edu/UndergraduateStudent78}, {X=http://www.Department10.University0.edu/UndergraduateStudent373}, {X=http://www.Department10.University0.edu/GraduateStudent72}, {X=http://www.Department10.University0.edu/UndergraduateStudent238}, {X=http://www.Department10.University0.edu/UndergraduateStudent331}, {X=http://www.Department10.University0.edu/UndergraduateStudent209}, {X=http://www.Department10.University0.edu/UndergraduateStudent221}, {X=http://www.Department10.University0.edu/UndergraduateStudent326}, {X=http://www.Department10.University0.edu/UndergraduateStudent8}, {X=http://www.Department10.University0.edu/UndergraduateStudent87}, {X=http://www.Department10.University0.edu/UndergraduateStudent244}, {X=http://www.Department10.University0.edu/UndergraduateStudent300}, {X=http://www.Department10.University0.edu/UndergraduateStudent262}, {X=http://www.Department10.University0.edu/UndergraduateStudent10}, {X=http://www.Department10.University0.edu/UndergraduateStudent356}, {X=http://www.Department10.University0.edu/UndergraduateStudent391}, {X=http://www.Department10.University0.edu/UndergraduateStudent346}, {X=http://www.Department10.University0.edu/GraduateStudent121}, {X=http://www.Department10.University0.edu/UndergraduateStudent185}, {X=http://www.Department10.University0.edu/UndergraduateStudent301}, {X=http://www.Department10.University0.edu/GraduateStudent43}, {X=http://www.Department10.University0.edu/UndergraduateStudent404}, {X=http://www.Department10.University0.edu/UndergraduateStudent11}, {X=http://www.Department10.University0.edu/UndergraduateStudent316}, {X=http://www.Department10.University0.edu/UndergraduateStudent75}, {X=http://www.Department10.University0.edu/UndergraduateStudent93}, {X=http://www.Department10.University0.edu/GraduateStudent89}, {X=http://www.Department10.University0.edu/GraduateStudent136}, {X=http://www.Department10.University0.edu/UndergraduateStudent52}, {X=http://www.Department10.University0.edu/UndergraduateStudent40}, {X=http://www.Department10.University0.edu/UndergraduateStudent358}, {X=http://www.Department10.University0.edu/UndergraduateStudent37}, {X=http://www.Department10.University0.edu/UndergraduateStudent196}, {X=http://www.Department10.University0.edu/UndergraduateStudent164}, {X=http://www.Department10.University0.edu/UndergraduateStudent16}, {X=http://www.Department10.University0.edu/UndergraduateStudent17}, {X=http://www.Department10.University0.edu/GraduateStudent84}, {X=http://www.Department10.University0.edu/AssistantProfessor9}, {X=http://www.Department10.University0.edu/GraduateStudent132}, {X=http://www.Department10.University0.edu/UndergraduateStudent20}, {X=http://www.Department10.University0.edu/UndergraduateStudent294}, {X=http://www.Department10.University0.edu/UndergraduateStudent282}, {X=http://www.Department10.University0.edu/UndergraduateStudent388}, {X=http://www.Department10.University0.edu/UndergraduateStudent370}, {X=http://www.Department10.University0.edu/UndergraduateStudent216}, {X=http://www.Department10.University0.edu/GraduateStudent112}, {X=http://www.Department10.University0.edu/UndergraduateStudent292}, {X=http://www.Department10.University0.edu/UndergraduateStudent270}, {X=http://www.Department10.University0.edu/UndergraduateStudent340}, {X=http://www.Department10.University0.edu/UndergraduateStudent309}, {X=http://www.Department10.University0.edu/UndergraduateStudent142}, {X=http://www.Department10.University0.edu/UndergraduateStudent310}, {X=http://www.Department10.University0.edu/UndergraduateStudent129}, {X=http://www.Department10.University0.edu/UndergraduateStudent249}, {X=http://www.Department10.University0.edu/UndergraduateStudent410}, {X=http://www.Department10.University0.edu/UndergraduateStudent147}, {X=http://www.Department10.University0.edu/UndergraduateStudent59}, {X=http://www.Department10.University0.edu/UndergraduateStudent181}, {X=http://www.Department10.University0.edu/UndergraduateStudent213}, {X=http://www.Department10.University0.edu/UndergraduateStudent386}, {X=http://www.Department10.University0.edu/GraduateStudent109}, {X=http://www.Department10.University0.edu/UndergraduateStudent295}, {X=http://www.Department10.University0.edu/GraduateStudent105}, {X=http://www.Department10.University0.edu/UndergraduateStudent396}, {X=http://www.Department10.University0.edu/UndergraduateStudent121}, {X=http://www.Department10.University0.edu/GraduateStudent14}, {X=http://www.Department10.University0.edu/UndergraduateStudent212}, {X=http://www.Department10.University0.edu/GraduateStudent20}, {X=http://www.Department10.University0.edu/UndergraduateStudent66}, {X=http://www.Department10.University0.edu/UndergraduateStudent61}, {X=http://www.Department10.University0.edu/GraduateStudent64}, {X=http://www.Department10.University0.edu/UndergraduateStudent279}, {X=http://www.Department10.University0.edu/UndergraduateStudent74}, {X=http://www.Department10.University0.edu/UndergraduateStudent198}, {X=http://www.Department10.University0.edu/UndergraduateStudent277}, {X=http://www.Department10.University0.edu/UndergraduateStudent240}, {X=http://www.Department10.University0.edu/UndergraduateStudent304}, {X=http://www.Department10.University0.edu/UndergraduateStudent252}, {X=http://www.Department10.University0.edu/UndergraduateStudent204}, {X=http://www.Department10.University0.edu/AssistantProfessor4}, {X=http://www.Department10.University0.edu/UndergraduateStudent214}, {X=http://www.Department10.University0.edu/UndergraduateStudent149}, {X=http://www.Department10.University0.edu/GraduateStudent116}, {X=http://www.Department10.University0.edu/UndergraduateStudent116}, {X=http://www.Department10.University0.edu/UndergraduateStudent299}, {X=http://www.Department10.University0.edu/UndergraduateStudent3}, {X=http://www.Department10.University0.edu/UndergraduateStudent15}, {X=http://www.Department10.University0.edu/UndergraduateStudent261}, {X=http://www.Department10.University0.edu/GraduateStudent100}, {X=http://www.Department10.University0.edu/UndergraduateStudent80}, {X=http://www.Department10.University0.edu/AssociateProfessor0}, {X=http://www.Department10.University0.edu/UndergraduateStudent406}, {X=http://www.Department10.University0.edu/UndergraduateStudent369}, {X=http://www.Department10.University0.edu/UndergraduateStudent175}, {X=http://www.Department10.University0.edu/AssociateProfessor3}, {X=http://www.Department10.University0.edu/UndergraduateStudent148}, {X=http://www.Department10.University0.edu/Lecturer2}, {X=http://www.Department10.University0.edu/GraduateStudent129}, {X=http://www.Department10.University0.edu/UndergraduateStudent122}, {X=http://www.Department10.University0.edu/UndergraduateStudent228}, {X=http://www.Department10.University0.edu/UndergraduateStudent102}, {X=http://www.Department10.University0.edu/GraduateStudent115}, {X=http://www.Department10.University0.edu/UndergraduateStudent354}, {X=http://www.Department10.University0.edu/UndergraduateStudent174}, {X=http://www.Department10.University0.edu/UndergraduateStudent155}, {X=http://www.Department10.University0.edu/UndergraduateStudent349}, {X=http://www.Department10.University0.edu/GraduateStudent82}, {X=http://www.Department10.University0.edu/UndergraduateStudent219}, {X=http://www.Department10.University0.edu/AssociateProfessor8}, {X=http://www.Department10.University0.edu/UndergraduateStudent243}, {X=http://www.Department10.University0.edu/UndergraduateStudent26}, {X=http://www.Department10.University0.edu/GraduateStudent9}, {X=http://www.Department10.University0.edu/UndergraduateStudent247}, {X=http://www.Department10.University0.edu/GraduateStudent49}, {X=http://www.Department10.University0.edu/GraduateStudent108}, {X=http://www.Department10.University0.edu/UndergraduateStudent272}, {X=http://www.Department10.University0.edu/GraduateStudent81}, {X=http://www.Department10.University0.edu/UndergraduateStudent239}, {X=http://www.Department10.University0.edu/UndergraduateStudent13}, {X=http://www.Department10.University0.edu/UndergraduateStudent195}, {X=http://www.Department10.University0.edu/GraduateStudent94}, {X=http://www.Department10.University0.edu/UndergraduateStudent183}, {X=http://www.Department10.University0.edu/UndergraduateStudent163}, {X=http://www.Department10.University0.edu/GraduateStudent65}, {X=http://www.Department10.University0.edu/UndergraduateStudent27}, {X=http://www.Department10.University0.edu/UndergraduateStudent30}, {X=http://www.Department10.University0.edu/UndergraduateStudent125}, {X=http://www.Department10.University0.edu/UndergraduateStudent14}, {X=http://www.Department10.University0.edu/UndergraduateStudent70}, {X=http://www.Department10.University0.edu/UndergraduateStudent53}, {X=http://www.Department10.University0.edu/UndergraduateStudent329}, {X=http://www.Department10.University0.edu/UndergraduateStudent139}, {X=http://www.Department10.University0.edu/GraduateStudent18}, {X=http://www.Department10.University0.edu/UndergraduateStudent333}, {X=http://www.Department10.University0.edu/UndergraduateStudent359}, {X=http://www.Department10.University0.edu/GraduateStudent19}, {X=http://www.Department10.University0.edu/UndergraduateStudent187}, {X=http://www.Department10.University0.edu/UndergraduateStudent202}, {X=http://www.Department10.University0.edu/GraduateStudent91}, {X=http://www.Department10.University0.edu/UndergraduateStudent385}, {X=http://www.Department10.University0.edu/AssociateProfessor4}, {X=http://www.Department10.University0.edu/UndergraduateStudent286}, {X=http://www.Department10.University0.edu/UndergraduateStudent206}, {X=http://www.Department10.University0.edu/UndergraduateStudent225}, {X=http://www.Department10.University0.edu/UndergraduateStudent182}, {X=http://www.Department10.University0.edu/UndergraduateStudent283}, {X=http://www.Department10.University0.edu/UndergraduateStudent161}, {X=http://www.Department10.University0.edu/UndergraduateStudent23}, {X=http://www.Department10.University0.edu/UndergraduateStudent401}, {X=http://www.Department10.University0.edu/GraduateStudent54}, {X=http://www.Department10.University0.edu/AssistantProfessor5}, {X=http://www.Department10.University0.edu/UndergraduateStudent321}, {X=http://www.Department10.University0.edu/UndergraduateStudent296}, {X=http://www.Department10.University0.edu/UndergraduateStudent178}, {X=http://www.Department10.University0.edu/UndergraduateStudent344}, {X=http://www.Department10.University0.edu/GraduateStudent25}, {X=http://www.Department10.University0.edu/UndergraduateStudent257}, {X=http://www.Department10.University0.edu/UndergraduateStudent383}, {X=http://www.Department10.University0.edu/UndergraduateStudent63}, {X=http://www.Department10.University0.edu/UndergraduateStudent57}, {X=http://www.Department10.University0.edu/GraduateStudent104}, {X=http://www.Department10.University0.edu/UndergraduateStudent335}, {X=http://www.Department10.University0.edu/UndergraduateStudent207}, {X=http://www.Department10.University0.edu/UndergraduateStudent248}, {X=http://www.Department10.University0.edu/GraduateStudent11}, {X=http://www.Department10.University0.edu/UndergraduateStudent298}, {X=http://www.Department10.University0.edu/FullProfessor1}, {X=http://www.Department10.University0.edu/GraduateStudent13}, {X=http://www.Department10.University0.edu/UndergraduateStudent90}, {X=http://www.Department10.University0.edu/UndergraduateStudent194}, {X=http://www.Department10.University0.edu/GraduateStudent68}, {X=http://www.Department10.University0.edu/GraduateStudent10}, {X=http://www.Department10.University0.edu/UndergraduateStudent173}, {X=http://www.Department10.University0.edu/UndergraduateStudent39}, {X=http://www.Department10.University0.edu/UndergraduateStudent217}, {X=http://www.Department10.University0.edu/UndergraduateStudent158}, {X=http://www.Department10.University0.edu/GraduateStudent93}, {X=http://www.Department10.University0.edu/UndergraduateStudent211}, {X=http://www.Department10.University0.edu/UndergraduateStudent382}, {X=http://www.Department10.University0.edu/GraduateStudent39}, {X=http://www.Department10.University0.edu/UndergraduateStudent201}, {X=http://www.Department10.University0.edu/GraduateStudent63}, {X=http://www.Department10.University0.edu/GraduateStudent52}, {X=http://www.Department10.University0.edu/UndergraduateStudent353}, {X=http://www.Department10.University0.edu/GraduateStudent101}, {X=http://www.Department10.University0.edu/GraduateStudent125}, {X=http://www.Department10.University0.edu/UndergraduateStudent2}, {X=http://www.Department10.University0.edu/UndergraduateStudent62}, {X=http://www.Department10.University0.edu/UndergraduateStudent22}, {X=http://www.Department10.University0.edu/UndergraduateStudent234}, {X=http://www.Department10.University0.edu/UndergraduateStudent308}, {X=http://www.Department10.University0.edu/AssistantProfessor1}, {X=http://www.Department10.University0.edu/UndergraduateStudent97}, {X=http://www.Department10.University0.edu/GraduateStudent4}, {X=http://www.Department10.University0.edu/UndergraduateStudent377}, {X=http://www.Department10.University0.edu/UndergraduateStudent41}, {X=http://www.Department10.University0.edu/UndergraduateStudent250}, {X=http://www.Department10.University0.edu/UndergraduateStudent330}, {X=http://www.Department10.University0.edu/UndergraduateStudent227}, {X=http://www.Department10.University0.edu/GraduateStudent96}, {X=http://www.Department10.University0.edu/AssistantProfessor2}, {X=http://www.Department10.University0.edu/UndergraduateStudent199}, {X=http://www.Department10.University0.edu/GraduateStudent131}, {X=http://www.Department10.University0.edu/UndergraduateStudent265}, {X=http://www.Department10.University0.edu/UndergraduateStudent131}, {X=http://www.Department10.University0.edu/FullProfessor0}, {X=http://www.Department10.University0.edu/UndergraduateStudent48}, {X=http://www.Department10.University0.edu/GraduateStudent33}, {X=http://www.Department10.University0.edu/UndergraduateStudent137}, {X=http://www.Department10.University0.edu/UndergraduateStudent281}, {X=http://www.Department10.University0.edu/UndergraduateStudent166}, {X=http://www.Department10.University0.edu/UndergraduateStudent233}, {X=http://www.Department10.University0.edu/GraduateStudent98}, {X=http://www.Department10.University0.edu/UndergraduateStudent67}, {X=http://www.Department10.University0.edu/UndergraduateStudent85}, {X=http://www.Department10.University0.edu/UndergraduateStudent88}, {X=http://www.Department10.University0.edu/UndergraduateStudent120}, {X=http://www.Department10.University0.edu/GraduateStudent123}, {X=http://www.Department10.University0.edu/GraduateStudent110}, {X=http://www.Department10.University0.edu/UndergraduateStudent36}, {X=http://www.Department10.University0.edu/UndergraduateStudent151}, {X=http://www.Department10.University0.edu/GraduateStudent31}, {X=http://www.Department10.University0.edu/UndergraduateStudent82}, {X=http://www.Department10.University0.edu/GraduateStudent35}, {X=http://www.Department10.University0.edu/UndergraduateStudent241}, {X=http://www.Department10.University0.edu/GraduateStudent34}, {X=http://www.Department10.University0.edu/UndergraduateStudent126}, {X=http://www.Department10.University0.edu/UndergraduateStudent184}, {X=http://www.Department10.University0.edu/AssociateProfessor2}, {X=http://www.Department10.University0.edu/UndergraduateStudent169}, {X=http://www.Department10.University0.edu/UndergraduateStudent12}, {X=http://www.Department10.University0.edu/UndergraduateStudent133}, {X=http://www.Department10.University0.edu/UndergraduateStudent84}, {X=http://www.Department10.University0.edu/GraduateStudent8}, {X=http://www.Department10.University0.edu/UndergraduateStudent403}, {X=http://www.Department10.University0.edu/UndergraduateStudent60}, {X=http://www.Department10.University0.edu/GraduateStudent26}, {X=http://www.Department10.University0.edu/UndergraduateStudent402}, {X=http://www.Department10.University0.edu/UndergraduateStudent210}, {X=http://www.Department10.University0.edu/GraduateStudent69}, {X=http://www.Department10.University0.edu/UndergraduateStudent123}, {X=http://www.Department10.University0.edu/UndergraduateStudent167}, {X=http://www.Department10.University0.edu/UndergraduateStudent361}, {X=http://www.Department10.University0.edu/GraduateStudent5}, {X=http://www.Department10.University0.edu/FullProfessor4}, {X=http://www.Department10.University0.edu/GraduateStudent55}, {X=http://www.Department10.University0.edu/GraduateStudent134}, {X=http://www.Department10.University0.edu/UndergraduateStudent200}, {X=http://www.Department10.University0.edu/UndergraduateStudent29}, {X=http://www.Department10.University0.edu/GraduateStudent16}, {X=http://www.Department10.University0.edu/UndergraduateStudent271}, {X=http://www.Department10.University0.edu/UndergraduateStudent322}, {X=http://www.Department10.University0.edu/UndergraduateStudent33}, {X=http://www.Department10.University0.edu/UndergraduateStudent405}, {X=http://www.Department10.University0.edu/AssistantProfessor10}, {X=http://www.Department10.University0.edu/UndergraduateStudent146}, {X=http://www.Department10.University0.edu/UndergraduateStudent56}, {X=http://www.Department10.University0.edu/UndergraduateStudent107}, {X=http://www.Department10.University0.edu/UndergraduateStudent170}, {X=http://www.Department10.University0.edu/UndergraduateStudent395}, {X=http://www.Department10.University0.edu/UndergraduateStudent230}, {X=http://www.Department10.University0.edu/AssistantProfessor0}, {X=http://www.Department10.University0.edu/GraduateStudent36}, {X=http://www.Department10.University0.edu/UndergraduateStudent352}, {X=http://www.Department10.University0.edu/UndergraduateStudent110}, {X=http://www.Department10.University0.edu/GraduateStudent74}, {X=http://www.Department10.University0.edu/GraduateStudent120}, {X=http://www.Department10.University0.edu/GraduateStudent83}, {X=http://www.Department10.University0.edu/UndergraduateStudent312}, {X=http://www.Department10.University0.edu/UndergraduateStudent141}, {X=http://www.Department10.University0.edu/GraduateStudent137}, {X=http://www.Department10.University0.edu/GraduateStudent75}, {X=http://www.Department10.University0.edu/Lecturer0}, {X=http://www.Department10.University0.edu/UndergraduateStudent380}, {X=http://www.Department10.University0.edu/Lecturer1}, {X=http://www.Department10.University0.edu/GraduateStudent117}, {X=http://www.Department10.University0.edu/GraduateStudent27}, {X=http://www.Department10.University0.edu/UndergraduateStudent363}, {X=http://www.Department10.University0.edu/UndergraduateStudent389}, {X=http://www.Department10.University0.edu/UndergraduateStudent105}, {X=http://www.Department10.University0.edu/GraduateStudent73}, {X=http://www.Department10.University0.edu/UndergraduateStudent280}, {X=http://www.Department10.University0.edu/UndergraduateStudent115}, {X=http://www.Department10.University0.edu/GraduateStudent58}, {X=http://www.Department10.University0.edu/UndergraduateStudent191}, {X=http://www.Department10.University0.edu/UndergraduateStudent79}, {X=http://www.Department10.University0.edu/UndergraduateStudent259}, {X=http://www.Department10.University0.edu/UndergraduateStudent324}, {X=http://www.Department10.University0.edu/UndergraduateStudent188}, {X=http://www.Department10.University0.edu/UndergraduateStudent100}, {X=http://www.Department10.University0.edu/UndergraduateStudent50}, {X=http://www.Department10.University0.edu/UndergraduateStudent65}, {X=http://www.Department10.University0.edu/UndergraduateStudent49}, {X=http://www.Department10.University0.edu/UndergraduateStudent189}, {X=http://www.Department10.University0.edu/UndergraduateStudent140}, {X=http://www.Department10.University0.edu/GraduateStudent17}, {X=http://www.Department10.University0.edu/GraduateStudent85}, {X=http://www.Department10.University0.edu/UndergraduateStudent366}, {X=http://www.Department10.University0.edu/UndergraduateStudent136}, {X=http://www.Department10.University0.edu/UndergraduateStudent138}, {X=http://www.Department10.University0.edu/UndergraduateStudent327}, {X=http://www.Department10.University0.edu/GraduateStudent119}, {X=http://www.Department10.University0.edu/UndergraduateStudent269}, {X=http://www.Department10.University0.edu/UndergraduateStudent73}, {X=http://www.Department10.University0.edu/AssociateProfessor5}, {X=http://www.Department10.University0.edu/UndergraduateStudent103}, {X=http://www.Department10.University0.edu/UndergraduateStudent54}, {X=http://www.Department10.University0.edu/GraduateStudent128}, {X=http://www.Department10.University0.edu/GraduateStudent130}, {X=http://www.Department10.University0.edu/UndergraduateStudent368}, {X=http://www.Department10.University0.edu/GraduateStudent87}, {X=http://www.Department10.University0.edu/UndergraduateStudent215}, {X=http://www.Department10.University0.edu/UndergraduateStudent351}, {X=http://www.Department10.University0.edu/GraduateStudent37}, {X=http://www.Department10.University0.edu/GraduateStudent79}, {X=http://www.Department10.University0.edu/UndergraduateStudent5}, {X=http://www.Department10.University0.edu/GraduateStudent67}, {X=http://www.Department10.University0.edu/GraduateStudent41}, {X=http://www.Department10.University0.edu/UndergraduateStudent134}, {X=http://www.Department10.University0.edu/UndergraduateStudent276}, {X=http://www.Department10.University0.edu/GraduateStudent42}, {X=http://www.Department10.University0.edu/UndergraduateStudent253}, {X=http://www.Department10.University0.edu/GraduateStudent22}, {X=http://www.Department10.University0.edu/UndergraduateStudent91}, {X=http://www.Department10.University0.edu/UndergraduateStudent355}, {X=http://www.Department10.University0.edu/UndergraduateStudent245}, {X=http://www.Department10.University0.edu/UndergraduateStudent260}, {X=http://www.Department10.University0.edu/UndergraduateStudent357}, {X=http://www.Department10.University0.edu/UndergraduateStudent150}, {X=http://www.Department10.University0.edu/UndergraduateStudent106}, {X=http://www.Department10.University0.edu/GraduateStudent48}, {X=http://www.Department10.University0.edu/UndergraduateStudent305}, {X=http://www.Department10.University0.edu/GraduateStudent7}, {X=http://www.Department10.University0.edu/UndergraduateStudent290}, {X=http://www.Department10.University0.edu/UndergraduateStudent343}, {X=http://www.Department10.University0.edu/UndergraduateStudent246}, {X=http://www.Department10.University0.edu/UndergraduateStudent302}, {X=http://www.Department10.University0.edu/UndergraduateStudent407}, {X=http://www.Department10.University0.edu/UndergraduateStudent348}, {X=http://www.Department10.University0.edu/UndergraduateStudent273}, {X=http://www.Department10.University0.edu/UndergraduateStudent128}, {X=http://www.Department10.University0.edu/Lecturer3}, {X=http://www.Department10.University0.edu/UndergraduateStudent92}, {X=http://www.Department10.University0.edu/GraduateStudent71}, {X=http://www.Department10.University0.edu/GraduateStudent53}, {X=http://www.Department10.University0.edu/UndergraduateStudent7}, {X=http://www.Department10.University0.edu/UndergraduateStudent220}, {X=http://www.Department10.University0.edu/UndergraduateStudent409}, {X=http://www.Department10.University0.edu/UndergraduateStudent297}, {X=http://www.Department10.University0.edu/UndergraduateStudent339}, {X=http://www.Department10.University0.edu/UndergraduateStudent83}, {X=http://www.Department10.University0.edu/UndergraduateStudent394}, {X=http://www.Department10.University0.edu/UndergraduateStudent376}, {X=http://www.Department10.University0.edu/UndergraduateStudent21}, {X=http://www.Department10.University0.edu/AssociateProfessor9}, {X=http://www.Department10.University0.edu/UndergraduateStudent218}, {X=http://www.Department10.University0.edu/UndergraduateStudent293}, {X=http://www.Department10.University0.edu/UndergraduateStudent31}, {X=http://www.Department10.University0.edu/GraduateStudent111}, {X=http://www.Department10.University0.edu/UndergraduateStudent314}, {X=http://www.Department10.University0.edu/GraduateStudent78}, {X=http://www.Department10.University0.edu/UndergraduateStudent332}, {X=http://www.Department10.University0.edu/Lecturer6}, {X=http://www.Department10.University0.edu/UndergraduateStudent284}, {X=http://www.Department10.University0.edu/UndergraduateStudent397}, {X=http://www.Department10.University0.edu/UndergraduateStudent51}, {X=http://www.Department10.University0.edu/GraduateStudent77}, {X=http://www.Department10.University0.edu/UndergraduateStudent104}, {X=http://www.Department10.University0.edu/GraduateStudent103}, {X=http://www.Department10.University0.edu/UndergraduateStudent323}, {X=http://www.Department10.University0.edu/GraduateStudent135}, {X=http://www.Department10.University0.edu/Lecturer4}, {X=http://www.Department10.University0.edu/UndergraduateStudent317}, {X=http://www.Department10.University0.edu/GraduateStudent126}, {X=http://www.Department10.University0.edu/UndergraduateStudent24}, {X=http://www.Department10.University0.edu/UndergraduateStudent64}, {X=http://www.Department10.University0.edu/GraduateStudent59}, {X=http://www.Department10.University0.edu/UndergraduateStudent46}, {X=http://www.Department10.University0.edu/UndergraduateStudent266}, {X=http://www.Department10.University0.edu/GraduateStudent3}, {X=http://www.Department10.University0.edu/UndergraduateStudent256}, {X=http://www.Department10.University0.edu/AssociateProfessor1}, {X=http://www.Department10.University0.edu/GraduateStudent6}, {X=http://www.Department10.University0.edu/UndergraduateStudent222}, {X=http://www.Department10.University0.edu/AssistantProfessor8}, {X=http://www.Department10.University0.edu/UndergraduateStudent347}, {X=http://www.Department10.University0.edu/UndergraduateStudent275}, {X=http://www.Department10.University0.edu/UndergraduateStudent205}, {X=http://www.Department10.University0.edu/UndergraduateStudent381}, {X=http://www.Department10.University0.edu/UndergraduateStudent291}, {X=http://www.Department10.University0.edu/GraduateStudent107}, {X=http://www.Department10.University0.edu/UndergraduateStudent145}, {X=http://www.Department10.University0.edu/UndergraduateStudent237}, {X=http://www.Department10.University0.edu/UndergraduateStudent124}, {X=http://www.Department10.University0.edu/UndergraduateStudent242}, {X=http://www.Department10.University0.edu/UndergraduateStudent197}, {X=http://www.Department10.University0.edu/UndergraduateStudent372}, {X=http://www.Department10.University0.edu/UndergraduateStudent177}, {X=http://www.Department10.University0.edu/FullProfessor6}, {X=http://www.Department10.University0.edu/GraduateStudent102}, {X=http://www.Department10.University0.edu/GraduateStudent38}, {X=http://www.Department10.University0.edu/UndergraduateStudent43}, {X=http://www.Department10.University0.edu/UndergraduateStudent392}, {X=http://www.Department10.University0.edu/UndergraduateStudent98}, {X=http://www.Department10.University0.edu/GraduateStudent56}, {X=http://www.Department10.University0.edu/UndergraduateStudent223}, {X=http://www.Department10.University0.edu/UndergraduateStudent32}, {X=http://www.Department10.University0.edu/UndergraduateStudent319}, {X=http://www.Department10.University0.edu/UndergraduateStudent112}, {X=http://www.Department10.University0.edu/UndergraduateStudent44}, {X=http://www.Department10.University0.edu/UndergraduateStudent117}, {X=http://www.Department10.University0.edu/UndergraduateStudent371}, {X=http://www.Department10.University0.edu/UndergraduateStudent289}, {X=http://www.Department10.University0.edu/UndergraduateStudent263}, {X=http://www.Department10.University0.edu/UndergraduateStudent19}, {X=http://www.Department10.University0.edu/UndergraduateStudent390}, {X=http://www.Department10.University0.edu/UndergraduateStudent307}, {X=http://www.Department10.University0.edu/UndergraduateStudent1}, {X=http://www.Department10.University0.edu/AssociateProfessor10}, {X=http://www.Department10.University0.edu/UndergraduateStudent95}, {X=http://www.Department10.University0.edu/GraduateStudent50}, {X=http://www.Department10.University0.edu/UndergraduateStudent288}, {X=http://www.Department10.University0.edu/GraduateStudent28}, {X=http://www.Department10.University0.edu/GraduateStudent47}, {X=http://www.Department10.University0.edu/GraduateStudent24}, {X=http://www.Department10.University0.edu/GraduateStudent95}, {X=http://www.Department10.University0.edu/UndergraduateStudent393}, {X=http://www.Department10.University0.edu/UndergraduateStudent208}, {X=http://www.Department10.University0.edu/AssociateProfessor6}, {X=http://www.Department10.University0.edu/UndergraduateStudent68}, {X=http://www.Department10.University0.edu/UndergraduateStudent186}, {X=http://www.Department10.University0.edu/UndergraduateStudent114}, {X=http://www.Department10.University0.edu/UndergraduateStudent278}, {X=http://www.Department10.University0.edu/AssociateProfessor7}, {X=http://www.Department10.University0.edu/UndergraduateStudent232}, {X=http://www.Department10.University0.edu/UndergraduateStudent360}, {X=http://www.Department10.University0.edu/UndergraduateStudent179}, {X=http://www.Department10.University0.edu/UndergraduateStudent287}, {X=http://www.Department10.University0.edu/GraduateStudent106}, {X=http://www.Department10.University0.edu/UndergraduateStudent274}, {X=http://www.Department10.University0.edu/UndergraduateStudent89}, {X=http://www.Department10.University0.edu/GraduateStudent133}, {X=http://www.Department10.University0.edu/UndergraduateStudent285}, {X=http://www.Department10.University0.edu/UndergraduateStudent224}, {X=http://www.Department10.University0.edu/UndergraduateStudent387}, {X=http://www.Department10.University0.edu/UndergraduateStudent345}, {X=http://www.Department10.University0.edu/UndergraduateStudent364}, {X=http://www.Department10.University0.edu/UndergraduateStudent375}, {X=http://www.Department10.University0.edu/UndergraduateStudent156}, {X=http://www.Department10.University0.edu/UndergraduateStudent337}, {X=http://www.Department10.University0.edu/GraduateStudent32}, {X=http://www.Department10.University0.edu/UndergraduateStudent111}, {X=http://www.Department10.University0.edu/GraduateStudent92}, {X=http://www.Department10.University0.edu/UndergraduateStudent55}, {X=http://www.Department10.University0.edu/GraduateStudent90}, {X=http://www.Department10.University0.edu/GraduateStudent51}, {X=http://www.Department10.University0.edu/UndergraduateStudent193}, {X=http://www.Department10.University0.edu/UndergraduateStudent400}, {X=http://www.Department10.University0.edu/UndergraduateStudent108}, {X=http://www.Department10.University0.edu/AssistantProfessor6}, {X=http://www.Department10.University0.edu/UndergraduateStudent69}, {X=http://www.Department10.University0.edu/UndergraduateStudent132}, {X=http://www.Department10.University0.edu/UndergraduateStudent99}, {X=http://www.Department10.University0.edu/UndergraduateStudent226}, {X=http://www.Department10.University0.edu/UndergraduateStudent362}, {X=http://www.Department10.University0.edu/UndergraduateStudent81}, {X=http://www.Department10.University0.edu/UndergraduateStudent203}, {X=http://www.Department10.University0.edu/UndergraduateStudent334}, {X=http://www.Department10.University0.edu/GraduateStudent122}, {X=http://www.Department10.University0.edu/GraduateStudent1}, {X=http://www.Department10.University0.edu/GraduateStudent114}, {X=http://www.Department10.University0.edu/UndergraduateStudent378}, {X=http://www.Department10.University0.edu/UndergraduateStudent264}, {X=http://www.Department10.University0.edu/UndergraduateStudent338}, {X=http://www.Department10.University0.edu/GraduateStudent88}, {X=http://www.Department10.University0.edu/GraduateStudent15}, {X=http://www.Department10.University0.edu/UndergraduateStudent176}, {X=http://www.Department10.University0.edu/UndergraduateStudent45}, {X=http://www.Department10.University0.edu/UndergraduateStudent86}, {X=http://www.Department10.University0.edu/GraduateStudent127}, {X=http://www.Department10.University0.edu/UndergraduateStudent165}, {X=http://www.Department10.University0.edu/UndergraduateStudent172}, {X=http://www.Department10.University0.edu/UndergraduateStudent268}, {X=http://www.Department10.University0.edu/UndergraduateStudent251}, {X=http://www.Department10.University0.edu/GraduateStudent66}, {X=http://www.Department10.University0.edu/UndergraduateStudent254}, {X=http://www.Department10.University0.edu/UndergraduateStudent190}, {X=http://www.Department10.University0.edu/UndergraduateStudent408}, {X=http://www.Department10.University0.edu/GraduateStudent2}, {X=http://www.Department10.University0.edu/UndergraduateStudent118}, {X=http://www.Department10.University0.edu/UndergraduateStudent367}, {X=http://www.Department10.University0.edu/UndergraduateStudent77}, {X=http://www.Department10.University0.edu/UndergraduateStudent374}, {X=http://www.Department10.University0.edu/UndergraduateStudent398}, {X=http://www.Department10.University0.edu/UndergraduateStudent135}, {X=http://www.Department10.University0.edu/UndergraduateStudent58}, {X=http://www.Department10.University0.edu/UndergraduateStudent306}, {X=http://www.Department10.University0.edu/GraduateStudent0}, {X=http://www.Department10.University0.edu/UndergraduateStudent71}, {X=http://www.Department10.University0.edu/UndergraduateStudent157}, {X=http://www.Department10.University0.edu/UndergraduateStudent119}, {X=http://www.Department10.University0.edu/UndergraduateStudent235}, {X=http://www.Department10.University0.edu/UndergraduateStudent25}, {X=http://www.Department10.University0.edu/UndergraduateStudent325}, {X=http://www.Department10.University0.edu/GraduateStudent21}, {X=http://www.Department10.University0.edu/UndergraduateStudent236}, {X=http://www.Department10.University0.edu/UndergraduateStudent96}, {X=http://www.Department10.University0.edu/UndergraduateStudent255}, {X=http://www.Department10.University0.edu/UndergraduateStudent0}, {X=http://www.Department10.University0.edu/UndergraduateStudent313}, {X=http://www.Department10.University0.edu/UndergraduateStudent399}, {X=http://www.Department10.University0.edu/UndergraduateStudent267}, {X=http://www.Department10.University0.edu/UndergraduateStudent38}, {X=http://www.Department10.University0.edu/GraduateStudent57}, {X=http://www.Department10.University0.edu/UndergraduateStudent180}, {X=http://www.Department10.University0.edu/UndergraduateStudent143}, {X=http://www.Department10.University0.edu/UndergraduateStudent76}, {X=http://www.Department10.University0.edu/UndergraduateStudent101}, {X=http://www.Department10.University0.edu/UndergraduateStudent342}, {X=http://www.Department10.University0.edu/UndergraduateStudent168}, {X=http://www.Department10.University0.edu/UndergraduateStudent6}, {X=http://www.Department10.University0.edu/UndergraduateStudent144}, {X=http://www.Department10.University0.edu/UndergraduateStudent311}, {X=http://www.Department10.University0.edu/GraduateStudent44}, {X=http://www.Department10.University0.edu/FullProfessor2}, {X=http://www.Department10.University0.edu/GraduateStudent30}, {X=http://www.Department10.University0.edu/UndergraduateStudent152}, {X=http://www.Department10.University0.edu/UndergraduateStudent72}, {X=http://www.Department10.University0.edu/UndergraduateStudent341}, {X=http://www.Department10.University0.edu/GraduateStudent46}, {X=http://www.Department10.University0.edu/UndergraduateStudent336}, {X=http://www.Department10.University0.edu/UndergraduateStudent350}, {X=http://www.Department10.University0.edu/FullProfessor5}, {X=http://www.Department10.University0.edu/GraduateStudent76}, {X=http://www.Department10.University0.edu/GraduateStudent40}, {X=http://www.Department10.University0.edu/UndergraduateStudent162}, {X=http://www.Department10.University0.edu/GraduateStudent97}, {X=http://www.Department10.University0.edu/UndergraduateStudent159}, {X=http://www.Department10.University0.edu/UndergraduateStudent109}, {X=http://www.Department10.University0.edu/GraduateStudent99}, {X=http://www.Department10.University0.edu/UndergraduateStudent365}, {X=http://www.Department10.University0.edu/UndergraduateStudent4}, {X=http://www.Department10.University0.edu/GraduateStudent62}, {X=http://www.Department10.University0.edu/GraduateStudent12}, {X=http://www.Department10.University0.edu/UndergraduateStudent379}, {X=http://www.Department10.University0.edu/GraduateStudent61}, {X=http://www.Department10.University0.edu/GraduateStudent124}, {X=http://www.Department10.University0.edu/UndergraduateStudent384}, {X=http://www.Department10.University0.edu/AssistantProfessor7}, {X=http://www.Department10.University0.edu/UndergraduateStudent28}, {X=http://www.Department10.University0.edu/UndergraduateStudent192}, {X=http://www.Department10.University0.edu/UndergraduateStudent42}, {X=http://www.Department10.University0.edu/UndergraduateStudent153}, {X=http://www.Department10.University0.edu/UndergraduateStudent160}, {X=http://www.Department10.University0.edu/UndergraduateStudent154}, {X=http://www.Department10.University0.edu/GraduateStudent29}, {X=http://www.Department10.University0.edu/AssistantProfessor3}, {X=http://www.Department10.University0.edu/GraduateStudent118}, {X=http://www.Department10.University0.edu/GraduateStudent80}, {X=http://www.Department10.University0.edu/UndergraduateStudent18}, {X=http://www.Department10.University0.edu/UndergraduateStudent328}, {X=http://www.Department10.University0.edu/GraduateStudent60}, {X=http://www.Department10.University0.edu/UndergraduateStudent315}, {X=http://www.Department10.University0.edu/GraduateStudent113}, {X=http://www.Department10.University0.edu/UndergraduateStudent130}, {X=http://www.Department10.University0.edu/UndergraduateStudent34}, {X=http://www.Department10.University0.edu/UndergraduateStudent231}, {X=http://www.Department10.University0.edu/Lecturer5}, {X=http://www.Department10.University0.edu/GraduateStudent86}, {X=http://www.Department10.University0.edu/UndergraduateStudent229}, {X=http://www.Department10.University0.edu/UndergraduateStudent303}, {X=http://www.Department10.University0.edu/UndergraduateStudent171}, {X=http://www.Department10.University0.edu/UndergraduateStudent47}, {X=http://www.Department10.University0.edu/UndergraduateStudent94}, {X=http://www.Department10.University0.edu/GraduateStudent45}, {X=http://www.Department10.University0.edu/UndergraduateStudent318}, {X=http://www.Department10.University0.edu/GraduateStudent23}, {X=http://www.Department10.University0.edu/UndergraduateStudent35}, {X=http://www.Department10.University0.edu/UndergraduateStudent320}, {X=http://www.Department10.University0.edu/UndergraduateStudent113}, {X=http://www.Department10.University0.edu/UndergraduateStudent9}, {X=http://www.Department10.University0.edu/UndergraduateStudent127}, {X=http://www.Department10.University0.edu/UndergraduateStudent258}, {X=http://www.Department10.University0.edu/FullProfessor3}, {X=http://www.Department10.University0.edu/GraduateStudent70}, {X=http://www.Department10.University0.edu/UndergraduateStudent78}, {X=http://www.Department10.University0.edu/UndergraduateStudent373}, {X=http://www.Department10.University0.edu/GraduateStudent72}, {X=http://www.Department10.University0.edu/UndergraduateStudent238}, {X=http://www.Department10.University0.edu/UndergraduateStudent331}, {X=http://www.Department10.University0.edu/UndergraduateStudent209}, {X=http://www.Department10.University0.edu/UndergraduateStudent221}, {X=http://www.Department10.University0.edu/UndergraduateStudent326}, {X=http://www.Department10.University0.edu/UndergraduateStudent8}, {X=http://www.Department10.University0.edu/UndergraduateStudent87}, {X=http://www.Department10.University0.edu/UndergraduateStudent244}, {X=http://www.Department10.University0.edu/UndergraduateStudent300}, {X=http://www.Department10.University0.edu/UndergraduateStudent262}, {X=http://www.Department10.University0.edu/UndergraduateStudent10}, {X=http://www.Department10.University0.edu/UndergraduateStudent356}, {X=http://www.Department10.University0.edu/UndergraduateStudent391}, {X=http://www.Department10.University0.edu/UndergraduateStudent346}, {X=http://www.Department10.University0.edu/GraduateStudent121}, {X=http://www.Department10.University0.edu/UndergraduateStudent185}, {X=http://www.Department10.University0.edu/UndergraduateStudent301}, {X=http://www.Department10.University0.edu/GraduateStudent43}, {X=http://www.Department10.University0.edu/UndergraduateStudent404}, {X=http://www.Department10.University0.edu/UndergraduateStudent11}, {X=http://www.Department10.University0.edu/UndergraduateStudent316}, {X=http://www.Department10.University0.edu/UndergraduateStudent75}, {X=http://www.Department10.University0.edu/UndergraduateStudent93}, {X=http://www.Department10.University0.edu/GraduateStudent89}, {X=http://www.Department10.University0.edu/GraduateStudent136}, {X=http://www.Department10.University0.edu/UndergraduateStudent52}, {X=http://www.Department10.University0.edu/UndergraduateStudent40}, {X=http://www.Department10.University0.edu/UndergraduateStudent358}, {X=http://www.Department10.University0.edu/UndergraduateStudent37}, {X=http://www.Department10.University0.edu/UndergraduateStudent196}, {X=http://www.Department10.University0.edu/UndergraduateStudent164}, {X=http://www.Department10.University0.edu/UndergraduateStudent16}, {X=http://www.Department10.University0.edu/UndergraduateStudent17}, {X=http://www.Department10.University0.edu/GraduateStudent84}, {X=http://www.Department10.University0.edu/AssistantProfessor9}, {X=http://www.Department10.University0.edu/GraduateStudent132}, {X=http://www.Department10.University0.edu/UndergraduateStudent20}, {X=http://www.Department10.University0.edu/UndergraduateStudent294}, {X=http://www.Department10.University0.edu/UndergraduateStudent282}, {X=http://www.Department10.University0.edu/UndergraduateStudent388}, {X=http://www.Department10.University0.edu/UndergraduateStudent370}, {X=http://www.Department10.University0.edu/UndergraduateStudent216}, {X=http://www.Department10.University0.edu/GraduateStudent112}, {X=http://www.Department10.University0.edu/UndergraduateStudent292}, {X=http://www.Department10.University0.edu/UndergraduateStudent270}, {X=http://www.Department10.University0.edu/UndergraduateStudent340}, {X=http://www.Department10.University0.edu/UndergraduateStudent309}, {X=http://www.Department10.University0.edu/UndergraduateStudent142}, {X=http://www.Department10.University0.edu/UndergraduateStudent310}, {X=http://www.Department10.University0.edu/UndergraduateStudent129}, {X=http://www.Department10.University0.edu/UndergraduateStudent249}, {X=http://www.Department10.University0.edu/UndergraduateStudent410}, {X=http://www.Department10.University0.edu/UndergraduateStudent147}, {X=http://www.Department10.University0.edu/UndergraduateStudent59}, {X=http://www.Department10.University0.edu/UndergraduateStudent181}, {X=http://www.Department10.University0.edu/UndergraduateStudent213}, {X=http://www.Department10.University0.edu/UndergraduateStudent386}, {X=http://www.Department10.University0.edu/GraduateStudent109}, {X=http://www.Department10.University0.edu/UndergraduateStudent295}, {X=http://www.Department10.University0.edu/GraduateStudent105}, {X=http://www.Department10.University0.edu/UndergraduateStudent396}, {X=http://www.Department10.University0.edu/UndergraduateStudent121}, {X=http://www.Department10.University0.edu/GraduateStudent14}, {X=http://www.Department10.University0.edu/UndergraduateStudent212}, {X=http://www.Department10.University0.edu/GraduateStudent20}, {X=http://www.Department10.University0.edu/UndergraduateStudent66}, {X=http://www.Department10.University0.edu/UndergraduateStudent61}, {X=http://www.Department10.University0.edu/GraduateStudent64}, {X=http://www.Department10.University0.edu/UndergraduateStudent279}, {X=http://www.Department10.University0.edu/UndergraduateStudent74}, {X=http://www.Department10.University0.edu/UndergraduateStudent198}, {X=http://www.Department10.University0.edu/UndergraduateStudent277}, {X=http://www.Department10.University0.edu/UndergraduateStudent240}, {X=http://www.Department10.University0.edu/UndergraduateStudent304}, {X=http://www.Department10.University0.edu/UndergraduateStudent252}, {X=http://www.Department10.University0.edu/UndergraduateStudent204}, {X=http://www.Department10.University0.edu/AssistantProfessor4}, {X=http://www.Department10.University0.edu/UndergraduateStudent214}, {X=http://www.Department10.University0.edu/UndergraduateStudent149}, {X=http://www.Department10.University0.edu/GraduateStudent116}, {X=http://www.Department10.University0.edu/UndergraduateStudent116}, {X=http://www.Department10.University0.edu/UndergraduateStudent299}, {X=http://www.Department10.University0.edu/UndergraduateStudent3}, {X=http://www.Department10.University0.edu/UndergraduateStudent15}, {X=http://www.Department10.University0.edu/UndergraduateStudent261}, {X=http://www.Department10.University0.edu/GraduateStudent100}, {X=http://www.Department10.University0.edu/UndergraduateStudent80}, {X=http://www.Department10.University0.edu/AssociateProfessor0}, {X=http://www.Department10.University0.edu/UndergraduateStudent406}, {X=http://www.Department10.University0.edu/UndergraduateStudent369}, {X=http://www.Department10.University0.edu/UndergraduateStudent175}, {X=http://www.Department10.University0.edu/AssociateProfessor3}, {X=http://www.Department10.University0.edu/UndergraduateStudent148}, {X=http://www.Department10.University0.edu/Lecturer2}, {X=http://www.Department10.University0.edu/GraduateStudent129}, {X=http://www.Department10.University0.edu/UndergraduateStudent122}, {X=http://www.Department10.University0.edu/UndergraduateStudent228}, {X=http://www.Department10.University0.edu/UndergraduateStudent102}, {X=http://www.Department10.University0.edu/GraduateStudent115}, {X=http://www.Department10.University0.edu/UndergraduateStudent354}, {X=http://www.Department10.University0.edu/UndergraduateStudent174}, {X=http://www.Department10.University0.edu/UndergraduateStudent155}, {X=http://www.Department10.University0.edu/UndergraduateStudent349}, {X=http://www.Department10.University0.edu/GraduateStudent82}, {X=http://www.Department10.University0.edu/UndergraduateStudent219}, {X=http://www.Department10.University0.edu/AssociateProfessor8}, {X=http://www.Department10.University0.edu/UndergraduateStudent243}, {X=http://www.Department10.University0.edu/UndergraduateStudent26}, {X=http://www.Department10.University0.edu/GraduateStudent9}, {X=http://www.Department10.University0.edu/UndergraduateStudent247}, {X=http://www.Department10.University0.edu/GraduateStudent49}, {X=http://www.Department10.University0.edu/GraduateStudent108}, {X=http://www.Department10.University0.edu/UndergraduateStudent272}, {X=http://www.Department10.University0.edu/GraduateStudent81}, {X=http://www.Department10.University0.edu/UndergraduateStudent239}, {X=http://www.Department10.University0.edu/UndergraduateStudent13}, {X=http://www.Department10.University0.edu/UndergraduateStudent195}, {X=http://www.Department10.University0.edu/GraduateStudent94}, {X=http://www.Department10.University0.edu/UndergraduateStudent183}, {X=http://www.Department10.University0.edu/UndergraduateStudent163}, {X=http://www.Department10.University0.edu/GraduateStudent65}, {X=http://www.Department10.University0.edu/UndergraduateStudent27}, {X=http://www.Department10.University0.edu/UndergraduateStudent30}, {X=http://www.Department10.University0.edu/UndergraduateStudent125}, {X=http://www.Department10.University0.edu/UndergraduateStudent14}, {X=http://www.Department10.University0.edu/UndergraduateStudent70}, {X=http://www.Department10.University0.edu/UndergraduateStudent53}, {X=http://www.Department10.University0.edu/UndergraduateStudent329}, {X=http://www.Department10.University0.edu/UndergraduateStudent139}, {X=http://www.Department10.University0.edu/GraduateStudent18}, {X=http://www.Department10.University0.edu/UndergraduateStudent333}, {X=http://www.Department10.University0.edu/UndergraduateStudent359}, {X=http://www.Department10.University0.edu/GraduateStudent19}, {X=http://www.Department10.University0.edu/UndergraduateStudent187}, {X=http://www.Department10.University0.edu/UndergraduateStudent202}, {X=http://www.Department10.University0.edu/GraduateStudent91}, {X=http://www.Department10.University0.edu/UndergraduateStudent385}, {X=http://www.Department10.University0.edu/AssociateProfessor4}, {X=http://www.Department10.University0.edu/UndergraduateStudent286}, {X=http://www.Department10.University0.edu/UndergraduateStudent206}, {X=http://www.Department10.University0.edu/UndergraduateStudent225}, {X=http://www.Department10.University0.edu/UndergraduateStudent182}, {X=http://www.Department10.University0.edu/UndergraduateStudent283}, {X=http://www.Department10.University0.edu/UndergraduateStudent161}, {X=http://www.Department10.University0.edu/UndergraduateStudent23}, {X=http://www.Department10.University0.edu/UndergraduateStudent401}, {X=http://www.Department10.University0.edu/GraduateStudent54}, {X=http://www.Department10.University0.edu/AssistantProfessor5}, {X=http://www.Department10.University0.edu/UndergraduateStudent321}, {X=http://www.Department10.University0.edu/UndergraduateStudent296}, {X=http://www.Department10.University0.edu/UndergraduateStudent178}, {X=http://www.Department10.University0.edu/UndergraduateStudent344}, {X=http://www.Department10.University0.edu/GraduateStudent25}, {X=http://www.Department10.University0.edu/UndergraduateStudent257}, {X=http://www.Department10.University0.edu/UndergraduateStudent383}, {X=http://www.Department10.University0.edu/UndergraduateStudent63}, {X=http://www.Department10.University0.edu/UndergraduateStudent57}, {X=http://www.Department10.University0.edu/GraduateStudent104}, {X=http://www.Department10.University0.edu/UndergraduateStudent335}, {X=http://www.Department10.University0.edu/UndergraduateStudent207}, {X=http://www.Department10.University0.edu/UndergraduateStudent248}, {X=http://www.Department10.University0.edu/GraduateStudent11}, {X=http://www.Department10.University0.edu/UndergraduateStudent298}, {X=http://www.Department10.University0.edu/FullProfessor1}, {X=http://www.Department10.University0.edu/GraduateStudent13}, {X=http://www.Department10.University0.edu/UndergraduateStudent90}, {X=http://www.Department10.University0.edu/UndergraduateStudent194}, {X=http://www.Department10.University0.edu/GraduateStudent68}, {X=http://www.Department10.University0.edu/GraduateStudent10}, {X=http://www.Department10.University0.edu/UndergraduateStudent173}, {X=http://www.Department10.University0.edu/UndergraduateStudent39}, {X=http://www.Department10.University0.edu/UndergraduateStudent217}, {X=http://www.Department10.University0.edu/UndergraduateStudent158}, {X=http://www.Department10.University0.edu/GraduateStudent93}, {X=http://www.Department10.University0.edu/UndergraduateStudent211}, {X=http://www.Department10.University0.edu/UndergraduateStudent382}, {X=http://www.Department10.University0.edu/GraduateStudent39}, {X=http://www.Department10.University0.edu/UndergraduateStudent201}, {X=http://www.Department10.University0.edu/GraduateStudent63}, {X=http://www.Department10.University0.edu/GraduateStudent52}, {X=http://www.Department10.University0.edu/UndergraduateStudent353}, {X=http://www.Department10.University0.edu/GraduateStudent101}, {X=http://www.Department10.University0.edu/GraduateStudent125}, {X=http://www.Department10.University0.edu/UndergraduateStudent2}, {X=http://www.Department10.University0.edu/UndergraduateStudent62}, {X=http://www.Department10.University0.edu/UndergraduateStudent22}, {X=http://www.Department10.University0.edu/UndergraduateStudent234}, {X=http://www.Department10.University0.edu/UndergraduateStudent308}, {X=http://www.Department10.University0.edu/AssistantProfessor1}, {X=http://www.Department10.University0.edu/UndergraduateStudent97}, {X=http://www.Department10.University0.edu/GraduateStudent4}, {X=http://www.Department10.University0.edu/UndergraduateStudent377}, {X=http://www.Department10.University0.edu/UndergraduateStudent41}, {X=http://www.Department10.University0.edu/UndergraduateStudent250}, {X=http://www.Department10.University0.edu/UndergraduateStudent330}, {X=http://www.Department10.University0.edu/UndergraduateStudent227}, {X=http://www.Department10.University0.edu/GraduateStudent96}, {X=http://www.Department10.University0.edu/AssistantProfessor2}, {X=http://www.Department10.University0.edu/UndergraduateStudent199}, {X=http://www.Department10.University0.edu/GraduateStudent131}, {X=http://www.Department10.University0.edu/UndergraduateStudent265}, {X=http://www.Department10.University0.edu/UndergraduateStudent131}, {X=http://www.Department10.University0.edu/FullProfessor0}, {X=http://www.Department10.University0.edu/UndergraduateStudent48}, {X=http://www.Department10.University0.edu/GraduateStudent33}, {X=http://www.Department10.University0.edu/UndergraduateStudent137}, {X=http://www.Department10.University0.edu/UndergraduateStudent281}, {X=http://www.Department10.University0.edu/UndergraduateStudent166}, {X=http://www.Department10.University0.edu/UndergraduateStudent233}, {X=http://www.Department10.University0.edu/GraduateStudent98}, {X=http://www.Department10.University0.edu/UndergraduateStudent67}, {X=http://www.Department10.University0.edu/UndergraduateStudent85}, {X=http://www.Department10.University0.edu/UndergraduateStudent88}, {X=http://www.Department10.University0.edu/UndergraduateStudent120}, {X=http://www.Department10.University0.edu/GraduateStudent123}, {X=http://www.Department10.University0.edu/GraduateStudent110}, {X=http://www.Department10.University0.edu/UndergraduateStudent36}, {X=http://www.Department10.University0.edu/UndergraduateStudent151}, {X=http://www.Department10.University0.edu/GraduateStudent31}, {X=http://www.Department10.University0.edu/UndergraduateStudent82}, {X=http://www.Department10.University0.edu/GraduateStudent35}, {X=http://www.Department10.University0.edu/UndergraduateStudent241}, {X=http://www.Department10.University0.edu/GraduateStudent34}, {X=http://www.Department10.University0.edu/UndergraduateStudent126}, {X=http://www.Department10.University0.edu/UndergraduateStudent184}, {X=http://www.Department10.University0.edu/AssociateProfessor2}, {X=http://www.Department10.University0.edu/UndergraduateStudent169}, {X=http://www.Department10.University0.edu/UndergraduateStudent12}, {X=http://www.Department10.University0.edu/UndergraduateStudent133}, {X=http://www.Department10.University0.edu/UndergraduateStudent84}, {X=http://www.Department10.University0.edu/GraduateStudent8}, {X=http://www.Department10.University0.edu/UndergraduateStudent403}, {X=http://www.Department10.University0.edu/UndergraduateStudent60}, {X=http://www.Department10.University0.edu/GraduateStudent26}, {X=http://www.Department10.University0.edu/UndergraduateStudent402}, {X=http://www.Department10.University0.edu/UndergraduateStudent210}, {X=http://www.Department10.University0.edu/GraduateStudent69}, {X=http://www.Department10.University0.edu/UndergraduateStudent123}, {X=http://www.Department10.University0.edu/UndergraduateStudent167}, {X=http://www.Department10.University0.edu/UndergraduateStudent361}, {X=http://www.Department10.University0.edu/GraduateStudent5}, {X=http://www.Department10.University0.edu/FullProfessor4}, {X=http://www.Department10.University0.edu/GraduateStudent55}, {X=http://www.Department10.University0.edu/GraduateStudent134}, {X=http://www.Department10.University0.edu/UndergraduateStudent200}, {X=http://www.Department10.University0.edu/UndergraduateStudent29}, {X=http://www.Department10.University0.edu/GraduateStudent16}, {X=http://www.Department10.University0.edu/UndergraduateStudent271}, {X=http://www.Department10.University0.edu/UndergraduateStudent322}, {X=http://www.Department10.University0.edu/UndergraduateStudent33}, {X=http://www.Department10.University0.edu/UndergraduateStudent405}, {X=http://www.Department10.University0.edu/AssistantProfessor10}, {X=http://www.Department10.University0.edu/UndergraduateStudent146}, {X=http://www.Department10.University0.edu/UndergraduateStudent56}, {X=http://www.Department10.University0.edu/UndergraduateStudent107}, {X=http://www.Department10.University0.edu/UndergraduateStudent170}, {X=http://www.Department10.University0.edu/UndergraduateStudent395}, {X=http://www.Department10.University0.edu/UndergraduateStudent230}, {X=http://www.Department10.University0.edu/AssistantProfessor0}, {X=http://www.Department10.University0.edu/GraduateStudent36}, {X=http://www.Department10.University0.edu/UndergraduateStudent352}, {X=http://www.Department10.University0.edu/UndergraduateStudent110}, {X=http://www.Department10.University0.edu/GraduateStudent74}, {X=http://www.Department10.University0.edu/GraduateStudent120}, {X=http://www.Department10.University0.edu/GraduateStudent83}, {X=http://www.Department10.University0.edu/UndergraduateStudent312}, {X=http://www.Department10.University0.edu/UndergraduateStudent141}, {X=http://www.Department10.University0.edu/GraduateStudent137}, {X=http://www.Department10.University0.edu/GraduateStudent75}, {X=http://www.Department10.University0.edu/Lecturer0}, {X=http://www.Department10.University0.edu/UndergraduateStudent380}, {X=http://www.Department10.University0.edu/Lecturer1}, {X=http://www.Department10.University0.edu/GraduateStudent117}, {X=http://www.Department10.University0.edu/GraduateStudent27}, {X=http://www.Department10.University0.edu/UndergraduateStudent363}, {X=http://www.Department10.University0.edu/UndergraduateStudent389}, {X=http://www.Department10.University0.edu/UndergraduateStudent105}, {X=http://www.Department10.University0.edu/GraduateStudent73}, {X=http://www.Department10.University0.edu/UndergraduateStudent280}, {X=http://www.Department10.University0.edu/UndergraduateStudent115}, {X=http://www.Department10.University0.edu/GraduateStudent58}, {X=http://www.Department10.University0.edu/UndergraduateStudent191}, {X=http://www.Department10.University0.edu/UndergraduateStudent79}, {X=http://www.Department10.University0.edu/UndergraduateStudent259}, {X=http://www.Department10.University0.edu/UndergraduateStudent324}, {X=http://www.Department10.University0.edu/UndergraduateStudent188}, {X=http://www.Department10.University0.edu/UndergraduateStudent100}, {X=http://www.Department10.University0.edu/UndergraduateStudent50}, {X=http://www.Department10.University0.edu/UndergraduateStudent65}, {X=http://www.Department10.University0.edu/UndergraduateStudent49}, {X=http://www.Department10.University0.edu/UndergraduateStudent189}, {X=http://www.Department10.University0.edu/UndergraduateStudent140}, {X=http://www.Department10.University0.edu/GraduateStudent17}, {X=http://www.Department10.University0.edu/GraduateStudent85}, {X=http://www.Department10.University0.edu/UndergraduateStudent366}, {X=http://www.Department10.University0.edu/UndergraduateStudent136}, {X=http://www.Department10.University0.edu/UndergraduateStudent138}, {X=http://www.Department10.University0.edu/UndergraduateStudent327}, {X=http://www.Department10.University0.edu/GraduateStudent119}, {X=http://www.Department10.University0.edu/UndergraduateStudent269}, {X=http://www.Department10.University0.edu/UndergraduateStudent73}, {X=http://www.Department10.University0.edu/AssociateProfessor5}, {X=http://www.Department10.University0.edu/UndergraduateStudent103}, {X=http://www.Department10.University0.edu/UndergraduateStudent54}, {X=http://www.Department10.University0.edu/GraduateStudent128}, {X=http://www.Department10.University0.edu/GraduateStudent130}, {X=http://www.Department10.University0.edu/UndergraduateStudent368}, {X=http://www.Department10.University0.edu/GraduateStudent87}, {X=http://www.Department10.University0.edu/UndergraduateStudent215}, {X=http://www.Department10.University0.edu/UndergraduateStudent351}, {X=http://www.Department10.University0.edu/GraduateStudent37}, {X=http://www.Department10.University0.edu/GraduateStudent79}, {X=http://www.Department10.University0.edu/UndergraduateStudent5}, {X=http://www.Department10.University0.edu/GraduateStudent67}, {X=http://www.Department10.University0.edu/GraduateStudent41}, {X=http://www.Department10.University0.edu/UndergraduateStudent134}, {X=http://www.Department10.University0.edu/UndergraduateStudent276}, {X=http://www.Department10.University0.edu/GraduateStudent42}, {X=http://www.Department10.University0.edu/UndergraduateStudent253}, {X=http://www.Department10.University0.edu/GraduateStudent22}, {X=http://www.Department10.University0.edu/UndergraduateStudent91}, {X=http://www.Department10.University0.edu/UndergraduateStudent355}, {X=http://www.Department10.University0.edu/UndergraduateStudent245}, {X=http://www.Department10.University0.edu/UndergraduateStudent260}, {X=http://www.Department10.University0.edu/UndergraduateStudent357}, {X=http://www.Department10.University0.edu/UndergraduateStudent150}, {X=http://www.Department10.University0.edu/UndergraduateStudent106}, {X=http://www.Department10.University0.edu/GraduateStudent48}, {X=http://www.Department10.University0.edu/UndergraduateStudent305}, {X=http://www.Department10.University0.edu/GraduateStudent7}, {X=http://www.Department10.University0.edu/UndergraduateStudent290}, {X=http://www.Department10.University0.edu/UndergraduateStudent343}, {X=http://www.Department10.University0.edu/UndergraduateStudent246}, {X=http://www.Department10.University0.edu/UndergraduateStudent302}, {X=http://www.Department10.University0.edu/UndergraduateStudent407}, {X=http://www.Department10.University0.edu/UndergraduateStudent348}, {X=http://www.Department10.University0.edu/UndergraduateStudent273}, {X=http://www.Department10.University0.edu/UndergraduateStudent128}, {X=http://www.Department10.University0.edu/Lecturer3}, {X=http://www.Department10.University0.edu/UndergraduateStudent92}, {X=http://www.Department10.University0.edu/GraduateStudent71}, {X=http://www.Department10.University0.edu/GraduateStudent53}, {X=http://www.Department10.University0.edu/UndergraduateStudent7}, {X=http://www.Department10.University0.edu/UndergraduateStudent220}, {X=http://www.Department10.University0.edu/UndergraduateStudent409}, {X=http://www.Department10.University0.edu/UndergraduateStudent297}, {X=http://www.Department10.University0.edu/UndergraduateStudent339}, {X=http://www.Department10.University0.edu/UndergraduateStudent83}, {X=http://www.Department10.University0.edu/UndergraduateStudent394}, {X=http://www.Department10.University0.edu/UndergraduateStudent376}, {X=http://www.Department10.University0.edu/UndergraduateStudent21}, {X=http://www.Department10.University0.edu/AssociateProfessor9}, {X=http://www.Department10.University0.edu/UndergraduateStudent218}, {X=http://www.Department10.University0.edu/UndergraduateStudent293}, {X=http://www.Department10.University0.edu/UndergraduateStudent31}, {X=http://www.Department10.University0.edu/GraduateStudent111}, {X=http://www.Department10.University0.edu/UndergraduateStudent314}, {X=http://www.Department10.University0.edu/GraduateStudent78}, {X=http://www.Department10.University0.edu/UndergraduateStudent332}, {X=http://www.Department10.University0.edu/Lecturer6}, {X=http://www.Department10.University0.edu/UndergraduateStudent284}, {X=http://www.Department10.University0.edu/UndergraduateStudent397}, {X=http://www.Department10.University0.edu/UndergraduateStudent51}, {X=http://www.Department10.University0.edu/GraduateStudent77}, {X=http://www.Department10.University0.edu/UndergraduateStudent104}, {X=http://www.Department10.University0.edu/GraduateStudent103}, {X=http://www.Department10.University0.edu/UndergraduateStudent323}, {X=http://www.Department10.University0.edu/GraduateStudent135}, {X=http://www.Department10.University0.edu/Lecturer4}, {X=http://www.Department10.University0.edu/UndergraduateStudent317}, {X=http://www.Department10.University0.edu/GraduateStudent126}, {X=http://www.Department10.University0.edu/UndergraduateStudent24}, {X=http://www.Department10.University0.edu/UndergraduateStudent64}, {X=http://www.Department10.University0.edu/GraduateStudent59}, {X=http://www.Department10.University0.edu/UndergraduateStudent46}, {X=http://www.Department10.University0.edu/UndergraduateStudent266}, {X=http://www.Department10.University0.edu/GraduateStudent3}, {X=http://www.Department10.University0.edu/UndergraduateStudent256}, {X=http://www.Department10.University0.edu/AssociateProfessor1}, {X=http://www.Department10.University0.edu/GraduateStudent6}, {X=http://www.Department10.University0.edu/UndergraduateStudent222}, {X=http://www.Department10.University0.edu/AssistantProfessor8}, {X=http://www.Department10.University0.edu/UndergraduateStudent347}, {X=http://www.Department10.University0.edu/UndergraduateStudent275}, {X=http://www.Department10.University0.edu/UndergraduateStudent205}, {X=http://www.Department10.University0.edu/UndergraduateStudent381}, {X=http://www.Department10.University0.edu/UndergraduateStudent291}, {X=http://www.Department10.University0.edu/GraduateStudent107}, {X=http://www.Department10.University0.edu/UndergraduateStudent145}, {X=http://www.Department10.University0.edu/UndergraduateStudent237}, {X=http://www.Department10.University0.edu/UndergraduateStudent124}, {X=http://www.Department10.University0.edu/UndergraduateStudent242}, {X=http://www.Department10.University0.edu/UndergraduateStudent197}, {X=http://www.Department10.University0.edu/UndergraduateStudent372}, {X=http://www.Department10.University0.edu/UndergraduateStudent177}, {X=http://www.Department10.University0.edu/FullProfessor6}, {X=http://www.Department10.University0.edu/GraduateStudent102}, {X=http://www.Department10.University0.edu/GraduateStudent38}, {X=http://www.Department10.University0.edu/UndergraduateStudent43}, {X=http://www.Department10.University0.edu/UndergraduateStudent392}, {X=http://www.Department10.University0.edu/UndergraduateStudent98}, {X=http://www.Department10.University0.edu/GraduateStudent56}, {X=http://www.Department10.University0.edu/UndergraduateStudent223}, {X=http://www.Department10.University0.edu/UndergraduateStudent32}, {X=http://www.Department10.University0.edu/UndergraduateStudent319}, {X=http://www.Department10.University0.edu/UndergraduateStudent112}, {X=http://www.Department10.University0.edu/UndergraduateStudent44}, {X=http://www.Department10.University0.edu/UndergraduateStudent117}, {X=http://www.Department10.University0.edu/UndergraduateStudent371}, {X=http://www.Department10.University0.edu/UndergraduateStudent289}, {X=http://www.Department10.University0.edu/UndergraduateStudent263}, {X=http://www.Department10.University0.edu/UndergraduateStudent19}, {X=http://www.Department10.University0.edu/UndergraduateStudent390}, {X=http://www.Department10.University0.edu/UndergraduateStudent307}, {X=http://www.Department10.University0.edu/UndergraduateStudent1}, {X=http://www.Department10.University0.edu/AssociateProfessor10}, {X=http://www.Department10.University0.edu/UndergraduateStudent95}, {X=http://www.Department10.University0.edu/GraduateStudent50}, {X=http://www.Department10.University0.edu/UndergraduateStudent288}, {X=http://www.Department10.University0.edu/GraduateStudent28}, {X=http://www.Department10.University0.edu/GraduateStudent47}, {X=http://www.Department10.University0.edu/GraduateStudent24}, {X=http://www.Department10.University0.edu/GraduateStudent95}, {X=http://www.Department10.University0.edu/UndergraduateStudent393}, {X=http://www.Department10.University0.edu/UndergraduateStudent208}, {X=http://www.Department10.University0.edu/AssociateProfessor6}, {X=http://www.Department10.University0.edu/UndergraduateStudent68}, {X=http://www.Department10.University0.edu/UndergraduateStudent186}, {X=http://www.Department10.University0.edu/UndergraduateStudent114}, {X=http://www.Department10.University0.edu/UndergraduateStudent278}, {X=http://www.Department10.University0.edu/AssociateProfessor7}, {X=http://www.Department10.University0.edu/UndergraduateStudent232}, {X=http://www.Department10.University0.edu/UndergraduateStudent360}, {X=http://www.Department10.University0.edu/UndergraduateStudent179}, {X=http://www.Department10.University0.edu/UndergraduateStudent287}, {X=http://www.Department10.University0.edu/GraduateStudent106}, {X=http://www.Department10.University0.edu/UndergraduateStudent274}, {X=http://www.Department10.University0.edu/UndergraduateStudent89}, {X=http://www.Department10.University0.edu/GraduateStudent133}, {X=http://www.Department10.University0.edu/UndergraduateStudent285}, {X=http://www.Department10.University0.edu/UndergraduateStudent224}, {X=http://www.Department10.University0.edu/UndergraduateStudent387}, {X=http://www.Department10.University0.edu/UndergraduateStudent345}, {X=http://www.Department10.University0.edu/UndergraduateStudent364}, {X=http://www.Department10.University0.edu/UndergraduateStudent375}, {X=http://www.Department10.University0.edu/UndergraduateStudent156}, {X=http://www.Department10.University0.edu/UndergraduateStudent337}, {X=http://www.Department10.University0.edu/GraduateStudent32}, {X=http://www.Department10.University0.edu/UndergraduateStudent111}, {X=http://www.Department10.University0.edu/GraduateStudent92}, {X=http://www.Department10.University0.edu/UndergraduateStudent55}, {X=http://www.Department10.University0.edu/GraduateStudent90}, {X=http://www.Department10.University0.edu/GraduateStudent51}, {X=http://www.Department10.University0.edu/UndergraduateStudent193}, {X=http://www.Department10.University0.edu/UndergraduateStudent400}, {X=http://www.Department10.University0.edu/UndergraduateStudent108}, {X=http://www.Department10.University0.edu/AssistantProfessor6}, {X=http://www.Department10.University0.edu/UndergraduateStudent69}, {X=http://www.Department10.University0.edu/UndergraduateStudent132}, {X=http://www.Department10.University0.edu/UndergraduateStudent99}, {X=http://www.Department10.University0.edu/UndergraduateStudent226}, {X=http://www.Department10.University0.edu/UndergraduateStudent362}, {X=http://www.Department10.University0.edu/UndergraduateStudent81}, {X=http://www.Department10.University0.edu/UndergraduateStudent203}, {X=http://www.Department10.University0.edu/UndergraduateStudent334}, {X=http://www.Department10.University0.edu/GraduateStudent122}, {X=http://www.Department10.University0.edu/GraduateStudent1}, {X=http://www.Department10.University0.edu/GraduateStudent114}, {X=http://www.Department10.University0.edu/UndergraduateStudent378}, {X=http://www.Department10.University0.edu/UndergraduateStudent264}, {X=http://www.Department10.University0.edu/UndergraduateStudent338}, {X=http://www.Department10.University0.edu/GraduateStudent88}, {X=http://www.Department10.University0.edu/GraduateStudent15}, {X=http://www.Department10.University0.edu/UndergraduateStudent176}, {X=http://www.Department10.University0.edu/UndergraduateStudent45}, {X=http://www.Department10.University0.edu/UndergraduateStudent86}, {X=http://www.Department10.University0.edu/GraduateStudent127}, {X=http://www.Department10.University0.edu/UndergraduateStudent165}, {X=http://www.Department10.University0.edu/UndergraduateStudent172}, {X=http://www.Department10.University0.edu/UndergraduateStudent268}, {X=http://www.Department10.University0.edu/UndergraduateStudent251}, {X=http://www.Department10.University0.edu/GraduateStudent66}, {X=http://www.Department10.University0.edu/UndergraduateStudent254}, {X=http://www.Department10.University0.edu/UndergraduateStudent190}, {X=http://www.Department10.University0.edu/UndergraduateStudent408}, {X=http://www.Department10.University0.edu/GraduateStudent2}, {X=http://www.Department10.University0.edu/UndergraduateStudent118}, {X=http://www.Department10.University0.edu/UndergraduateStudent367}, {X=http://www.Department10.University0.edu/UndergraduateStudent77}, {X=http://www.Department10.University0.edu/UndergraduateStudent374}, {X=http://www.Department10.University0.edu/UndergraduateStudent398}, {X=http://www.Department10.University0.edu/UndergraduateStudent135}, {X=http://www.Department10.University0.edu/UndergraduateStudent58}, {X=http://www.Department10.University0.edu/UndergraduateStudent306}, {X=http://www.Department10.University0.edu/GraduateStudent0}, {X=http://www.Department10.University0.edu/UndergraduateStudent71}, {X=http://www.Department10.University0.edu/UndergraduateStudent157}, {X=http://www.Department10.University0.edu/UndergraduateStudent119}, {X=http://www.Department10.University0.edu/UndergraduateStudent235}, {X=http://www.Department10.University0.edu/UndergraduateStudent25}, {X=http://www.Department10.University0.edu/UndergraduateStudent325}, {X=http://www.Department10.University0.edu/GraduateStudent21}, {X=http://www.Department10.University0.edu/UndergraduateStudent236}, {X=http://www.Department10.University0.edu/UndergraduateStudent96}, {X=http://www.Department10.University0.edu/UndergraduateStudent255}, {X=http://www.Department10.University0.edu/UndergraduateStudent0}, {X=http://www.Department10.University0.edu/UndergraduateStudent313}, {X=http://www.Department10.University0.edu/UndergraduateStudent399}, {X=http://www.Department10.University0.edu/UndergraduateStudent267}, {X=http://www.Department10.University0.edu/UndergraduateStudent38}, {X=http://www.Department10.University0.edu/GraduateStudent57}, {X=http://www.Department10.University0.edu/UndergraduateStudent180}, {X=http://www.Department10.University0.edu/UndergraduateStudent143}, {X=http://www.Department10.University0.edu/UndergraduateStudent76}, {X=http://www.Department10.University0.edu/UndergraduateStudent101}, {X=http://www.Department10.University0.edu/UndergraduateStudent342}, {X=http://www.Department10.University0.edu/UndergraduateStudent168}, {X=http://www.Department10.University0.edu/UndergraduateStudent6}, {X=http://www.Department10.University0.edu/UndergraduateStudent144}, {X=http://www.Department10.University0.edu/UndergraduateStudent311}, {X=http://www.Department10.University0.edu/GraduateStudent44}, {X=http://www.Department10.University0.edu/FullProfessor2}, {X=http://www.Department10.University0.edu/GraduateStudent30}, {X=http://www.Department10.University0.edu/UndergraduateStudent152}, {X=http://www.Department10.University0.edu/UndergraduateStudent72}, {X=http://www.Department10.University0.edu/UndergraduateStudent341}, {X=http://www.Department10.University0.edu/GraduateStudent46}, {X=http://www.Department10.University0.edu/UndergraduateStudent336}, {X=http://www.Department10.University0.edu/UndergraduateStudent350}, {X=http://www.Department10.University0.edu/FullProfessor5}, {X=http://www.Department10.University0.edu/GraduateStudent76}, {X=http://www.Department10.University0.edu/GraduateStudent40}, {X=http://www.Department10.University0.edu/UndergraduateStudent162}, {X=http://www.Department10.University0.edu/GraduateStudent97}, {X=http://www.Department10.University0.edu/UndergraduateStudent159}, {X=http://www.Department10.University0.edu/UndergraduateStudent109}, {X=http://www.Department10.University0.edu/GraduateStudent99}, {X=http://www.Department10.University0.edu/UndergraduateStudent365}, {X=http://www.Department10.University0.edu/UndergraduateStudent4}, {X=http://www.Department10.University0.edu/GraduateStudent62}, {X=http://www.Department10.University0.edu/GraduateStudent12}, {X=http://www.Department10.University0.edu/UndergraduateStudent379}, {X=http://www.Department10.University0.edu/GraduateStudent61}, {X=http://www.Department10.University0.edu/GraduateStudent124}, {X=http://www.Department10.University0.edu/UndergraduateStudent384}, {X=http://www.Department10.University0.edu/AssistantProfessor7}, {X=http://www.Department10.University0.edu/UndergraduateStudent28}, {X=http://www.Department10.University0.edu/UndergraduateStudent192}, {X=http://www.Department10.University0.edu/UndergraduateStudent42}, {X=http://www.Department10.University0.edu/UndergraduateStudent153}, {X=http://www.Department10.University0.edu/UndergraduateStudent160}, {X=http://www.Department10.University0.edu/UndergraduateStudent154}, {X=http://www.Department10.University0.edu/GraduateStudent29}, {X=http://www.Department10.University0.edu/AssistantProfessor3}, {X=http://www.Department10.University0.edu/GraduateStudent118}, {X=http://www.Department10.University0.edu/GraduateStudent80}, {X=http://www.Department10.University0.edu/UndergraduateStudent18}, {X=http://www.Department10.University0.edu/UndergraduateStudent328}, {X=http://www.Department10.University0.edu/GraduateStudent60}, {X=http://www.Department10.University0.edu/UndergraduateStudent315}, {X=http://www.Department10.University0.edu/GraduateStudent113}, {X=http://www.Department10.University0.edu/UndergraduateStudent130}, {X=http://www.Department10.University0.edu/UndergraduateStudent34}, {X=http://www.Department10.University0.edu/UndergraduateStudent231}, {X=http://www.Department10.University0.edu/Lecturer5}, {X=http://www.Department10.University0.edu/GraduateStudent86}, {X=http://www.Department10.University0.edu/UndergraduateStudent229}, {X=http://www.Department10.University0.edu/UndergraduateStudent303}, {X=http://www.Department10.University0.edu/UndergraduateStudent171}, {X=http://www.Department10.University0.edu/UndergraduateStudent47}, {X=http://www.Department10.University0.edu/UndergraduateStudent94}, {X=http://www.Department10.University0.edu/GraduateStudent45}, {X=http://www.Department10.University0.edu/UndergraduateStudent318}, {X=http://www.Department10.University0.edu/GraduateStudent23}, {X=http://www.Department10.University0.edu/UndergraduateStudent35}, {X=http://www.Department10.University0.edu/UndergraduateStudent320}, {X=http://www.Department10.University0.edu/UndergraduateStudent113}, {X=http://www.Department10.University0.edu/UndergraduateStudent9}, {X=http://www.Department10.University0.edu/UndergraduateStudent127}, {X=http://www.Department10.University0.edu/UndergraduateStudent258}, {X=http://www.Department10.University0.edu/FullProfessor3}, {X=http://www.Department10.University0.edu/GraduateStudent70}, {X=http://www.Department10.University0.edu/UndergraduateStudent78}, {X=http://www.Department10.University0.edu/UndergraduateStudent373}, {X=http://www.Department10.University0.edu/GraduateStudent72}, {X=http://www.Department10.University0.edu/UndergraduateStudent238}, {X=http://www.Department10.University0.edu/UndergraduateStudent331}, {X=http://www.Department10.University0.edu/UndergraduateStudent209}, {X=http://www.Department10.University0.edu/UndergraduateStudent221}, {X=http://www.Department10.University0.edu/UndergraduateStudent326}, {X=http://www.Department10.University0.edu/UndergraduateStudent8}, {X=http://www.Department10.University0.edu/UndergraduateStudent87}, {X=http://www.Department10.University0.edu/UndergraduateStudent244}, {X=http://www.Department10.University0.edu/UndergraduateStudent300}, {X=http://www.Department10.University0.edu/UndergraduateStudent262}, {X=http://www.Department10.University0.edu/UndergraduateStudent10}, {X=http://www.Department10.University0.edu/UndergraduateStudent356}, {X=http://www.Department10.University0.edu/UndergraduateStudent391}, {X=http://www.Department10.University0.edu/UndergraduateStudent346}, {X=http://www.Department10.University0.edu/GraduateStudent121}, {X=http://www.Department10.University0.edu/UndergraduateStudent185}, {X=http://www.Department10.University0.edu/UndergraduateStudent301}, {X=http://www.Department10.University0.edu/GraduateStudent43}, {X=http://www.Department10.University0.edu/UndergraduateStudent404}, {X=http://www.Department10.University0.edu/UndergraduateStudent11}, {X=http://www.Department10.University0.edu/UndergraduateStudent316}, {X=http://www.Department10.University0.edu/UndergraduateStudent75}, {X=http://www.Department10.University0.edu/UndergraduateStudent93}, {X=http://www.Department10.University0.edu/GraduateStudent89}, {X=http://www.Department10.University0.edu/GraduateStudent136}, {X=http://www.Department10.University0.edu/UndergraduateStudent52}, {X=http://www.Department10.University0.edu/UndergraduateStudent40}, {X=http://www.Department10.University0.edu/UndergraduateStudent358}, {X=http://www.Department10.University0.edu/UndergraduateStudent37}, {X=http://www.Department10.University0.edu/UndergraduateStudent196}, {X=http://www.Department10.University0.edu/UndergraduateStudent164}, {X=http://www.Department10.University0.edu/UndergraduateStudent16}, {X=http://www.Department10.University0.edu/UndergraduateStudent17}, {X=http://www.Department10.University0.edu/GraduateStudent84}, {X=http://www.Department10.University0.edu/AssistantProfessor9}, {X=http://www.Department10.University0.edu/GraduateStudent132}, {X=http://www.Department10.University0.edu/UndergraduateStudent20}, {X=http://www.Department10.University0.edu/UndergraduateStudent294}, {X=http://www.Department10.University0.edu/UndergraduateStudent282}, {X=http://www.Department10.University0.edu/UndergraduateStudent388}, {X=http://www.Department10.University0.edu/UndergraduateStudent370}, {X=http://www.Department10.University0.edu/UndergraduateStudent216}, {X=http://www.Department10.University0.edu/GraduateStudent112}, {X=http://www.Department10.University0.edu/UndergraduateStudent292}, {X=http://www.Department10.University0.edu/UndergraduateStudent270}, {X=http://www.Department10.University0.edu/UndergraduateStudent340}, {X=http://www.Department10.University0.edu/UndergraduateStudent309}, {X=http://www.Department10.University0.edu/UndergraduateStudent142}, {X=http://www.Department10.University0.edu/UndergraduateStudent310}, {X=http://www.Department10.University0.edu/UndergraduateStudent129}, {X=http://www.Department10.University0.edu/UndergraduateStudent249}, {X=http://www.Department10.University0.edu/UndergraduateStudent410}, {X=http://www.Department10.University0.edu/UndergraduateStudent147}, {X=http://www.Department10.University0.edu/UndergraduateStudent59}, {X=http://www.Department10.University0.edu/UndergraduateStudent181}, {X=http://www.Department10.University0.edu/UndergraduateStudent213}, {X=http://www.Department10.University0.edu/UndergraduateStudent386}, {X=http://www.Department10.University0.edu/GraduateStudent109}, {X=http://www.Department10.University0.edu/UndergraduateStudent295}, {X=http://www.Department10.University0.edu/GraduateStudent105}, {X=http://www.Department10.University0.edu/UndergraduateStudent396}, {X=http://www.Department10.University0.edu/UndergraduateStudent121}, {X=http://www.Department10.University0.edu/GraduateStudent14}, {X=http://www.Department10.University0.edu/UndergraduateStudent212}, {X=http://www.Department10.University0.edu/GraduateStudent20}, {X=http://www.Department10.University0.edu/UndergraduateStudent66}, {X=http://www.Department10.University0.edu/UndergraduateStudent61}, {X=http://www.Department10.University0.edu/GraduateStudent64}, {X=http://www.Department10.University0.edu/UndergraduateStudent279}, {X=http://www.Department10.University0.edu/UndergraduateStudent74}, {X=http://www.Department10.University0.edu/UndergraduateStudent198}, {X=http://www.Department10.University0.edu/UndergraduateStudent277}, {X=http://www.Department10.University0.edu/UndergraduateStudent240}, {X=http://www.Department10.University0.edu/UndergraduateStudent304}, {X=http://www.Department10.University0.edu/UndergraduateStudent252}, {X=http://www.Department10.University0.edu/UndergraduateStudent204}, {X=http://www.Department10.University0.edu/AssistantProfessor4}, {X=http://www.Department10.University0.edu/UndergraduateStudent214}, {X=http://www.Department10.University0.edu/UndergraduateStudent149}, {X=http://www.Department10.University0.edu/GraduateStudent116}, {X=http://www.Department10.University0.edu/UndergraduateStudent116}, {X=http://www.Department10.University0.edu/UndergraduateStudent299}, {X=http://www.Department10.University0.edu/UndergraduateStudent3}, {X=http://www.Department10.University0.edu/UndergraduateStudent15}, {X=http://www.Department10.University0.edu/UndergraduateStudent261}, {X=http://www.Department10.University0.edu/GraduateStudent100}, {X=http://www.Department10.University0.edu/UndergraduateStudent80}, {X=http://www.Department10.University0.edu/AssociateProfessor0}, {X=http://www.Department10.University0.edu/UndergraduateStudent406}, {X=http://www.Department10.University0.edu/UndergraduateStudent369}, {X=http://www.Department10.University0.edu/UndergraduateStudent175}, {X=http://www.Department10.University0.edu/AssociateProfessor3}, {X=http://www.Department10.University0.edu/UndergraduateStudent148}, {X=http://www.Department10.University0.edu/Lecturer2}, {X=http://www.Department10.University0.edu/GraduateStudent129}, {X=http://www.Department10.University0.edu/UndergraduateStudent122}, {X=http://www.Department10.University0.edu/UndergraduateStudent228}, {X=http://www.Department10.University0.edu/UndergraduateStudent102}, {X=http://www.Department10.University0.edu/GraduateStudent115}, {X=http://www.Department10.University0.edu/UndergraduateStudent354}, {X=http://www.Department10.University0.edu/UndergraduateStudent174}, {X=http://www.Department10.University0.edu/UndergraduateStudent155}, {X=http://www.Department10.University0.edu/UndergraduateStudent349}, {X=http://www.Department10.University0.edu/GraduateStudent82}, {X=http://www.Department10.University0.edu/UndergraduateStudent219}, {X=http://www.Department10.University0.edu/AssociateProfessor8}, {X=http://www.Department10.University0.edu/UndergraduateStudent243}, {X=http://www.Department10.University0.edu/UndergraduateStudent26}, {X=http://www.Department10.University0.edu/GraduateStudent9}, {X=http://www.Department10.University0.edu/UndergraduateStudent247}, {X=http://www.Department10.University0.edu/GraduateStudent49}, {X=http://www.Department10.University0.edu/GraduateStudent108}, {X=http://www.Department10.University0.edu/UndergraduateStudent272}, {X=http://www.Department10.University0.edu/GraduateStudent81}, {X=http://www.Department10.University0.edu/UndergraduateStudent239}, {X=http://www.Department10.University0.edu/UndergraduateStudent13}, {X=http://www.Department10.University0.edu/UndergraduateStudent195}, {X=http://www.Department10.University0.edu/GraduateStudent94}, {X=http://www.Department10.University0.edu/UndergraduateStudent183}, {X=http://www.Department10.University0.edu/UndergraduateStudent163}, {X=http://www.Department10.University0.edu/GraduateStudent65}, {X=http://www.Department10.University0.edu/UndergraduateStudent27}, {X=http://www.Department10.University0.edu/UndergraduateStudent30}, {X=http://www.Department10.University0.edu/UndergraduateStudent125}, {X=http://www.Department10.University0.edu/UndergraduateStudent14}, {X=http://www.Department10.University0.edu/UndergraduateStudent70}, {X=http://www.Department10.University0.edu/UndergraduateStudent53}, {X=http://www.Department10.University0.edu/UndergraduateStudent329}, {X=http://www.Department10.University0.edu/UndergraduateStudent139}, {X=http://www.Department10.University0.edu/GraduateStudent18}, {X=http://www.Department10.University0.edu/UndergraduateStudent333}, {X=http://www.Department10.University0.edu/UndergraduateStudent359}, {X=http://www.Department10.University0.edu/GraduateStudent19}, {X=http://www.Department10.University0.edu/UndergraduateStudent187}, {X=http://www.Department10.University0.edu/UndergraduateStudent202}, {X=http://www.Department10.University0.edu/GraduateStudent91}, {X=http://www.Department10.University0.edu/UndergraduateStudent385}, {X=http://www.Department10.University0.edu/AssociateProfessor4}, {X=http://www.Department10.University0.edu/UndergraduateStudent286}, {X=http://www.Department10.University0.edu/UndergraduateStudent206}, {X=http://www.Department10.University0.edu/UndergraduateStudent225}, {X=http://www.Department10.University0.edu/UndergraduateStudent182}, {X=http://www.Department10.University0.edu/UndergraduateStudent283}, {X=http://www.Department10.University0.edu/UndergraduateStudent161}, {X=http://www.Department10.University0.edu/UndergraduateStudent23}, {X=http://www.Department10.University0.edu/UndergraduateStudent401}, {X=http://www.Department10.University0.edu/GraduateStudent54}, {X=http://www.Department10.University0.edu/AssistantProfessor5}, {X=http://www.Department10.University0.edu/UndergraduateStudent321}, {X=http://www.Department10.University0.edu/UndergraduateStudent296}, {X=http://www.Department10.University0.edu/UndergraduateStudent178}, {X=http://www.Department10.University0.edu/UndergraduateStudent344}, {X=http://www.Department10.University0.edu/GraduateStudent25}, {X=http://www.Department10.University0.edu/UndergraduateStudent257}, {X=http://www.Department10.University0.edu/UndergraduateStudent383}, {X=http://www.Department10.University0.edu/UndergraduateStudent63}, {X=http://www.Department10.University0.edu/UndergraduateStudent57}, {X=http://www.Department10.University0.edu/GraduateStudent104}, {X=http://www.Department10.University0.edu/UndergraduateStudent335}, {X=http://www.Department10.University0.edu/UndergraduateStudent207}, {X=http://www.Department10.University0.edu/UndergraduateStudent248}, {X=http://www.Department10.University0.edu/GraduateStudent11}, {X=http://www.Department10.University0.edu/UndergraduateStudent298}, {X=http://www.Department10.University0.edu/FullProfessor1}, {X=http://www.Department10.University0.edu/GraduateStudent13}, {X=http://www.Department10.University0.edu/UndergraduateStudent90}, {X=http://www.Department10.University0.edu/UndergraduateStudent194}, {X=http://www.Department10.University0.edu/GraduateStudent68}, {X=http://www.Department10.University0.edu/GraduateStudent10}, {X=http://www.Department10.University0.edu/UndergraduateStudent173}, {X=http://www.Department10.University0.edu/UndergraduateStudent39}, {X=http://www.Department10.University0.edu/UndergraduateStudent217}, {X=http://www.Department10.University0.edu/UndergraduateStudent158}, {X=http://www.Department10.University0.edu/GraduateStudent93}, {X=http://www.Department10.University0.edu/UndergraduateStudent211}, {X=http://www.Department10.University0.edu/UndergraduateStudent382}, {X=http://www.Department10.University0.edu/GraduateStudent39}, {X=http://www.Department10.University0.edu/UndergraduateStudent201}, {X=http://www.Department10.University0.edu/GraduateStudent63}, {X=http://www.Department10.University0.edu/GraduateStudent52}, {X=http://www.Department10.University0.edu/UndergraduateStudent353}, {X=http://www.Department10.University0.edu/GraduateStudent101}, {X=http://www.Department10.University0.edu/GraduateStudent125}, {X=http://www.Department10.University0.edu/UndergraduateStudent2}, {X=http://www.Department10.University0.edu/UndergraduateStudent62}, {X=http://www.Department10.University0.edu/UndergraduateStudent22}, {X=http://www.Department10.University0.edu/UndergraduateStudent234}, {X=http://www.Department10.University0.edu/UndergraduateStudent308}, {X=http://www.Department10.University0.edu/AssistantProfessor1}, {X=http://www.Department10.University0.edu/UndergraduateStudent97}, {X=http://www.Department10.University0.edu/GraduateStudent4}, {X=http://www.Department10.University0.edu/UndergraduateStudent377}, {X=http://www.Department10.University0.edu/UndergraduateStudent41}, {X=http://www.Department10.University0.edu/UndergraduateStudent250}, {X=http://www.Department10.University0.edu/UndergraduateStudent330}, {X=http://www.Department10.University0.edu/UndergraduateStudent227}, {X=http://www.Department10.University0.edu/GraduateStudent96}, {X=http://www.Department10.University0.edu/AssistantProfessor2}, {X=http://www.Department10.University0.edu/UndergraduateStudent199}, {X=http://www.Department10.University0.edu/GraduateStudent131}, {X=http://www.Department10.University0.edu/UndergraduateStudent265}, {X=http://www.Department10.University0.edu/UndergraduateStudent131}, {X=http://www.Department10.University0.edu/FullProfessor0}, {X=http://www.Department10.University0.edu/UndergraduateStudent48}, {X=http://www.Department10.University0.edu/GraduateStudent33}, {X=http://www.Department10.University0.edu/UndergraduateStudent137}, {X=http://www.Department10.University0.edu/UndergraduateStudent281}, {X=http://www.Department10.University0.edu/UndergraduateStudent166}, {X=http://www.Department10.University0.edu/UndergraduateStudent233}, {X=http://www.Department10.University0.edu/GraduateStudent98}, {X=http://www.Department10.University0.edu/UndergraduateStudent67}, {X=http://www.Department10.University0.edu/UndergraduateStudent85}, {X=http://www.Department10.University0.edu/UndergraduateStudent88}, {X=http://www.Department10.University0.edu/UndergraduateStudent120}, {X=http://www.Department10.University0.edu/GraduateStudent123}, {X=http://www.Department10.University0.edu/GraduateStudent110}, {X=http://www.Department10.University0.edu/UndergraduateStudent36}, {X=http://www.Department10.University0.edu/UndergraduateStudent151}, {X=http://www.Department10.University0.edu/GraduateStudent31}, {X=http://www.Department10.University0.edu/UndergraduateStudent82}, {X=http://www.Department10.University0.edu/GraduateStudent35}, {X=http://www.Department10.University0.edu/UndergraduateStudent241}, {X=http://www.Department10.University0.edu/GraduateStudent34}, {X=http://www.Department10.University0.edu/UndergraduateStudent126}, {X=http://www.Department10.University0.edu/UndergraduateStudent184}, {X=http://www.Department10.University0.edu/AssociateProfessor2}, {X=http://www.Department10.University0.edu/UndergraduateStudent169}, {X=http://www.Department10.University0.edu/UndergraduateStudent12}, {X=http://www.Department10.University0.edu/UndergraduateStudent133}, {X=http://www.Department10.University0.edu/UndergraduateStudent84}, {X=http://www.Department10.University0.edu/GraduateStudent8}, {X=http://www.Department10.University0.edu/UndergraduateStudent403}, {X=http://www.Department10.University0.edu/UndergraduateStudent60}, {X=http://www.Department10.University0.edu/GraduateStudent26}, {X=http://www.Department10.University0.edu/UndergraduateStudent402}, {X=http://www.Department10.University0.edu/UndergraduateStudent210}, {X=http://www.Department10.University0.edu/GraduateStudent69}, {X=http://www.Department10.University0.edu/UndergraduateStudent123}, {X=http://www.Department10.University0.edu/UndergraduateStudent167}, {X=http://www.Department10.University0.edu/UndergraduateStudent361}, {X=http://www.Department10.University0.edu/GraduateStudent5}, {X=http://www.Department10.University0.edu/FullProfessor4}, {X=http://www.Department10.University0.edu/GraduateStudent55}, {X=http://www.Department10.University0.edu/GraduateStudent134}, {X=http://www.Department10.University0.edu/UndergraduateStudent200}, {X=http://www.Department10.University0.edu/UndergraduateStudent29}, {X=http://www.Department10.University0.edu/GraduateStudent16}, {X=http://www.Department10.University0.edu/UndergraduateStudent271}, {X=http://www.Department10.University0.edu/UndergraduateStudent322}, {X=http://www.Department10.University0.edu/UndergraduateStudent33}, {X=http://www.Department10.University0.edu/UndergraduateStudent405}, {X=http://www.Department10.University0.edu/AssistantProfessor10}, {X=http://www.Department10.University0.edu/UndergraduateStudent146}, {X=http://www.Department10.University0.edu/UndergraduateStudent56}, {X=http://www.Department10.University0.edu/UndergraduateStudent107}, {X=http://www.Department10.University0.edu/UndergraduateStudent170}, {X=http://www.Department10.University0.edu/UndergraduateStudent395}, {X=http://www.Department10.University0.edu/UndergraduateStudent230}, {X=http://www.Department10.University0.edu/AssistantProfessor0}, {X=http://www.Department10.University0.edu/GraduateStudent36}, {X=http://www.Department10.University0.edu/UndergraduateStudent352}, {X=http://www.Department10.University0.edu/UndergraduateStudent110}, {X=http://www.Department10.University0.edu/GraduateStudent74}, {X=http://www.Department10.University0.edu/GraduateStudent120}, {X=http://www.Department10.University0.edu/GraduateStudent83}, {X=http://www.Department10.University0.edu/UndergraduateStudent312}, {X=http://www.Department10.University0.edu/UndergraduateStudent141}, {X=http://www.Department10.University0.edu/GraduateStudent137}, {X=http://www.Department10.University0.edu/GraduateStudent75}, {X=http://www.Department10.University0.edu/Lecturer0}, {X=http://www.Department10.University0.edu/UndergraduateStudent380}, {X=http://www.Department10.University0.edu/Lecturer1}, {X=http://www.Department10.University0.edu/GraduateStudent117}, {X=http://www.Department10.University0.edu/GraduateStudent27}, {X=http://www.Department10.University0.edu/UndergraduateStudent363}, {X=http://www.Department10.University0.edu/UndergraduateStudent389}, {X=http://www.Department10.University0.edu/UndergraduateStudent105}, {X=http://www.Department10.University0.edu/GraduateStudent73}, {X=http://www.Department10.University0.edu/UndergraduateStudent280}, {X=http://www.Department10.University0.edu/UndergraduateStudent115}, {X=http://www.Department10.University0.edu/GraduateStudent58}, {X=http://www.Department10.University0.edu/UndergraduateStudent191}, {X=http://www.Department10.University0.edu/UndergraduateStudent79}, {X=http://www.Department10.University0.edu/UndergraduateStudent259}, {X=http://www.Department10.University0.edu/UndergraduateStudent324}, {X=http://www.Department10.University0.edu/UndergraduateStudent188}, {X=http://www.Department10.University0.edu/UndergraduateStudent100}, {X=http://www.Department10.University0.edu/UndergraduateStudent50}, {X=http://www.Department10.University0.edu/UndergraduateStudent65}, {X=http://www.Department10.University0.edu/UndergraduateStudent49}, {X=http://www.Department10.University0.edu/UndergraduateStudent189}, {X=http://www.Department10.University0.edu/UndergraduateStudent140}, {X=http://www.Department10.University0.edu/GraduateStudent17}, {X=http://www.Department10.University0.edu/GraduateStudent85}, {X=http://www.Department10.University0.edu/UndergraduateStudent366}, {X=http://www.Department10.University0.edu/UndergraduateStudent136}, {X=http://www.Department10.University0.edu/UndergraduateStudent138}, {X=http://www.Department10.University0.edu/UndergraduateStudent327}, {X=http://www.Department10.University0.edu/GraduateStudent119}, {X=http://www.Department10.University0.edu/UndergraduateStudent269}, {X=http://www.Department10.University0.edu/UndergraduateStudent73}, {X=http://www.Department10.University0.edu/AssociateProfessor5}, {X=http://www.Department10.University0.edu/UndergraduateStudent103}, {X=http://www.Department10.University0.edu/UndergraduateStudent54}, {X=http://www.Department10.University0.edu/GraduateStudent128}, {X=http://www.Department10.University0.edu/GraduateStudent130}, {X=http://www.Department10.University0.edu/UndergraduateStudent368}, {X=http://www.Department10.University0.edu/GraduateStudent87}, {X=http://www.Department10.University0.edu/UndergraduateStudent215}, {X=http://www.Department10.University0.edu/UndergraduateStudent351}, {X=http://www.Department10.University0.edu/GraduateStudent37}, {X=http://www.Department10.University0.edu/GraduateStudent79}, {X=http://www.Department10.University0.edu/UndergraduateStudent5}, {X=http://www.Department10.University0.edu/GraduateStudent67}, {X=http://www.Department10.University0.edu/GraduateStudent41}, {X=http://www.Department10.University0.edu/UndergraduateStudent134}, {X=http://www.Department10.University0.edu/UndergraduateStudent276}, {X=http://www.Department10.University0.edu/GraduateStudent42}, {X=http://www.Department10.University0.edu/UndergraduateStudent253}, {X=http://www.Department10.University0.edu/GraduateStudent22}, {X=http://www.Department10.University0.edu/UndergraduateStudent91}, {X=http://www.Department10.University0.edu/UndergraduateStudent355}, {X=http://www.Department10.University0.edu/UndergraduateStudent245}, {X=http://www.Department10.University0.edu/UndergraduateStudent260}, {X=http://www.Department10.University0.edu/UndergraduateStudent357}, {X=http://www.Department10.University0.edu/UndergraduateStudent150}, {X=http://www.Department10.University0.edu/UndergraduateStudent106}, {X=http://www.Department10.University0.edu/GraduateStudent48}, {X=http://www.Department10.University0.edu/UndergraduateStudent305}, {X=http://www.Department10.University0.edu/GraduateStudent7}, {X=http://www.Department10.University0.edu/UndergraduateStudent290}, {X=http://www.Department10.University0.edu/UndergraduateStudent343}, {X=http://www.Department10.University0.edu/UndergraduateStudent246}, {X=http://www.Department10.University0.edu/UndergraduateStudent302}, {X=http://www.Department10.University0.edu/UndergraduateStudent407}, {X=http://www.Department10.University0.edu/UndergraduateStudent348}, {X=http://www.Department10.University0.edu/UndergraduateStudent273}, {X=http://www.Department10.University0.edu/UndergraduateStudent128}, {X=http://www.Department10.University0.edu/Lecturer3}, {X=http://www.Department10.University0.edu/UndergraduateStudent92}, {X=http://www.Department10.University0.edu/GraduateStudent71}, {X=http://www.Department10.University0.edu/GraduateStudent53}, {X=http://www.Department10.University0.edu/UndergraduateStudent7}, {X=http://www.Department10.University0.edu/UndergraduateStudent220}, {X=http://www.Department10.University0.edu/UndergraduateStudent409}, {X=http://www.Department10.University0.edu/UndergraduateStudent297}, {X=http://www.Department10.University0.edu/UndergraduateStudent339}, {X=http://www.Department10.University0.edu/UndergraduateStudent83}, {X=http://www.Department10.University0.edu/UndergraduateStudent394}, {X=http://www.Department10.University0.edu/UndergraduateStudent376}, {X=http://www.Department10.University0.edu/UndergraduateStudent21}, {X=http://www.Department10.University0.edu/AssociateProfessor9}, {X=http://www.Department10.University0.edu/UndergraduateStudent218}, {X=http://www.Department10.University0.edu/UndergraduateStudent293}, {X=http://www.Department10.University0.edu/UndergraduateStudent31}, {X=http://www.Department10.University0.edu/GraduateStudent111}, {X=http://www.Department10.University0.edu/UndergraduateStudent314}, {X=http://www.Department10.University0.edu/GraduateStudent78}, {X=http://www.Department10.University0.edu/UndergraduateStudent332}, {X=http://www.Department10.University0.edu/Lecturer6}, {X=http://www.Department10.University0.edu/UndergraduateStudent284}, {X=http://www.Department10.University0.edu/UndergraduateStudent397}, {X=http://www.Department10.University0.edu/UndergraduateStudent51}, {X=http://www.Department10.University0.edu/GraduateStudent77}, {X=http://www.Department10.University0.edu/UndergraduateStudent104}, {X=http://www.Department10.University0.edu/GraduateStudent103}, {X=http://www.Department10.University0.edu/UndergraduateStudent323}, {X=http://www.Department10.University0.edu/GraduateStudent135}, {X=http://www.Department10.University0.edu/Lecturer4}, {X=http://www.Department10.University0.edu/UndergraduateStudent317}, {X=http://www.Department10.University0.edu/GraduateStudent126}, {X=http://www.Department10.University0.edu/UndergraduateStudent24}, {X=http://www.Department10.University0.edu/UndergraduateStudent64}, {X=http://www.Department10.University0.edu/GraduateStudent59}, {X=http://www.Department10.University0.edu/UndergraduateStudent46}, {X=http://www.Department10.University0.edu/UndergraduateStudent266}, {X=http://www.Department10.University0.edu/GraduateStudent3}, {X=http://www.Department10.University0.edu/UndergraduateStudent256}, {X=http://www.Department10.University0.edu/AssociateProfessor1}, {X=http://www.Department10.University0.edu/GraduateStudent6}, {X=http://www.Department10.University0.edu/UndergraduateStudent222}, {X=http://www.Department10.University0.edu/AssistantProfessor8}, {X=http://www.Department10.University0.edu/UndergraduateStudent347}, {X=http://www.Department10.University0.edu/UndergraduateStudent275}, {X=http://www.Department10.University0.edu/UndergraduateStudent205}, {X=http://www.Department10.University0.edu/UndergraduateStudent381}, {X=http://www.Department10.University0.edu/UndergraduateStudent291}, {X=http://www.Department10.University0.edu/GraduateStudent107}, {X=http://www.Department10.University0.edu/UndergraduateStudent145}, {X=http://www.Department10.University0.edu/UndergraduateStudent237}, {X=http://www.Department10.University0.edu/UndergraduateStudent124}, {X=http://www.Department10.University0.edu/UndergraduateStudent242}, {X=http://www.Department10.University0.edu/UndergraduateStudent197}, {X=http://www.Department10.University0.edu/UndergraduateStudent372}, {X=http://www.Department10.University0.edu/UndergraduateStudent177}, {X=http://www.Department10.University0.edu/FullProfessor6}, {X=http://www.Department10.University0.edu/GraduateStudent102}, {X=http://www.Department10.University0.edu/GraduateStudent38}, {X=http://www.Department10.University0.edu/UndergraduateStudent43}, {X=http://www.Department10.University0.edu/UndergraduateStudent392}, {X=http://www.Department10.University0.edu/UndergraduateStudent98}, {X=http://www.Department10.University0.edu/GraduateStudent56}, {X=http://www.Department10.University0.edu/UndergraduateStudent223}, {X=http://www.Department10.University0.edu/UndergraduateStudent32}, {X=http://www.Department10.University0.edu/UndergraduateStudent319}, {X=http://www.Department10.University0.edu/UndergraduateStudent112}, {X=http://www.Department10.University0.edu/UndergraduateStudent44}, {X=http://www.Department10.University0.edu/UndergraduateStudent117}, {X=http://www.Department10.University0.edu/UndergraduateStudent371}, {X=http://www.Department10.University0.edu/UndergraduateStudent289}, {X=http://www.Department10.University0.edu/UndergraduateStudent263}, {X=http://www.Department10.University0.edu/UndergraduateStudent19}, {X=http://www.Department10.University0.edu/UndergraduateStudent390}, {X=http://www.Department10.University0.edu/UndergraduateStudent307}, {X=http://www.Department10.University0.edu/UndergraduateStudent1}, {X=http://www.Department10.University0.edu/AssociateProfessor10}, {X=http://www.Department10.University0.edu/UndergraduateStudent95}, {X=http://www.Department10.University0.edu/GraduateStudent50}, {X=http://www.Department10.University0.edu/UndergraduateStudent288}, {X=http://www.Department10.University0.edu/GraduateStudent28}, {X=http://www.Department10.University0.edu/GraduateStudent47}, {X=http://www.Department10.University0.edu/GraduateStudent24}, {X=http://www.Department10.University0.edu/GraduateStudent95}, {X=http://www.Department10.University0.edu/UndergraduateStudent393}, {X=http://www.Department10.University0.edu/UndergraduateStudent208}, {X=http://www.Department10.University0.edu/AssociateProfessor6}, {X=http://www.Department10.University0.edu/UndergraduateStudent68}, {X=http://www.Department10.University0.edu/UndergraduateStudent186}, {X=http://www.Department10.University0.edu/UndergraduateStudent114}, {X=http://www.Department10.University0.edu/UndergraduateStudent278}, {X=http://www.Department10.University0.edu/AssociateProfessor7}, {X=http://www.Department10.University0.edu/UndergraduateStudent232}, {X=http://www.Department10.University0.edu/UndergraduateStudent360}, {X=http://www.Department10.University0.edu/UndergraduateStudent179}, {X=http://www.Department10.University0.edu/UndergraduateStudent287}, {X=http://www.Department10.University0.edu/GraduateStudent106}, {X=http://www.Department10.University0.edu/UndergraduateStudent274}, {X=http://www.Department10.University0.edu/UndergraduateStudent89}, {X=http://www.Department10.University0.edu/GraduateStudent133}, {X=http://www.Department10.University0.edu/UndergraduateStudent285}, {X=http://www.Department10.University0.edu/UndergraduateStudent224}, {X=http://www.Department10.University0.edu/UndergraduateStudent387}, {X=http://www.Department10.University0.edu/UndergraduateStudent345}, {X=http://www.Department10.University0.edu/UndergraduateStudent364}, {X=http://www.Department10.University0.edu/UndergraduateStudent375}, {X=http://www.Department10.University0.edu/UndergraduateStudent156}, {X=http://www.Department10.University0.edu/UndergraduateStudent337}, {X=http://www.Department10.University0.edu/GraduateStudent32}]
1490623207717;0;10;6;3109832;2842854;2929572;4044634;4451032;4398662;4428468;4822258;4336797;4383029;3974713;7124;5490;[{X=http://www.Department10.University0.edu/UndergraduateStudent111}, {X=http://www.Department10.University0.edu/GraduateStudent92}, {X=http://www.Department10.University0.edu/UndergraduateStudent55}, {X=http://www.Department10.University0.edu/GraduateStudent90}, {X=http://www.Department10.University0.edu/GraduateStudent51}, {X=http://www.Department10.University0.edu/UndergraduateStudent193}, {X=http://www.Department10.University0.edu/UndergraduateStudent108}, {X=http://www.Department10.University0.edu/UndergraduateStudent400}, {X=http://www.Department10.University0.edu/UndergraduateStudent69}, {X=http://www.Department10.University0.edu/UndergraduateStudent132}, {X=http://www.Department10.University0.edu/UndergraduateStudent99}, {X=http://www.Department10.University0.edu/UndergraduateStudent226}, {X=http://www.Department10.University0.edu/UndergraduateStudent362}, {X=http://www.Department10.University0.edu/UndergraduateStudent81}, {X=http://www.Department10.University0.edu/UndergraduateStudent203}, {X=http://www.Department10.University0.edu/UndergraduateStudent334}, {X=http://www.Department10.University0.edu/GraduateStudent122}, {X=http://www.Department10.University0.edu/GraduateStudent1}, {X=http://www.Department10.University0.edu/GraduateStudent114}, {X=http://www.Department10.University0.edu/UndergraduateStudent378}, {X=http://www.Department10.University0.edu/UndergraduateStudent264}, {X=http://www.Department10.University0.edu/UndergraduateStudent338}, {X=http://www.Department10.University0.edu/GraduateStudent88}, {X=http://www.Department10.University0.edu/UndergraduateStudent176}, {X=http://www.Department10.University0.edu/GraduateStudent15}, {X=http://www.Department10.University0.edu/UndergraduateStudent45}, {X=http://www.Department10.University0.edu/UndergraduateStudent86}, {X=http://www.Department10.University0.edu/GraduateStudent127}, {X=http://www.Department10.University0.edu/UndergraduateStudent165}, {X=http://www.Department10.University0.edu/UndergraduateStudent172}, {X=http://www.Department10.University0.edu/UndergraduateStudent268}, {X=http://www.Department10.University0.edu/UndergraduateStudent251}, {X=http://www.Department10.University0.edu/GraduateStudent66}, {X=http://www.Department10.University0.edu/UndergraduateStudent254}, {X=http://www.Department10.University0.edu/UndergraduateStudent190}, {X=http://www.Department10.University0.edu/UndergraduateStudent408}, {X=http://www.Department10.University0.edu/GraduateStudent2}, {X=http://www.Department10.University0.edu/UndergraduateStudent118}, {X=http://www.Department10.University0.edu/UndergraduateStudent367}, {X=http://www.Department10.University0.edu/UndergraduateStudent77}, {X=http://www.Department10.University0.edu/UndergraduateStudent374}, {X=http://www.Department10.University0.edu/UndergraduateStudent398}, {X=http://www.Department10.University0.edu/UndergraduateStudent135}, {X=http://www.Department10.University0.edu/UndergraduateStudent58}, {X=http://www.Department10.University0.edu/UndergraduateStudent306}, {X=http://www.Department10.University0.edu/GraduateStudent0}, {X=http://www.Department10.University0.edu/UndergraduateStudent71}, {X=http://www.Department10.University0.edu/UndergraduateStudent157}, {X=http://www.Department10.University0.edu/UndergraduateStudent119}, {X=http://www.Department10.University0.edu/UndergraduateStudent235}, {X=http://www.Department10.University0.edu/UndergraduateStudent25}, {X=http://www.Department10.University0.edu/UndergraduateStudent325}, {X=http://www.Department10.University0.edu/GraduateStudent21}, {X=http://www.Department10.University0.edu/UndergraduateStudent236}, {X=http://www.Department10.University0.edu/UndergraduateStudent96}, {X=http://www.Department10.University0.edu/UndergraduateStudent255}, {X=http://www.Department10.University0.edu/UndergraduateStudent0}, {X=http://www.Department10.University0.edu/UndergraduateStudent313}, {X=http://www.Department10.University0.edu/UndergraduateStudent399}, {X=http://www.Department10.University0.edu/UndergraduateStudent267}, {X=http://www.Department10.University0.edu/UndergraduateStudent38}, {X=http://www.Department10.University0.edu/GraduateStudent57}, {X=http://www.Department10.University0.edu/UndergraduateStudent180}, {X=http://www.Department10.University0.edu/UndergraduateStudent101}, {X=http://www.Department10.University0.edu/UndergraduateStudent76}, {X=http://www.Department10.University0.edu/UndergraduateStudent143}, {X=http://www.Department10.University0.edu/UndergraduateStudent342}, {X=http://www.Department10.University0.edu/UndergraduateStudent168}, {X=http://www.Department10.University0.edu/UndergraduateStudent144}, {X=http://www.Department10.University0.edu/UndergraduateStudent6}, {X=http://www.Department10.University0.edu/UndergraduateStudent311}, {X=http://www.Department10.University0.edu/GraduateStudent44}, {X=http://www.Department10.University0.edu/GraduateStudent30}, {X=http://www.Department10.University0.edu/UndergraduateStudent152}, {X=http://www.Department10.University0.edu/UndergraduateStudent72}, {X=http://www.Department10.University0.edu/UndergraduateStudent341}, {X=http://www.Department10.University0.edu/GraduateStudent46}, {X=http://www.Department10.University0.edu/UndergraduateStudent350}, {X=http://www.Department10.University0.edu/UndergraduateStudent336}, {X=http://www.Department10.University0.edu/GraduateStudent76}, {X=http://www.Department10.University0.edu/GraduateStudent40}, {X=http://www.Department10.University0.edu/UndergraduateStudent162}, {X=http://www.Department10.University0.edu/GraduateStudent97}, {X=http://www.Department10.University0.edu/UndergraduateStudent159}, {X=http://www.Department10.University0.edu/UndergraduateStudent109}, {X=http://www.Department10.University0.edu/UndergraduateStudent365}, {X=http://www.Department10.University0.edu/GraduateStudent99}, {X=http://www.Department10.University0.edu/UndergraduateStudent4}, {X=http://www.Department10.University0.edu/GraduateStudent62}, {X=http://www.Department10.University0.edu/GraduateStudent12}, {X=http://www.Department10.University0.edu/UndergraduateStudent379}, {X=http://www.Department10.University0.edu/GraduateStudent61}, {X=http://www.Department10.University0.edu/GraduateStudent124}, {X=http://www.Department10.University0.edu/UndergraduateStudent384}, {X=http://www.Department10.University0.edu/UndergraduateStudent192}, {X=http://www.Department10.University0.edu/UndergraduateStudent28}, {X=http://www.Department10.University0.edu/UndergraduateStudent42}, {X=http://www.Department10.University0.edu/UndergraduateStudent153}, {X=http://www.Department10.University0.edu/UndergraduateStudent160}, {X=http://www.Department10.University0.edu/UndergraduateStudent154}, {X=http://www.Department10.University0.edu/GraduateStudent29}, {X=http://www.Department10.University0.edu/GraduateStudent118}, {X=http://www.Department10.University0.edu/GraduateStudent80}, {X=http://www.Department10.University0.edu/UndergraduateStudent18}, {X=http://www.Department10.University0.edu/UndergraduateStudent328}, {X=http://www.Department10.University0.edu/GraduateStudent60}, {X=http://www.Department10.University0.edu/UndergraduateStudent315}, {X=http://www.Department10.University0.edu/UndergraduateStudent130}, {X=http://www.Department10.University0.edu/GraduateStudent113}, {X=http://www.Department10.University0.edu/UndergraduateStudent34}, {X=http://www.Department10.University0.edu/UndergraduateStudent231}, {X=http://www.Department10.University0.edu/GraduateStudent86}, {X=http://www.Department10.University0.edu/UndergraduateStudent229}, {X=http://www.Department10.University0.edu/UndergraduateStudent171}, {X=http://www.Department10.University0.edu/UndergraduateStudent303}, {X=http://www.Department10.University0.edu/UndergraduateStudent47}, {X=http://www.Department10.University0.edu/UndergraduateStudent94}, {X=http://www.Department10.University0.edu/GraduateStudent45}, {X=http://www.Department10.University0.edu/UndergraduateStudent318}, {X=http://www.Department10.University0.edu/GraduateStudent23}, {X=http://www.Department10.University0.edu/UndergraduateStudent35}, {X=http://www.Department10.University0.edu/UndergraduateStudent320}, {X=http://www.Department10.University0.edu/UndergraduateStudent113}, {X=http://www.Department10.University0.edu/UndergraduateStudent9}, {X=http://www.Department10.University0.edu/UndergraduateStudent258}, {X=http://www.Department10.University0.edu/UndergraduateStudent127}, {X=http://www.Department10.University0.edu/GraduateStudent70}, {X=http://www.Department10.University0.edu/UndergraduateStudent373}, {X=http://www.Department10.University0.edu/UndergraduateStudent78}, {X=http://www.Department10.University0.edu/GraduateStudent72}, {X=http://www.Department10.University0.edu/UndergraduateStudent238}, {X=http://www.Department10.University0.edu/UndergraduateStudent331}, {X=http://www.Department10.University0.edu/UndergraduateStudent209}, {X=http://www.Department10.University0.edu/UndergraduateStudent221}, {X=http://www.Department10.University0.edu/UndergraduateStudent326}, {X=http://www.Department10.University0.edu/UndergraduateStudent8}, {X=http://www.Department10.University0.edu/UndergraduateStudent87}, {X=http://www.Department10.University0.edu/UndergraduateStudent244}, {X=http://www.Department10.University0.edu/UndergraduateStudent300}, {X=http://www.Department10.University0.edu/UndergraduateStudent262}, {X=http://www.Department10.University0.edu/UndergraduateStudent10}, {X=http://www.Department10.University0.edu/UndergraduateStudent391}, {X=http://www.Department10.University0.edu/UndergraduateStudent356}, {X=http://www.Department10.University0.edu/GraduateStudent121}, {X=http://www.Department10.University0.edu/UndergraduateStudent346}, {X=http://www.Department10.University0.edu/UndergraduateStudent185}, {X=http://www.Department10.University0.edu/UndergraduateStudent301}, {X=http://www.Department10.University0.edu/GraduateStudent43}, {X=http://www.Department10.University0.edu/UndergraduateStudent404}, {X=http://www.Department10.University0.edu/UndergraduateStudent11}, {X=http://www.Department10.University0.edu/UndergraduateStudent316}, {X=http://www.Department10.University0.edu/UndergraduateStudent75}, {X=http://www.Department10.University0.edu/UndergraduateStudent93}, {X=http://www.Department10.University0.edu/GraduateStudent89}, {X=http://www.Department10.University0.edu/GraduateStudent136}, {X=http://www.Department10.University0.edu/UndergraduateStudent52}, {X=http://www.Department10.University0.edu/UndergraduateStudent358}, {X=http://www.Department10.University0.edu/UndergraduateStudent40}, {X=http://www.Department10.University0.edu/UndergraduateStudent37}, {X=http://www.Department10.University0.edu/UndergraduateStudent196}, {X=http://www.Department10.University0.edu/UndergraduateStudent164}, {X=http://www.Department10.University0.edu/UndergraduateStudent16}, {X=http://www.Department10.University0.edu/UndergraduateStudent17}, {X=http://www.Department10.University0.edu/GraduateStudent84}, {X=http://www.Department10.University0.edu/GraduateStudent132}, {X=http://www.Department10.University0.edu/UndergraduateStudent20}, {X=http://www.Department10.University0.edu/UndergraduateStudent294}, {X=http://www.Department10.University0.edu/UndergraduateStudent282}, {X=http://www.Department10.University0.edu/UndergraduateStudent388}, {X=http://www.Department10.University0.edu/UndergraduateStudent370}, {X=http://www.Department10.University0.edu/UndergraduateStudent216}, {X=http://www.Department10.University0.edu/GraduateStudent112}, {X=http://www.Department10.University0.edu/UndergraduateStudent292}, {X=http://www.Department10.University0.edu/UndergraduateStudent340}, {X=http://www.Department10.University0.edu/UndergraduateStudent270}, {X=http://www.Department10.University0.edu/UndergraduateStudent309}, {X=http://www.Department10.University0.edu/UndergraduateStudent142}, {X=http://www.Department10.University0.edu/UndergraduateStudent310}, {X=http://www.Department10.University0.edu/UndergraduateStudent129}, {X=http://www.Department10.University0.edu/UndergraduateStudent249}, {X=http://www.Department10.University0.edu/UndergraduateStudent410}, {X=http://www.Department10.University0.edu/UndergraduateStudent147}, {X=http://www.Department10.University0.edu/UndergraduateStudent59}, {X=http://www.Department10.University0.edu/UndergraduateStudent181}, {X=http://www.Department10.University0.edu/UndergraduateStudent386}, {X=http://www.Department10.University0.edu/UndergraduateStudent213}, {X=http://www.Department10.University0.edu/UndergraduateStudent295}, {X=http://www.Department10.University0.edu/GraduateStudent109}, {X=http://www.Department10.University0.edu/GraduateStudent105}, {X=http://www.Department10.University0.edu/UndergraduateStudent396}, {X=http://www.Department10.University0.edu/UndergraduateStudent121}, {X=http://www.Department10.University0.edu/GraduateStudent14}, {X=http://www.Department10.University0.edu/UndergraduateStudent212}, {X=http://www.Department10.University0.edu/GraduateStudent20}, {X=http://www.Department10.University0.edu/UndergraduateStudent66}, {X=http://www.Department10.University0.edu/UndergraduateStudent61}, {X=http://www.Department10.University0.edu/GraduateStudent64}, {X=http://www.Department10.University0.edu/UndergraduateStudent279}, {X=http://www.Department10.University0.edu/UndergraduateStudent74}, {X=http://www.Department10.University0.edu/UndergraduateStudent198}, {X=http://www.Department10.University0.edu/UndergraduateStudent277}, {X=http://www.Department10.University0.edu/UndergraduateStudent240}, {X=http://www.Department10.University0.edu/UndergraduateStudent304}, {X=http://www.Department10.University0.edu/UndergraduateStudent204}, {X=http://www.Department10.University0.edu/UndergraduateStudent252}, {X=http://www.Department10.University0.edu/UndergraduateStudent214}, {X=http://www.Department10.University0.edu/UndergraduateStudent149}, {X=http://www.Department10.University0.edu/GraduateStudent116}, {X=http://www.Department10.University0.edu/UndergraduateStudent116}, {X=http://www.Department10.University0.edu/UndergraduateStudent299}, {X=http://www.Department10.University0.edu/UndergraduateStudent3}, {X=http://www.Department10.University0.edu/UndergraduateStudent15}, {X=http://www.Department10.University0.edu/UndergraduateStudent261}, {X=http://www.Department10.University0.edu/GraduateStudent100}, {X=http://www.Department10.University0.edu/UndergraduateStudent80}, {X=http://www.Department10.University0.edu/UndergraduateStudent369}, {X=http://www.Department10.University0.edu/UndergraduateStudent406}, {X=http://www.Department10.University0.edu/UndergraduateStudent175}, {X=http://www.Department10.University0.edu/UndergraduateStudent148}, {X=http://www.Department10.University0.edu/GraduateStudent129}, {X=http://www.Department10.University0.edu/UndergraduateStudent228}, {X=http://www.Department10.University0.edu/UndergraduateStudent122}, {X=http://www.Department10.University0.edu/UndergraduateStudent102}, {X=http://www.Department10.University0.edu/UndergraduateStudent354}, {X=http://www.Department10.University0.edu/GraduateStudent115}, {X=http://www.Department10.University0.edu/UndergraduateStudent174}, {X=http://www.Department10.University0.edu/UndergraduateStudent155}, {X=http://www.Department10.University0.edu/UndergraduateStudent349}, {X=http://www.Department10.University0.edu/GraduateStudent82}, {X=http://www.Department10.University0.edu/UndergraduateStudent219}, {X=http://www.Department10.University0.edu/UndergraduateStudent243}, {X=http://www.Department10.University0.edu/UndergraduateStudent26}, {X=http://www.Department10.University0.edu/GraduateStudent9}, {X=http://www.Department10.University0.edu/UndergraduateStudent247}, {X=http://www.Department10.University0.edu/GraduateStudent49}, {X=http://www.Department10.University0.edu/UndergraduateStudent272}, {X=http://www.Department10.University0.edu/GraduateStudent108}, {X=http://www.Department10.University0.edu/GraduateStudent81}, {X=http://www.Department10.University0.edu/UndergraduateStudent239}, {X=http://www.Department10.University0.edu/UndergraduateStudent13}, {X=http://www.Department10.University0.edu/UndergraduateStudent195}, {X=http://www.Department10.University0.edu/UndergraduateStudent183}, {X=http://www.Department10.University0.edu/GraduateStudent94}, {X=http://www.Department10.University0.edu/UndergraduateStudent163}, {X=http://www.Department10.University0.edu/UndergraduateStudent27}, {X=http://www.Department10.University0.edu/GraduateStudent65}, {X=http://www.Department10.University0.edu/UndergraduateStudent30}, {X=http://www.Department10.University0.edu/UndergraduateStudent125}, {X=http://www.Department10.University0.edu/UndergraduateStudent14}, {X=http://www.Department10.University0.edu/UndergraduateStudent70}, {X=http://www.Department10.University0.edu/UndergraduateStudent53}, {X=http://www.Department10.University0.edu/UndergraduateStudent329}, {X=http://www.Department10.University0.edu/UndergraduateStudent139}, {X=http://www.Department10.University0.edu/GraduateStudent18}, {X=http://www.Department10.University0.edu/UndergraduateStudent333}, {X=http://www.Department10.University0.edu/UndergraduateStudent359}, {X=http://www.Department10.University0.edu/GraduateStudent19}, {X=http://www.Department10.University0.edu/UndergraduateStudent187}, {X=http://www.Department10.University0.edu/UndergraduateStudent202}, {X=http://www.Department10.University0.edu/GraduateStudent91}, {X=http://www.Department10.University0.edu/UndergraduateStudent385}, {X=http://www.Department10.University0.edu/UndergraduateStudent286}, {X=http://www.Department10.University0.edu/UndergraduateStudent206}, {X=http://www.Department10.University0.edu/UndergraduateStudent225}, {X=http://www.Department10.University0.edu/UndergraduateStudent182}, {X=http://www.Department10.University0.edu/UndergraduateStudent283}, {X=http://www.Department10.University0.edu/UndergraduateStudent161}, {X=http://www.Department10.University0.edu/UndergraduateStudent23}, {X=http://www.Department10.University0.edu/UndergraduateStudent401}, {X=http://www.Department10.University0.edu/GraduateStudent54}, {X=http://www.Department10.University0.edu/UndergraduateStudent321}, {X=http://www.Department10.University0.edu/UndergraduateStudent296}, {X=http://www.Department10.University0.edu/UndergraduateStudent178}, {X=http://www.Department10.University0.edu/UndergraduateStudent344}, {X=http://www.Department10.University0.edu/GraduateStudent25}, {X=http://www.Department10.University0.edu/UndergraduateStudent257}, {X=http://www.Department10.University0.edu/UndergraduateStudent63}, {X=http://www.Department10.University0.edu/UndergraduateStudent383}, {X=http://www.Department10.University0.edu/UndergraduateStudent57}, {X=http://www.Department10.University0.edu/GraduateStudent104}, {X=http://www.Department10.University0.edu/UndergraduateStudent335}, {X=http://www.Department10.University0.edu/UndergraduateStudent207}, {X=http://www.Department10.University0.edu/UndergraduateStudent248}, {X=http://www.Department10.University0.edu/GraduateStudent11}, {X=http://www.Department10.University0.edu/UndergraduateStudent298}, {X=http://www.Department10.University0.edu/UndergraduateStudent90}, {X=http://www.Department10.University0.edu/GraduateStudent13}, {X=http://www.Department10.University0.edu/UndergraduateStudent194}, {X=http://www.Department10.University0.edu/GraduateStudent10}, {X=http://www.Department10.University0.edu/UndergraduateStudent173}, {X=http://www.Department10.University0.edu/GraduateStudent68}, {X=http://www.Department10.University0.edu/UndergraduateStudent39}, {X=http://www.Department10.University0.edu/UndergraduateStudent217}, {X=http://www.Department10.University0.edu/UndergraduateStudent158}, {X=http://www.Department10.University0.edu/GraduateStudent93}, {X=http://www.Department10.University0.edu/UndergraduateStudent211}, {X=http://www.Department10.University0.edu/UndergraduateStudent382}, {X=http://www.Department10.University0.edu/GraduateStudent39}, {X=http://www.Department10.University0.edu/UndergraduateStudent201}, {X=http://www.Department10.University0.edu/GraduateStudent63}, {X=http://www.Department10.University0.edu/GraduateStudent52}, {X=http://www.Department10.University0.edu/UndergraduateStudent353}, {X=http://www.Department10.University0.edu/GraduateStudent101}, {X=http://www.Department10.University0.edu/GraduateStudent125}, {X=http://www.Department10.University0.edu/UndergraduateStudent2}, {X=http://www.Department10.University0.edu/UndergraduateStudent62}, {X=http://www.Department10.University0.edu/UndergraduateStudent22}, {X=http://www.Department10.University0.edu/UndergraduateStudent234}, {X=http://www.Department10.University0.edu/UndergraduateStudent308}, {X=http://www.Department10.University0.edu/UndergraduateStudent97}, {X=http://www.Department10.University0.edu/GraduateStudent4}, {X=http://www.Department10.University0.edu/UndergraduateStudent377}, {X=http://www.Department10.University0.edu/UndergraduateStudent41}, {X=http://www.Department10.University0.edu/UndergraduateStudent250}, {X=http://www.Department10.University0.edu/UndergraduateStudent330}, {X=http://www.Department10.University0.edu/UndergraduateStudent227}, {X=http://www.Department10.University0.edu/GraduateStudent96}, {X=http://www.Department10.University0.edu/UndergraduateStudent199}, {X=http://www.Department10.University0.edu/GraduateStudent131}, {X=http://www.Department10.University0.edu/UndergraduateStudent265}, {X=http://www.Department10.University0.edu/UndergraduateStudent131}, {X=http://www.Department10.University0.edu/UndergraduateStudent48}, {X=http://www.Department10.University0.edu/GraduateStudent33}, {X=http://www.Department10.University0.edu/UndergraduateStudent137}, {X=http://www.Department10.University0.edu/UndergraduateStudent281}, {X=http://www.Department10.University0.edu/UndergraduateStudent166}, {X=http://www.Department10.University0.edu/UndergraduateStudent233}, {X=http://www.Department10.University0.edu/GraduateStudent98}, {X=http://www.Department10.University0.edu/UndergraduateStudent67}, {X=http://www.Department10.University0.edu/UndergraduateStudent85}, {X=http://www.Department10.University0.edu/UndergraduateStudent88}, {X=http://www.Department10.University0.edu/UndergraduateStudent120}, {X=http://www.Department10.University0.edu/GraduateStudent123}, {X=http://www.Department10.University0.edu/GraduateStudent110}, {X=http://www.Department10.University0.edu/UndergraduateStudent36}, {X=http://www.Department10.University0.edu/UndergraduateStudent151}, {X=http://www.Department10.University0.edu/GraduateStudent31}, {X=http://www.Department10.University0.edu/UndergraduateStudent82}, {X=http://www.Department10.University0.edu/UndergraduateStudent241}, {X=http://www.Department10.University0.edu/GraduateStudent35}, {X=http://www.Department10.University0.edu/GraduateStudent34}, {X=http://www.Department10.University0.edu/UndergraduateStudent126}, {X=http://www.Department10.University0.edu/UndergraduateStudent184}, {X=http://www.Department10.University0.edu/UndergraduateStudent12}, {X=http://www.Department10.University0.edu/UndergraduateStudent169}, {X=http://www.Department10.University0.edu/UndergraduateStudent133}, {X=http://www.Department10.University0.edu/UndergraduateStudent84}, {X=http://www.Department10.University0.edu/GraduateStudent8}, {X=http://www.Department10.University0.edu/UndergraduateStudent403}, {X=http://www.Department10.University0.edu/GraduateStudent26}, {X=http://www.Department10.University0.edu/UndergraduateStudent60}, {X=http://www.Department10.University0.edu/UndergraduateStudent402}, {X=http://www.Department10.University0.edu/UndergraduateStudent210}, {X=http://www.Department10.University0.edu/GraduateStudent69}, {X=http://www.Department10.University0.edu/UndergraduateStudent123}, {X=http://www.Department10.University0.edu/UndergraduateStudent167}, {X=http://www.Department10.University0.edu/UndergraduateStudent361}, {X=http://www.Department10.University0.edu/GraduateStudent5}, {X=http://www.Department10.University0.edu/GraduateStudent55}, {X=http://www.Department10.University0.edu/GraduateStudent134}, {X=http://www.Department10.University0.edu/UndergraduateStudent200}, {X=http://www.Department10.University0.edu/GraduateStudent16}, {X=http://www.Department10.University0.edu/UndergraduateStudent29}, {X=http://www.Department10.University0.edu/UndergraduateStudent271}, {X=http://www.Department10.University0.edu/UndergraduateStudent322}, {X=http://www.Department10.University0.edu/UndergraduateStudent33}, {X=http://www.Department10.University0.edu/UndergraduateStudent405}, {X=http://www.Department10.University0.edu/UndergraduateStudent146}, {X=http://www.Department10.University0.edu/UndergraduateStudent56}, {X=http://www.Department10.University0.edu/UndergraduateStudent107}, {X=http://www.Department10.University0.edu/UndergraduateStudent170}, {X=http://www.Department10.University0.edu/UndergraduateStudent395}, {X=http://www.Department10.University0.edu/UndergraduateStudent230}, {X=http://www.Department10.University0.edu/GraduateStudent36}, {X=http://www.Department10.University0.edu/UndergraduateStudent352}, {X=http://www.Department10.University0.edu/UndergraduateStudent110}, {X=http://www.Department10.University0.edu/GraduateStudent74}, {X=http://www.Department10.University0.edu/GraduateStudent120}, {X=http://www.Department10.University0.edu/GraduateStudent83}, {X=http://www.Department10.University0.edu/UndergraduateStudent312}, {X=http://www.Department10.University0.edu/UndergraduateStudent141}, {X=http://www.Department10.University0.edu/GraduateStudent137}, {X=http://www.Department10.University0.edu/GraduateStudent75}, {X=http://www.Department10.University0.edu/UndergraduateStudent380}, {X=http://www.Department10.University0.edu/GraduateStudent117}, {X=http://www.Department10.University0.edu/GraduateStudent27}, {X=http://www.Department10.University0.edu/UndergraduateStudent389}, {X=http://www.Department10.University0.edu/UndergraduateStudent363}, {X=http://www.Department10.University0.edu/UndergraduateStudent105}, {X=http://www.Department10.University0.edu/GraduateStudent73}, {X=http://www.Department10.University0.edu/UndergraduateStudent280}, {X=http://www.Department10.University0.edu/UndergraduateStudent115}, {X=http://www.Department10.University0.edu/GraduateStudent58}, {X=http://www.Department10.University0.edu/UndergraduateStudent191}, {X=http://www.Department10.University0.edu/UndergraduateStudent79}, {X=http://www.Department10.University0.edu/UndergraduateStudent259}, {X=http://www.Department10.University0.edu/UndergraduateStudent324}, {X=http://www.Department10.University0.edu/UndergraduateStudent188}, {X=http://www.Department10.University0.edu/UndergraduateStudent100}, {X=http://www.Department10.University0.edu/UndergraduateStudent50}, {X=http://www.Department10.University0.edu/UndergraduateStudent65}, {X=http://www.Department10.University0.edu/UndergraduateStudent49}, {X=http://www.Department10.University0.edu/UndergraduateStudent140}, {X=http://www.Department10.University0.edu/UndergraduateStudent189}, {X=http://www.Department10.University0.edu/GraduateStudent17}, {X=http://www.Department10.University0.edu/GraduateStudent85}, {X=http://www.Department10.University0.edu/UndergraduateStudent366}, {X=http://www.Department10.University0.edu/UndergraduateStudent138}, {X=http://www.Department10.University0.edu/UndergraduateStudent136}, {X=http://www.Department10.University0.edu/UndergraduateStudent327}, {X=http://www.Department10.University0.edu/GraduateStudent119}, {X=http://www.Department10.University0.edu/UndergraduateStudent269}, {X=http://www.Department10.University0.edu/UndergraduateStudent73}, {X=http://www.Department10.University0.edu/UndergraduateStudent103}, {X=http://www.Department10.University0.edu/UndergraduateStudent54}, {X=http://www.Department10.University0.edu/GraduateStudent128}, {X=http://www.Department10.University0.edu/GraduateStudent130}, {X=http://www.Department10.University0.edu/UndergraduateStudent368}, {X=http://www.Department10.University0.edu/GraduateStudent87}, {X=http://www.Department10.University0.edu/UndergraduateStudent215}, {X=http://www.Department10.University0.edu/UndergraduateStudent351}, {X=http://www.Department10.University0.edu/GraduateStudent37}, {X=http://www.Department10.University0.edu/GraduateStudent79}, {X=http://www.Department10.University0.edu/UndergraduateStudent5}, {X=http://www.Department10.University0.edu/GraduateStudent41}, {X=http://www.Department10.University0.edu/GraduateStudent67}, {X=http://www.Department10.University0.edu/UndergraduateStudent134}, {X=http://www.Department10.University0.edu/UndergraduateStudent276}, {X=http://www.Department10.University0.edu/GraduateStudent42}, {X=http://www.Department10.University0.edu/UndergraduateStudent253}, {X=http://www.Department10.University0.edu/GraduateStudent22}, {X=http://www.Department10.University0.edu/UndergraduateStudent91}, {X=http://www.Department10.University0.edu/UndergraduateStudent355}, {X=http://www.Department10.University0.edu/UndergraduateStudent245}, {X=http://www.Department10.University0.edu/UndergraduateStudent357}, {X=http://www.Department10.University0.edu/UndergraduateStudent260}, {X=http://www.Department10.University0.edu/UndergraduateStudent150}, {X=http://www.Department10.University0.edu/UndergraduateStudent106}, {X=http://www.Department10.University0.edu/GraduateStudent48}, {X=http://www.Department10.University0.edu/UndergraduateStudent305}, {X=http://www.Department10.University0.edu/GraduateStudent7}, {X=http://www.Department10.University0.edu/UndergraduateStudent290}, {X=http://www.Department10.University0.edu/UndergraduateStudent343}, {X=http://www.Department10.University0.edu/UndergraduateStudent246}, {X=http://www.Department10.University0.edu/UndergraduateStudent302}, {X=http://www.Department10.University0.edu/UndergraduateStudent407}, {X=http://www.Department10.University0.edu/UndergraduateStudent348}, {X=http://www.Department10.University0.edu/UndergraduateStudent273}, {X=http://www.Department10.University0.edu/UndergraduateStudent128}, {X=http://www.Department10.University0.edu/UndergraduateStudent92}, {X=http://www.Department10.University0.edu/GraduateStudent71}, {X=http://www.Department10.University0.edu/GraduateStudent53}, {X=http://www.Department10.University0.edu/UndergraduateStudent7}, {X=http://www.Department10.University0.edu/UndergraduateStudent220}, {X=http://www.Department10.University0.edu/UndergraduateStudent409}, {X=http://www.Department10.University0.edu/UndergraduateStudent297}, {X=http://www.Department10.University0.edu/UndergraduateStudent83}, {X=http://www.Department10.University0.edu/UndergraduateStudent339}, {X=http://www.Department10.University0.edu/UndergraduateStudent394}, {X=http://www.Department10.University0.edu/UndergraduateStudent376}, {X=http://www.Department10.University0.edu/UndergraduateStudent21}, {X=http://www.Department10.University0.edu/UndergraduateStudent293}, {X=http://www.Department10.University0.edu/UndergraduateStudent218}, {X=http://www.Department10.University0.edu/UndergraduateStudent31}, {X=http://www.Department10.University0.edu/GraduateStudent111}, {X=http://www.Department10.University0.edu/UndergraduateStudent314}, {X=http://www.Department10.University0.edu/UndergraduateStudent332}, {X=http://www.Department10.University0.edu/GraduateStudent78}, {X=http://www.Department10.University0.edu/UndergraduateStudent284}, {X=http://www.Department10.University0.edu/UndergraduateStudent397}, {X=http://www.Department10.University0.edu/UndergraduateStudent51}, {X=http://www.Department10.University0.edu/GraduateStudent77}, {X=http://www.Department10.University0.edu/UndergraduateStudent104}, {X=http://www.Department10.University0.edu/GraduateStudent103}, {X=http://www.Department10.University0.edu/UndergraduateStudent323}, {X=http://www.Department10.University0.edu/GraduateStudent135}, {X=http://www.Department10.University0.edu/GraduateStudent126}, {X=http://www.Department10.University0.edu/UndergraduateStudent24}, {X=http://www.Department10.University0.edu/UndergraduateStudent317}, {X=http://www.Department10.University0.edu/UndergraduateStudent64}, {X=http://www.Department10.University0.edu/GraduateStudent59}, {X=http://www.Department10.University0.edu/UndergraduateStudent46}, {X=http://www.Department10.University0.edu/UndergraduateStudent266}, {X=http://www.Department10.University0.edu/GraduateStudent3}, {X=http://www.Department10.University0.edu/UndergraduateStudent256}, {X=http://www.Department10.University0.edu/UndergraduateStudent222}, {X=http://www.Department10.University0.edu/GraduateStudent6}, {X=http://www.Department10.University0.edu/UndergraduateStudent347}, {X=http://www.Department10.University0.edu/UndergraduateStudent275}, {X=http://www.Department10.University0.edu/UndergraduateStudent205}, {X=http://www.Department10.University0.edu/UndergraduateStudent381}, {X=http://www.Department10.University0.edu/UndergraduateStudent291}, {X=http://www.Department10.University0.edu/GraduateStudent107}, {X=http://www.Department10.University0.edu/UndergraduateStudent145}, {X=http://www.Department10.University0.edu/UndergraduateStudent237}, {X=http://www.Department10.University0.edu/UndergraduateStudent124}, {X=http://www.Department10.University0.edu/UndergraduateStudent197}, {X=http://www.Department10.University0.edu/UndergraduateStudent242}, {X=http://www.Department10.University0.edu/UndergraduateStudent372}, {X=http://www.Department10.University0.edu/UndergraduateStudent177}, {X=http://www.Department10.University0.edu/GraduateStudent102}, {X=http://www.Department10.University0.edu/GraduateStudent38}, {X=http://www.Department10.University0.edu/UndergraduateStudent43}, {X=http://www.Department10.University0.edu/UndergraduateStudent392}, {X=http://www.Department10.University0.edu/UndergraduateStudent98}, {X=http://www.Department10.University0.edu/GraduateStudent56}, {X=http://www.Department10.University0.edu/UndergraduateStudent223}, {X=http://www.Department10.University0.edu/UndergraduateStudent32}, {X=http://www.Department10.University0.edu/UndergraduateStudent319}, {X=http://www.Department10.University0.edu/UndergraduateStudent112}, {X=http://www.Department10.University0.edu/UndergraduateStudent44}, {X=http://www.Department10.University0.edu/UndergraduateStudent117}, {X=http://www.Department10.University0.edu/UndergraduateStudent289}, {X=http://www.Department10.University0.edu/UndergraduateStudent371}, {X=http://www.Department10.University0.edu/UndergraduateStudent263}, {X=http://www.Department10.University0.edu/UndergraduateStudent19}, {X=http://www.Department10.University0.edu/UndergraduateStudent390}, {X=http://www.Department10.University0.edu/UndergraduateStudent307}, {X=http://www.Department10.University0.edu/UndergraduateStudent1}, {X=http://www.Department10.University0.edu/UndergraduateStudent95}, {X=http://www.Department10.University0.edu/UndergraduateStudent288}, {X=http://www.Department10.University0.edu/GraduateStudent50}, {X=http://www.Department10.University0.edu/GraduateStudent28}, {X=http://www.Department10.University0.edu/GraduateStudent47}, {X=http://www.Department10.University0.edu/GraduateStudent24}, {X=http://www.Department10.University0.edu/GraduateStudent95}, {X=http://www.Department10.University0.edu/UndergraduateStudent393}, {X=http://www.Department10.University0.edu/UndergraduateStudent208}, {X=http://www.Department10.University0.edu/UndergraduateStudent68}, {X=http://www.Department10.University0.edu/UndergraduateStudent186}, {X=http://www.Department10.University0.edu/UndergraduateStudent114}, {X=http://www.Department10.University0.edu/UndergraduateStudent278}, {X=http://www.Department10.University0.edu/UndergraduateStudent232}, {X=http://www.Department10.University0.edu/UndergraduateStudent179}, {X=http://www.Department10.University0.edu/UndergraduateStudent360}, {X=http://www.Department10.University0.edu/UndergraduateStudent287}, {X=http://www.Department10.University0.edu/UndergraduateStudent274}, {X=http://www.Department10.University0.edu/GraduateStudent106}, {X=http://www.Department10.University0.edu/UndergraduateStudent89}, {X=http://www.Department10.University0.edu/UndergraduateStudent285}, {X=http://www.Department10.University0.edu/GraduateStudent133}, {X=http://www.Department10.University0.edu/UndergraduateStudent224}, {X=http://www.Department10.University0.edu/UndergraduateStudent387}, {X=http://www.Department10.University0.edu/UndergraduateStudent345}, {X=http://www.Department10.University0.edu/UndergraduateStudent364}, {X=http://www.Department10.University0.edu/UndergraduateStudent375}, {X=http://www.Department10.University0.edu/UndergraduateStudent156}, {X=http://www.Department10.University0.edu/UndergraduateStudent337}, {X=http://www.Department10.University0.edu/GraduateStudent32}, {X=http://www.Department10.University0.edu/UndergraduateStudent111}, {X=http://www.Department10.University0.edu/GraduateStudent92}, {X=http://www.Department10.University0.edu/UndergraduateStudent55}, {X=http://www.Department10.University0.edu/GraduateStudent90}, {X=http://www.Department10.University0.edu/GraduateStudent51}, {X=http://www.Department10.University0.edu/UndergraduateStudent193}, {X=http://www.Department10.University0.edu/UndergraduateStudent108}, {X=http://www.Department10.University0.edu/UndergraduateStudent400}, {X=http://www.Department10.University0.edu/UndergraduateStudent69}, {X=http://www.Department10.University0.edu/UndergraduateStudent132}, {X=http://www.Department10.University0.edu/UndergraduateStudent99}, {X=http://www.Department10.University0.edu/UndergraduateStudent226}, {X=http://www.Department10.University0.edu/UndergraduateStudent362}, {X=http://www.Department10.University0.edu/UndergraduateStudent81}, {X=http://www.Department10.University0.edu/UndergraduateStudent203}, {X=http://www.Department10.University0.edu/UndergraduateStudent334}, {X=http://www.Department10.University0.edu/GraduateStudent122}, {X=http://www.Department10.University0.edu/GraduateStudent1}, {X=http://www.Department10.University0.edu/GraduateStudent114}, {X=http://www.Department10.University0.edu/UndergraduateStudent378}, {X=http://www.Department10.University0.edu/UndergraduateStudent264}, {X=http://www.Department10.University0.edu/UndergraduateStudent338}, {X=http://www.Department10.University0.edu/GraduateStudent88}, {X=http://www.Department10.University0.edu/UndergraduateStudent176}, {X=http://www.Department10.University0.edu/GraduateStudent15}, {X=http://www.Department10.University0.edu/UndergraduateStudent45}, {X=http://www.Department10.University0.edu/UndergraduateStudent86}, {X=http://www.Department10.University0.edu/GraduateStudent127}, {X=http://www.Department10.University0.edu/UndergraduateStudent165}, {X=http://www.Department10.University0.edu/UndergraduateStudent172}, {X=http://www.Department10.University0.edu/UndergraduateStudent268}, {X=http://www.Department10.University0.edu/UndergraduateStudent251}, {X=http://www.Department10.University0.edu/GraduateStudent66}, {X=http://www.Department10.University0.edu/UndergraduateStudent254}, {X=http://www.Department10.University0.edu/UndergraduateStudent190}, {X=http://www.Department10.University0.edu/UndergraduateStudent408}, {X=http://www.Department10.University0.edu/GraduateStudent2}, {X=http://www.Department10.University0.edu/UndergraduateStudent118}, {X=http://www.Department10.University0.edu/UndergraduateStudent367}, {X=http://www.Department10.University0.edu/UndergraduateStudent77}, {X=http://www.Department10.University0.edu/UndergraduateStudent374}, {X=http://www.Department10.University0.edu/UndergraduateStudent398}, {X=http://www.Department10.University0.edu/UndergraduateStudent135}, {X=http://www.Department10.University0.edu/UndergraduateStudent58}, {X=http://www.Department10.University0.edu/UndergraduateStudent306}, {X=http://www.Department10.University0.edu/GraduateStudent0}, {X=http://www.Department10.University0.edu/UndergraduateStudent71}, {X=http://www.Department10.University0.edu/UndergraduateStudent157}, {X=http://www.Department10.University0.edu/UndergraduateStudent119}, {X=http://www.Department10.University0.edu/UndergraduateStudent235}, {X=http://www.Department10.University0.edu/UndergraduateStudent25}, {X=http://www.Department10.University0.edu/UndergraduateStudent325}, {X=http://www.Department10.University0.edu/GraduateStudent21}, {X=http://www.Department10.University0.edu/UndergraduateStudent236}, {X=http://www.Department10.University0.edu/UndergraduateStudent96}, {X=http://www.Department10.University0.edu/UndergraduateStudent255}, {X=http://www.Department10.University0.edu/UndergraduateStudent0}, {X=http://www.Department10.University0.edu/UndergraduateStudent313}, {X=http://www.Department10.University0.edu/UndergraduateStudent399}, {X=http://www.Department10.University0.edu/UndergraduateStudent267}, {X=http://www.Department10.University0.edu/UndergraduateStudent38}, {X=http://www.Department10.University0.edu/GraduateStudent57}, {X=http://www.Department10.University0.edu/UndergraduateStudent180}, {X=http://www.Department10.University0.edu/UndergraduateStudent101}, {X=http://www.Department10.University0.edu/UndergraduateStudent76}, {X=http://www.Department10.University0.edu/UndergraduateStudent143}, {X=http://www.Department10.University0.edu/UndergraduateStudent342}, {X=http://www.Department10.University0.edu/UndergraduateStudent168}, {X=http://www.Department10.University0.edu/UndergraduateStudent144}, {X=http://www.Department10.University0.edu/UndergraduateStudent6}, {X=http://www.Department10.University0.edu/UndergraduateStudent311}, {X=http://www.Department10.University0.edu/GraduateStudent44}, {X=http://www.Department10.University0.edu/GraduateStudent30}, {X=http://www.Department10.University0.edu/UndergraduateStudent152}, {X=http://www.Department10.University0.edu/UndergraduateStudent72}, {X=http://www.Department10.University0.edu/UndergraduateStudent341}, {X=http://www.Department10.University0.edu/GraduateStudent46}, {X=http://www.Department10.University0.edu/UndergraduateStudent350}, {X=http://www.Department10.University0.edu/UndergraduateStudent336}, {X=http://www.Department10.University0.edu/GraduateStudent76}, {X=http://www.Department10.University0.edu/GraduateStudent40}, {X=http://www.Department10.University0.edu/UndergraduateStudent162}, {X=http://www.Department10.University0.edu/GraduateStudent97}, {X=http://www.Department10.University0.edu/UndergraduateStudent159}, {X=http://www.Department10.University0.edu/UndergraduateStudent109}, {X=http://www.Department10.University0.edu/UndergraduateStudent365}, {X=http://www.Department10.University0.edu/GraduateStudent99}, {X=http://www.Department10.University0.edu/UndergraduateStudent4}, {X=http://www.Department10.University0.edu/GraduateStudent62}, {X=http://www.Department10.University0.edu/GraduateStudent12}, {X=http://www.Department10.University0.edu/UndergraduateStudent379}, {X=http://www.Department10.University0.edu/GraduateStudent61}, {X=http://www.Department10.University0.edu/GraduateStudent124}, {X=http://www.Department10.University0.edu/UndergraduateStudent384}, {X=http://www.Department10.University0.edu/UndergraduateStudent192}, {X=http://www.Department10.University0.edu/UndergraduateStudent28}, {X=http://www.Department10.University0.edu/UndergraduateStudent42}, {X=http://www.Department10.University0.edu/UndergraduateStudent153}, {X=http://www.Department10.University0.edu/UndergraduateStudent160}, {X=http://www.Department10.University0.edu/UndergraduateStudent154}, {X=http://www.Department10.University0.edu/GraduateStudent29}, {X=http://www.Department10.University0.edu/GraduateStudent118}, {X=http://www.Department10.University0.edu/GraduateStudent80}, {X=http://www.Department10.University0.edu/UndergraduateStudent18}, {X=http://www.Department10.University0.edu/UndergraduateStudent328}, {X=http://www.Department10.University0.edu/GraduateStudent60}, {X=http://www.Department10.University0.edu/UndergraduateStudent315}, {X=http://www.Department10.University0.edu/UndergraduateStudent130}, {X=http://www.Department10.University0.edu/GraduateStudent113}, {X=http://www.Department10.University0.edu/UndergraduateStudent34}, {X=http://www.Department10.University0.edu/UndergraduateStudent231}, {X=http://www.Department10.University0.edu/GraduateStudent86}, {X=http://www.Department10.University0.edu/UndergraduateStudent229}, {X=http://www.Department10.University0.edu/UndergraduateStudent171}, {X=http://www.Department10.University0.edu/UndergraduateStudent303}, {X=http://www.Department10.University0.edu/UndergraduateStudent47}, {X=http://www.Department10.University0.edu/UndergraduateStudent94}, {X=http://www.Department10.University0.edu/GraduateStudent45}, {X=http://www.Department10.University0.edu/UndergraduateStudent318}, {X=http://www.Department10.University0.edu/GraduateStudent23}, {X=http://www.Department10.University0.edu/UndergraduateStudent35}, {X=http://www.Department10.University0.edu/UndergraduateStudent320}, {X=http://www.Department10.University0.edu/UndergraduateStudent113}, {X=http://www.Department10.University0.edu/UndergraduateStudent9}, {X=http://www.Department10.University0.edu/UndergraduateStudent258}, {X=http://www.Department10.University0.edu/UndergraduateStudent127}, {X=http://www.Department10.University0.edu/GraduateStudent70}, {X=http://www.Department10.University0.edu/UndergraduateStudent373}, {X=http://www.Department10.University0.edu/UndergraduateStudent78}, {X=http://www.Department10.University0.edu/GraduateStudent72}, {X=http://www.Department10.University0.edu/UndergraduateStudent238}, {X=http://www.Department10.University0.edu/UndergraduateStudent331}, {X=http://www.Department10.University0.edu/UndergraduateStudent209}, {X=http://www.Department10.University0.edu/UndergraduateStudent221}, {X=http://www.Department10.University0.edu/UndergraduateStudent326}, {X=http://www.Department10.University0.edu/UndergraduateStudent8}, {X=http://www.Department10.University0.edu/UndergraduateStudent87}, {X=http://www.Department10.University0.edu/UndergraduateStudent244}, {X=http://www.Department10.University0.edu/UndergraduateStudent300}, {X=http://www.Department10.University0.edu/UndergraduateStudent262}, {X=http://www.Department10.University0.edu/UndergraduateStudent10}, {X=http://www.Department10.University0.edu/UndergraduateStudent391}, {X=http://www.Department10.University0.edu/UndergraduateStudent356}, {X=http://www.Department10.University0.edu/GraduateStudent121}, {X=http://www.Department10.University0.edu/UndergraduateStudent346}, {X=http://www.Department10.University0.edu/UndergraduateStudent185}, {X=http://www.Department10.University0.edu/UndergraduateStudent301}, {X=http://www.Department10.University0.edu/GraduateStudent43}, {X=http://www.Department10.University0.edu/UndergraduateStudent404}, {X=http://www.Department10.University0.edu/UndergraduateStudent11}, {X=http://www.Department10.University0.edu/UndergraduateStudent316}, {X=http://www.Department10.University0.edu/UndergraduateStudent75}, {X=http://www.Department10.University0.edu/UndergraduateStudent93}, {X=http://www.Department10.University0.edu/GraduateStudent89}, {X=http://www.Department10.University0.edu/GraduateStudent136}, {X=http://www.Department10.University0.edu/UndergraduateStudent52}, {X=http://www.Department10.University0.edu/UndergraduateStudent358}, {X=http://www.Department10.University0.edu/UndergraduateStudent40}, {X=http://www.Department10.University0.edu/UndergraduateStudent37}, {X=http://www.Department10.University0.edu/UndergraduateStudent196}, {X=http://www.Department10.University0.edu/UndergraduateStudent164}, {X=http://www.Department10.University0.edu/UndergraduateStudent16}, {X=http://www.Department10.University0.edu/UndergraduateStudent17}, {X=http://www.Department10.University0.edu/GraduateStudent84}, {X=http://www.Department10.University0.edu/GraduateStudent132}, {X=http://www.Department10.University0.edu/UndergraduateStudent20}, {X=http://www.Department10.University0.edu/UndergraduateStudent294}, {X=http://www.Department10.University0.edu/UndergraduateStudent282}, {X=http://www.Department10.University0.edu/UndergraduateStudent388}, {X=http://www.Department10.University0.edu/UndergraduateStudent370}, {X=http://www.Department10.University0.edu/UndergraduateStudent216}, {X=http://www.Department10.University0.edu/GraduateStudent112}, {X=http://www.Department10.University0.edu/UndergraduateStudent292}, {X=http://www.Department10.University0.edu/UndergraduateStudent340}, {X=http://www.Department10.University0.edu/UndergraduateStudent270}, {X=http://www.Department10.University0.edu/UndergraduateStudent309}, {X=http://www.Department10.University0.edu/UndergraduateStudent142}, {X=http://www.Department10.University0.edu/UndergraduateStudent310}, {X=http://www.Department10.University0.edu/UndergraduateStudent129}, {X=http://www.Department10.University0.edu/UndergraduateStudent249}, {X=http://www.Department10.University0.edu/UndergraduateStudent410}, {X=http://www.Department10.University0.edu/UndergraduateStudent147}, {X=http://www.Department10.University0.edu/UndergraduateStudent59}, {X=http://www.Department10.University0.edu/UndergraduateStudent181}, {X=http://www.Department10.University0.edu/UndergraduateStudent386}, {X=http://www.Department10.University0.edu/UndergraduateStudent213}, {X=http://www.Department10.University0.edu/UndergraduateStudent295}, {X=http://www.Department10.University0.edu/GraduateStudent109}, {X=http://www.Department10.University0.edu/GraduateStudent105}, {X=http://www.Department10.University0.edu/UndergraduateStudent396}, {X=http://www.Department10.University0.edu/UndergraduateStudent121}, {X=http://www.Department10.University0.edu/GraduateStudent14}, {X=http://www.Department10.University0.edu/UndergraduateStudent212}, {X=http://www.Department10.University0.edu/GraduateStudent20}, {X=http://www.Department10.University0.edu/UndergraduateStudent66}, {X=http://www.Department10.University0.edu/UndergraduateStudent61}, {X=http://www.Department10.University0.edu/GraduateStudent64}, {X=http://www.Department10.University0.edu/UndergraduateStudent279}, {X=http://www.Department10.University0.edu/UndergraduateStudent74}, {X=http://www.Department10.University0.edu/UndergraduateStudent198}, {X=http://www.Department10.University0.edu/UndergraduateStudent277}, {X=http://www.Department10.University0.edu/UndergraduateStudent240}, {X=http://www.Department10.University0.edu/UndergraduateStudent304}, {X=http://www.Department10.University0.edu/UndergraduateStudent204}, {X=http://www.Department10.University0.edu/UndergraduateStudent252}, {X=http://www.Department10.University0.edu/UndergraduateStudent214}, {X=http://www.Department10.University0.edu/UndergraduateStudent149}, {X=http://www.Department10.University0.edu/GraduateStudent116}, {X=http://www.Department10.University0.edu/UndergraduateStudent116}, {X=http://www.Department10.University0.edu/UndergraduateStudent299}, {X=http://www.Department10.University0.edu/UndergraduateStudent3}, {X=http://www.Department10.University0.edu/UndergraduateStudent15}, {X=http://www.Department10.University0.edu/UndergraduateStudent261}, {X=http://www.Department10.University0.edu/GraduateStudent100}, {X=http://www.Department10.University0.edu/UndergraduateStudent80}, {X=http://www.Department10.University0.edu/UndergraduateStudent369}, {X=http://www.Department10.University0.edu/UndergraduateStudent406}, {X=http://www.Department10.University0.edu/UndergraduateStudent175}, {X=http://www.Department10.University0.edu/UndergraduateStudent148}, {X=http://www.Department10.University0.edu/GraduateStudent129}, {X=http://www.Department10.University0.edu/UndergraduateStudent228}, {X=http://www.Department10.University0.edu/UndergraduateStudent122}, {X=http://www.Department10.University0.edu/UndergraduateStudent102}, {X=http://www.Department10.University0.edu/UndergraduateStudent354}, {X=http://www.Department10.University0.edu/GraduateStudent115}, {X=http://www.Department10.University0.edu/UndergraduateStudent174}, {X=http://www.Department10.University0.edu/UndergraduateStudent155}, {X=http://www.Department10.University0.edu/UndergraduateStudent349}, {X=http://www.Department10.University0.edu/GraduateStudent82}, {X=http://www.Department10.University0.edu/UndergraduateStudent219}, {X=http://www.Department10.University0.edu/UndergraduateStudent243}, {X=http://www.Department10.University0.edu/UndergraduateStudent26}, {X=http://www.Department10.University0.edu/GraduateStudent9}, {X=http://www.Department10.University0.edu/UndergraduateStudent247}, {X=http://www.Department10.University0.edu/GraduateStudent49}, {X=http://www.Department10.University0.edu/UndergraduateStudent272}, {X=http://www.Department10.University0.edu/GraduateStudent108}, {X=http://www.Department10.University0.edu/GraduateStudent81}, {X=http://www.Department10.University0.edu/UndergraduateStudent239}, {X=http://www.Department10.University0.edu/UndergraduateStudent13}, {X=http://www.Department10.University0.edu/UndergraduateStudent195}, {X=http://www.Department10.University0.edu/UndergraduateStudent183}, {X=http://www.Department10.University0.edu/GraduateStudent94}, {X=http://www.Department10.University0.edu/UndergraduateStudent163}, {X=http://www.Department10.University0.edu/UndergraduateStudent27}, {X=http://www.Department10.University0.edu/GraduateStudent65}, {X=http://www.Department10.University0.edu/UndergraduateStudent30}, {X=http://www.Department10.University0.edu/UndergraduateStudent125}, {X=http://www.Department10.University0.edu/UndergraduateStudent14}, {X=http://www.Department10.University0.edu/UndergraduateStudent70}, {X=http://www.Department10.University0.edu/UndergraduateStudent53}, {X=http://www.Department10.University0.edu/UndergraduateStudent329}, {X=http://www.Department10.University0.edu/UndergraduateStudent139}, {X=http://www.Department10.University0.edu/GraduateStudent18}, {X=http://www.Department10.University0.edu/UndergraduateStudent333}, {X=http://www.Department10.University0.edu/UndergraduateStudent359}, {X=http://www.Department10.University0.edu/GraduateStudent19}, {X=http://www.Department10.University0.edu/UndergraduateStudent187}, {X=http://www.Department10.University0.edu/UndergraduateStudent202}, {X=http://www.Department10.University0.edu/GraduateStudent91}, {X=http://www.Department10.University0.edu/UndergraduateStudent385}, {X=http://www.Department10.University0.edu/UndergraduateStudent286}, {X=http://www.Department10.University0.edu/UndergraduateStudent206}, {X=http://www.Department10.University0.edu/UndergraduateStudent225}, {X=http://www.Department10.University0.edu/UndergraduateStudent182}, {X=http://www.Department10.University0.edu/UndergraduateStudent283}, {X=http://www.Department10.University0.edu/UndergraduateStudent161}, {X=http://www.Department10.University0.edu/UndergraduateStudent23}, {X=http://www.Department10.University0.edu/UndergraduateStudent401}, {X=http://www.Department10.University0.edu/GraduateStudent54}, {X=http://www.Department10.University0.edu/UndergraduateStudent321}, {X=http://www.Department10.University0.edu/UndergraduateStudent296}, {X=http://www.Department10.University0.edu/UndergraduateStudent178}, {X=http://www.Department10.University0.edu/UndergraduateStudent344}, {X=http://www.Department10.University0.edu/GraduateStudent25}, {X=http://www.Department10.University0.edu/UndergraduateStudent257}, {X=http://www.Department10.University0.edu/UndergraduateStudent63}, {X=http://www.Department10.University0.edu/UndergraduateStudent383}, {X=http://www.Department10.University0.edu/UndergraduateStudent57}, {X=http://www.Department10.University0.edu/GraduateStudent104}, {X=http://www.Department10.University0.edu/UndergraduateStudent335}, {X=http://www.Department10.University0.edu/UndergraduateStudent207}, {X=http://www.Department10.University0.edu/UndergraduateStudent248}, {X=http://www.Department10.University0.edu/GraduateStudent11}, {X=http://www.Department10.University0.edu/UndergraduateStudent298}, {X=http://www.Department10.University0.edu/UndergraduateStudent90}, {X=http://www.Department10.University0.edu/GraduateStudent13}, {X=http://www.Department10.University0.edu/UndergraduateStudent194}, {X=http://www.Department10.University0.edu/GraduateStudent10}, {X=http://www.Department10.University0.edu/UndergraduateStudent173}, {X=http://www.Department10.University0.edu/GraduateStudent68}, {X=http://www.Department10.University0.edu/UndergraduateStudent39}, {X=http://www.Department10.University0.edu/UndergraduateStudent217}, {X=http://www.Department10.University0.edu/UndergraduateStudent158}, {X=http://www.Department10.University0.edu/GraduateStudent93}, {X=http://www.Department10.University0.edu/UndergraduateStudent211}, {X=http://www.Department10.University0.edu/UndergraduateStudent382}, {X=http://www.Department10.University0.edu/GraduateStudent39}, {X=http://www.Department10.University0.edu/UndergraduateStudent201}, {X=http://www.Department10.University0.edu/GraduateStudent63}, {X=http://www.Department10.University0.edu/GraduateStudent52}, {X=http://www.Department10.University0.edu/UndergraduateStudent353}, {X=http://www.Department10.University0.edu/GraduateStudent101}, {X=http://www.Department10.University0.edu/GraduateStudent125}, {X=http://www.Department10.University0.edu/UndergraduateStudent2}, {X=http://www.Department10.University0.edu/UndergraduateStudent62}, {X=http://www.Department10.University0.edu/UndergraduateStudent22}, {X=http://www.Department10.University0.edu/UndergraduateStudent234}, {X=http://www.Department10.University0.edu/UndergraduateStudent308}, {X=http://www.Department10.University0.edu/UndergraduateStudent97}, {X=http://www.Department10.University0.edu/GraduateStudent4}, {X=http://www.Department10.University0.edu/UndergraduateStudent377}, {X=http://www.Department10.University0.edu/UndergraduateStudent41}, {X=http://www.Department10.University0.edu/UndergraduateStudent250}, {X=http://www.Department10.University0.edu/UndergraduateStudent330}, {X=http://www.Department10.University0.edu/UndergraduateStudent227}, {X=http://www.Department10.University0.edu/GraduateStudent96}, {X=http://www.Department10.University0.edu/UndergraduateStudent199}, {X=http://www.Department10.University0.edu/GraduateStudent131}, {X=http://www.Department10.University0.edu/UndergraduateStudent265}, {X=http://www.Department10.University0.edu/UndergraduateStudent131}, {X=http://www.Department10.University0.edu/UndergraduateStudent48}, {X=http://www.Department10.University0.edu/GraduateStudent33}, {X=http://www.Department10.University0.edu/UndergraduateStudent137}, {X=http://www.Department10.University0.edu/UndergraduateStudent281}, {X=http://www.Department10.University0.edu/UndergraduateStudent166}, {X=http://www.Department10.University0.edu/UndergraduateStudent233}, {X=http://www.Department10.University0.edu/GraduateStudent98}, {X=http://www.Department10.University0.edu/UndergraduateStudent67}, {X=http://www.Department10.University0.edu/UndergraduateStudent85}, {X=http://www.Department10.University0.edu/UndergraduateStudent88}, {X=http://www.Department10.University0.edu/UndergraduateStudent120}, {X=http://www.Department10.University0.edu/GraduateStudent123}, {X=http://www.Department10.University0.edu/GraduateStudent110}, {X=http://www.Department10.University0.edu/UndergraduateStudent36}, {X=http://www.Department10.University0.edu/UndergraduateStudent151}, {X=http://www.Department10.University0.edu/GraduateStudent31}, {X=http://www.Department10.University0.edu/UndergraduateStudent82}, {X=http://www.Department10.University0.edu/UndergraduateStudent241}, {X=http://www.Department10.University0.edu/GraduateStudent35}, {X=http://www.Department10.University0.edu/GraduateStudent34}, {X=http://www.Department10.University0.edu/UndergraduateStudent126}, {X=http://www.Department10.University0.edu/UndergraduateStudent184}, {X=http://www.Department10.University0.edu/UndergraduateStudent12}, {X=http://www.Department10.University0.edu/UndergraduateStudent169}, {X=http://www.Department10.University0.edu/UndergraduateStudent133}, {X=http://www.Department10.University0.edu/UndergraduateStudent84}, {X=http://www.Department10.University0.edu/GraduateStudent8}, {X=http://www.Department10.University0.edu/UndergraduateStudent403}, {X=http://www.Department10.University0.edu/GraduateStudent26}, {X=http://www.Department10.University0.edu/UndergraduateStudent60}, {X=http://www.Department10.University0.edu/UndergraduateStudent402}, {X=http://www.Department10.University0.edu/UndergraduateStudent210}, {X=http://www.Department10.University0.edu/GraduateStudent69}, {X=http://www.Department10.University0.edu/UndergraduateStudent123}, {X=http://www.Department10.University0.edu/UndergraduateStudent167}, {X=http://www.Department10.University0.edu/UndergraduateStudent361}, {X=http://www.Department10.University0.edu/GraduateStudent5}, {X=http://www.Department10.University0.edu/GraduateStudent55}, {X=http://www.Department10.University0.edu/GraduateStudent134}, {X=http://www.Department10.University0.edu/UndergraduateStudent200}, {X=http://www.Department10.University0.edu/GraduateStudent16}, {X=http://www.Department10.University0.edu/UndergraduateStudent29}, {X=http://www.Department10.University0.edu/UndergraduateStudent271}, {X=http://www.Department10.University0.edu/UndergraduateStudent322}, {X=http://www.Department10.University0.edu/UndergraduateStudent33}, {X=http://www.Department10.University0.edu/UndergraduateStudent405}, {X=http://www.Department10.University0.edu/UndergraduateStudent146}, {X=http://www.Department10.University0.edu/UndergraduateStudent56}, {X=http://www.Department10.University0.edu/UndergraduateStudent107}, {X=http://www.Department10.University0.edu/UndergraduateStudent170}, {X=http://www.Department10.University0.edu/UndergraduateStudent395}, {X=http://www.Department10.University0.edu/UndergraduateStudent230}, {X=http://www.Department10.University0.edu/GraduateStudent36}, {X=http://www.Department10.University0.edu/UndergraduateStudent352}, {X=http://www.Department10.University0.edu/UndergraduateStudent110}, {X=http://www.Department10.University0.edu/GraduateStudent74}, {X=http://www.Department10.University0.edu/GraduateStudent120}, {X=http://www.Department10.University0.edu/GraduateStudent83}, {X=http://www.Department10.University0.edu/UndergraduateStudent312}, {X=http://www.Department10.University0.edu/UndergraduateStudent141}, {X=http://www.Department10.University0.edu/GraduateStudent137}, {X=http://www.Department10.University0.edu/GraduateStudent75}, {X=http://www.Department10.University0.edu/UndergraduateStudent380}, {X=http://www.Department10.University0.edu/GraduateStudent117}, {X=http://www.Department10.University0.edu/GraduateStudent27}, {X=http://www.Department10.University0.edu/UndergraduateStudent389}, {X=http://www.Department10.University0.edu/UndergraduateStudent363}, {X=http://www.Department10.University0.edu/UndergraduateStudent105}, {X=http://www.Department10.University0.edu/GraduateStudent73}, {X=http://www.Department10.University0.edu/UndergraduateStudent280}, {X=http://www.Department10.University0.edu/UndergraduateStudent115}, {X=http://www.Department10.University0.edu/GraduateStudent58}, {X=http://www.Department10.University0.edu/UndergraduateStudent191}, {X=http://www.Department10.University0.edu/UndergraduateStudent79}, {X=http://www.Department10.University0.edu/UndergraduateStudent259}, {X=http://www.Department10.University0.edu/UndergraduateStudent324}, {X=http://www.Department10.University0.edu/UndergraduateStudent188}, {X=http://www.Department10.University0.edu/UndergraduateStudent100}, {X=http://www.Department10.University0.edu/UndergraduateStudent50}, {X=http://www.Department10.University0.edu/UndergraduateStudent65}, {X=http://www.Department10.University0.edu/UndergraduateStudent49}, {X=http://www.Department10.University0.edu/UndergraduateStudent140}, {X=http://www.Department10.University0.edu/UndergraduateStudent189}, {X=http://www.Department10.University0.edu/GraduateStudent17}, {X=http://www.Department10.University0.edu/GraduateStudent85}, {X=http://www.Department10.University0.edu/UndergraduateStudent366}, {X=http://www.Department10.University0.edu/UndergraduateStudent138}, {X=http://www.Department10.University0.edu/UndergraduateStudent136}, {X=http://www.Department10.University0.edu/UndergraduateStudent327}, {X=http://www.Department10.University0.edu/GraduateStudent119}, {X=http://www.Department10.University0.edu/UndergraduateStudent269}, {X=http://www.Department10.University0.edu/UndergraduateStudent73}, {X=http://www.Department10.University0.edu/UndergraduateStudent103}, {X=http://www.Department10.University0.edu/UndergraduateStudent54}, {X=http://www.Department10.University0.edu/GraduateStudent128}, {X=http://www.Department10.University0.edu/GraduateStudent130}, {X=http://www.Department10.University0.edu/UndergraduateStudent368}, {X=http://www.Department10.University0.edu/GraduateStudent87}, {X=http://www.Department10.University0.edu/UndergraduateStudent215}, {X=http://www.Department10.University0.edu/UndergraduateStudent351}, {X=http://www.Department10.University0.edu/GraduateStudent37}, {X=http://www.Department10.University0.edu/GraduateStudent79}, {X=http://www.Department10.University0.edu/UndergraduateStudent5}, {X=http://www.Department10.University0.edu/GraduateStudent41}, {X=http://www.Department10.University0.edu/GraduateStudent67}, {X=http://www.Department10.University0.edu/UndergraduateStudent134}, {X=http://www.Department10.University0.edu/UndergraduateStudent276}, {X=http://www.Department10.University0.edu/GraduateStudent42}, {X=http://www.Department10.University0.edu/UndergraduateStudent253}, {X=http://www.Department10.University0.edu/GraduateStudent22}, {X=http://www.Department10.University0.edu/UndergraduateStudent91}, {X=http://www.Department10.University0.edu/UndergraduateStudent355}, {X=http://www.Department10.University0.edu/UndergraduateStudent245}, {X=http://www.Department10.University0.edu/UndergraduateStudent357}, {X=http://www.Department10.University0.edu/UndergraduateStudent260}, {X=http://www.Department10.University0.edu/UndergraduateStudent150}, {X=http://www.Department10.University0.edu/UndergraduateStudent106}, {X=http://www.Department10.University0.edu/GraduateStudent48}, {X=http://www.Department10.University0.edu/UndergraduateStudent305}, {X=http://www.Department10.University0.edu/GraduateStudent7}, {X=http://www.Department10.University0.edu/UndergraduateStudent290}, {X=http://www.Department10.University0.edu/UndergraduateStudent343}, {X=http://www.Department10.University0.edu/UndergraduateStudent246}, {X=http://www.Department10.University0.edu/UndergraduateStudent302}, {X=http://www.Department10.University0.edu/UndergraduateStudent407}, {X=http://www.Department10.University0.edu/UndergraduateStudent348}, {X=http://www.Department10.University0.edu/UndergraduateStudent273}, {X=http://www.Department10.University0.edu/UndergraduateStudent128}, {X=http://www.Department10.University0.edu/UndergraduateStudent92}, {X=http://www.Department10.University0.edu/GraduateStudent71}, {X=http://www.Department10.University0.edu/GraduateStudent53}, {X=http://www.Department10.University0.edu/UndergraduateStudent7}, {X=http://www.Department10.University0.edu/UndergraduateStudent220}, {X=http://www.Department10.University0.edu/UndergraduateStudent409}, {X=http://www.Department10.University0.edu/UndergraduateStudent297}, {X=http://www.Department10.University0.edu/UndergraduateStudent83}, {X=http://www.Department10.University0.edu/UndergraduateStudent339}, {X=http://www.Department10.University0.edu/UndergraduateStudent394}, {X=http://www.Department10.University0.edu/UndergraduateStudent376}, {X=http://www.Department10.University0.edu/UndergraduateStudent21}, {X=http://www.Department10.University0.edu/UndergraduateStudent293}, {X=http://www.Department10.University0.edu/UndergraduateStudent218}, {X=http://www.Department10.University0.edu/UndergraduateStudent31}, {X=http://www.Department10.University0.edu/GraduateStudent111}, {X=http://www.Department10.University0.edu/UndergraduateStudent314}, {X=http://www.Department10.University0.edu/UndergraduateStudent332}, {X=http://www.Department10.University0.edu/GraduateStudent78}, {X=http://www.Department10.University0.edu/UndergraduateStudent284}, {X=http://www.Department10.University0.edu/UndergraduateStudent397}, {X=http://www.Department10.University0.edu/UndergraduateStudent51}, {X=http://www.Department10.University0.edu/GraduateStudent77}, {X=http://www.Department10.University0.edu/UndergraduateStudent104}, {X=http://www.Department10.University0.edu/GraduateStudent103}, {X=http://www.Department10.University0.edu/UndergraduateStudent323}, {X=http://www.Department10.University0.edu/GraduateStudent135}, {X=http://www.Department10.University0.edu/GraduateStudent126}, {X=http://www.Department10.University0.edu/UndergraduateStudent24}, {X=http://www.Department10.University0.edu/UndergraduateStudent317}, {X=http://www.Department10.University0.edu/UndergraduateStudent64}, {X=http://www.Department10.University0.edu/GraduateStudent59}, {X=http://www.Department10.University0.edu/UndergraduateStudent46}, {X=http://www.Department10.University0.edu/UndergraduateStudent266}, {X=http://www.Department10.University0.edu/GraduateStudent3}, {X=http://www.Department10.University0.edu/UndergraduateStudent256}, {X=http://www.Department10.University0.edu/UndergraduateStudent222}, {X=http://www.Department10.University0.edu/GraduateStudent6}, {X=http://www.Department10.University0.edu/UndergraduateStudent347}, {X=http://www.Department10.University0.edu/UndergraduateStudent275}, {X=http://www.Department10.University0.edu/UndergraduateStudent205}, {X=http://www.Department10.University0.edu/UndergraduateStudent381}, {X=http://www.Department10.University0.edu/UndergraduateStudent291}, {X=http://www.Department10.University0.edu/GraduateStudent107}, {X=http://www.Department10.University0.edu/UndergraduateStudent145}, {X=http://www.Department10.University0.edu/UndergraduateStudent237}, {X=http://www.Department10.University0.edu/UndergraduateStudent124}, {X=http://www.Department10.University0.edu/UndergraduateStudent197}, {X=http://www.Department10.University0.edu/UndergraduateStudent242}, {X=http://www.Department10.University0.edu/UndergraduateStudent372}, {X=http://www.Department10.University0.edu/UndergraduateStudent177}, {X=http://www.Department10.University0.edu/GraduateStudent102}, {X=http://www.Department10.University0.edu/GraduateStudent38}, {X=http://www.Department10.University0.edu/UndergraduateStudent43}, {X=http://www.Department10.University0.edu/UndergraduateStudent392}, {X=http://www.Department10.University0.edu/UndergraduateStudent98}, {X=http://www.Department10.University0.edu/GraduateStudent56}, {X=http://www.Department10.University0.edu/UndergraduateStudent223}, {X=http://www.Department10.University0.edu/UndergraduateStudent32}, {X=http://www.Department10.University0.edu/UndergraduateStudent319}, {X=http://www.Department10.University0.edu/UndergraduateStudent112}, {X=http://www.Department10.University0.edu/UndergraduateStudent44}, {X=http://www.Department10.University0.edu/UndergraduateStudent117}, {X=http://www.Department10.University0.edu/UndergraduateStudent289}, {X=http://www.Department10.University0.edu/UndergraduateStudent371}, {X=http://www.Department10.University0.edu/UndergraduateStudent263}, {X=http://www.Department10.University0.edu/UndergraduateStudent19}, {X=http://www.Department10.University0.edu/UndergraduateStudent390}, {X=http://www.Department10.University0.edu/UndergraduateStudent307}, {X=http://www.Department10.University0.edu/UndergraduateStudent1}, {X=http://www.Department10.University0.edu/UndergraduateStudent95}, {X=http://www.Department10.University0.edu/UndergraduateStudent288}, {X=http://www.Department10.University0.edu/GraduateStudent50}, {X=http://www.Department10.University0.edu/GraduateStudent28}, {X=http://www.Department10.University0.edu/GraduateStudent47}, {X=http://www.Department10.University0.edu/GraduateStudent24}, {X=http://www.Department10.University0.edu/GraduateStudent95}, {X=http://www.Department10.University0.edu/UndergraduateStudent393}, {X=http://www.Department10.University0.edu/UndergraduateStudent208}, {X=http://www.Department10.University0.edu/UndergraduateStudent68}, {X=http://www.Department10.University0.edu/UndergraduateStudent186}, {X=http://www.Department10.University0.edu/UndergraduateStudent114}, {X=http://www.Department10.University0.edu/UndergraduateStudent278}, {X=http://www.Department10.University0.edu/UndergraduateStudent232}, {X=http://www.Department10.University0.edu/UndergraduateStudent179}, {X=http://www.Department10.University0.edu/UndergraduateStudent360}, {X=http://www.Department10.University0.edu/UndergraduateStudent287}, {X=http://www.Department10.University0.edu/UndergraduateStudent274}, {X=http://www.Department10.University0.edu/GraduateStudent106}, {X=http://www.Department10.University0.edu/UndergraduateStudent89}, {X=http://www.Department10.University0.edu/UndergraduateStudent285}, {X=http://www.Department10.University0.edu/GraduateStudent133}, {X=http://www.Department10.University0.edu/UndergraduateStudent224}, {X=http://www.Department10.University0.edu/UndergraduateStudent387}, {X=http://www.Department10.University0.edu/UndergraduateStudent345}, {X=http://www.Department10.University0.edu/UndergraduateStudent364}, {X=http://www.Department10.University0.edu/UndergraduateStudent375}, {X=http://www.Department10.University0.edu/UndergraduateStudent156}, {X=http://www.Department10.University0.edu/UndergraduateStudent337}, {X=http://www.Department10.University0.edu/GraduateStudent32}, {X=http://www.Department10.University0.edu/UndergraduateStudent111}, {X=http://www.Department10.University0.edu/GraduateStudent92}, {X=http://www.Department10.University0.edu/UndergraduateStudent55}, {X=http://www.Department10.University0.edu/GraduateStudent90}, {X=http://www.Department10.University0.edu/GraduateStudent51}, {X=http://www.Department10.University0.edu/UndergraduateStudent193}, {X=http://www.Department10.University0.edu/UndergraduateStudent108}, {X=http://www.Department10.University0.edu/UndergraduateStudent400}, {X=http://www.Department10.University0.edu/UndergraduateStudent69}, {X=http://www.Department10.University0.edu/UndergraduateStudent132}, {X=http://www.Department10.University0.edu/UndergraduateStudent99}, {X=http://www.Department10.University0.edu/UndergraduateStudent226}, {X=http://www.Department10.University0.edu/UndergraduateStudent362}, {X=http://www.Department10.University0.edu/UndergraduateStudent81}, {X=http://www.Department10.University0.edu/UndergraduateStudent203}, {X=http://www.Department10.University0.edu/UndergraduateStudent334}, {X=http://www.Department10.University0.edu/GraduateStudent122}, {X=http://www.Department10.University0.edu/GraduateStudent1}, {X=http://www.Department10.University0.edu/GraduateStudent114}, {X=http://www.Department10.University0.edu/UndergraduateStudent378}, {X=http://www.Department10.University0.edu/UndergraduateStudent264}, {X=http://www.Department10.University0.edu/UndergraduateStudent338}, {X=http://www.Department10.University0.edu/GraduateStudent88}, {X=http://www.Department10.University0.edu/UndergraduateStudent176}, {X=http://www.Department10.University0.edu/GraduateStudent15}, {X=http://www.Department10.University0.edu/UndergraduateStudent45}, {X=http://www.Department10.University0.edu/UndergraduateStudent86}, {X=http://www.Department10.University0.edu/GraduateStudent127}, {X=http://www.Department10.University0.edu/UndergraduateStudent165}, {X=http://www.Department10.University0.edu/UndergraduateStudent172}, {X=http://www.Department10.University0.edu/UndergraduateStudent268}, {X=http://www.Department10.University0.edu/UndergraduateStudent251}, {X=http://www.Department10.University0.edu/GraduateStudent66}, {X=http://www.Department10.University0.edu/UndergraduateStudent254}, {X=http://www.Department10.University0.edu/UndergraduateStudent190}, {X=http://www.Department10.University0.edu/UndergraduateStudent408}, {X=http://www.Department10.University0.edu/GraduateStudent2}, {X=http://www.Department10.University0.edu/UndergraduateStudent118}, {X=http://www.Department10.University0.edu/UndergraduateStudent367}, {X=http://www.Department10.University0.edu/UndergraduateStudent77}, {X=http://www.Department10.University0.edu/UndergraduateStudent374}, {X=http://www.Department10.University0.edu/UndergraduateStudent398}, {X=http://www.Department10.University0.edu/UndergraduateStudent135}, {X=http://www.Department10.University0.edu/UndergraduateStudent58}, {X=http://www.Department10.University0.edu/UndergraduateStudent306}, {X=http://www.Department10.University0.edu/GraduateStudent0}, {X=http://www.Department10.University0.edu/UndergraduateStudent71}, {X=http://www.Department10.University0.edu/UndergraduateStudent157}, {X=http://www.Department10.University0.edu/UndergraduateStudent119}, {X=http://www.Department10.University0.edu/UndergraduateStudent235}, {X=http://www.Department10.University0.edu/UndergraduateStudent25}, {X=http://www.Department10.University0.edu/UndergraduateStudent325}, {X=http://www.Department10.University0.edu/GraduateStudent21}, {X=http://www.Department10.University0.edu/UndergraduateStudent236}, {X=http://www.Department10.University0.edu/UndergraduateStudent96}, {X=http://www.Department10.University0.edu/UndergraduateStudent255}, {X=http://www.Department10.University0.edu/UndergraduateStudent0}, {X=http://www.Department10.University0.edu/UndergraduateStudent313}, {X=http://www.Department10.University0.edu/UndergraduateStudent399}, {X=http://www.Department10.University0.edu/UndergraduateStudent267}, {X=http://www.Department10.University0.edu/UndergraduateStudent38}, {X=http://www.Department10.University0.edu/GraduateStudent57}, {X=http://www.Department10.University0.edu/UndergraduateStudent180}, {X=http://www.Department10.University0.edu/UndergraduateStudent101}, {X=http://www.Department10.University0.edu/UndergraduateStudent76}, {X=http://www.Department10.University0.edu/UndergraduateStudent143}, {X=http://www.Department10.University0.edu/UndergraduateStudent342}, {X=http://www.Department10.University0.edu/UndergraduateStudent168}, {X=http://www.Department10.University0.edu/UndergraduateStudent144}, {X=http://www.Department10.University0.edu/UndergraduateStudent6}, {X=http://www.Department10.University0.edu/UndergraduateStudent311}, {X=http://www.Department10.University0.edu/GraduateStudent44}, {X=http://www.Department10.University0.edu/GraduateStudent30}, {X=http://www.Department10.University0.edu/UndergraduateStudent152}, {X=http://www.Department10.University0.edu/UndergraduateStudent72}, {X=http://www.Department10.University0.edu/UndergraduateStudent341}, {X=http://www.Department10.University0.edu/GraduateStudent46}, {X=http://www.Department10.University0.edu/UndergraduateStudent350}, {X=http://www.Department10.University0.edu/UndergraduateStudent336}, {X=http://www.Department10.University0.edu/GraduateStudent76}, {X=http://www.Department10.University0.edu/GraduateStudent40}, {X=http://www.Department10.University0.edu/UndergraduateStudent162}, {X=http://www.Department10.University0.edu/GraduateStudent97}, {X=http://www.Department10.University0.edu/UndergraduateStudent159}, {X=http://www.Department10.University0.edu/UndergraduateStudent109}, {X=http://www.Department10.University0.edu/UndergraduateStudent365}, {X=http://www.Department10.University0.edu/GraduateStudent99}, {X=http://www.Department10.University0.edu/UndergraduateStudent4}, {X=http://www.Department10.University0.edu/GraduateStudent62}, {X=http://www.Department10.University0.edu/GraduateStudent12}, {X=http://www.Department10.University0.edu/UndergraduateStudent379}, {X=http://www.Department10.University0.edu/GraduateStudent61}, {X=http://www.Department10.University0.edu/GraduateStudent124}, {X=http://www.Department10.University0.edu/UndergraduateStudent384}, {X=http://www.Department10.University0.edu/UndergraduateStudent192}, {X=http://www.Department10.University0.edu/UndergraduateStudent28}, {X=http://www.Department10.University0.edu/UndergraduateStudent42}, {X=http://www.Department10.University0.edu/UndergraduateStudent153}, {X=http://www.Department10.University0.edu/UndergraduateStudent160}, {X=http://www.Department10.University0.edu/UndergraduateStudent154}, {X=http://www.Department10.University0.edu/GraduateStudent29}, {X=http://www.Department10.University0.edu/GraduateStudent118}, {X=http://www.Department10.University0.edu/GraduateStudent80}, {X=http://www.Department10.University0.edu/UndergraduateStudent18}, {X=http://www.Department10.University0.edu/UndergraduateStudent328}, {X=http://www.Department10.University0.edu/GraduateStudent60}, {X=http://www.Department10.University0.edu/UndergraduateStudent315}, {X=http://www.Department10.University0.edu/UndergraduateStudent130}, {X=http://www.Department10.University0.edu/GraduateStudent113}, {X=http://www.Department10.University0.edu/UndergraduateStudent34}, {X=http://www.Department10.University0.edu/UndergraduateStudent231}, {X=http://www.Department10.University0.edu/GraduateStudent86}, {X=http://www.Department10.University0.edu/UndergraduateStudent229}, {X=http://www.Department10.University0.edu/UndergraduateStudent171}, {X=http://www.Department10.University0.edu/UndergraduateStudent303}, {X=http://www.Department10.University0.edu/UndergraduateStudent47}, {X=http://www.Department10.University0.edu/UndergraduateStudent94}, {X=http://www.Department10.University0.edu/GraduateStudent45}, {X=http://www.Department10.University0.edu/UndergraduateStudent318}, {X=http://www.Department10.University0.edu/GraduateStudent23}, {X=http://www.Department10.University0.edu/UndergraduateStudent35}, {X=http://www.Department10.University0.edu/UndergraduateStudent320}, {X=http://www.Department10.University0.edu/UndergraduateStudent113}, {X=http://www.Department10.University0.edu/UndergraduateStudent9}, {X=http://www.Department10.University0.edu/UndergraduateStudent258}, {X=http://www.Department10.University0.edu/UndergraduateStudent127}, {X=http://www.Department10.University0.edu/GraduateStudent70}, {X=http://www.Department10.University0.edu/UndergraduateStudent373}, {X=http://www.Department10.University0.edu/UndergraduateStudent78}, {X=http://www.Department10.University0.edu/GraduateStudent72}, {X=http://www.Department10.University0.edu/UndergraduateStudent238}, {X=http://www.Department10.University0.edu/UndergraduateStudent331}, {X=http://www.Department10.University0.edu/UndergraduateStudent209}, {X=http://www.Department10.University0.edu/UndergraduateStudent221}, {X=http://www.Department10.University0.edu/UndergraduateStudent326}, {X=http://www.Department10.University0.edu/UndergraduateStudent8}, {X=http://www.Department10.University0.edu/UndergraduateStudent87}, {X=http://www.Department10.University0.edu/UndergraduateStudent244}, {X=http://www.Department10.University0.edu/UndergraduateStudent300}, {X=http://www.Department10.University0.edu/UndergraduateStudent262}, {X=http://www.Department10.University0.edu/UndergraduateStudent10}, {X=http://www.Department10.University0.edu/UndergraduateStudent391}, {X=http://www.Department10.University0.edu/UndergraduateStudent356}, {X=http://www.Department10.University0.edu/GraduateStudent121}, {X=http://www.Department10.University0.edu/UndergraduateStudent346}, {X=http://www.Department10.University0.edu/UndergraduateStudent185}, {X=http://www.Department10.University0.edu/UndergraduateStudent301}, {X=http://www.Department10.University0.edu/GraduateStudent43}, {X=http://www.Department10.University0.edu/UndergraduateStudent404}, {X=http://www.Department10.University0.edu/UndergraduateStudent11}, {X=http://www.Department10.University0.edu/UndergraduateStudent316}, {X=http://www.Department10.University0.edu/UndergraduateStudent75}, {X=http://www.Department10.University0.edu/UndergraduateStudent93}, {X=http://www.Department10.University0.edu/GraduateStudent89}, {X=http://www.Department10.University0.edu/GraduateStudent136}, {X=http://www.Department10.University0.edu/UndergraduateStudent52}, {X=http://www.Department10.University0.edu/UndergraduateStudent358}, {X=http://www.Department10.University0.edu/UndergraduateStudent40}, {X=http://www.Department10.University0.edu/UndergraduateStudent37}, {X=http://www.Department10.University0.edu/UndergraduateStudent196}, {X=http://www.Department10.University0.edu/UndergraduateStudent164}, {X=http://www.Department10.University0.edu/UndergraduateStudent16}, {X=http://www.Department10.University0.edu/UndergraduateStudent17}, {X=http://www.Department10.University0.edu/GraduateStudent84}, {X=http://www.Department10.University0.edu/GraduateStudent132}, {X=http://www.Department10.University0.edu/UndergraduateStudent20}, {X=http://www.Department10.University0.edu/UndergraduateStudent294}, {X=http://www.Department10.University0.edu/UndergraduateStudent282}, {X=http://www.Department10.University0.edu/UndergraduateStudent388}, {X=http://www.Department10.University0.edu/UndergraduateStudent370}, {X=http://www.Department10.University0.edu/UndergraduateStudent216}, {X=http://www.Department10.University0.edu/GraduateStudent112}, {X=http://www.Department10.University0.edu/UndergraduateStudent292}, {X=http://www.Department10.University0.edu/UndergraduateStudent340}, {X=http://www.Department10.University0.edu/UndergraduateStudent270}, {X=http://www.Department10.University0.edu/UndergraduateStudent309}, {X=http://www.Department10.University0.edu/UndergraduateStudent142}, {X=http://www.Department10.University0.edu/UndergraduateStudent310}, {X=http://www.Department10.University0.edu/UndergraduateStudent129}, {X=http://www.Department10.University0.edu/UndergraduateStudent249}, {X=http://www.Department10.University0.edu/UndergraduateStudent410}, {X=http://www.Department10.University0.edu/UndergraduateStudent147}, {X=http://www.Department10.University0.edu/UndergraduateStudent59}, {X=http://www.Department10.University0.edu/UndergraduateStudent181}, {X=http://www.Department10.University0.edu/UndergraduateStudent386}, {X=http://www.Department10.University0.edu/UndergraduateStudent213}, {X=http://www.Department10.University0.edu/UndergraduateStudent295}, {X=http://www.Department10.University0.edu/GraduateStudent109}, {X=http://www.Department10.University0.edu/GraduateStudent105}, {X=http://www.Department10.University0.edu/UndergraduateStudent396}, {X=http://www.Department10.University0.edu/UndergraduateStudent121}, {X=http://www.Department10.University0.edu/GraduateStudent14}, {X=http://www.Department10.University0.edu/UndergraduateStudent212}, {X=http://www.Department10.University0.edu/GraduateStudent20}, {X=http://www.Department10.University0.edu/UndergraduateStudent66}, {X=http://www.Department10.University0.edu/UndergraduateStudent61}, {X=http://www.Department10.University0.edu/GraduateStudent64}, {X=http://www.Department10.University0.edu/UndergraduateStudent279}, {X=http://www.Department10.University0.edu/UndergraduateStudent74}, {X=http://www.Department10.University0.edu/UndergraduateStudent198}, {X=http://www.Department10.University0.edu/UndergraduateStudent277}, {X=http://www.Department10.University0.edu/UndergraduateStudent240}, {X=http://www.Department10.University0.edu/UndergraduateStudent304}, {X=http://www.Department10.University0.edu/UndergraduateStudent204}, {X=http://www.Department10.University0.edu/UndergraduateStudent252}, {X=http://www.Department10.University0.edu/UndergraduateStudent214}, {X=http://www.Department10.University0.edu/UndergraduateStudent149}, {X=http://www.Department10.University0.edu/GraduateStudent116}, {X=http://www.Department10.University0.edu/UndergraduateStudent116}, {X=http://www.Department10.University0.edu/UndergraduateStudent299}, {X=http://www.Department10.University0.edu/UndergraduateStudent3}, {X=http://www.Department10.University0.edu/UndergraduateStudent15}, {X=http://www.Department10.University0.edu/UndergraduateStudent261}, {X=http://www.Department10.University0.edu/GraduateStudent100}, {X=http://www.Department10.University0.edu/UndergraduateStudent80}, {X=http://www.Department10.University0.edu/UndergraduateStudent369}, {X=http://www.Department10.University0.edu/UndergraduateStudent406}, {X=http://www.Department10.University0.edu/UndergraduateStudent175}, {X=http://www.Department10.University0.edu/UndergraduateStudent148}, {X=http://www.Department10.University0.edu/GraduateStudent129}, {X=http://www.Department10.University0.edu/UndergraduateStudent228}, {X=http://www.Department10.University0.edu/UndergraduateStudent122}, {X=http://www.Department10.University0.edu/UndergraduateStudent102}, {X=http://www.Department10.University0.edu/UndergraduateStudent354}, {X=http://www.Department10.University0.edu/GraduateStudent115}, {X=http://www.Department10.University0.edu/UndergraduateStudent174}, {X=http://www.Department10.University0.edu/UndergraduateStudent155}, {X=http://www.Department10.University0.edu/UndergraduateStudent349}, {X=http://www.Department10.University0.edu/GraduateStudent82}, {X=http://www.Department10.University0.edu/UndergraduateStudent219}, {X=http://www.Department10.University0.edu/UndergraduateStudent243}, {X=http://www.Department10.University0.edu/UndergraduateStudent26}, {X=http://www.Department10.University0.edu/GraduateStudent9}, {X=http://www.Department10.University0.edu/UndergraduateStudent247}, {X=http://www.Department10.University0.edu/GraduateStudent49}, {X=http://www.Department10.University0.edu/UndergraduateStudent272}, {X=http://www.Department10.University0.edu/GraduateStudent108}, {X=http://www.Department10.University0.edu/GraduateStudent81}, {X=http://www.Department10.University0.edu/UndergraduateStudent239}, {X=http://www.Department10.University0.edu/UndergraduateStudent13}, {X=http://www.Department10.University0.edu/UndergraduateStudent195}, {X=http://www.Department10.University0.edu/UndergraduateStudent183}, {X=http://www.Department10.University0.edu/GraduateStudent94}, {X=http://www.Department10.University0.edu/UndergraduateStudent163}, {X=http://www.Department10.University0.edu/UndergraduateStudent27}, {X=http://www.Department10.University0.edu/GraduateStudent65}, {X=http://www.Department10.University0.edu/UndergraduateStudent30}, {X=http://www.Department10.University0.edu/UndergraduateStudent125}, {X=http://www.Department10.University0.edu/UndergraduateStudent14}, {X=http://www.Department10.University0.edu/UndergraduateStudent70}, {X=http://www.Department10.University0.edu/UndergraduateStudent53}, {X=http://www.Department10.University0.edu/UndergraduateStudent329}, {X=http://www.Department10.University0.edu/UndergraduateStudent139}, {X=http://www.Department10.University0.edu/GraduateStudent18}, {X=http://www.Department10.University0.edu/UndergraduateStudent333}, {X=http://www.Department10.University0.edu/UndergraduateStudent359}, {X=http://www.Department10.University0.edu/GraduateStudent19}, {X=http://www.Department10.University0.edu/UndergraduateStudent187}, {X=http://www.Department10.University0.edu/UndergraduateStudent202}, {X=http://www.Department10.University0.edu/GraduateStudent91}, {X=http://www.Department10.University0.edu/UndergraduateStudent385}, {X=http://www.Department10.University0.edu/UndergraduateStudent286}, {X=http://www.Department10.University0.edu/UndergraduateStudent206}, {X=http://www.Department10.University0.edu/UndergraduateStudent225}, {X=http://www.Department10.University0.edu/UndergraduateStudent182}, {X=http://www.Department10.University0.edu/UndergraduateStudent283}, {X=http://www.Department10.University0.edu/UndergraduateStudent161}, {X=http://www.Department10.University0.edu/UndergraduateStudent23}, {X=http://www.Department10.University0.edu/UndergraduateStudent401}, {X=http://www.Department10.University0.edu/GraduateStudent54}, {X=http://www.Department10.University0.edu/UndergraduateStudent321}, {X=http://www.Department10.University0.edu/UndergraduateStudent296}, {X=http://www.Department10.University0.edu/UndergraduateStudent178}, {X=http://www.Department10.University0.edu/UndergraduateStudent344}, {X=http://www.Department10.University0.edu/GraduateStudent25}, {X=http://www.Department10.University0.edu/UndergraduateStudent257}, {X=http://www.Department10.University0.edu/UndergraduateStudent63}, {X=http://www.Department10.University0.edu/UndergraduateStudent383}, {X=http://www.Department10.University0.edu/UndergraduateStudent57}, {X=http://www.Department10.University0.edu/GraduateStudent104}, {X=http://www.Department10.University0.edu/UndergraduateStudent335}, {X=http://www.Department10.University0.edu/UndergraduateStudent207}, {X=http://www.Department10.University0.edu/UndergraduateStudent248}, {X=http://www.Department10.University0.edu/GraduateStudent11}, {X=http://www.Department10.University0.edu/UndergraduateStudent298}, {X=http://www.Department10.University0.edu/UndergraduateStudent90}, {X=http://www.Department10.University0.edu/GraduateStudent13}, {X=http://www.Department10.University0.edu/UndergraduateStudent194}, {X=http://www.Department10.University0.edu/GraduateStudent10}, {X=http://www.Department10.University0.edu/UndergraduateStudent173}, {X=http://www.Department10.University0.edu/GraduateStudent68}, {X=http://www.Department10.University0.edu/UndergraduateStudent39}, {X=http://www.Department10.University0.edu/UndergraduateStudent217}, {X=http://www.Department10.University0.edu/UndergraduateStudent158}, {X=http://www.Department10.University0.edu/GraduateStudent93}, {X=http://www.Department10.University0.edu/UndergraduateStudent211}, {X=http://www.Department10.University0.edu/UndergraduateStudent382}, {X=http://www.Department10.University0.edu/GraduateStudent39}, {X=http://www.Department10.University0.edu/UndergraduateStudent201}, {X=http://www.Department10.University0.edu/GraduateStudent63}, {X=http://www.Department10.University0.edu/GraduateStudent52}, {X=http://www.Department10.University0.edu/UndergraduateStudent353}, {X=http://www.Department10.University0.edu/GraduateStudent101}, {X=http://www.Department10.University0.edu/GraduateStudent125}, {X=http://www.Department10.University0.edu/UndergraduateStudent2}, {X=http://www.Department10.University0.edu/UndergraduateStudent62}, {X=http://www.Department10.University0.edu/UndergraduateStudent22}, {X=http://www.Department10.University0.edu/UndergraduateStudent234}, {X=http://www.Department10.University0.edu/UndergraduateStudent308}, {X=http://www.Department10.University0.edu/UndergraduateStudent97}, {X=http://www.Department10.University0.edu/GraduateStudent4}, {X=http://www.Department10.University0.edu/UndergraduateStudent377}, {X=http://www.Department10.University0.edu/UndergraduateStudent41}, {X=http://www.Department10.University0.edu/UndergraduateStudent250}, {X=http://www.Department10.University0.edu/UndergraduateStudent330}, {X=http://www.Department10.University0.edu/UndergraduateStudent227}, {X=http://www.Department10.University0.edu/GraduateStudent96}, {X=http://www.Department10.University0.edu/UndergraduateStudent199}, {X=http://www.Department10.University0.edu/GraduateStudent131}, {X=http://www.Department10.University0.edu/UndergraduateStudent265}, {X=http://www.Department10.University0.edu/UndergraduateStudent131}, {X=http://www.Department10.University0.edu/UndergraduateStudent48}, {X=http://www.Department10.University0.edu/GraduateStudent33}, {X=http://www.Department10.University0.edu/UndergraduateStudent137}, {X=http://www.Department10.University0.edu/UndergraduateStudent281}, {X=http://www.Department10.University0.edu/UndergraduateStudent166}, {X=http://www.Department10.University0.edu/UndergraduateStudent233}, {X=http://www.Department10.University0.edu/GraduateStudent98}, {X=http://www.Department10.University0.edu/UndergraduateStudent67}, {X=http://www.Department10.University0.edu/UndergraduateStudent85}, {X=http://www.Department10.University0.edu/UndergraduateStudent88}, {X=http://www.Department10.University0.edu/UndergraduateStudent120}, {X=http://www.Department10.University0.edu/GraduateStudent123}, {X=http://www.Department10.University0.edu/GraduateStudent110}, {X=http://www.Department10.University0.edu/UndergraduateStudent36}, {X=http://www.Department10.University0.edu/UndergraduateStudent151}, {X=http://www.Department10.University0.edu/GraduateStudent31}, {X=http://www.Department10.University0.edu/UndergraduateStudent82}, {X=http://www.Department10.University0.edu/UndergraduateStudent241}, {X=http://www.Department10.University0.edu/GraduateStudent35}, {X=http://www.Department10.University0.edu/GraduateStudent34}, {X=http://www.Department10.University0.edu/UndergraduateStudent126}, {X=http://www.Department10.University0.edu/UndergraduateStudent184}, {X=http://www.Department10.University0.edu/UndergraduateStudent12}, {X=http://www.Department10.University0.edu/UndergraduateStudent169}, {X=http://www.Department10.University0.edu/UndergraduateStudent133}, {X=http://www.Department10.University0.edu/UndergraduateStudent84}, {X=http://www.Department10.University0.edu/GraduateStudent8}, {X=http://www.Department10.University0.edu/UndergraduateStudent403}, {X=http://www.Department10.University0.edu/GraduateStudent26}, {X=http://www.Department10.University0.edu/UndergraduateStudent60}, {X=http://www.Department10.University0.edu/UndergraduateStudent402}, {X=http://www.Department10.University0.edu/UndergraduateStudent210}, {X=http://www.Department10.University0.edu/GraduateStudent69}, {X=http://www.Department10.University0.edu/UndergraduateStudent123}, {X=http://www.Department10.University0.edu/UndergraduateStudent167}, {X=http://www.Department10.University0.edu/UndergraduateStudent361}, {X=http://www.Department10.University0.edu/GraduateStudent5}, {X=http://www.Department10.University0.edu/GraduateStudent55}, {X=http://www.Department10.University0.edu/GraduateStudent134}, {X=http://www.Department10.University0.edu/UndergraduateStudent200}, {X=http://www.Department10.University0.edu/GraduateStudent16}, {X=http://www.Department10.University0.edu/UndergraduateStudent29}, {X=http://www.Department10.University0.edu/UndergraduateStudent271}, {X=http://www.Department10.University0.edu/UndergraduateStudent322}, {X=http://www.Department10.University0.edu/UndergraduateStudent33}, {X=http://www.Department10.University0.edu/UndergraduateStudent405}, {X=http://www.Department10.University0.edu/UndergraduateStudent146}, {X=http://www.Department10.University0.edu/UndergraduateStudent56}, {X=http://www.Department10.University0.edu/UndergraduateStudent107}, {X=http://www.Department10.University0.edu/UndergraduateStudent170}, {X=http://www.Department10.University0.edu/UndergraduateStudent395}, {X=http://www.Department10.University0.edu/UndergraduateStudent230}, {X=http://www.Department10.University0.edu/GraduateStudent36}, {X=http://www.Department10.University0.edu/UndergraduateStudent352}, {X=http://www.Department10.University0.edu/UndergraduateStudent110}, {X=http://www.Department10.University0.edu/GraduateStudent74}, {X=http://www.Department10.University0.edu/GraduateStudent120}, {X=http://www.Department10.University0.edu/GraduateStudent83}, {X=http://www.Department10.University0.edu/UndergraduateStudent312}, {X=http://www.Department10.University0.edu/UndergraduateStudent141}, {X=http://www.Department10.University0.edu/GraduateStudent137}, {X=http://www.Department10.University0.edu/GraduateStudent75}, {X=http://www.Department10.University0.edu/UndergraduateStudent380}, {X=http://www.Department10.University0.edu/GraduateStudent117}, {X=http://www.Department10.University0.edu/GraduateStudent27}, {X=http://www.Department10.University0.edu/UndergraduateStudent389}, {X=http://www.Department10.University0.edu/UndergraduateStudent363}, {X=http://www.Department10.University0.edu/UndergraduateStudent105}, {X=http://www.Department10.University0.edu/GraduateStudent73}, {X=http://www.Department10.University0.edu/UndergraduateStudent280}, {X=http://www.Department10.University0.edu/UndergraduateStudent115}, {X=http://www.Department10.University0.edu/GraduateStudent58}, {X=http://www.Department10.University0.edu/UndergraduateStudent191}, {X=http://www.Department10.University0.edu/UndergraduateStudent79}, {X=http://www.Department10.University0.edu/UndergraduateStudent259}, {X=http://www.Department10.University0.edu/UndergraduateStudent324}, {X=http://www.Department10.University0.edu/UndergraduateStudent188}, {X=http://www.Department10.University0.edu/UndergraduateStudent100}, {X=http://www.Department10.University0.edu/UndergraduateStudent50}, {X=http://www.Department10.University0.edu/UndergraduateStudent65}, {X=http://www.Department10.University0.edu/UndergraduateStudent49}, {X=http://www.Department10.University0.edu/UndergraduateStudent140}, {X=http://www.Department10.University0.edu/UndergraduateStudent189}, {X=http://www.Department10.University0.edu/GraduateStudent17}, {X=http://www.Department10.University0.edu/GraduateStudent85}, {X=http://www.Department10.University0.edu/UndergraduateStudent366}, {X=http://www.Department10.University0.edu/UndergraduateStudent138}, {X=http://www.Department10.University0.edu/UndergraduateStudent136}, {X=http://www.Department10.University0.edu/UndergraduateStudent327}, {X=http://www.Department10.University0.edu/GraduateStudent119}, {X=http://www.Department10.University0.edu/UndergraduateStudent269}, {X=http://www.Department10.University0.edu/UndergraduateStudent73}, {X=http://www.Department10.University0.edu/UndergraduateStudent103}, {X=http://www.Department10.University0.edu/UndergraduateStudent54}, {X=http://www.Department10.University0.edu/GraduateStudent128}, {X=http://www.Department10.University0.edu/GraduateStudent130}, {X=http://www.Department10.University0.edu/UndergraduateStudent368}, {X=http://www.Department10.University0.edu/GraduateStudent87}, {X=http://www.Department10.University0.edu/UndergraduateStudent215}, {X=http://www.Department10.University0.edu/UndergraduateStudent351}, {X=http://www.Department10.University0.edu/GraduateStudent37}, {X=http://www.Department10.University0.edu/GraduateStudent79}, {X=http://www.Department10.University0.edu/UndergraduateStudent5}, {X=http://www.Department10.University0.edu/GraduateStudent41}, {X=http://www.Department10.University0.edu/GraduateStudent67}, {X=http://www.Department10.University0.edu/UndergraduateStudent134}, {X=http://www.Department10.University0.edu/UndergraduateStudent276}, {X=http://www.Department10.University0.edu/GraduateStudent42}, {X=http://www.Department10.University0.edu/UndergraduateStudent253}, {X=http://www.Department10.University0.edu/GraduateStudent22}, {X=http://www.Department10.University0.edu/UndergraduateStudent91}, {X=http://www.Department10.University0.edu/UndergraduateStudent355}, {X=http://www.Department10.University0.edu/UndergraduateStudent245}, {X=http://www.Department10.University0.edu/UndergraduateStudent357}, {X=http://www.Department10.University0.edu/UndergraduateStudent260}, {X=http://www.Department10.University0.edu/UndergraduateStudent150}, {X=http://www.Department10.University0.edu/UndergraduateStudent106}, {X=http://www.Department10.University0.edu/GraduateStudent48}, {X=http://www.Department10.University0.edu/UndergraduateStudent305}, {X=http://www.Department10.University0.edu/GraduateStudent7}, {X=http://www.Department10.University0.edu/UndergraduateStudent290}, {X=http://www.Department10.University0.edu/UndergraduateStudent343}, {X=http://www.Department10.University0.edu/UndergraduateStudent246}, {X=http://www.Department10.University0.edu/UndergraduateStudent302}, {X=http://www.Department10.University0.edu/UndergraduateStudent407}, {X=http://www.Department10.University0.edu/UndergraduateStudent348}, {X=http://www.Department10.University0.edu/UndergraduateStudent273}, {X=http://www.Department10.University0.edu/UndergraduateStudent128}, {X=http://www.Department10.University0.edu/UndergraduateStudent92}, {X=http://www.Department10.University0.edu/GraduateStudent71}, {X=http://www.Department10.University0.edu/GraduateStudent53}, {X=http://www.Department10.University0.edu/UndergraduateStudent7}, {X=http://www.Department10.University0.edu/UndergraduateStudent220}, {X=http://www.Department10.University0.edu/UndergraduateStudent409}, {X=http://www.Department10.University0.edu/UndergraduateStudent297}, {X=http://www.Department10.University0.edu/UndergraduateStudent83}, {X=http://www.Department10.University0.edu/UndergraduateStudent339}, {X=http://www.Department10.University0.edu/UndergraduateStudent394}, {X=http://www.Department10.University0.edu/UndergraduateStudent376}, {X=http://www.Department10.University0.edu/UndergraduateStudent21}, {X=http://www.Department10.University0.edu/UndergraduateStudent293}, {X=http://www.Department10.University0.edu/UndergraduateStudent218}, {X=http://www.Department10.University0.edu/UndergraduateStudent31}, {X=http://www.Department10.University0.edu/GraduateStudent111}, {X=http://www.Department10.University0.edu/UndergraduateStudent314}, {X=http://www.Department10.University0.edu/UndergraduateStudent332}, {X=http://www.Department10.University0.edu/GraduateStudent78}, {X=http://www.Department10.University0.edu/UndergraduateStudent284}, {X=http://www.Department10.University0.edu/UndergraduateStudent397}, {X=http://www.Department10.University0.edu/UndergraduateStudent51}, {X=http://www.Department10.University0.edu/GraduateStudent77}, {X=http://www.Department10.University0.edu/UndergraduateStudent104}, {X=http://www.Department10.University0.edu/GraduateStudent103}, {X=http://www.Department10.University0.edu/UndergraduateStudent323}, {X=http://www.Department10.University0.edu/GraduateStudent135}, {X=http://www.Department10.University0.edu/GraduateStudent126}, {X=http://www.Department10.University0.edu/UndergraduateStudent24}, {X=http://www.Department10.University0.edu/UndergraduateStudent317}, {X=http://www.Department10.University0.edu/UndergraduateStudent64}, {X=http://www.Department10.University0.edu/GraduateStudent59}, {X=http://www.Department10.University0.edu/UndergraduateStudent46}, {X=http://www.Department10.University0.edu/UndergraduateStudent266}, {X=http://www.Department10.University0.edu/GraduateStudent3}, {X=http://www.Department10.University0.edu/UndergraduateStudent256}, {X=http://www.Department10.University0.edu/UndergraduateStudent222}, {X=http://www.Department10.University0.edu/GraduateStudent6}, {X=http://www.Department10.University0.edu/UndergraduateStudent347}, {X=http://www.Department10.University0.edu/UndergraduateStudent275}, {X=http://www.Department10.University0.edu/UndergraduateStudent205}, {X=http://www.Department10.University0.edu/UndergraduateStudent381}, {X=http://www.Department10.University0.edu/UndergraduateStudent291}, {X=http://www.Department10.University0.edu/GraduateStudent107}, {X=http://www.Department10.University0.edu/UndergraduateStudent145}, {X=http://www.Department10.University0.edu/UndergraduateStudent237}, {X=http://www.Department10.University0.edu/UndergraduateStudent124}, {X=http://www.Department10.University0.edu/UndergraduateStudent197}, {X=http://www.Department10.University0.edu/UndergraduateStudent242}, {X=http://www.Department10.University0.edu/UndergraduateStudent372}, {X=http://www.Department10.University0.edu/UndergraduateStudent177}, {X=http://www.Department10.University0.edu/GraduateStudent102}, {X=http://www.Department10.University0.edu/GraduateStudent38}, {X=http://www.Department10.University0.edu/UndergraduateStudent43}, {X=http://www.Department10.University0.edu/UndergraduateStudent392}, {X=http://www.Department10.University0.edu/UndergraduateStudent98}, {X=http://www.Department10.University0.edu/GraduateStudent56}, {X=http://www.Department10.University0.edu/UndergraduateStudent223}, {X=http://www.Department10.University0.edu/UndergraduateStudent32}, {X=http://www.Department10.University0.edu/UndergraduateStudent319}, {X=http://www.Department10.University0.edu/UndergraduateStudent112}, {X=http://www.Department10.University0.edu/UndergraduateStudent44}, {X=http://www.Department10.University0.edu/UndergraduateStudent117}, {X=http://www.Department10.University0.edu/UndergraduateStudent289}, {X=http://www.Department10.University0.edu/UndergraduateStudent371}, {X=http://www.Department10.University0.edu/UndergraduateStudent263}, {X=http://www.Department10.University0.edu/UndergraduateStudent19}, {X=http://www.Department10.University0.edu/UndergraduateStudent390}, {X=http://www.Department10.University0.edu/UndergraduateStudent307}, {X=http://www.Department10.University0.edu/UndergraduateStudent1}, {X=http://www.Department10.University0.edu/UndergraduateStudent95}, {X=http://www.Department10.University0.edu/UndergraduateStudent288}, {X=http://www.Department10.University0.edu/GraduateStudent50}, {X=http://www.Department10.University0.edu/GraduateStudent28}, {X=http://www.Department10.University0.edu/GraduateStudent47}, {X=http://www.Department10.University0.edu/GraduateStudent24}, {X=http://www.Department10.University0.edu/GraduateStudent95}, {X=http://www.Department10.University0.edu/UndergraduateStudent393}, {X=http://www.Department10.University0.edu/UndergraduateStudent208}, {X=http://www.Department10.University0.edu/UndergraduateStudent68}, {X=http://www.Department10.University0.edu/UndergraduateStudent186}, {X=http://www.Department10.University0.edu/UndergraduateStudent114}, {X=http://www.Department10.University0.edu/UndergraduateStudent278}, {X=http://www.Department10.University0.edu/UndergraduateStudent232}, {X=http://www.Department10.University0.edu/UndergraduateStudent179}, {X=http://www.Department10.University0.edu/UndergraduateStudent360}, {X=http://www.Department10.University0.edu/UndergraduateStudent287}, {X=http://www.Department10.University0.edu/UndergraduateStudent274}, {X=http://www.Department10.University0.edu/GraduateStudent106}, {X=http://www.Department10.University0.edu/UndergraduateStudent89}, {X=http://www.Department10.University0.edu/UndergraduateStudent285}, {X=http://www.Department10.University0.edu/GraduateStudent133}, {X=http://www.Department10.University0.edu/UndergraduateStudent224}, {X=http://www.Department10.University0.edu/UndergraduateStudent387}, {X=http://www.Department10.University0.edu/UndergraduateStudent345}, {X=http://www.Department10.University0.edu/UndergraduateStudent364}, {X=http://www.Department10.University0.edu/UndergraduateStudent375}, {X=http://www.Department10.University0.edu/UndergraduateStudent156}, {X=http://www.Department10.University0.edu/UndergraduateStudent337}, {X=http://www.Department10.University0.edu/GraduateStudent32}, {X=http://www.Department10.University0.edu/UndergraduateStudent111}, {X=http://www.Department10.University0.edu/GraduateStudent92}, {X=http://www.Department10.University0.edu/UndergraduateStudent55}, {X=http://www.Department10.University0.edu/GraduateStudent90}, {X=http://www.Department10.University0.edu/GraduateStudent51}, {X=http://www.Department10.University0.edu/UndergraduateStudent193}, {X=http://www.Department10.University0.edu/UndergraduateStudent108}, {X=http://www.Department10.University0.edu/UndergraduateStudent400}, {X=http://www.Department10.University0.edu/UndergraduateStudent69}, {X=http://www.Department10.University0.edu/UndergraduateStudent132}, {X=http://www.Department10.University0.edu/UndergraduateStudent99}, {X=http://www.Department10.University0.edu/UndergraduateStudent226}, {X=http://www.Department10.University0.edu/UndergraduateStudent362}, {X=http://www.Department10.University0.edu/UndergraduateStudent81}, {X=http://www.Department10.University0.edu/UndergraduateStudent203}, {X=http://www.Department10.University0.edu/UndergraduateStudent334}, {X=http://www.Department10.University0.edu/GraduateStudent122}, {X=http://www.Department10.University0.edu/GraduateStudent1}, {X=http://www.Department10.University0.edu/GraduateStudent114}, {X=http://www.Department10.University0.edu/UndergraduateStudent378}, {X=http://www.Department10.University0.edu/UndergraduateStudent264}, {X=http://www.Department10.University0.edu/UndergraduateStudent338}, {X=http://www.Department10.University0.edu/GraduateStudent88}, {X=http://www.Department10.University0.edu/UndergraduateStudent176}, {X=http://www.Department10.University0.edu/GraduateStudent15}, {X=http://www.Department10.University0.edu/UndergraduateStudent45}, {X=http://www.Department10.University0.edu/UndergraduateStudent86}, {X=http://www.Department10.University0.edu/GraduateStudent127}, {X=http://www.Department10.University0.edu/UndergraduateStudent165}, {X=http://www.Department10.University0.edu/UndergraduateStudent172}, {X=http://www.Department10.University0.edu/UndergraduateStudent268}, {X=http://www.Department10.University0.edu/UndergraduateStudent251}, {X=http://www.Department10.University0.edu/GraduateStudent66}, {X=http://www.Department10.University0.edu/UndergraduateStudent254}, {X=http://www.Department10.University0.edu/UndergraduateStudent190}, {X=http://www.Department10.University0.edu/UndergraduateStudent408}, {X=http://www.Department10.University0.edu/GraduateStudent2}, {X=http://www.Department10.University0.edu/UndergraduateStudent118}, {X=http://www.Department10.University0.edu/UndergraduateStudent367}, {X=http://www.Department10.University0.edu/UndergraduateStudent77}, {X=http://www.Department10.University0.edu/UndergraduateStudent374}, {X=http://www.Department10.University0.edu/UndergraduateStudent398}, {X=http://www.Department10.University0.edu/UndergraduateStudent135}, {X=http://www.Department10.University0.edu/UndergraduateStudent58}, {X=http://www.Department10.University0.edu/UndergraduateStudent306}, {X=http://www.Department10.University0.edu/GraduateStudent0}, {X=http://www.Department10.University0.edu/UndergraduateStudent71}, {X=http://www.Department10.University0.edu/UndergraduateStudent157}, {X=http://www.Department10.University0.edu/UndergraduateStudent119}, {X=http://www.Department10.University0.edu/UndergraduateStudent235}, {X=http://www.Department10.University0.edu/UndergraduateStudent25}, {X=http://www.Department10.University0.edu/UndergraduateStudent325}, {X=http://www.Department10.University0.edu/GraduateStudent21}, {X=http://www.Department10.University0.edu/UndergraduateStudent236}, {X=http://www.Department10.University0.edu/UndergraduateStudent96}, {X=http://www.Department10.University0.edu/UndergraduateStudent255}, {X=http://www.Department10.University0.edu/UndergraduateStudent0}, {X=http://www.Department10.University0.edu/UndergraduateStudent313}, {X=http://www.Department10.University0.edu/UndergraduateStudent399}, {X=http://www.Department10.University0.edu/UndergraduateStudent267}, {X=http://www.Department10.University0.edu/UndergraduateStudent38}, {X=http://www.Department10.University0.edu/GraduateStudent57}, {X=http://www.Department10.University0.edu/UndergraduateStudent180}, {X=http://www.Department10.University0.edu/UndergraduateStudent101}, {X=http://www.Department10.University0.edu/UndergraduateStudent76}, {X=http://www.Department10.University0.edu/UndergraduateStudent143}, {X=http://www.Department10.University0.edu/UndergraduateStudent342}, {X=http://www.Department10.University0.edu/UndergraduateStudent168}, {X=http://www.Department10.University0.edu/UndergraduateStudent144}, {X=http://www.Department10.University0.edu/UndergraduateStudent6}, {X=http://www.Department10.University0.edu/UndergraduateStudent311}, {X=http://www.Department10.University0.edu/GraduateStudent44}, {X=http://www.Department10.University0.edu/GraduateStudent30}, {X=http://www.Department10.University0.edu/UndergraduateStudent152}, {X=http://www.Department10.University0.edu/UndergraduateStudent72}, {X=http://www.Department10.University0.edu/UndergraduateStudent341}, {X=http://www.Department10.University0.edu/GraduateStudent46}, {X=http://www.Department10.University0.edu/UndergraduateStudent350}, {X=http://www.Department10.University0.edu/UndergraduateStudent336}, {X=http://www.Department10.University0.edu/GraduateStudent76}, {X=http://www.Department10.University0.edu/GraduateStudent40}, {X=http://www.Department10.University0.edu/UndergraduateStudent162}, {X=http://www.Department10.University0.edu/GraduateStudent97}, {X=http://www.Department10.University0.edu/UndergraduateStudent159}, {X=http://www.Department10.University0.edu/UndergraduateStudent109}, {X=http://www.Department10.University0.edu/UndergraduateStudent365}, {X=http://www.Department10.University0.edu/GraduateStudent99}, {X=http://www.Department10.University0.edu/UndergraduateStudent4}, {X=http://www.Department10.University0.edu/GraduateStudent62}, {X=http://www.Department10.University0.edu/GraduateStudent12}, {X=http://www.Department10.University0.edu/UndergraduateStudent379}, {X=http://www.Department10.University0.edu/GraduateStudent61}, {X=http://www.Department10.University0.edu/GraduateStudent124}, {X=http://www.Department10.University0.edu/UndergraduateStudent384}, {X=http://www.Department10.University0.edu/UndergraduateStudent192}, {X=http://www.Department10.University0.edu/UndergraduateStudent28}, {X=http://www.Department10.University0.edu/UndergraduateStudent42}, {X=http://www.Department10.University0.edu/UndergraduateStudent153}, {X=http://www.Department10.University0.edu/UndergraduateStudent160}, {X=http://www.Department10.University0.edu/UndergraduateStudent154}, {X=http://www.Department10.University0.edu/GraduateStudent29}, {X=http://www.Department10.University0.edu/GraduateStudent118}, {X=http://www.Department10.University0.edu/GraduateStudent80}, {X=http://www.Department10.University0.edu/UndergraduateStudent18}, {X=http://www.Department10.University0.edu/UndergraduateStudent328}, {X=http://www.Department10.University0.edu/GraduateStudent60}, {X=http://www.Department10.University0.edu/UndergraduateStudent315}, {X=http://www.Department10.University0.edu/UndergraduateStudent130}, {X=http://www.Department10.University0.edu/GraduateStudent113}, {X=http://www.Department10.University0.edu/UndergraduateStudent34}, {X=http://www.Department10.University0.edu/UndergraduateStudent231}, {X=http://www.Department10.University0.edu/GraduateStudent86}, {X=http://www.Department10.University0.edu/UndergraduateStudent229}, {X=http://www.Department10.University0.edu/UndergraduateStudent171}, {X=http://www.Department10.University0.edu/UndergraduateStudent303}, {X=http://www.Department10.University0.edu/UndergraduateStudent47}, {X=http://www.Department10.University0.edu/UndergraduateStudent94}, {X=http://www.Department10.University0.edu/GraduateStudent45}, {X=http://www.Department10.University0.edu/UndergraduateStudent318}, {X=http://www.Department10.University0.edu/GraduateStudent23}, {X=http://www.Department10.University0.edu/UndergraduateStudent35}, {X=http://www.Department10.University0.edu/UndergraduateStudent320}, {X=http://www.Department10.University0.edu/UndergraduateStudent113}, {X=http://www.Department10.University0.edu/UndergraduateStudent9}, {X=http://www.Department10.University0.edu/UndergraduateStudent258}, {X=http://www.Department10.University0.edu/UndergraduateStudent127}, {X=http://www.Department10.University0.edu/GraduateStudent70}, {X=http://www.Department10.University0.edu/UndergraduateStudent373}, {X=http://www.Department10.University0.edu/UndergraduateStudent78}, {X=http://www.Department10.University0.edu/GraduateStudent72}, {X=http://www.Department10.University0.edu/UndergraduateStudent238}, {X=http://www.Department10.University0.edu/UndergraduateStudent331}, {X=http://www.Department10.University0.edu/UndergraduateStudent209}, {X=http://www.Department10.University0.edu/UndergraduateStudent221}, {X=http://www.Department10.University0.edu/UndergraduateStudent326}, {X=http://www.Department10.University0.edu/UndergraduateStudent8}, {X=http://www.Department10.University0.edu/UndergraduateStudent87}, {X=http://www.Department10.University0.edu/UndergraduateStudent244}, {X=http://www.Department10.University0.edu/UndergraduateStudent300}, {X=http://www.Department10.University0.edu/UndergraduateStudent262}, {X=http://www.Department10.University0.edu/UndergraduateStudent10}, {X=http://www.Department10.University0.edu/UndergraduateStudent391}, {X=http://www.Department10.University0.edu/UndergraduateStudent356}, {X=http://www.Department10.University0.edu/GraduateStudent121}, {X=http://www.Department10.University0.edu/UndergraduateStudent346}, {X=http://www.Department10.University0.edu/UndergraduateStudent185}, {X=http://www.Department10.University0.edu/UndergraduateStudent301}, {X=http://www.Department10.University0.edu/GraduateStudent43}, {X=http://www.Department10.University0.edu/UndergraduateStudent404}, {X=http://www.Department10.University0.edu/UndergraduateStudent11}, {X=http://www.Department10.University0.edu/UndergraduateStudent316}, {X=http://www.Department10.University0.edu/UndergraduateStudent75}, {X=http://www.Department10.University0.edu/UndergraduateStudent93}, {X=http://www.Department10.University0.edu/GraduateStudent89}, {X=http://www.Department10.University0.edu/GraduateStudent136}, {X=http://www.Department10.University0.edu/UndergraduateStudent52}, {X=http://www.Department10.University0.edu/UndergraduateStudent358}, {X=http://www.Department10.University0.edu/UndergraduateStudent40}, {X=http://www.Department10.University0.edu/UndergraduateStudent37}, {X=http://www.Department10.University0.edu/UndergraduateStudent196}, {X=http://www.Department10.University0.edu/UndergraduateStudent164}, {X=http://www.Department10.University0.edu/UndergraduateStudent16}, {X=http://www.Department10.University0.edu/UndergraduateStudent17}, {X=http://www.Department10.University0.edu/GraduateStudent84}, {X=http://www.Department10.University0.edu/GraduateStudent132}, {X=http://www.Department10.University0.edu/UndergraduateStudent20}, {X=http://www.Department10.University0.edu/UndergraduateStudent294}, {X=http://www.Department10.University0.edu/UndergraduateStudent282}, {X=http://www.Department10.University0.edu/UndergraduateStudent388}, {X=http://www.Department10.University0.edu/UndergraduateStudent370}, {X=http://www.Department10.University0.edu/UndergraduateStudent216}, {X=http://www.Department10.University0.edu/GraduateStudent112}, {X=http://www.Department10.University0.edu/UndergraduateStudent292}, {X=http://www.Department10.University0.edu/UndergraduateStudent340}, {X=http://www.Department10.University0.edu/UndergraduateStudent270}, {X=http://www.Department10.University0.edu/UndergraduateStudent309}, {X=http://www.Department10.University0.edu/UndergraduateStudent142}, {X=http://www.Department10.University0.edu/UndergraduateStudent310}, {X=http://www.Department10.University0.edu/UndergraduateStudent129}, {X=http://www.Department10.University0.edu/UndergraduateStudent249}, {X=http://www.Department10.University0.edu/UndergraduateStudent410}, {X=http://www.Department10.University0.edu/UndergraduateStudent147}, {X=http://www.Department10.University0.edu/UndergraduateStudent59}, {X=http://www.Department10.University0.edu/UndergraduateStudent181}, {X=http://www.Department10.University0.edu/UndergraduateStudent386}, {X=http://www.Department10.University0.edu/UndergraduateStudent213}, {X=http://www.Department10.University0.edu/UndergraduateStudent295}, {X=http://www.Department10.University0.edu/GraduateStudent109}, {X=http://www.Department10.University0.edu/GraduateStudent105}, {X=http://www.Department10.University0.edu/UndergraduateStudent396}, {X=http://www.Department10.University0.edu/UndergraduateStudent121}, {X=http://www.Department10.University0.edu/GraduateStudent14}, {X=http://www.Department10.University0.edu/UndergraduateStudent212}, {X=http://www.Department10.University0.edu/GraduateStudent20}, {X=http://www.Department10.University0.edu/UndergraduateStudent66}, {X=http://www.Department10.University0.edu/UndergraduateStudent61}, {X=http://www.Department10.University0.edu/GraduateStudent64}, {X=http://www.Department10.University0.edu/UndergraduateStudent279}, {X=http://www.Department10.University0.edu/UndergraduateStudent74}, {X=http://www.Department10.University0.edu/UndergraduateStudent198}, {X=http://www.Department10.University0.edu/UndergraduateStudent277}, {X=http://www.Department10.University0.edu/UndergraduateStudent240}, {X=http://www.Department10.University0.edu/UndergraduateStudent304}, {X=http://www.Department10.University0.edu/UndergraduateStudent204}, {X=http://www.Department10.University0.edu/UndergraduateStudent252}, {X=http://www.Department10.University0.edu/UndergraduateStudent214}, {X=http://www.Department10.University0.edu/UndergraduateStudent149}, {X=http://www.Department10.University0.edu/GraduateStudent116}, {X=http://www.Department10.University0.edu/UndergraduateStudent116}, {X=http://www.Department10.University0.edu/UndergraduateStudent299}, {X=http://www.Department10.University0.edu/UndergraduateStudent3}, {X=http://www.Department10.University0.edu/UndergraduateStudent15}, {X=http://www.Department10.University0.edu/UndergraduateStudent261}, {X=http://www.Department10.University0.edu/GraduateStudent100}, {X=http://www.Department10.University0.edu/UndergraduateStudent80}, {X=http://www.Department10.University0.edu/UndergraduateStudent369}, {X=http://www.Department10.University0.edu/UndergraduateStudent406}, {X=http://www.Department10.University0.edu/UndergraduateStudent175}, {X=http://www.Department10.University0.edu/UndergraduateStudent148}, {X=http://www.Department10.University0.edu/GraduateStudent129}, {X=http://www.Department10.University0.edu/UndergraduateStudent228}, {X=http://www.Department10.University0.edu/UndergraduateStudent122}, {X=http://www.Department10.University0.edu/UndergraduateStudent102}, {X=http://www.Department10.University0.edu/UndergraduateStudent354}, {X=http://www.Department10.University0.edu/GraduateStudent115}, {X=http://www.Department10.University0.edu/UndergraduateStudent174}, {X=http://www.Department10.University0.edu/UndergraduateStudent155}, {X=http://www.Department10.University0.edu/UndergraduateStudent349}, {X=http://www.Department10.University0.edu/GraduateStudent82}, {X=http://www.Department10.University0.edu/UndergraduateStudent219}, {X=http://www.Department10.University0.edu/UndergraduateStudent243}, {X=http://www.Department10.University0.edu/UndergraduateStudent26}, {X=http://www.Department10.University0.edu/GraduateStudent9}, {X=http://www.Department10.University0.edu/UndergraduateStudent247}, {X=http://www.Department10.University0.edu/GraduateStudent49}, {X=http://www.Department10.University0.edu/UndergraduateStudent272}, {X=http://www.Department10.University0.edu/GraduateStudent108}, {X=http://www.Department10.University0.edu/GraduateStudent81}, {X=http://www.Department10.University0.edu/UndergraduateStudent239}, {X=http://www.Department10.University0.edu/UndergraduateStudent13}, {X=http://www.Department10.University0.edu/UndergraduateStudent195}, {X=http://www.Department10.University0.edu/UndergraduateStudent183}, {X=http://www.Department10.University0.edu/GraduateStudent94}, {X=http://www.Department10.University0.edu/UndergraduateStudent163}, {X=http://www.Department10.University0.edu/UndergraduateStudent27}, {X=http://www.Department10.University0.edu/GraduateStudent65}, {X=http://www.Department10.University0.edu/UndergraduateStudent30}, {X=http://www.Department10.University0.edu/UndergraduateStudent125}, {X=http://www.Department10.University0.edu/UndergraduateStudent14}, {X=http://www.Department10.University0.edu/UndergraduateStudent70}, {X=http://www.Department10.University0.edu/UndergraduateStudent53}, {X=http://www.Department10.University0.edu/UndergraduateStudent329}, {X=http://www.Department10.University0.edu/UndergraduateStudent139}, {X=http://www.Department10.University0.edu/GraduateStudent18}, {X=http://www.Department10.University0.edu/UndergraduateStudent333}, {X=http://www.Department10.University0.edu/UndergraduateStudent359}, {X=http://www.Department10.University0.edu/GraduateStudent19}, {X=http://www.Department10.University0.edu/UndergraduateStudent187}, {X=http://www.Department10.University0.edu/UndergraduateStudent202}, {X=http://www.Department10.University0.edu/GraduateStudent91}, {X=http://www.Department10.University0.edu/UndergraduateStudent385}, {X=http://www.Department10.University0.edu/UndergraduateStudent286}, {X=http://www.Department10.University0.edu/UndergraduateStudent206}, {X=http://www.Department10.University0.edu/UndergraduateStudent225}, {X=http://www.Department10.University0.edu/UndergraduateStudent182}, {X=http://www.Department10.University0.edu/UndergraduateStudent283}, {X=http://www.Department10.University0.edu/UndergraduateStudent161}, {X=http://www.Department10.University0.edu/UndergraduateStudent23}, {X=http://www.Department10.University0.edu/UndergraduateStudent401}, {X=http://www.Department10.University0.edu/GraduateStudent54}, {X=http://www.Department10.University0.edu/UndergraduateStudent321}, {X=http://www.Department10.University0.edu/UndergraduateStudent296}, {X=http://www.Department10.University0.edu/UndergraduateStudent178}, {X=http://www.Department10.University0.edu/UndergraduateStudent344}, {X=http://www.Department10.University0.edu/GraduateStudent25}, {X=http://www.Department10.University0.edu/UndergraduateStudent257}, {X=http://www.Department10.University0.edu/UndergraduateStudent63}, {X=http://www.Department10.University0.edu/UndergraduateStudent383}, {X=http://www.Department10.University0.edu/UndergraduateStudent57}, {X=http://www.Department10.University0.edu/GraduateStudent104}, {X=http://www.Department10.University0.edu/UndergraduateStudent335}, {X=http://www.Department10.University0.edu/UndergraduateStudent207}, {X=http://www.Department10.University0.edu/UndergraduateStudent248}, {X=http://www.Department10.University0.edu/GraduateStudent11}, {X=http://www.Department10.University0.edu/UndergraduateStudent298}, {X=http://www.Department10.University0.edu/UndergraduateStudent90}, {X=http://www.Department10.University0.edu/GraduateStudent13}, {X=http://www.Department10.University0.edu/UndergraduateStudent194}, {X=http://www.Department10.University0.edu/GraduateStudent10}, {X=http://www.Department10.University0.edu/UndergraduateStudent173}, {X=http://www.Department10.University0.edu/GraduateStudent68}, {X=http://www.Department10.University0.edu/UndergraduateStudent39}, {X=http://www.Department10.University0.edu/UndergraduateStudent217}, {X=http://www.Department10.University0.edu/UndergraduateStudent158}, {X=http://www.Department10.University0.edu/GraduateStudent93}, {X=http://www.Department10.University0.edu/UndergraduateStudent211}, {X=http://www.Department10.University0.edu/UndergraduateStudent382}, {X=http://www.Department10.University0.edu/GraduateStudent39}, {X=http://www.Department10.University0.edu/UndergraduateStudent201}, {X=http://www.Department10.University0.edu/GraduateStudent63}, {X=http://www.Department10.University0.edu/GraduateStudent52}, {X=http://www.Department10.University0.edu/UndergraduateStudent353}, {X=http://www.Department10.University0.edu/GraduateStudent101}, {X=http://www.Department10.University0.edu/GraduateStudent125}, {X=http://www.Department10.University0.edu/UndergraduateStudent2}, {X=http://www.Department10.University0.edu/UndergraduateStudent62}, {X=http://www.Department10.University0.edu/UndergraduateStudent22}, {X=http://www.Department10.University0.edu/UndergraduateStudent234}, {X=http://www.Department10.University0.edu/UndergraduateStudent308}, {X=http://www.Department10.University0.edu/UndergraduateStudent97}, {X=http://www.Department10.University0.edu/GraduateStudent4}, {X=http://www.Department10.University0.edu/UndergraduateStudent377}, {X=http://www.Department10.University0.edu/UndergraduateStudent41}, {X=http://www.Department10.University0.edu/UndergraduateStudent250}, {X=http://www.Department10.University0.edu/UndergraduateStudent330}, {X=http://www.Department10.University0.edu/UndergraduateStudent227}, {X=http://www.Department10.University0.edu/GraduateStudent96}, {X=http://www.Department10.University0.edu/UndergraduateStudent199}, {X=http://www.Department10.University0.edu/GraduateStudent131}, {X=http://www.Department10.University0.edu/UndergraduateStudent265}, {X=http://www.Department10.University0.edu/UndergraduateStudent131}, {X=http://www.Department10.University0.edu/UndergraduateStudent48}, {X=http://www.Department10.University0.edu/GraduateStudent33}, {X=http://www.Department10.University0.edu/UndergraduateStudent137}, {X=http://www.Department10.University0.edu/UndergraduateStudent281}, {X=http://www.Department10.University0.edu/UndergraduateStudent166}, {X=http://www.Department10.University0.edu/UndergraduateStudent233}, {X=http://www.Department10.University0.edu/GraduateStudent98}, {X=http://www.Department10.University0.edu/UndergraduateStudent67}, {X=http://www.Department10.University0.edu/UndergraduateStudent85}, {X=http://www.Department10.University0.edu/UndergraduateStudent88}, {X=http://www.Department10.University0.edu/UndergraduateStudent120}, {X=http://www.Department10.University0.edu/GraduateStudent123}, {X=http://www.Department10.University0.edu/GraduateStudent110}, {X=http://www.Department10.University0.edu/UndergraduateStudent36}, {X=http://www.Department10.University0.edu/UndergraduateStudent151}, {X=http://www.Department10.University0.edu/GraduateStudent31}, {X=http://www.Department10.University0.edu/UndergraduateStudent82}, {X=http://www.Department10.University0.edu/UndergraduateStudent241}, {X=http://www.Department10.University0.edu/GraduateStudent35}, {X=http://www.Department10.University0.edu/GraduateStudent34}, {X=http://www.Department10.University0.edu/UndergraduateStudent126}, {X=http://www.Department10.University0.edu/UndergraduateStudent184}, {X=http://www.Department10.University0.edu/UndergraduateStudent12}, {X=http://www.Department10.University0.edu/UndergraduateStudent169}, {X=http://www.Department10.University0.edu/UndergraduateStudent133}, {X=http://www.Department10.University0.edu/UndergraduateStudent84}, {X=http://www.Department10.University0.edu/GraduateStudent8}, {X=http://www.Department10.University0.edu/UndergraduateStudent403}, {X=http://www.Department10.University0.edu/GraduateStudent26}, {X=http://www.Department10.University0.edu/UndergraduateStudent60}, {X=http://www.Department10.University0.edu/UndergraduateStudent402}, {X=http://www.Department10.University0.edu/UndergraduateStudent210}, {X=http://www.Department10.University0.edu/GraduateStudent69}, {X=http://www.Department10.University0.edu/UndergraduateStudent123}, {X=http://www.Department10.University0.edu/UndergraduateStudent167}, {X=http://www.Department10.University0.edu/UndergraduateStudent361}, {X=http://www.Department10.University0.edu/GraduateStudent5}, {X=http://www.Department10.University0.edu/GraduateStudent55}, {X=http://www.Department10.University0.edu/GraduateStudent134}, {X=http://www.Department10.University0.edu/UndergraduateStudent200}, {X=http://www.Department10.University0.edu/GraduateStudent16}, {X=http://www.Department10.University0.edu/UndergraduateStudent29}, {X=http://www.Department10.University0.edu/UndergraduateStudent271}, {X=http://www.Department10.University0.edu/UndergraduateStudent322}, {X=http://www.Department10.University0.edu/UndergraduateStudent33}, {X=http://www.Department10.University0.edu/UndergraduateStudent405}, {X=http://www.Department10.University0.edu/UndergraduateStudent146}, {X=http://www.Department10.University0.edu/UndergraduateStudent56}, {X=http://www.Department10.University0.edu/UndergraduateStudent107}, {X=http://www.Department10.University0.edu/UndergraduateStudent170}, {X=http://www.Department10.University0.edu/UndergraduateStudent395}, {X=http://www.Department10.University0.edu/UndergraduateStudent230}, {X=http://www.Department10.University0.edu/GraduateStudent36}, {X=http://www.Department10.University0.edu/UndergraduateStudent352}, {X=http://www.Department10.University0.edu/UndergraduateStudent110}, {X=http://www.Department10.University0.edu/GraduateStudent74}, {X=http://www.Department10.University0.edu/GraduateStudent120}, {X=http://www.Department10.University0.edu/GraduateStudent83}, {X=http://www.Department10.University0.edu/UndergraduateStudent312}, {X=http://www.Department10.University0.edu/UndergraduateStudent141}, {X=http://www.Department10.University0.edu/GraduateStudent137}, {X=http://www.Department10.University0.edu/GraduateStudent75}, {X=http://www.Department10.University0.edu/UndergraduateStudent380}, {X=http://www.Department10.University0.edu/GraduateStudent117}, {X=http://www.Department10.University0.edu/GraduateStudent27}, {X=http://www.Department10.University0.edu/UndergraduateStudent389}, {X=http://www.Department10.University0.edu/UndergraduateStudent363}, {X=http://www.Department10.University0.edu/UndergraduateStudent105}, {X=http://www.Department10.University0.edu/GraduateStudent73}, {X=http://www.Department10.University0.edu/UndergraduateStudent280}, {X=http://www.Department10.University0.edu/UndergraduateStudent115}, {X=http://www.Department10.University0.edu/GraduateStudent58}, {X=http://www.Department10.University0.edu/UndergraduateStudent191}, {X=http://www.Department10.University0.edu/UndergraduateStudent79}, {X=http://www.Department10.University0.edu/UndergraduateStudent259}, {X=http://www.Department10.University0.edu/UndergraduateStudent324}, {X=http://www.Department10.University0.edu/UndergraduateStudent188}, {X=http://www.Department10.University0.edu/UndergraduateStudent100}, {X=http://www.Department10.University0.edu/UndergraduateStudent50}, {X=http://www.Department10.University0.edu/UndergraduateStudent65}, {X=http://www.Department10.University0.edu/UndergraduateStudent49}, {X=http://www.Department10.University0.edu/UndergraduateStudent140}, {X=http://www.Department10.University0.edu/UndergraduateStudent189}, {X=http://www.Department10.University0.edu/GraduateStudent17}, {X=http://www.Department10.University0.edu/GraduateStudent85}, {X=http://www.Department10.University0.edu/UndergraduateStudent366}, {X=http://www.Department10.University0.edu/UndergraduateStudent138}, {X=http://www.Department10.University0.edu/UndergraduateStudent136}, {X=http://www.Department10.University0.edu/UndergraduateStudent327}, {X=http://www.Department10.University0.edu/GraduateStudent119}, {X=http://www.Department10.University0.edu/UndergraduateStudent269}, {X=http://www.Department10.University0.edu/UndergraduateStudent73}, {X=http://www.Department10.University0.edu/UndergraduateStudent103}, {X=http://www.Department10.University0.edu/UndergraduateStudent54}, {X=http://www.Department10.University0.edu/GraduateStudent128}, {X=http://www.Department10.University0.edu/GraduateStudent130}, {X=http://www.Department10.University0.edu/UndergraduateStudent368}, {X=http://www.Department10.University0.edu/GraduateStudent87}, {X=http://www.Department10.University0.edu/UndergraduateStudent215}, {X=http://www.Department10.University0.edu/UndergraduateStudent351}, {X=http://www.Department10.University0.edu/GraduateStudent37}, {X=http://www.Department10.University0.edu/GraduateStudent79}, {X=http://www.Department10.University0.edu/UndergraduateStudent5}, {X=http://www.Department10.University0.edu/GraduateStudent41}, {X=http://www.Department10.University0.edu/GraduateStudent67}, {X=http://www.Department10.University0.edu/UndergraduateStudent134}, {X=http://www.Department10.University0.edu/UndergraduateStudent276}, {X=http://www.Department10.University0.edu/GraduateStudent42}, {X=http://www.Department10.University0.edu/UndergraduateStudent253}, {X=http://www.Department10.University0.edu/GraduateStudent22}, {X=http://www.Department10.University0.edu/UndergraduateStudent91}, {X=http://www.Department10.University0.edu/UndergraduateStudent355}, {X=http://www.Department10.University0.edu/UndergraduateStudent245}, {X=http://www.Department10.University0.edu/UndergraduateStudent357}, {X=http://www.Department10.University0.edu/UndergraduateStudent260}, {X=http://www.Department10.University0.edu/UndergraduateStudent150}, {X=http://www.Department10.University0.edu/UndergraduateStudent106}, {X=http://www.Department10.University0.edu/GraduateStudent48}, {X=http://www.Department10.University0.edu/UndergraduateStudent305}, {X=http://www.Department10.University0.edu/GraduateStudent7}, {X=http://www.Department10.University0.edu/UndergraduateStudent290}, {X=http://www.Department10.University0.edu/UndergraduateStudent343}, {X=http://www.Department10.University0.edu/UndergraduateStudent246}, {X=http://www.Department10.University0.edu/UndergraduateStudent302}, {X=http://www.Department10.University0.edu/UndergraduateStudent407}, {X=http://www.Department10.University0.edu/UndergraduateStudent348}, {X=http://www.Department10.University0.edu/UndergraduateStudent273}, {X=http://www.Department10.University0.edu/UndergraduateStudent128}, {X=http://www.Department10.University0.edu/UndergraduateStudent92}, {X=http://www.Department10.University0.edu/GraduateStudent71}, {X=http://www.Department10.University0.edu/GraduateStudent53}, {X=http://www.Department10.University0.edu/UndergraduateStudent7}, {X=http://www.Department10.University0.edu/UndergraduateStudent220}, {X=http://www.Department10.University0.edu/UndergraduateStudent409}, {X=http://www.Department10.University0.edu/UndergraduateStudent297}, {X=http://www.Department10.University0.edu/UndergraduateStudent83}, {X=http://www.Department10.University0.edu/UndergraduateStudent339}, {X=http://www.Department10.University0.edu/UndergraduateStudent394}, {X=http://www.Department10.University0.edu/UndergraduateStudent376}, {X=http://www.Department10.University0.edu/UndergraduateStudent21}, {X=http://www.Department10.University0.edu/UndergraduateStudent293}, {X=http://www.Department10.University0.edu/UndergraduateStudent218}, {X=http://www.Department10.University0.edu/UndergraduateStudent31}, {X=http://www.Department10.University0.edu/GraduateStudent111}, {X=http://www.Department10.University0.edu/UndergraduateStudent314}, {X=http://www.Department10.University0.edu/UndergraduateStudent332}, {X=http://www.Department10.University0.edu/GraduateStudent78}, {X=http://www.Department10.University0.edu/UndergraduateStudent284}, {X=http://www.Department10.University0.edu/UndergraduateStudent397}, {X=http://www.Department10.University0.edu/UndergraduateStudent51}, {X=http://www.Department10.University0.edu/GraduateStudent77}, {X=http://www.Department10.University0.edu/UndergraduateStudent104}, {X=http://www.Department10.University0.edu/GraduateStudent103}, {X=http://www.Department10.University0.edu/UndergraduateStudent323}, {X=http://www.Department10.University0.edu/GraduateStudent135}, {X=http://www.Department10.University0.edu/GraduateStudent126}, {X=http://www.Department10.University0.edu/UndergraduateStudent24}, {X=http://www.Department10.University0.edu/UndergraduateStudent317}, {X=http://www.Department10.University0.edu/UndergraduateStudent64}, {X=http://www.Department10.University0.edu/GraduateStudent59}, {X=http://www.Department10.University0.edu/UndergraduateStudent46}, {X=http://www.Department10.University0.edu/UndergraduateStudent266}, {X=http://www.Department10.University0.edu/GraduateStudent3}, {X=http://www.Department10.University0.edu/UndergraduateStudent256}, {X=http://www.Department10.University0.edu/UndergraduateStudent222}, {X=http://www.Department10.University0.edu/GraduateStudent6}, {X=http://www.Department10.University0.edu/UndergraduateStudent347}, {X=http://www.Department10.University0.edu/UndergraduateStudent275}, {X=http://www.Department10.University0.edu/UndergraduateStudent205}, {X=http://www.Department10.University0.edu/UndergraduateStudent381}, {X=http://www.Department10.University0.edu/UndergraduateStudent291}, {X=http://www.Department10.University0.edu/GraduateStudent107}, {X=http://www.Department10.University0.edu/UndergraduateStudent145}, {X=http://www.Department10.University0.edu/UndergraduateStudent237}, {X=http://www.Department10.University0.edu/UndergraduateStudent124}, {X=http://www.Department10.University0.edu/UndergraduateStudent197}, {X=http://www.Department10.University0.edu/UndergraduateStudent242}, {X=http://www.Department10.University0.edu/UndergraduateStudent372}, {X=http://www.Department10.University0.edu/UndergraduateStudent177}, {X=http://www.Department10.University0.edu/GraduateStudent102}, {X=http://www.Department10.University0.edu/GraduateStudent38}, {X=http://www.Department10.University0.edu/UndergraduateStudent43}, {X=http://www.Department10.University0.edu/UndergraduateStudent392}, {X=http://www.Department10.University0.edu/UndergraduateStudent98}, {X=http://www.Department10.University0.edu/GraduateStudent56}, {X=http://www.Department10.University0.edu/UndergraduateStudent223}, {X=http://www.Department10.University0.edu/UndergraduateStudent32}, {X=http://www.Department10.University0.edu/UndergraduateStudent319}, {X=http://www.Department10.University0.edu/UndergraduateStudent112}, {X=http://www.Department10.University0.edu/UndergraduateStudent44}, {X=http://www.Department10.University0.edu/UndergraduateStudent117}, {X=http://www.Department10.University0.edu/UndergraduateStudent289}, {X=http://www.Department10.University0.edu/UndergraduateStudent371}, {X=http://www.Department10.University0.edu/UndergraduateStudent263}, {X=http://www.Department10.University0.edu/UndergraduateStudent19}, {X=http://www.Department10.University0.edu/UndergraduateStudent390}, {X=http://www.Department10.University0.edu/UndergraduateStudent307}, {X=http://www.Department10.University0.edu/UndergraduateStudent1}, {X=http://www.Department10.University0.edu/UndergraduateStudent95}, {X=http://www.Department10.University0.edu/UndergraduateStudent288}, {X=http://www.Department10.University0.edu/GraduateStudent50}, {X=http://www.Department10.University0.edu/GraduateStudent28}, {X=http://www.Department10.University0.edu/GraduateStudent47}, {X=http://www.Department10.University0.edu/GraduateStudent24}, {X=http://www.Department10.University0.edu/GraduateStudent95}, {X=http://www.Department10.University0.edu/UndergraduateStudent393}, {X=http://www.Department10.University0.edu/UndergraduateStudent208}, {X=http://www.Department10.University0.edu/UndergraduateStudent68}, {X=http://www.Department10.University0.edu/UndergraduateStudent186}, {X=http://www.Department10.University0.edu/UndergraduateStudent114}, {X=http://www.Department10.University0.edu/UndergraduateStudent278}, {X=http://www.Department10.University0.edu/UndergraduateStudent232}, {X=http://www.Department10.University0.edu/UndergraduateStudent179}, {X=http://www.Department10.University0.edu/UndergraduateStudent360}, {X=http://www.Department10.University0.edu/UndergraduateStudent287}, {X=http://www.Department10.University0.edu/UndergraduateStudent274}, {X=http://www.Department10.University0.edu/GraduateStudent106}, {X=http://www.Department10.University0.edu/UndergraduateStudent89}, {X=http://www.Department10.University0.edu/UndergraduateStudent285}, {X=http://www.Department10.University0.edu/GraduateStudent133}, {X=http://www.Department10.University0.edu/UndergraduateStudent224}, {X=http://www.Department10.University0.edu/UndergraduateStudent387}, {X=http://www.Department10.University0.edu/UndergraduateStudent345}, {X=http://www.Department10.University0.edu/UndergraduateStudent364}, {X=http://www.Department10.University0.edu/UndergraduateStudent375}, {X=http://www.Department10.University0.edu/UndergraduateStudent156}, {X=http://www.Department10.University0.edu/UndergraduateStudent337}, {X=http://www.Department10.University0.edu/GraduateStudent32}, {X=http://www.Department10.University0.edu/UndergraduateStudent111}, {X=http://www.Department10.University0.edu/GraduateStudent92}, {X=http://www.Department10.University0.edu/UndergraduateStudent55}, {X=http://www.Department10.University0.edu/GraduateStudent90}, {X=http://www.Department10.University0.edu/GraduateStudent51}, {X=http://www.Department10.University0.edu/UndergraduateStudent193}, {X=http://www.Department10.University0.edu/UndergraduateStudent108}, {X=http://www.Department10.University0.edu/UndergraduateStudent400}, {X=http://www.Department10.University0.edu/UndergraduateStudent69}, {X=http://www.Department10.University0.edu/UndergraduateStudent132}, {X=http://www.Department10.University0.edu/UndergraduateStudent99}, {X=http://www.Department10.University0.edu/UndergraduateStudent226}, {X=http://www.Department10.University0.edu/UndergraduateStudent362}, {X=http://www.Department10.University0.edu/UndergraduateStudent81}, {X=http://www.Department10.University0.edu/UndergraduateStudent203}, {X=http://www.Department10.University0.edu/UndergraduateStudent334}, {X=http://www.Department10.University0.edu/GraduateStudent122}, {X=http://www.Department10.University0.edu/GraduateStudent1}, {X=http://www.Department10.University0.edu/GraduateStudent114}, {X=http://www.Department10.University0.edu/UndergraduateStudent378}, {X=http://www.Department10.University0.edu/UndergraduateStudent264}, {X=http://www.Department10.University0.edu/UndergraduateStudent338}, {X=http://www.Department10.University0.edu/GraduateStudent88}, {X=http://www.Department10.University0.edu/UndergraduateStudent176}, {X=http://www.Department10.University0.edu/GraduateStudent15}, {X=http://www.Department10.University0.edu/UndergraduateStudent45}, {X=http://www.Department10.University0.edu/UndergraduateStudent86}, {X=http://www.Department10.University0.edu/GraduateStudent127}, {X=http://www.Department10.University0.edu/UndergraduateStudent165}, {X=http://www.Department10.University0.edu/UndergraduateStudent172}, {X=http://www.Department10.University0.edu/UndergraduateStudent268}, {X=http://www.Department10.University0.edu/UndergraduateStudent251}, {X=http://www.Department10.University0.edu/GraduateStudent66}, {X=http://www.Department10.University0.edu/UndergraduateStudent254}, {X=http://www.Department10.University0.edu/UndergraduateStudent190}, {X=http://www.Department10.University0.edu/UndergraduateStudent408}, {X=http://www.Department10.University0.edu/GraduateStudent2}, {X=http://www.Department10.University0.edu/UndergraduateStudent118}, {X=http://www.Department10.University0.edu/UndergraduateStudent367}, {X=http://www.Department10.University0.edu/UndergraduateStudent77}, {X=http://www.Department10.University0.edu/UndergraduateStudent374}, {X=http://www.Department10.University0.edu/UndergraduateStudent398}, {X=http://www.Department10.University0.edu/UndergraduateStudent135}, {X=http://www.Department10.University0.edu/UndergraduateStudent58}, {X=http://www.Department10.University0.edu/UndergraduateStudent306}, {X=http://www.Department10.University0.edu/GraduateStudent0}, {X=http://www.Department10.University0.edu/UndergraduateStudent71}, {X=http://www.Department10.University0.edu/UndergraduateStudent157}, {X=http://www.Department10.University0.edu/UndergraduateStudent119}, {X=http://www.Department10.University0.edu/UndergraduateStudent235}, {X=http://www.Department10.University0.edu/UndergraduateStudent25}, {X=http://www.Department10.University0.edu/UndergraduateStudent325}, {X=http://www.Department10.University0.edu/GraduateStudent21}, {X=http://www.Department10.University0.edu/UndergraduateStudent236}, {X=http://www.Department10.University0.edu/UndergraduateStudent96}, {X=http://www.Department10.University0.edu/UndergraduateStudent255}, {X=http://www.Department10.University0.edu/UndergraduateStudent0}, {X=http://www.Department10.University0.edu/UndergraduateStudent313}, {X=http://www.Department10.University0.edu/UndergraduateStudent399}, {X=http://www.Department10.University0.edu/UndergraduateStudent267}, {X=http://www.Department10.University0.edu/UndergraduateStudent38}, {X=http://www.Department10.University0.edu/GraduateStudent57}, {X=http://www.Department10.University0.edu/UndergraduateStudent180}, {X=http://www.Department10.University0.edu/UndergraduateStudent101}, {X=http://www.Department10.University0.edu/UndergraduateStudent76}, {X=http://www.Department10.University0.edu/UndergraduateStudent143}, {X=http://www.Department10.University0.edu/UndergraduateStudent342}, {X=http://www.Department10.University0.edu/UndergraduateStudent168}, {X=http://www.Department10.University0.edu/UndergraduateStudent144}, {X=http://www.Department10.University0.edu/UndergraduateStudent6}, {X=http://www.Department10.University0.edu/UndergraduateStudent311}, {X=http://www.Department10.University0.edu/GraduateStudent44}, {X=http://www.Department10.University0.edu/GraduateStudent30}, {X=http://www.Department10.University0.edu/UndergraduateStudent152}, {X=http://www.Department10.University0.edu/UndergraduateStudent72}, {X=http://www.Department10.University0.edu/UndergraduateStudent341}, {X=http://www.Department10.University0.edu/GraduateStudent46}, {X=http://www.Department10.University0.edu/UndergraduateStudent350}, {X=http://www.Department10.University0.edu/UndergraduateStudent336}, {X=http://www.Department10.University0.edu/GraduateStudent76}, {X=http://www.Department10.University0.edu/GraduateStudent40}, {X=http://www.Department10.University0.edu/UndergraduateStudent162}, {X=http://www.Department10.University0.edu/GraduateStudent97}, {X=http://www.Department10.University0.edu/UndergraduateStudent159}, {X=http://www.Department10.University0.edu/UndergraduateStudent109}, {X=http://www.Department10.University0.edu/UndergraduateStudent365}, {X=http://www.Department10.University0.edu/GraduateStudent99}, {X=http://www.Department10.University0.edu/UndergraduateStudent4}, {X=http://www.Department10.University0.edu/GraduateStudent62}, {X=http://www.Department10.University0.edu/GraduateStudent12}, {X=http://www.Department10.University0.edu/UndergraduateStudent379}, {X=http://www.Department10.University0.edu/GraduateStudent61}, {X=http://www.Department10.University0.edu/GraduateStudent124}, {X=http://www.Department10.University0.edu/UndergraduateStudent384}, {X=http://www.Department10.University0.edu/UndergraduateStudent192}, {X=http://www.Department10.University0.edu/UndergraduateStudent28}, {X=http://www.Department10.University0.edu/UndergraduateStudent42}, {X=http://www.Department10.University0.edu/UndergraduateStudent153}, {X=http://www.Department10.University0.edu/UndergraduateStudent160}, {X=http://www.Department10.University0.edu/UndergraduateStudent154}, {X=http://www.Department10.University0.edu/GraduateStudent29}, {X=http://www.Department10.University0.edu/GraduateStudent118}, {X=http://www.Department10.University0.edu/GraduateStudent80}, {X=http://www.Department10.University0.edu/UndergraduateStudent18}, {X=http://www.Department10.University0.edu/UndergraduateStudent328}, {X=http://www.Department10.University0.edu/GraduateStudent60}, {X=http://www.Department10.University0.edu/UndergraduateStudent315}, {X=http://www.Department10.University0.edu/UndergraduateStudent130}, {X=http://www.Department10.University0.edu/GraduateStudent113}, {X=http://www.Department10.University0.edu/UndergraduateStudent34}, {X=http://www.Department10.University0.edu/UndergraduateStudent231}, {X=http://www.Department10.University0.edu/GraduateStudent86}, {X=http://www.Department10.University0.edu/UndergraduateStudent229}, {X=http://www.Department10.University0.edu/UndergraduateStudent171}, {X=http://www.Department10.University0.edu/UndergraduateStudent303}, {X=http://www.Department10.University0.edu/UndergraduateStudent47}, {X=http://www.Department10.University0.edu/UndergraduateStudent94}, {X=http://www.Department10.University0.edu/GraduateStudent45}, {X=http://www.Department10.University0.edu/UndergraduateStudent318}, {X=http://www.Department10.University0.edu/GraduateStudent23}, {X=http://www.Department10.University0.edu/UndergraduateStudent35}, {X=http://www.Department10.University0.edu/UndergraduateStudent320}, {X=http://www.Department10.University0.edu/UndergraduateStudent113}, {X=http://www.Department10.University0.edu/UndergraduateStudent9}, {X=http://www.Department10.University0.edu/UndergraduateStudent258}, {X=http://www.Department10.University0.edu/UndergraduateStudent127}, {X=http://www.Department10.University0.edu/GraduateStudent70}, {X=http://www.Department10.University0.edu/UndergraduateStudent373}, {X=http://www.Department10.University0.edu/UndergraduateStudent78}, {X=http://www.Department10.University0.edu/GraduateStudent72}, {X=http://www.Department10.University0.edu/UndergraduateStudent238}, {X=http://www.Department10.University0.edu/UndergraduateStudent331}, {X=http://www.Department10.University0.edu/UndergraduateStudent209}, {X=http://www.Department10.University0.edu/UndergraduateStudent221}, {X=http://www.Department10.University0.edu/UndergraduateStudent326}, {X=http://www.Department10.University0.edu/UndergraduateStudent8}, {X=http://www.Department10.University0.edu/UndergraduateStudent87}, {X=http://www.Department10.University0.edu/UndergraduateStudent244}, {X=http://www.Department10.University0.edu/UndergraduateStudent300}, {X=http://www.Department10.University0.edu/UndergraduateStudent262}, {X=http://www.Department10.University0.edu/UndergraduateStudent10}, {X=http://www.Department10.University0.edu/UndergraduateStudent391}, {X=http://www.Department10.University0.edu/UndergraduateStudent356}, {X=http://www.Department10.University0.edu/GraduateStudent121}, {X=http://www.Department10.University0.edu/UndergraduateStudent346}, {X=http://www.Department10.University0.edu/UndergraduateStudent185}, {X=http://www.Department10.University0.edu/UndergraduateStudent301}, {X=http://www.Department10.University0.edu/GraduateStudent43}, {X=http://www.Department10.University0.edu/UndergraduateStudent404}, {X=http://www.Department10.University0.edu/UndergraduateStudent11}, {X=http://www.Department10.University0.edu/UndergraduateStudent316}, {X=http://www.Department10.University0.edu/UndergraduateStudent75}, {X=http://www.Department10.University0.edu/UndergraduateStudent93}, {X=http://www.Department10.University0.edu/GraduateStudent89}, {X=http://www.Department10.University0.edu/GraduateStudent136}, {X=http://www.Department10.University0.edu/UndergraduateStudent52}, {X=http://www.Department10.University0.edu/UndergraduateStudent358}, {X=http://www.Department10.University0.edu/UndergraduateStudent40}, {X=http://www.Department10.University0.edu/UndergraduateStudent37}, {X=http://www.Department10.University0.edu/UndergraduateStudent196}, {X=http://www.Department10.University0.edu/UndergraduateStudent164}, {X=http://www.Department10.University0.edu/UndergraduateStudent16}, {X=http://www.Department10.University0.edu/UndergraduateStudent17}, {X=http://www.Department10.University0.edu/GraduateStudent84}, {X=http://www.Department10.University0.edu/GraduateStudent132}, {X=http://www.Department10.University0.edu/UndergraduateStudent20}, {X=http://www.Department10.University0.edu/UndergraduateStudent294}, {X=http://www.Department10.University0.edu/UndergraduateStudent282}, {X=http://www.Department10.University0.edu/UndergraduateStudent388}, {X=http://www.Department10.University0.edu/UndergraduateStudent370}, {X=http://www.Department10.University0.edu/UndergraduateStudent216}, {X=http://www.Department10.University0.edu/GraduateStudent112}, {X=http://www.Department10.University0.edu/UndergraduateStudent292}, {X=http://www.Department10.University0.edu/UndergraduateStudent340}, {X=http://www.Department10.University0.edu/UndergraduateStudent270}, {X=http://www.Department10.University0.edu/UndergraduateStudent309}, {X=http://www.Department10.University0.edu/UndergraduateStudent142}, {X=http://www.Department10.University0.edu/UndergraduateStudent310}, {X=http://www.Department10.University0.edu/UndergraduateStudent129}, {X=http://www.Department10.University0.edu/UndergraduateStudent249}, {X=http://www.Department10.University0.edu/UndergraduateStudent410}, {X=http://www.Department10.University0.edu/UndergraduateStudent147}, {X=http://www.Department10.University0.edu/UndergraduateStudent59}, {X=http://www.Department10.University0.edu/UndergraduateStudent181}, {X=http://www.Department10.University0.edu/UndergraduateStudent386}, {X=http://www.Department10.University0.edu/UndergraduateStudent213}, {X=http://www.Department10.University0.edu/UndergraduateStudent295}, {X=http://www.Department10.University0.edu/GraduateStudent109}, {X=http://www.Department10.University0.edu/GraduateStudent105}, {X=http://www.Department10.University0.edu/UndergraduateStudent396}, {X=http://www.Department10.University0.edu/UndergraduateStudent121}, {X=http://www.Department10.University0.edu/GraduateStudent14}, {X=http://www.Department10.University0.edu/UndergraduateStudent212}, {X=http://www.Department10.University0.edu/GraduateStudent20}, {X=http://www.Department10.University0.edu/UndergraduateStudent66}, {X=http://www.Department10.University0.edu/UndergraduateStudent61}, {X=http://www.Department10.University0.edu/GraduateStudent64}, {X=http://www.Department10.University0.edu/UndergraduateStudent279}, {X=http://www.Department10.University0.edu/UndergraduateStudent74}, {X=http://www.Department10.University0.edu/UndergraduateStudent198}, {X=http://www.Department10.University0.edu/UndergraduateStudent277}, {X=http://www.Department10.University0.edu/UndergraduateStudent240}, {X=http://www.Department10.University0.edu/UndergraduateStudent304}, {X=http://www.Department10.University0.edu/UndergraduateStudent204}, {X=http://www.Department10.University0.edu/UndergraduateStudent252}, {X=http://www.Department10.University0.edu/UndergraduateStudent214}, {X=http://www.Department10.University0.edu/UndergraduateStudent149}, {X=http://www.Department10.University0.edu/GraduateStudent116}, {X=http://www.Department10.University0.edu/UndergraduateStudent116}, {X=http://www.Department10.University0.edu/UndergraduateStudent299}, {X=http://www.Department10.University0.edu/UndergraduateStudent3}, {X=http://www.Department10.University0.edu/UndergraduateStudent15}, {X=http://www.Department10.University0.edu/UndergraduateStudent261}, {X=http://www.Department10.University0.edu/GraduateStudent100}, {X=http://www.Department10.University0.edu/UndergraduateStudent80}, {X=http://www.Department10.University0.edu/UndergraduateStudent369}, {X=http://www.Department10.University0.edu/UndergraduateStudent406}, {X=http://www.Department10.University0.edu/UndergraduateStudent175}, {X=http://www.Department10.University0.edu/UndergraduateStudent148}, {X=http://www.Department10.University0.edu/GraduateStudent129}, {X=http://www.Department10.University0.edu/UndergraduateStudent228}, {X=http://www.Department10.University0.edu/UndergraduateStudent122}, {X=http://www.Department10.University0.edu/UndergraduateStudent102}, {X=http://www.Department10.University0.edu/UndergraduateStudent354}, {X=http://www.Department10.University0.edu/GraduateStudent115}, {X=http://www.Department10.University0.edu/UndergraduateStudent174}, {X=http://www.Department10.University0.edu/UndergraduateStudent155}, {X=http://www.Department10.University0.edu/UndergraduateStudent349}, {X=http://www.Department10.University0.edu/GraduateStudent82}, {X=http://www.Department10.University0.edu/UndergraduateStudent219}, {X=http://www.Department10.University0.edu/UndergraduateStudent243}, {X=http://www.Department10.University0.edu/UndergraduateStudent26}, {X=http://www.Department10.University0.edu/GraduateStudent9}, {X=http://www.Department10.University0.edu/UndergraduateStudent247}, {X=http://www.Department10.University0.edu/GraduateStudent49}, {X=http://www.Department10.University0.edu/UndergraduateStudent272}, {X=http://www.Department10.University0.edu/GraduateStudent108}, {X=http://www.Department10.University0.edu/GraduateStudent81}, {X=http://www.Department10.University0.edu/UndergraduateStudent239}, {X=http://www.Department10.University0.edu/UndergraduateStudent13}, {X=http://www.Department10.University0.edu/UndergraduateStudent195}, {X=http://www.Department10.University0.edu/UndergraduateStudent183}, {X=http://www.Department10.University0.edu/GraduateStudent94}, {X=http://www.Department10.University0.edu/UndergraduateStudent163}, {X=http://www.Department10.University0.edu/UndergraduateStudent27}, {X=http://www.Department10.University0.edu/GraduateStudent65}, {X=http://www.Department10.University0.edu/UndergraduateStudent30}, {X=http://www.Department10.University0.edu/UndergraduateStudent125}, {X=http://www.Department10.University0.edu/UndergraduateStudent14}, {X=http://www.Department10.University0.edu/UndergraduateStudent70}, {X=http://www.Department10.University0.edu/UndergraduateStudent53}, {X=http://www.Department10.University0.edu/UndergraduateStudent329}, {X=http://www.Department10.University0.edu/UndergraduateStudent139}, {X=http://www.Department10.University0.edu/GraduateStudent18}, {X=http://www.Department10.University0.edu/UndergraduateStudent333}, {X=http://www.Department10.University0.edu/UndergraduateStudent359}, {X=http://www.Department10.University0.edu/GraduateStudent19}, {X=http://www.Department10.University0.edu/UndergraduateStudent187}, {X=http://www.Department10.University0.edu/UndergraduateStudent202}, {X=http://www.Department10.University0.edu/GraduateStudent91}, {X=http://www.Department10.University0.edu/UndergraduateStudent385}, {X=http://www.Department10.University0.edu/UndergraduateStudent286}, {X=http://www.Department10.University0.edu/UndergraduateStudent206}, {X=http://www.Department10.University0.edu/UndergraduateStudent225}, {X=http://www.Department10.University0.edu/UndergraduateStudent182}, {X=http://www.Department10.University0.edu/UndergraduateStudent283}, {X=http://www.Department10.University0.edu/UndergraduateStudent161}, {X=http://www.Department10.University0.edu/UndergraduateStudent23}, {X=http://www.Department10.University0.edu/UndergraduateStudent401}, {X=http://www.Department10.University0.edu/GraduateStudent54}, {X=http://www.Department10.University0.edu/UndergraduateStudent321}, {X=http://www.Department10.University0.edu/UndergraduateStudent296}, {X=http://www.Department10.University0.edu/UndergraduateStudent178}, {X=http://www.Department10.University0.edu/UndergraduateStudent344}, {X=http://www.Department10.University0.edu/GraduateStudent25}, {X=http://www.Department10.University0.edu/UndergraduateStudent257}, {X=http://www.Department10.University0.edu/UndergraduateStudent63}, {X=http://www.Department10.University0.edu/UndergraduateStudent383}, {X=http://www.Department10.University0.edu/UndergraduateStudent57}, {X=http://www.Department10.University0.edu/GraduateStudent104}, {X=http://www.Department10.University0.edu/UndergraduateStudent335}, {X=http://www.Department10.University0.edu/UndergraduateStudent207}, {X=http://www.Department10.University0.edu/UndergraduateStudent248}, {X=http://www.Department10.University0.edu/GraduateStudent11}, {X=http://www.Department10.University0.edu/UndergraduateStudent298}, {X=http://www.Department10.University0.edu/UndergraduateStudent90}, {X=http://www.Department10.University0.edu/GraduateStudent13}, {X=http://www.Department10.University0.edu/UndergraduateStudent194}, {X=http://www.Department10.University0.edu/GraduateStudent10}, {X=http://www.Department10.University0.edu/UndergraduateStudent173}, {X=http://www.Department10.University0.edu/GraduateStudent68}, {X=http://www.Department10.University0.edu/UndergraduateStudent39}, {X=http://www.Department10.University0.edu/UndergraduateStudent217}, {X=http://www.Department10.University0.edu/UndergraduateStudent158}, {X=http://www.Department10.University0.edu/GraduateStudent93}, {X=http://www.Department10.University0.edu/UndergraduateStudent211}, {X=http://www.Department10.University0.edu/UndergraduateStudent382}, {X=http://www.Department10.University0.edu/GraduateStudent39}, {X=http://www.Department10.University0.edu/UndergraduateStudent201}, {X=http://www.Department10.University0.edu/GraduateStudent63}, {X=http://www.Department10.University0.edu/GraduateStudent52}, {X=http://www.Department10.University0.edu/UndergraduateStudent353}, {X=http://www.Department10.University0.edu/GraduateStudent101}, {X=http://www.Department10.University0.edu/GraduateStudent125}, {X=http://www.Department10.University0.edu/UndergraduateStudent2}, {X=http://www.Department10.University0.edu/UndergraduateStudent62}, {X=http://www.Department10.University0.edu/UndergraduateStudent22}, {X=http://www.Department10.University0.edu/UndergraduateStudent234}, {X=http://www.Department10.University0.edu/UndergraduateStudent308}, {X=http://www.Department10.University0.edu/UndergraduateStudent97}, {X=http://www.Department10.University0.edu/GraduateStudent4}, {X=http://www.Department10.University0.edu/UndergraduateStudent377}, {X=http://www.Department10.University0.edu/UndergraduateStudent41}, {X=http://www.Department10.University0.edu/UndergraduateStudent250}, {X=http://www.Department10.University0.edu/UndergraduateStudent330}, {X=http://www.Department10.University0.edu/UndergraduateStudent227}, {X=http://www.Department10.University0.edu/GraduateStudent96}, {X=http://www.Department10.University0.edu/UndergraduateStudent199}, {X=http://www.Department10.University0.edu/GraduateStudent131}, {X=http://www.Department10.University0.edu/UndergraduateStudent265}, {X=http://www.Department10.University0.edu/UndergraduateStudent131}, {X=http://www.Department10.University0.edu/UndergraduateStudent48}, {X=http://www.Department10.University0.edu/GraduateStudent33}, {X=http://www.Department10.University0.edu/UndergraduateStudent137}, {X=http://www.Department10.University0.edu/UndergraduateStudent281}, {X=http://www.Department10.University0.edu/UndergraduateStudent166}, {X=http://www.Department10.University0.edu/UndergraduateStudent233}, {X=http://www.Department10.University0.edu/GraduateStudent98}, {X=http://www.Department10.University0.edu/UndergraduateStudent67}, {X=http://www.Department10.University0.edu/UndergraduateStudent85}, {X=http://www.Department10.University0.edu/UndergraduateStudent88}, {X=http://www.Department10.University0.edu/UndergraduateStudent120}, {X=http://www.Department10.University0.edu/GraduateStudent123}, {X=http://www.Department10.University0.edu/GraduateStudent110}, {X=http://www.Department10.University0.edu/UndergraduateStudent36}, {X=http://www.Department10.University0.edu/UndergraduateStudent151}, {X=http://www.Department10.University0.edu/GraduateStudent31}, {X=http://www.Department10.University0.edu/UndergraduateStudent82}, {X=http://www.Department10.University0.edu/UndergraduateStudent241}, {X=http://www.Department10.University0.edu/GraduateStudent35}, {X=http://www.Department10.University0.edu/GraduateStudent34}, {X=http://www.Department10.University0.edu/UndergraduateStudent126}, {X=http://www.Department10.University0.edu/UndergraduateStudent184}, {X=http://www.Department10.University0.edu/UndergraduateStudent12}, {X=http://www.Department10.University0.edu/UndergraduateStudent169}, {X=http://www.Department10.University0.edu/UndergraduateStudent133}, {X=http://www.Department10.University0.edu/UndergraduateStudent84}, {X=http://www.Department10.University0.edu/GraduateStudent8}, {X=http://www.Department10.University0.edu/UndergraduateStudent403}, {X=http://www.Department10.University0.edu/GraduateStudent26}, {X=http://www.Department10.University0.edu/UndergraduateStudent60}, {X=http://www.Department10.University0.edu/UndergraduateStudent402}, {X=http://www.Department10.University0.edu/UndergraduateStudent210}, {X=http://www.Department10.University0.edu/GraduateStudent69}, {X=http://www.Department10.University0.edu/UndergraduateStudent123}, {X=http://www.Department10.University0.edu/UndergraduateStudent167}, {X=http://www.Department10.University0.edu/UndergraduateStudent361}, {X=http://www.Department10.University0.edu/GraduateStudent5}, {X=http://www.Department10.University0.edu/GraduateStudent55}, {X=http://www.Department10.University0.edu/GraduateStudent134}, {X=http://www.Department10.University0.edu/UndergraduateStudent200}, {X=http://www.Department10.University0.edu/GraduateStudent16}, {X=http://www.Department10.University0.edu/UndergraduateStudent29}, {X=http://www.Department10.University0.edu/UndergraduateStudent271}, {X=http://www.Department10.University0.edu/UndergraduateStudent322}, {X=http://www.Department10.University0.edu/UndergraduateStudent33}, {X=http://www.Department10.University0.edu/UndergraduateStudent405}, {X=http://www.Department10.University0.edu/UndergraduateStudent146}, {X=http://www.Department10.University0.edu/UndergraduateStudent56}, {X=http://www.Department10.University0.edu/UndergraduateStudent107}, {X=http://www.Department10.University0.edu/UndergraduateStudent170}, {X=http://www.Department10.University0.edu/UndergraduateStudent395}, {X=http://www.Department10.University0.edu/UndergraduateStudent230}, {X=http://www.Department10.University0.edu/GraduateStudent36}, {X=http://www.Department10.University0.edu/UndergraduateStudent352}, {X=http://www.Department10.University0.edu/UndergraduateStudent110}, {X=http://www.Department10.University0.edu/GraduateStudent74}, {X=http://www.Department10.University0.edu/GraduateStudent120}, {X=http://www.Department10.University0.edu/GraduateStudent83}, {X=http://www.Department10.University0.edu/UndergraduateStudent312}, {X=http://www.Department10.University0.edu/UndergraduateStudent141}, {X=http://www.Department10.University0.edu/GraduateStudent137}, {X=http://www.Department10.University0.edu/GraduateStudent75}, {X=http://www.Department10.University0.edu/UndergraduateStudent380}, {X=http://www.Department10.University0.edu/GraduateStudent117}, {X=http://www.Department10.University0.edu/GraduateStudent27}, {X=http://www.Department10.University0.edu/UndergraduateStudent389}, {X=http://www.Department10.University0.edu/UndergraduateStudent363}, {X=http://www.Department10.University0.edu/UndergraduateStudent105}, {X=http://www.Department10.University0.edu/GraduateStudent73}, {X=http://www.Department10.University0.edu/UndergraduateStudent280}, {X=http://www.Department10.University0.edu/UndergraduateStudent115}, {X=http://www.Department10.University0.edu/GraduateStudent58}, {X=http://www.Department10.University0.edu/UndergraduateStudent191}, {X=http://www.Department10.University0.edu/UndergraduateStudent79}, {X=http://www.Department10.University0.edu/UndergraduateStudent259}, {X=http://www.Department10.University0.edu/UndergraduateStudent324}, {X=http://www.Department10.University0.edu/UndergraduateStudent188}, {X=http://www.Department10.University0.edu/UndergraduateStudent100}, {X=http://www.Department10.University0.edu/UndergraduateStudent50}, {X=http://www.Department10.University0.edu/UndergraduateStudent65}, {X=http://www.Department10.University0.edu/UndergraduateStudent49}, {X=http://www.Department10.University0.edu/UndergraduateStudent140}, {X=http://www.Department10.University0.edu/UndergraduateStudent189}, {X=http://www.Department10.University0.edu/GraduateStudent17}, {X=http://www.Department10.University0.edu/GraduateStudent85}, {X=http://www.Department10.University0.edu/UndergraduateStudent366}, {X=http://www.Department10.University0.edu/UndergraduateStudent138}, {X=http://www.Department10.University0.edu/UndergraduateStudent136}, {X=http://www.Department10.University0.edu/UndergraduateStudent327}, {X=http://www.Department10.University0.edu/GraduateStudent119}, {X=http://www.Department10.University0.edu/UndergraduateStudent269}, {X=http://www.Department10.University0.edu/UndergraduateStudent73}, {X=http://www.Department10.University0.edu/UndergraduateStudent103}, {X=http://www.Department10.University0.edu/UndergraduateStudent54}, {X=http://www.Department10.University0.edu/GraduateStudent128}, {X=http://www.Department10.University0.edu/GraduateStudent130}, {X=http://www.Department10.University0.edu/UndergraduateStudent368}, {X=http://www.Department10.University0.edu/GraduateStudent87}, {X=http://www.Department10.University0.edu/UndergraduateStudent215}, {X=http://www.Department10.University0.edu/UndergraduateStudent351}, {X=http://www.Department10.University0.edu/GraduateStudent37}, {X=http://www.Department10.University0.edu/GraduateStudent79}, {X=http://www.Department10.University0.edu/UndergraduateStudent5}, {X=http://www.Department10.University0.edu/GraduateStudent41}, {X=http://www.Department10.University0.edu/GraduateStudent67}, {X=http://www.Department10.University0.edu/UndergraduateStudent134}, {X=http://www.Department10.University0.edu/UndergraduateStudent276}, {X=http://www.Department10.University0.edu/GraduateStudent42}, {X=http://www.Department10.University0.edu/UndergraduateStudent253}, {X=http://www.Department10.University0.edu/GraduateStudent22}, {X=http://www.Department10.University0.edu/UndergraduateStudent91}, {X=http://www.Department10.University0.edu/UndergraduateStudent355}, {X=http://www.Department10.University0.edu/UndergraduateStudent245}, {X=http://www.Department10.University0.edu/UndergraduateStudent357}, {X=http://www.Department10.University0.edu/UndergraduateStudent260}, {X=http://www.Department10.University0.edu/UndergraduateStudent150}, {X=http://www.Department10.University0.edu/UndergraduateStudent106}, {X=http://www.Department10.University0.edu/GraduateStudent48}, {X=http://www.Department10.University0.edu/UndergraduateStudent305}, {X=http://www.Department10.University0.edu/GraduateStudent7}, {X=http://www.Department10.University0.edu/UndergraduateStudent290}, {X=http://www.Department10.University0.edu/UndergraduateStudent343}, {X=http://www.Department10.University0.edu/UndergraduateStudent246}, {X=http://www.Department10.University0.edu/UndergraduateStudent302}, {X=http://www.Department10.University0.edu/UndergraduateStudent407}, {X=http://www.Department10.University0.edu/UndergraduateStudent348}, {X=http://www.Department10.University0.edu/UndergraduateStudent273}, {X=http://www.Department10.University0.edu/UndergraduateStudent128}, {X=http://www.Department10.University0.edu/UndergraduateStudent92}, {X=http://www.Department10.University0.edu/GraduateStudent71}, {X=http://www.Department10.University0.edu/GraduateStudent53}, {X=http://www.Department10.University0.edu/UndergraduateStudent7}, {X=http://www.Department10.University0.edu/UndergraduateStudent220}, {X=http://www.Department10.University0.edu/UndergraduateStudent409}, {X=http://www.Department10.University0.edu/UndergraduateStudent297}, {X=http://www.Department10.University0.edu/UndergraduateStudent83}, {X=http://www.Department10.University0.edu/UndergraduateStudent339}, {X=http://www.Department10.University0.edu/UndergraduateStudent394}, {X=http://www.Department10.University0.edu/UndergraduateStudent376}, {X=http://www.Department10.University0.edu/UndergraduateStudent21}, {X=http://www.Department10.University0.edu/UndergraduateStudent293}, {X=http://www.Department10.University0.edu/UndergraduateStudent218}, {X=http://www.Department10.University0.edu/UndergraduateStudent31}, {X=http://www.Department10.University0.edu/GraduateStudent111}, {X=http://www.Department10.University0.edu/UndergraduateStudent314}, {X=http://www.Department10.University0.edu/UndergraduateStudent332}, {X=http://www.Department10.University0.edu/GraduateStudent78}, {X=http://www.Department10.University0.edu/UndergraduateStudent284}, {X=http://www.Department10.University0.edu/UndergraduateStudent397}, {X=http://www.Department10.University0.edu/UndergraduateStudent51}, {X=http://www.Department10.University0.edu/GraduateStudent77}, {X=http://www.Department10.University0.edu/UndergraduateStudent104}, {X=http://www.Department10.University0.edu/GraduateStudent103}, {X=http://www.Department10.University0.edu/UndergraduateStudent323}, {X=http://www.Department10.University0.edu/GraduateStudent135}, {X=http://www.Department10.University0.edu/GraduateStudent126}, {X=http://www.Department10.University0.edu/UndergraduateStudent24}, {X=http://www.Department10.University0.edu/UndergraduateStudent317}, {X=http://www.Department10.University0.edu/UndergraduateStudent64}, {X=http://www.Department10.University0.edu/GraduateStudent59}, {X=http://www.Department10.University0.edu/UndergraduateStudent46}, {X=http://www.Department10.University0.edu/UndergraduateStudent266}, {X=http://www.Department10.University0.edu/GraduateStudent3}, {X=http://www.Department10.University0.edu/UndergraduateStudent256}, {X=http://www.Department10.University0.edu/UndergraduateStudent222}, {X=http://www.Department10.University0.edu/GraduateStudent6}, {X=http://www.Department10.University0.edu/UndergraduateStudent347}, {X=http://www.Department10.University0.edu/UndergraduateStudent275}, {X=http://www.Department10.University0.edu/UndergraduateStudent205}, {X=http://www.Department10.University0.edu/UndergraduateStudent381}, {X=http://www.Department10.University0.edu/UndergraduateStudent291}, {X=http://www.Department10.University0.edu/GraduateStudent107}, {X=http://www.Department10.University0.edu/UndergraduateStudent145}, {X=http://www.Department10.University0.edu/UndergraduateStudent237}, {X=http://www.Department10.University0.edu/UndergraduateStudent124}, {X=http://www.Department10.University0.edu/UndergraduateStudent197}, {X=http://www.Department10.University0.edu/UndergraduateStudent242}, {X=http://www.Department10.University0.edu/UndergraduateStudent372}, {X=http://www.Department10.University0.edu/UndergraduateStudent177}, {X=http://www.Department10.University0.edu/GraduateStudent102}, {X=http://www.Department10.University0.edu/GraduateStudent38}, {X=http://www.Department10.University0.edu/UndergraduateStudent43}, {X=http://www.Department10.University0.edu/UndergraduateStudent392}, {X=http://www.Department10.University0.edu/UndergraduateStudent98}, {X=http://www.Department10.University0.edu/GraduateStudent56}, {X=http://www.Department10.University0.edu/UndergraduateStudent223}, {X=http://www.Department10.University0.edu/UndergraduateStudent32}, {X=http://www.Department10.University0.edu/UndergraduateStudent319}, {X=http://www.Department10.University0.edu/UndergraduateStudent112}, {X=http://www.Department10.University0.edu/UndergraduateStudent44}, {X=http://www.Department10.University0.edu/UndergraduateStudent117}, {X=http://www.Department10.University0.edu/UndergraduateStudent289}, {X=http://www.Department10.University0.edu/UndergraduateStudent371}, {X=http://www.Department10.University0.edu/UndergraduateStudent263}, {X=http://www.Department10.University0.edu/UndergraduateStudent19}, {X=http://www.Department10.University0.edu/UndergraduateStudent390}, {X=http://www.Department10.University0.edu/UndergraduateStudent307}, {X=http://www.Department10.University0.edu/UndergraduateStudent1}, {X=http://www.Department10.University0.edu/UndergraduateStudent95}, {X=http://www.Department10.University0.edu/UndergraduateStudent288}, {X=http://www.Department10.University0.edu/GraduateStudent50}, {X=http://www.Department10.University0.edu/GraduateStudent28}, {X=http://www.Department10.University0.edu/GraduateStudent47}, {X=http://www.Department10.University0.edu/GraduateStudent24}, {X=http://www.Department10.University0.edu/GraduateStudent95}, {X=http://www.Department10.University0.edu/UndergraduateStudent393}, {X=http://www.Department10.University0.edu/UndergraduateStudent208}, {X=http://www.Department10.University0.edu/UndergraduateStudent68}, {X=http://www.Department10.University0.edu/UndergraduateStudent186}, {X=http://www.Department10.University0.edu/UndergraduateStudent114}, {X=http://www.Department10.University0.edu/UndergraduateStudent278}, {X=http://www.Department10.University0.edu/UndergraduateStudent232}, {X=http://www.Department10.University0.edu/UndergraduateStudent179}, {X=http://www.Department10.University0.edu/UndergraduateStudent360}, {X=http://www.Department10.University0.edu/UndergraduateStudent287}, {X=http://www.Department10.University0.edu/UndergraduateStudent274}, {X=http://www.Department10.University0.edu/GraduateStudent106}, {X=http://www.Department10.University0.edu/UndergraduateStudent89}, {X=http://www.Department10.University0.edu/UndergraduateStudent285}, {X=http://www.Department10.University0.edu/GraduateStudent133}, {X=http://www.Department10.University0.edu/UndergraduateStudent224}, {X=http://www.Department10.University0.edu/UndergraduateStudent387}, {X=http://www.Department10.University0.edu/UndergraduateStudent345}, {X=http://www.Department10.University0.edu/UndergraduateStudent364}, {X=http://www.Department10.University0.edu/UndergraduateStudent375}, {X=http://www.Department10.University0.edu/UndergraduateStudent156}, {X=http://www.Department10.University0.edu/UndergraduateStudent337}, {X=http://www.Department10.University0.edu/GraduateStudent32}, {X=http://www.Department10.University0.edu/UndergraduateStudent111}, {X=http://www.Department10.University0.edu/GraduateStudent92}, {X=http://www.Department10.University0.edu/UndergraduateStudent55}, {X=http://www.Department10.University0.edu/GraduateStudent90}, {X=http://www.Department10.University0.edu/GraduateStudent51}, {X=http://www.Department10.University0.edu/UndergraduateStudent193}, {X=http://www.Department10.University0.edu/UndergraduateStudent108}, {X=http://www.Department10.University0.edu/UndergraduateStudent400}, {X=http://www.Department10.University0.edu/UndergraduateStudent69}, {X=http://www.Department10.University0.edu/UndergraduateStudent132}, {X=http://www.Department10.University0.edu/UndergraduateStudent99}, {X=http://www.Department10.University0.edu/UndergraduateStudent226}, {X=http://www.Department10.University0.edu/UndergraduateStudent362}, {X=http://www.Department10.University0.edu/UndergraduateStudent81}, {X=http://www.Department10.University0.edu/UndergraduateStudent203}, {X=http://www.Department10.University0.edu/UndergraduateStudent334}, {X=http://www.Department10.University0.edu/GraduateStudent122}, {X=http://www.Department10.University0.edu/GraduateStudent1}, {X=http://www.Department10.University0.edu/GraduateStudent114}, {X=http://www.Department10.University0.edu/UndergraduateStudent378}, {X=http://www.Department10.University0.edu/UndergraduateStudent264}, {X=http://www.Department10.University0.edu/UndergraduateStudent338}, {X=http://www.Department10.University0.edu/GraduateStudent88}, {X=http://www.Department10.University0.edu/UndergraduateStudent176}, {X=http://www.Department10.University0.edu/GraduateStudent15}, {X=http://www.Department10.University0.edu/UndergraduateStudent45}, {X=http://www.Department10.University0.edu/UndergraduateStudent86}, {X=http://www.Department10.University0.edu/GraduateStudent127}, {X=http://www.Department10.University0.edu/UndergraduateStudent165}, {X=http://www.Department10.University0.edu/UndergraduateStudent172}, {X=http://www.Department10.University0.edu/UndergraduateStudent268}, {X=http://www.Department10.University0.edu/UndergraduateStudent251}, {X=http://www.Department10.University0.edu/GraduateStudent66}, {X=http://www.Department10.University0.edu/UndergraduateStudent254}, {X=http://www.Department10.University0.edu/UndergraduateStudent190}, {X=http://www.Department10.University0.edu/UndergraduateStudent408}, {X=http://www.Department10.University0.edu/GraduateStudent2}, {X=http://www.Department10.University0.edu/UndergraduateStudent118}, {X=http://www.Department10.University0.edu/UndergraduateStudent367}, {X=http://www.Department10.University0.edu/UndergraduateStudent77}, {X=http://www.Department10.University0.edu/UndergraduateStudent374}, {X=http://www.Department10.University0.edu/UndergraduateStudent398}, {X=http://www.Department10.University0.edu/UndergraduateStudent135}, {X=http://www.Department10.University0.edu/UndergraduateStudent58}, {X=http://www.Department10.University0.edu/UndergraduateStudent306}, {X=http://www.Department10.University0.edu/GraduateStudent0}, {X=http://www.Department10.University0.edu/UndergraduateStudent71}, {X=http://www.Department10.University0.edu/UndergraduateStudent157}, {X=http://www.Department10.University0.edu/UndergraduateStudent119}, {X=http://www.Department10.University0.edu/UndergraduateStudent235}, {X=http://www.Department10.University0.edu/UndergraduateStudent25}, {X=http://www.Department10.University0.edu/UndergraduateStudent325}, {X=http://www.Department10.University0.edu/GraduateStudent21}, {X=http://www.Department10.University0.edu/UndergraduateStudent236}, {X=http://www.Department10.University0.edu/UndergraduateStudent96}, {X=http://www.Department10.University0.edu/UndergraduateStudent255}, {X=http://www.Department10.University0.edu/UndergraduateStudent0}, {X=http://www.Department10.University0.edu/UndergraduateStudent313}, {X=http://www.Department10.University0.edu/UndergraduateStudent399}, {X=http://www.Department10.University0.edu/UndergraduateStudent267}, {X=http://www.Department10.University0.edu/UndergraduateStudent38}, {X=http://www.Department10.University0.edu/GraduateStudent57}, {X=http://www.Department10.University0.edu/UndergraduateStudent180}, {X=http://www.Department10.University0.edu/UndergraduateStudent101}, {X=http://www.Department10.University0.edu/UndergraduateStudent76}, {X=http://www.Department10.University0.edu/UndergraduateStudent143}, {X=http://www.Department10.University0.edu/UndergraduateStudent342}, {X=http://www.Department10.University0.edu/UndergraduateStudent168}, {X=http://www.Department10.University0.edu/UndergraduateStudent144}, {X=http://www.Department10.University0.edu/UndergraduateStudent6}, {X=http://www.Department10.University0.edu/UndergraduateStudent311}, {X=http://www.Department10.University0.edu/GraduateStudent44}, {X=http://www.Department10.University0.edu/GraduateStudent30}, {X=http://www.Department10.University0.edu/UndergraduateStudent152}, {X=http://www.Department10.University0.edu/UndergraduateStudent72}, {X=http://www.Department10.University0.edu/UndergraduateStudent341}, {X=http://www.Department10.University0.edu/GraduateStudent46}, {X=http://www.Department10.University0.edu/UndergraduateStudent350}, {X=http://www.Department10.University0.edu/UndergraduateStudent336}, {X=http://www.Department10.University0.edu/GraduateStudent76}, {X=http://www.Department10.University0.edu/GraduateStudent40}, {X=http://www.Department10.University0.edu/UndergraduateStudent162}, {X=http://www.Department10.University0.edu/GraduateStudent97}, {X=http://www.Department10.University0.edu/UndergraduateStudent159}, {X=http://www.Department10.University0.edu/UndergraduateStudent109}, {X=http://www.Department10.University0.edu/UndergraduateStudent365}, {X=http://www.Department10.University0.edu/GraduateStudent99}, {X=http://www.Department10.University0.edu/UndergraduateStudent4}, {X=http://www.Department10.University0.edu/GraduateStudent62}, {X=http://www.Department10.University0.edu/GraduateStudent12}, {X=http://www.Department10.University0.edu/UndergraduateStudent379}, {X=http://www.Department10.University0.edu/GraduateStudent61}, {X=http://www.Department10.University0.edu/GraduateStudent124}, {X=http://www.Department10.University0.edu/UndergraduateStudent384}, {X=http://www.Department10.University0.edu/UndergraduateStudent192}, {X=http://www.Department10.University0.edu/UndergraduateStudent28}, {X=http://www.Department10.University0.edu/UndergraduateStudent42}, {X=http://www.Department10.University0.edu/UndergraduateStudent153}, {X=http://www.Department10.University0.edu/UndergraduateStudent160}, {X=http://www.Department10.University0.edu/UndergraduateStudent154}, {X=http://www.Department10.University0.edu/GraduateStudent29}, {X=http://www.Department10.University0.edu/GraduateStudent118}, {X=http://www.Department10.University0.edu/GraduateStudent80}, {X=http://www.Department10.University0.edu/UndergraduateStudent18}, {X=http://www.Department10.University0.edu/UndergraduateStudent328}, {X=http://www.Department10.University0.edu/GraduateStudent60}, {X=http://www.Department10.University0.edu/UndergraduateStudent315}, {X=http://www.Department10.University0.edu/UndergraduateStudent130}, {X=http://www.Department10.University0.edu/GraduateStudent113}, {X=http://www.Department10.University0.edu/UndergraduateStudent34}, {X=http://www.Department10.University0.edu/UndergraduateStudent231}, {X=http://www.Department10.University0.edu/GraduateStudent86}, {X=http://www.Department10.University0.edu/UndergraduateStudent229}, {X=http://www.Department10.University0.edu/UndergraduateStudent171}, {X=http://www.Department10.University0.edu/UndergraduateStudent303}, {X=http://www.Department10.University0.edu/UndergraduateStudent47}, {X=http://www.Department10.University0.edu/UndergraduateStudent94}, {X=http://www.Department10.University0.edu/GraduateStudent45}, {X=http://www.Department10.University0.edu/UndergraduateStudent318}, {X=http://www.Department10.University0.edu/GraduateStudent23}, {X=http://www.Department10.University0.edu/UndergraduateStudent35}, {X=http://www.Department10.University0.edu/UndergraduateStudent320}, {X=http://www.Department10.University0.edu/UndergraduateStudent113}, {X=http://www.Department10.University0.edu/UndergraduateStudent9}, {X=http://www.Department10.University0.edu/UndergraduateStudent258}, {X=http://www.Department10.University0.edu/UndergraduateStudent127}, {X=http://www.Department10.University0.edu/GraduateStudent70}, {X=http://www.Department10.University0.edu/UndergraduateStudent373}, {X=http://www.Department10.University0.edu/UndergraduateStudent78}, {X=http://www.Department10.University0.edu/GraduateStudent72}, {X=http://www.Department10.University0.edu/UndergraduateStudent238}, {X=http://www.Department10.University0.edu/UndergraduateStudent331}, {X=http://www.Department10.University0.edu/UndergraduateStudent209}, {X=http://www.Department10.University0.edu/UndergraduateStudent221}, {X=http://www.Department10.University0.edu/UndergraduateStudent326}, {X=http://www.Department10.University0.edu/UndergraduateStudent8}, {X=http://www.Department10.University0.edu/UndergraduateStudent87}, {X=http://www.Department10.University0.edu/UndergraduateStudent244}, {X=http://www.Department10.University0.edu/UndergraduateStudent300}, {X=http://www.Department10.University0.edu/UndergraduateStudent262}, {X=http://www.Department10.University0.edu/UndergraduateStudent10}, {X=http://www.Department10.University0.edu/UndergraduateStudent391}, {X=http://www.Department10.University0.edu/UndergraduateStudent356}, {X=http://www.Department10.University0.edu/GraduateStudent121}, {X=http://www.Department10.University0.edu/UndergraduateStudent346}, {X=http://www.Department10.University0.edu/UndergraduateStudent185}, {X=http://www.Department10.University0.edu/UndergraduateStudent301}, {X=http://www.Department10.University0.edu/GraduateStudent43}, {X=http://www.Department10.University0.edu/UndergraduateStudent404}, {X=http://www.Department10.University0.edu/UndergraduateStudent11}, {X=http://www.Department10.University0.edu/UndergraduateStudent316}, {X=http://www.Department10.University0.edu/UndergraduateStudent75}, {X=http://www.Department10.University0.edu/UndergraduateStudent93}, {X=http://www.Department10.University0.edu/GraduateStudent89}, {X=http://www.Department10.University0.edu/GraduateStudent136}, {X=http://www.Department10.University0.edu/UndergraduateStudent52}, {X=http://www.Department10.University0.edu/UndergraduateStudent358}, {X=http://www.Department10.University0.edu/UndergraduateStudent40}, {X=http://www.Department10.University0.edu/UndergraduateStudent37}, {X=http://www.Department10.University0.edu/UndergraduateStudent196}, {X=http://www.Department10.University0.edu/UndergraduateStudent164}, {X=http://www.Department10.University0.edu/UndergraduateStudent16}, {X=http://www.Department10.University0.edu/UndergraduateStudent17}, {X=http://www.Department10.University0.edu/GraduateStudent84}, {X=http://www.Department10.University0.edu/GraduateStudent132}, {X=http://www.Department10.University0.edu/UndergraduateStudent20}, {X=http://www.Department10.University0.edu/UndergraduateStudent294}, {X=http://www.Department10.University0.edu/UndergraduateStudent282}, {X=http://www.Department10.University0.edu/UndergraduateStudent388}, {X=http://www.Department10.University0.edu/UndergraduateStudent370}, {X=http://www.Department10.University0.edu/UndergraduateStudent216}, {X=http://www.Department10.University0.edu/GraduateStudent112}, {X=http://www.Department10.University0.edu/UndergraduateStudent292}, {X=http://www.Department10.University0.edu/UndergraduateStudent340}, {X=http://www.Department10.University0.edu/UndergraduateStudent270}, {X=http://www.Department10.University0.edu/UndergraduateStudent309}, {X=http://www.Department10.University0.edu/UndergraduateStudent142}, {X=http://www.Department10.University0.edu/UndergraduateStudent310}, {X=http://www.Department10.University0.edu/UndergraduateStudent129}, {X=http://www.Department10.University0.edu/UndergraduateStudent249}, {X=http://www.Department10.University0.edu/UndergraduateStudent410}, {X=http://www.Department10.University0.edu/UndergraduateStudent147}, {X=http://www.Department10.University0.edu/UndergraduateStudent59}, {X=http://www.Department10.University0.edu/UndergraduateStudent181}, {X=http://www.Department10.University0.edu/UndergraduateStudent386}, {X=http://www.Department10.University0.edu/UndergraduateStudent213}, {X=http://www.Department10.University0.edu/UndergraduateStudent295}, {X=http://www.Department10.University0.edu/GraduateStudent109}, {X=http://www.Department10.University0.edu/GraduateStudent105}, {X=http://www.Department10.University0.edu/UndergraduateStudent396}, {X=http://www.Department10.University0.edu/UndergraduateStudent121}, {X=http://www.Department10.University0.edu/GraduateStudent14}, {X=http://www.Department10.University0.edu/UndergraduateStudent212}, {X=http://www.Department10.University0.edu/GraduateStudent20}, {X=http://www.Department10.University0.edu/UndergraduateStudent66}, {X=http://www.Department10.University0.edu/UndergraduateStudent61}, {X=http://www.Department10.University0.edu/GraduateStudent64}, {X=http://www.Department10.University0.edu/UndergraduateStudent279}, {X=http://www.Department10.University0.edu/UndergraduateStudent74}, {X=http://www.Department10.University0.edu/UndergraduateStudent198}, {X=http://www.Department10.University0.edu/UndergraduateStudent277}, {X=http://www.Department10.University0.edu/UndergraduateStudent240}, {X=http://www.Department10.University0.edu/UndergraduateStudent304}, {X=http://www.Department10.University0.edu/UndergraduateStudent204}, {X=http://www.Department10.University0.edu/UndergraduateStudent252}, {X=http://www.Department10.University0.edu/UndergraduateStudent214}, {X=http://www.Department10.University0.edu/UndergraduateStudent149}, {X=http://www.Department10.University0.edu/GraduateStudent116}, {X=http://www.Department10.University0.edu/UndergraduateStudent116}, {X=http://www.Department10.University0.edu/UndergraduateStudent299}, {X=http://www.Department10.University0.edu/UndergraduateStudent3}, {X=http://www.Department10.University0.edu/UndergraduateStudent15}, {X=http://www.Department10.University0.edu/UndergraduateStudent261}, {X=http://www.Department10.University0.edu/GraduateStudent100}, {X=http://www.Department10.University0.edu/UndergraduateStudent80}, {X=http://www.Department10.University0.edu/UndergraduateStudent369}, {X=http://www.Department10.University0.edu/UndergraduateStudent406}, {X=http://www.Department10.University0.edu/UndergraduateStudent175}, {X=http://www.Department10.University0.edu/UndergraduateStudent148}, {X=http://www.Department10.University0.edu/GraduateStudent129}, {X=http://www.Department10.University0.edu/UndergraduateStudent228}, {X=http://www.Department10.University0.edu/UndergraduateStudent122}, {X=http://www.Department10.University0.edu/UndergraduateStudent102}, {X=http://www.Department10.University0.edu/UndergraduateStudent354}, {X=http://www.Department10.University0.edu/GraduateStudent115}, {X=http://www.Department10.University0.edu/UndergraduateStudent174}, {X=http://www.Department10.University0.edu/UndergraduateStudent155}, {X=http://www.Department10.University0.edu/UndergraduateStudent349}, {X=http://www.Department10.University0.edu/GraduateStudent82}, {X=http://www.Department10.University0.edu/UndergraduateStudent219}, {X=http://www.Department10.University0.edu/UndergraduateStudent243}, {X=http://www.Department10.University0.edu/UndergraduateStudent26}, {X=http://www.Department10.University0.edu/GraduateStudent9}, {X=http://www.Department10.University0.edu/UndergraduateStudent247}, {X=http://www.Department10.University0.edu/GraduateStudent49}, {X=http://www.Department10.University0.edu/UndergraduateStudent272}, {X=http://www.Department10.University0.edu/GraduateStudent108}, {X=http://www.Department10.University0.edu/GraduateStudent81}, {X=http://www.Department10.University0.edu/UndergraduateStudent239}, {X=http://www.Department10.University0.edu/UndergraduateStudent13}, {X=http://www.Department10.University0.edu/UndergraduateStudent195}, {X=http://www.Department10.University0.edu/UndergraduateStudent183}, {X=http://www.Department10.University0.edu/GraduateStudent94}, {X=http://www.Department10.University0.edu/UndergraduateStudent163}, {X=http://www.Department10.University0.edu/UndergraduateStudent27}, {X=http://www.Department10.University0.edu/GraduateStudent65}, {X=http://www.Department10.University0.edu/UndergraduateStudent30}, {X=http://www.Department10.University0.edu/UndergraduateStudent125}, {X=http://www.Department10.University0.edu/UndergraduateStudent14}, {X=http://www.Department10.University0.edu/UndergraduateStudent70}, {X=http://www.Department10.University0.edu/UndergraduateStudent53}, {X=http://www.Department10.University0.edu/UndergraduateStudent329}, {X=http://www.Department10.University0.edu/UndergraduateStudent139}, {X=http://www.Department10.University0.edu/GraduateStudent18}, {X=http://www.Department10.University0.edu/UndergraduateStudent333}, {X=http://www.Department10.University0.edu/UndergraduateStudent359}, {X=http://www.Department10.University0.edu/GraduateStudent19}, {X=http://www.Department10.University0.edu/UndergraduateStudent187}, {X=http://www.Department10.University0.edu/UndergraduateStudent202}, {X=http://www.Department10.University0.edu/GraduateStudent91}, {X=http://www.Department10.University0.edu/UndergraduateStudent385}, {X=http://www.Department10.University0.edu/UndergraduateStudent286}, {X=http://www.Department10.University0.edu/UndergraduateStudent206}, {X=http://www.Department10.University0.edu/UndergraduateStudent225}, {X=http://www.Department10.University0.edu/UndergraduateStudent182}, {X=http://www.Department10.University0.edu/UndergraduateStudent283}, {X=http://www.Department10.University0.edu/UndergraduateStudent161}, {X=http://www.Department10.University0.edu/UndergraduateStudent23}, {X=http://www.Department10.University0.edu/UndergraduateStudent401}, {X=http://www.Department10.University0.edu/GraduateStudent54}, {X=http://www.Department10.University0.edu/UndergraduateStudent321}, {X=http://www.Department10.University0.edu/UndergraduateStudent296}, {X=http://www.Department10.University0.edu/UndergraduateStudent178}, {X=http://www.Department10.University0.edu/UndergraduateStudent344}, {X=http://www.Department10.University0.edu/GraduateStudent25}, {X=http://www.Department10.University0.edu/UndergraduateStudent257}, {X=http://www.Department10.University0.edu/UndergraduateStudent63}, {X=http://www.Department10.University0.edu/UndergraduateStudent383}, {X=http://www.Department10.University0.edu/UndergraduateStudent57}, {X=http://www.Department10.University0.edu/GraduateStudent104}, {X=http://www.Department10.University0.edu/UndergraduateStudent335}, {X=http://www.Department10.University0.edu/UndergraduateStudent207}, {X=http://www.Department10.University0.edu/UndergraduateStudent248}, {X=http://www.Department10.University0.edu/GraduateStudent11}, {X=http://www.Department10.University0.edu/UndergraduateStudent298}, {X=http://www.Department10.University0.edu/UndergraduateStudent90}, {X=http://www.Department10.University0.edu/GraduateStudent13}, {X=http://www.Department10.University0.edu/UndergraduateStudent194}, {X=http://www.Department10.University0.edu/GraduateStudent10}, {X=http://www.Department10.University0.edu/UndergraduateStudent173}, {X=http://www.Department10.University0.edu/GraduateStudent68}, {X=http://www.Department10.University0.edu/UndergraduateStudent39}, {X=http://www.Department10.University0.edu/UndergraduateStudent217}, {X=http://www.Department10.University0.edu/UndergraduateStudent158}, {X=http://www.Department10.University0.edu/GraduateStudent93}, {X=http://www.Department10.University0.edu/UndergraduateStudent211}, {X=http://www.Department10.University0.edu/UndergraduateStudent382}, {X=http://www.Department10.University0.edu/GraduateStudent39}, {X=http://www.Department10.University0.edu/UndergraduateStudent201}, {X=http://www.Department10.University0.edu/GraduateStudent63}, {X=http://www.Department10.University0.edu/GraduateStudent52}, {X=http://www.Department10.University0.edu/UndergraduateStudent353}, {X=http://www.Department10.University0.edu/GraduateStudent101}, {X=http://www.Department10.University0.edu/GraduateStudent125}, {X=http://www.Department10.University0.edu/UndergraduateStudent2}, {X=http://www.Department10.University0.edu/UndergraduateStudent62}, {X=http://www.Department10.University0.edu/UndergraduateStudent22}, {X=http://www.Department10.University0.edu/UndergraduateStudent234}, {X=http://www.Department10.University0.edu/UndergraduateStudent308}, {X=http://www.Department10.University0.edu/UndergraduateStudent97}, {X=http://www.Department10.University0.edu/GraduateStudent4}, {X=http://www.Department10.University0.edu/UndergraduateStudent377}, {X=http://www.Department10.University0.edu/UndergraduateStudent41}, {X=http://www.Department10.University0.edu/UndergraduateStudent250}, {X=http://www.Department10.University0.edu/UndergraduateStudent330}, {X=http://www.Department10.University0.edu/UndergraduateStudent227}, {X=http://www.Department10.University0.edu/GraduateStudent96}, {X=http://www.Department10.University0.edu/UndergraduateStudent199}, {X=http://www.Department10.University0.edu/GraduateStudent131}, {X=http://www.Department10.University0.edu/UndergraduateStudent265}, {X=http://www.Department10.University0.edu/UndergraduateStudent131}, {X=http://www.Department10.University0.edu/UndergraduateStudent48}, {X=http://www.Department10.University0.edu/GraduateStudent33}, {X=http://www.Department10.University0.edu/UndergraduateStudent137}, {X=http://www.Department10.University0.edu/UndergraduateStudent281}, {X=http://www.Department10.University0.edu/UndergraduateStudent166}, {X=http://www.Department10.University0.edu/UndergraduateStudent233}, {X=http://www.Department10.University0.edu/GraduateStudent98}, {X=http://www.Department10.University0.edu/UndergraduateStudent67}, {X=http://www.Department10.University0.edu/UndergraduateStudent85}, {X=http://www.Department10.University0.edu/UndergraduateStudent88}, {X=http://www.Department10.University0.edu/UndergraduateStudent120}, {X=http://www.Department10.University0.edu/GraduateStudent123}, {X=http://www.Department10.University0.edu/GraduateStudent110}, {X=http://www.Department10.University0.edu/UndergraduateStudent36}, {X=http://www.Department10.University0.edu/UndergraduateStudent151}, {X=http://www.Department10.University0.edu/GraduateStudent31}, {X=http://www.Department10.University0.edu/UndergraduateStudent82}, {X=http://www.Department10.University0.edu/UndergraduateStudent241}, {X=http://www.Department10.University0.edu/GraduateStudent35}, {X=http://www.Department10.University0.edu/GraduateStudent34}, {X=http://www.Department10.University0.edu/UndergraduateStudent126}, {X=http://www.Department10.University0.edu/UndergraduateStudent184}, {X=http://www.Department10.University0.edu/UndergraduateStudent12}, {X=http://www.Department10.University0.edu/UndergraduateStudent169}, {X=http://www.Department10.University0.edu/UndergraduateStudent133}, {X=http://www.Department10.University0.edu/UndergraduateStudent84}, {X=http://www.Department10.University0.edu/GraduateStudent8}, {X=http://www.Department10.University0.edu/UndergraduateStudent403}, {X=http://www.Department10.University0.edu/GraduateStudent26}, {X=http://www.Department10.University0.edu/UndergraduateStudent60}, {X=http://www.Department10.University0.edu/UndergraduateStudent402}, {X=http://www.Department10.University0.edu/UndergraduateStudent210}, {X=http://www.Department10.University0.edu/GraduateStudent69}, {X=http://www.Department10.University0.edu/UndergraduateStudent123}, {X=http://www.Department10.University0.edu/UndergraduateStudent167}, {X=http://www.Department10.University0.edu/UndergraduateStudent361}, {X=http://www.Department10.University0.edu/GraduateStudent5}, {X=http://www.Department10.University0.edu/GraduateStudent55}, {X=http://www.Department10.University0.edu/GraduateStudent134}, {X=http://www.Department10.University0.edu/UndergraduateStudent200}, {X=http://www.Department10.University0.edu/GraduateStudent16}, {X=http://www.Department10.University0.edu/UndergraduateStudent29}, {X=http://www.Department10.University0.edu/UndergraduateStudent271}, {X=http://www.Department10.University0.edu/UndergraduateStudent322}, {X=http://www.Department10.University0.edu/UndergraduateStudent33}, {X=http://www.Department10.University0.edu/UndergraduateStudent405}, {X=http://www.Department10.University0.edu/UndergraduateStudent146}, {X=http://www.Department10.University0.edu/UndergraduateStudent56}, {X=http://www.Department10.University0.edu/UndergraduateStudent107}, {X=http://www.Department10.University0.edu/UndergraduateStudent170}, {X=http://www.Department10.University0.edu/UndergraduateStudent395}, {X=http://www.Department10.University0.edu/UndergraduateStudent230}, {X=http://www.Department10.University0.edu/GraduateStudent36}, {X=http://www.Department10.University0.edu/UndergraduateStudent352}, {X=http://www.Department10.University0.edu/UndergraduateStudent110}, {X=http://www.Department10.University0.edu/GraduateStudent74}, {X=http://www.Department10.University0.edu/GraduateStudent120}, {X=http://www.Department10.University0.edu/GraduateStudent83}, {X=http://www.Department10.University0.edu/UndergraduateStudent312}, {X=http://www.Department10.University0.edu/UndergraduateStudent141}, {X=http://www.Department10.University0.edu/GraduateStudent137}, {X=http://www.Department10.University0.edu/GraduateStudent75}, {X=http://www.Department10.University0.edu/UndergraduateStudent380}, {X=http://www.Department10.University0.edu/GraduateStudent117}, {X=http://www.Department10.University0.edu/GraduateStudent27}, {X=http://www.Department10.University0.edu/UndergraduateStudent389}, {X=http://www.Department10.University0.edu/UndergraduateStudent363}, {X=http://www.Department10.University0.edu/UndergraduateStudent105}, {X=http://www.Department10.University0.edu/GraduateStudent73}, {X=http://www.Department10.University0.edu/UndergraduateStudent280}, {X=http://www.Department10.University0.edu/UndergraduateStudent115}, {X=http://www.Department10.University0.edu/GraduateStudent58}, {X=http://www.Department10.University0.edu/UndergraduateStudent191}, {X=http://www.Department10.University0.edu/UndergraduateStudent79}, {X=http://www.Department10.University0.edu/UndergraduateStudent259}, {X=http://www.Department10.University0.edu/UndergraduateStudent324}, {X=http://www.Department10.University0.edu/UndergraduateStudent188}, {X=http://www.Department10.University0.edu/UndergraduateStudent100}, {X=http://www.Department10.University0.edu/UndergraduateStudent50}, {X=http://www.Department10.University0.edu/UndergraduateStudent65}, {X=http://www.Department10.University0.edu/UndergraduateStudent49}, {X=http://www.Department10.University0.edu/UndergraduateStudent140}, {X=http://www.Department10.University0.edu/UndergraduateStudent189}, {X=http://www.Department10.University0.edu/GraduateStudent17}, {X=http://www.Department10.University0.edu/GraduateStudent85}, {X=http://www.Department10.University0.edu/UndergraduateStudent366}, {X=http://www.Department10.University0.edu/UndergraduateStudent138}, {X=http://www.Department10.University0.edu/UndergraduateStudent136}, {X=http://www.Department10.University0.edu/UndergraduateStudent327}, {X=http://www.Department10.University0.edu/GraduateStudent119}, {X=http://www.Department10.University0.edu/UndergraduateStudent269}, {X=http://www.Department10.University0.edu/UndergraduateStudent73}, {X=http://www.Department10.University0.edu/UndergraduateStudent103}, {X=http://www.Department10.University0.edu/UndergraduateStudent54}, {X=http://www.Department10.University0.edu/GraduateStudent128}, {X=http://www.Department10.University0.edu/GraduateStudent130}, {X=http://www.Department10.University0.edu/UndergraduateStudent368}, {X=http://www.Department10.University0.edu/GraduateStudent87}, {X=http://www.Department10.University0.edu/UndergraduateStudent215}, {X=http://www.Department10.University0.edu/UndergraduateStudent351}, {X=http://www.Department10.University0.edu/GraduateStudent37}, {X=http://www.Department10.University0.edu/GraduateStudent79}, {X=http://www.Department10.University0.edu/UndergraduateStudent5}, {X=http://www.Department10.University0.edu/GraduateStudent41}, {X=http://www.Department10.University0.edu/GraduateStudent67}, {X=http://www.Department10.University0.edu/UndergraduateStudent134}, {X=http://www.Department10.University0.edu/UndergraduateStudent276}, {X=http://www.Department10.University0.edu/GraduateStudent42}, {X=http://www.Department10.University0.edu/UndergraduateStudent253}, {X=http://www.Department10.University0.edu/GraduateStudent22}, {X=http://www.Department10.University0.edu/UndergraduateStudent91}, {X=http://www.Department10.University0.edu/UndergraduateStudent355}, {X=http://www.Department10.University0.edu/UndergraduateStudent245}, {X=http://www.Department10.University0.edu/UndergraduateStudent357}, {X=http://www.Department10.University0.edu/UndergraduateStudent260}, {X=http://www.Department10.University0.edu/UndergraduateStudent150}, {X=http://www.Department10.University0.edu/UndergraduateStudent106}, {X=http://www.Department10.University0.edu/GraduateStudent48}, {X=http://www.Department10.University0.edu/UndergraduateStudent305}, {X=http://www.Department10.University0.edu/GraduateStudent7}, {X=http://www.Department10.University0.edu/UndergraduateStudent290}, {X=http://www.Department10.University0.edu/UndergraduateStudent343}, {X=http://www.Department10.University0.edu/UndergraduateStudent246}, {X=http://www.Department10.University0.edu/UndergraduateStudent302}, {X=http://www.Department10.University0.edu/UndergraduateStudent407}, {X=http://www.Department10.University0.edu/UndergraduateStudent348}, {X=http://www.Department10.University0.edu/UndergraduateStudent273}, {X=http://www.Department10.University0.edu/UndergraduateStudent128}, {X=http://www.Department10.University0.edu/UndergraduateStudent92}, {X=http://www.Department10.University0.edu/GraduateStudent71}, {X=http://www.Department10.University0.edu/GraduateStudent53}, {X=http://www.Department10.University0.edu/UndergraduateStudent7}, {X=http://www.Department10.University0.edu/UndergraduateStudent220}, {X=http://www.Department10.University0.edu/UndergraduateStudent409}, {X=http://www.Department10.University0.edu/UndergraduateStudent297}, {X=http://www.Department10.University0.edu/UndergraduateStudent83}, {X=http://www.Department10.University0.edu/UndergraduateStudent339}, {X=http://www.Department10.University0.edu/UndergraduateStudent394}, {X=http://www.Department10.University0.edu/UndergraduateStudent376}, {X=http://www.Department10.University0.edu/UndergraduateStudent21}, {X=http://www.Department10.University0.edu/UndergraduateStudent293}, {X=http://www.Department10.University0.edu/UndergraduateStudent218}, {X=http://www.Department10.University0.edu/UndergraduateStudent31}, {X=http://www.Department10.University0.edu/GraduateStudent111}, {X=http://www.Department10.University0.edu/UndergraduateStudent314}, {X=http://www.Department10.University0.edu/UndergraduateStudent332}, {X=http://www.Department10.University0.edu/GraduateStudent78}, {X=http://www.Department10.University0.edu/UndergraduateStudent284}, {X=http://www.Department10.University0.edu/UndergraduateStudent397}, {X=http://www.Department10.University0.edu/UndergraduateStudent51}, {X=http://www.Department10.University0.edu/GraduateStudent77}, {X=http://www.Department10.University0.edu/UndergraduateStudent104}, {X=http://www.Department10.University0.edu/GraduateStudent103}, {X=http://www.Department10.University0.edu/UndergraduateStudent323}, {X=http://www.Department10.University0.edu/GraduateStudent135}, {X=http://www.Department10.University0.edu/GraduateStudent126}, {X=http://www.Department10.University0.edu/UndergraduateStudent24}, {X=http://www.Department10.University0.edu/UndergraduateStudent317}, {X=http://www.Department10.University0.edu/UndergraduateStudent64}, {X=http://www.Department10.University0.edu/GraduateStudent59}, {X=http://www.Department10.University0.edu/UndergraduateStudent46}, {X=http://www.Department10.University0.edu/UndergraduateStudent266}, {X=http://www.Department10.University0.edu/GraduateStudent3}, {X=http://www.Department10.University0.edu/UndergraduateStudent256}, {X=http://www.Department10.University0.edu/UndergraduateStudent222}, {X=http://www.Department10.University0.edu/GraduateStudent6}, {X=http://www.Department10.University0.edu/UndergraduateStudent347}, {X=http://www.Department10.University0.edu/UndergraduateStudent275}, {X=http://www.Department10.University0.edu/UndergraduateStudent205}, {X=http://www.Department10.University0.edu/UndergraduateStudent381}, {X=http://www.Department10.University0.edu/UndergraduateStudent291}, {X=http://www.Department10.University0.edu/GraduateStudent107}, {X=http://www.Department10.University0.edu/UndergraduateStudent145}, {X=http://www.Department10.University0.edu/UndergraduateStudent237}, {X=http://www.Department10.University0.edu/UndergraduateStudent124}, {X=http://www.Department10.University0.edu/UndergraduateStudent197}, {X=http://www.Department10.University0.edu/UndergraduateStudent242}, {X=http://www.Department10.University0.edu/UndergraduateStudent372}, {X=http://www.Department10.University0.edu/UndergraduateStudent177}, {X=http://www.Department10.University0.edu/GraduateStudent102}, {X=http://www.Department10.University0.edu/GraduateStudent38}, {X=http://www.Department10.University0.edu/UndergraduateStudent43}, {X=http://www.Department10.University0.edu/UndergraduateStudent392}, {X=http://www.Department10.University0.edu/UndergraduateStudent98}, {X=http://www.Department10.University0.edu/GraduateStudent56}, {X=http://www.Department10.University0.edu/UndergraduateStudent223}, {X=http://www.Department10.University0.edu/UndergraduateStudent32}, {X=http://www.Department10.University0.edu/UndergraduateStudent319}, {X=http://www.Department10.University0.edu/UndergraduateStudent112}, {X=http://www.Department10.University0.edu/UndergraduateStudent44}, {X=http://www.Department10.University0.edu/UndergraduateStudent117}, {X=http://www.Department10.University0.edu/UndergraduateStudent289}, {X=http://www.Department10.University0.edu/UndergraduateStudent371}, {X=http://www.Department10.University0.edu/UndergraduateStudent263}, {X=http://www.Department10.University0.edu/UndergraduateStudent19}, {X=http://www.Department10.University0.edu/UndergraduateStudent390}, {X=http://www.Department10.University0.edu/UndergraduateStudent307}, {X=http://www.Department10.University0.edu/UndergraduateStudent1}, {X=http://www.Department10.University0.edu/UndergraduateStudent95}, {X=http://www.Department10.University0.edu/UndergraduateStudent288}, {X=http://www.Department10.University0.edu/GraduateStudent50}, {X=http://www.Department10.University0.edu/GraduateStudent28}, {X=http://www.Department10.University0.edu/GraduateStudent47}, {X=http://www.Department10.University0.edu/GraduateStudent24}, {X=http://www.Department10.University0.edu/GraduateStudent95}, {X=http://www.Department10.University0.edu/UndergraduateStudent393}, {X=http://www.Department10.University0.edu/UndergraduateStudent208}, {X=http://www.Department10.University0.edu/UndergraduateStudent68}, {X=http://www.Department10.University0.edu/UndergraduateStudent186}, {X=http://www.Department10.University0.edu/UndergraduateStudent114}, {X=http://www.Department10.University0.edu/UndergraduateStudent278}, {X=http://www.Department10.University0.edu/UndergraduateStudent232}, {X=http://www.Department10.University0.edu/UndergraduateStudent179}, {X=http://www.Department10.University0.edu/UndergraduateStudent360}, {X=http://www.Department10.University0.edu/UndergraduateStudent287}, {X=http://www.Department10.University0.edu/UndergraduateStudent274}, {X=http://www.Department10.University0.edu/GraduateStudent106}, {X=http://www.Department10.University0.edu/UndergraduateStudent89}, {X=http://www.Department10.University0.edu/UndergraduateStudent285}, {X=http://www.Department10.University0.edu/GraduateStudent133}, {X=http://www.Department10.University0.edu/UndergraduateStudent224}, {X=http://www.Department10.University0.edu/UndergraduateStudent387}, {X=http://www.Department10.University0.edu/UndergraduateStudent345}, {X=http://www.Department10.University0.edu/UndergraduateStudent364}, {X=http://www.Department10.University0.edu/UndergraduateStudent375}, {X=http://www.Department10.University0.edu/UndergraduateStudent156}, {X=http://www.Department10.University0.edu/UndergraduateStudent337}, {X=http://www.Department10.University0.edu/GraduateStudent32}, {X=http://www.Department10.University0.edu/UndergraduateStudent111}, {X=http://www.Department10.University0.edu/GraduateStudent92}, {X=http://www.Department10.University0.edu/UndergraduateStudent55}, {X=http://www.Department10.University0.edu/GraduateStudent90}, {X=http://www.Department10.University0.edu/GraduateStudent51}, {X=http://www.Department10.University0.edu/UndergraduateStudent193}, {X=http://www.Department10.University0.edu/UndergraduateStudent108}, {X=http://www.Department10.University0.edu/UndergraduateStudent400}, {X=http://www.Department10.University0.edu/UndergraduateStudent69}, {X=http://www.Department10.University0.edu/UndergraduateStudent132}, {X=http://www.Department10.University0.edu/UndergraduateStudent99}, {X=http://www.Department10.University0.edu/UndergraduateStudent226}, {X=http://www.Department10.University0.edu/UndergraduateStudent362}, {X=http://www.Department10.University0.edu/UndergraduateStudent81}, {X=http://www.Department10.University0.edu/UndergraduateStudent203}, {X=http://www.Department10.University0.edu/UndergraduateStudent334}, {X=http://www.Department10.University0.edu/GraduateStudent122}, {X=http://www.Department10.University0.edu/GraduateStudent1}, {X=http://www.Department10.University0.edu/GraduateStudent114}, {X=http://www.Department10.University0.edu/UndergraduateStudent378}, {X=http://www.Department10.University0.edu/UndergraduateStudent264}, {X=http://www.Department10.University0.edu/UndergraduateStudent338}, {X=http://www.Department10.University0.edu/GraduateStudent88}, {X=http://www.Department10.University0.edu/UndergraduateStudent176}, {X=http://www.Department10.University0.edu/GraduateStudent15}, {X=http://www.Department10.University0.edu/UndergraduateStudent45}, {X=http://www.Department10.University0.edu/UndergraduateStudent86}, {X=http://www.Department10.University0.edu/GraduateStudent127}, {X=http://www.Department10.University0.edu/UndergraduateStudent165}, {X=http://www.Department10.University0.edu/UndergraduateStudent172}, {X=http://www.Department10.University0.edu/UndergraduateStudent268}, {X=http://www.Department10.University0.edu/UndergraduateStudent251}, {X=http://www.Department10.University0.edu/GraduateStudent66}, {X=http://www.Department10.University0.edu/UndergraduateStudent254}, {X=http://www.Department10.University0.edu/UndergraduateStudent190}, {X=http://www.Department10.University0.edu/UndergraduateStudent408}, {X=http://www.Department10.University0.edu/GraduateStudent2}, {X=http://www.Department10.University0.edu/UndergraduateStudent118}, {X=http://www.Department10.University0.edu/UndergraduateStudent367}, {X=http://www.Department10.University0.edu/UndergraduateStudent77}, {X=http://www.Department10.University0.edu/UndergraduateStudent374}, {X=http://www.Department10.University0.edu/UndergraduateStudent398}, {X=http://www.Department10.University0.edu/UndergraduateStudent135}, {X=http://www.Department10.University0.edu/UndergraduateStudent58}, {X=http://www.Department10.University0.edu/UndergraduateStudent306}, {X=http://www.Department10.University0.edu/GraduateStudent0}, {X=http://www.Department10.University0.edu/UndergraduateStudent71}, {X=http://www.Department10.University0.edu/UndergraduateStudent157}, {X=http://www.Department10.University0.edu/UndergraduateStudent119}, {X=http://www.Department10.University0.edu/UndergraduateStudent235}, {X=http://www.Department10.University0.edu/UndergraduateStudent25}, {X=http://www.Department10.University0.edu/UndergraduateStudent325}, {X=http://www.Department10.University0.edu/GraduateStudent21}, {X=http://www.Department10.University0.edu/UndergraduateStudent236}, {X=http://www.Department10.University0.edu/UndergraduateStudent96}, {X=http://www.Department10.University0.edu/UndergraduateStudent255}, {X=http://www.Department10.University0.edu/UndergraduateStudent0}, {X=http://www.Department10.University0.edu/UndergraduateStudent313}, {X=http://www.Department10.University0.edu/UndergraduateStudent399}, {X=http://www.Department10.University0.edu/UndergraduateStudent267}, {X=http://www.Department10.University0.edu/UndergraduateStudent38}, {X=http://www.Department10.University0.edu/GraduateStudent57}, {X=http://www.Department10.University0.edu/UndergraduateStudent180}, {X=http://www.Department10.University0.edu/UndergraduateStudent101}, {X=http://www.Department10.University0.edu/UndergraduateStudent76}, {X=http://www.Department10.University0.edu/UndergraduateStudent143}, {X=http://www.Department10.University0.edu/UndergraduateStudent342}, {X=http://www.Department10.University0.edu/UndergraduateStudent168}, {X=http://www.Department10.University0.edu/UndergraduateStudent144}, {X=http://www.Department10.University0.edu/UndergraduateStudent6}, {X=http://www.Department10.University0.edu/UndergraduateStudent311}, {X=http://www.Department10.University0.edu/GraduateStudent44}, {X=http://www.Department10.University0.edu/GraduateStudent30}, {X=http://www.Department10.University0.edu/UndergraduateStudent152}, {X=http://www.Department10.University0.edu/UndergraduateStudent72}, {X=http://www.Department10.University0.edu/UndergraduateStudent341}, {X=http://www.Department10.University0.edu/GraduateStudent46}, {X=http://www.Department10.University0.edu/UndergraduateStudent350}, {X=http://www.Department10.University0.edu/UndergraduateStudent336}, {X=http://www.Department10.University0.edu/GraduateStudent76}, {X=http://www.Department10.University0.edu/GraduateStudent40}, {X=http://www.Department10.University0.edu/UndergraduateStudent162}, {X=http://www.Department10.University0.edu/GraduateStudent97}, {X=http://www.Department10.University0.edu/UndergraduateStudent159}, {X=http://www.Department10.University0.edu/UndergraduateStudent109}, {X=http://www.Department10.University0.edu/UndergraduateStudent365}, {X=http://www.Department10.University0.edu/GraduateStudent99}, {X=http://www.Department10.University0.edu/UndergraduateStudent4}, {X=http://www.Department10.University0.edu/GraduateStudent62}, {X=http://www.Department10.University0.edu/GraduateStudent12}, {X=http://www.Department10.University0.edu/UndergraduateStudent379}, {X=http://www.Department10.University0.edu/GraduateStudent61}, {X=http://www.Department10.University0.edu/GraduateStudent124}, {X=http://www.Department10.University0.edu/UndergraduateStudent384}, {X=http://www.Department10.University0.edu/UndergraduateStudent192}, {X=http://www.Department10.University0.edu/UndergraduateStudent28}, {X=http://www.Department10.University0.edu/UndergraduateStudent42}, {X=http://www.Department10.University0.edu/UndergraduateStudent153}, {X=http://www.Department10.University0.edu/UndergraduateStudent160}, {X=http://www.Department10.University0.edu/UndergraduateStudent154}, {X=http://www.Department10.University0.edu/GraduateStudent29}, {X=http://www.Department10.University0.edu/GraduateStudent118}, {X=http://www.Department10.University0.edu/GraduateStudent80}, {X=http://www.Department10.University0.edu/UndergraduateStudent18}, {X=http://www.Department10.University0.edu/UndergraduateStudent328}, {X=http://www.Department10.University0.edu/GraduateStudent60}, {X=http://www.Department10.University0.edu/UndergraduateStudent315}, {X=http://www.Department10.University0.edu/UndergraduateStudent130}, {X=http://www.Department10.University0.edu/GraduateStudent113}, {X=http://www.Department10.University0.edu/UndergraduateStudent34}, {X=http://www.Department10.University0.edu/UndergraduateStudent231}, {X=http://www.Department10.University0.edu/GraduateStudent86}, {X=http://www.Department10.University0.edu/UndergraduateStudent229}, {X=http://www.Department10.University0.edu/UndergraduateStudent171}, {X=http://www.Department10.University0.edu/UndergraduateStudent303}, {X=http://www.Department10.University0.edu/UndergraduateStudent47}, {X=http://www.Department10.University0.edu/UndergraduateStudent94}, {X=http://www.Department10.University0.edu/GraduateStudent45}, {X=http://www.Department10.University0.edu/UndergraduateStudent318}, {X=http://www.Department10.University0.edu/GraduateStudent23}, {X=http://www.Department10.University0.edu/UndergraduateStudent35}, {X=http://www.Department10.University0.edu/UndergraduateStudent320}, {X=http://www.Department10.University0.edu/UndergraduateStudent113}, {X=http://www.Department10.University0.edu/UndergraduateStudent9}, {X=http://www.Department10.University0.edu/UndergraduateStudent258}, {X=http://www.Department10.University0.edu/UndergraduateStudent127}, {X=http://www.Department10.University0.edu/GraduateStudent70}, {X=http://www.Department10.University0.edu/UndergraduateStudent373}, {X=http://www.Department10.University0.edu/UndergraduateStudent78}, {X=http://www.Department10.University0.edu/GraduateStudent72}, {X=http://www.Department10.University0.edu/UndergraduateStudent238}, {X=http://www.Department10.University0.edu/UndergraduateStudent331}, {X=http://www.Department10.University0.edu/UndergraduateStudent209}, {X=http://www.Department10.University0.edu/UndergraduateStudent221}, {X=http://www.Department10.University0.edu/UndergraduateStudent326}, {X=http://www.Department10.University0.edu/UndergraduateStudent8}, {X=http://www.Department10.University0.edu/UndergraduateStudent87}, {X=http://www.Department10.University0.edu/UndergraduateStudent244}, {X=http://www.Department10.University0.edu/UndergraduateStudent300}, {X=http://www.Department10.University0.edu/UndergraduateStudent262}, {X=http://www.Department10.University0.edu/UndergraduateStudent10}, {X=http://www.Department10.University0.edu/UndergraduateStudent391}, {X=http://www.Department10.University0.edu/UndergraduateStudent356}, {X=http://www.Department10.University0.edu/GraduateStudent121}, {X=http://www.Department10.University0.edu/UndergraduateStudent346}, {X=http://www.Department10.University0.edu/UndergraduateStudent185}, {X=http://www.Department10.University0.edu/UndergraduateStudent301}, {X=http://www.Department10.University0.edu/GraduateStudent43}, {X=http://www.Department10.University0.edu/UndergraduateStudent404}, {X=http://www.Department10.University0.edu/UndergraduateStudent11}, {X=http://www.Department10.University0.edu/UndergraduateStudent316}, {X=http://www.Department10.University0.edu/UndergraduateStudent75}, {X=http://www.Department10.University0.edu/UndergraduateStudent93}, {X=http://www.Department10.University0.edu/GraduateStudent89}, {X=http://www.Department10.University0.edu/GraduateStudent136}, {X=http://www.Department10.University0.edu/UndergraduateStudent52}, {X=http://www.Department10.University0.edu/UndergraduateStudent358}, {X=http://www.Department10.University0.edu/UndergraduateStudent40}, {X=http://www.Department10.University0.edu/UndergraduateStudent37}, {X=http://www.Department10.University0.edu/UndergraduateStudent196}, {X=http://www.Department10.University0.edu/UndergraduateStudent164}, {X=http://www.Department10.University0.edu/UndergraduateStudent16}, {X=http://www.Department10.University0.edu/UndergraduateStudent17}, {X=http://www.Department10.University0.edu/GraduateStudent84}, {X=http://www.Department10.University0.edu/GraduateStudent132}, {X=http://www.Department10.University0.edu/UndergraduateStudent20}, {X=http://www.Department10.University0.edu/UndergraduateStudent294}, {X=http://www.Department10.University0.edu/UndergraduateStudent282}, {X=http://www.Department10.University0.edu/UndergraduateStudent388}, {X=http://www.Department10.University0.edu/UndergraduateStudent370}, {X=http://www.Department10.University0.edu/UndergraduateStudent216}, {X=http://www.Department10.University0.edu/GraduateStudent112}, {X=http://www.Department10.University0.edu/UndergraduateStudent292}, {X=http://www.Department10.University0.edu/UndergraduateStudent340}, {X=http://www.Department10.University0.edu/UndergraduateStudent270}, {X=http://www.Department10.University0.edu/UndergraduateStudent309}, {X=http://www.Department10.University0.edu/UndergraduateStudent142}, {X=http://www.Department10.University0.edu/UndergraduateStudent310}, {X=http://www.Department10.University0.edu/UndergraduateStudent129}, {X=http://www.Department10.University0.edu/UndergraduateStudent249}, {X=http://www.Department10.University0.edu/UndergraduateStudent410}, {X=http://www.Department10.University0.edu/UndergraduateStudent147}, {X=http://www.Department10.University0.edu/UndergraduateStudent59}, {X=http://www.Department10.University0.edu/UndergraduateStudent181}, {X=http://www.Department10.University0.edu/UndergraduateStudent386}, {X=http://www.Department10.University0.edu/UndergraduateStudent213}, {X=http://www.Department10.University0.edu/UndergraduateStudent295}, {X=http://www.Department10.University0.edu/GraduateStudent109}, {X=http://www.Department10.University0.edu/GraduateStudent105}, {X=http://www.Department10.University0.edu/UndergraduateStudent396}, {X=http://www.Department10.University0.edu/UndergraduateStudent121}, {X=http://www.Department10.University0.edu/GraduateStudent14}, {X=http://www.Department10.University0.edu/UndergraduateStudent212}, {X=http://www.Department10.University0.edu/GraduateStudent20}, {X=http://www.Department10.University0.edu/UndergraduateStudent66}, {X=http://www.Department10.University0.edu/UndergraduateStudent61}, {X=http://www.Department10.University0.edu/GraduateStudent64}, {X=http://www.Department10.University0.edu/UndergraduateStudent279}, {X=http://www.Department10.University0.edu/UndergraduateStudent74}, {X=http://www.Department10.University0.edu/UndergraduateStudent198}, {X=http://www.Department10.University0.edu/UndergraduateStudent277}, {X=http://www.Department10.University0.edu/UndergraduateStudent240}, {X=http://www.Department10.University0.edu/UndergraduateStudent304}, {X=http://www.Department10.University0.edu/UndergraduateStudent204}, {X=http://www.Department10.University0.edu/UndergraduateStudent252}, {X=http://www.Department10.University0.edu/UndergraduateStudent214}, {X=http://www.Department10.University0.edu/UndergraduateStudent149}, {X=http://www.Department10.University0.edu/GraduateStudent116}, {X=http://www.Department10.University0.edu/UndergraduateStudent116}, {X=http://www.Department10.University0.edu/UndergraduateStudent299}, {X=http://www.Department10.University0.edu/UndergraduateStudent3}, {X=http://www.Department10.University0.edu/UndergraduateStudent15}, {X=http://www.Department10.University0.edu/UndergraduateStudent261}, {X=http://www.Department10.University0.edu/GraduateStudent100}, {X=http://www.Department10.University0.edu/UndergraduateStudent80}, {X=http://www.Department10.University0.edu/UndergraduateStudent369}, {X=http://www.Department10.University0.edu/UndergraduateStudent406}, {X=http://www.Department10.University0.edu/UndergraduateStudent175}, {X=http://www.Department10.University0.edu/UndergraduateStudent148}, {X=http://www.Department10.University0.edu/GraduateStudent129}, {X=http://www.Department10.University0.edu/UndergraduateStudent228}, {X=http://www.Department10.University0.edu/UndergraduateStudent122}, {X=http://www.Department10.University0.edu/UndergraduateStudent102}, {X=http://www.Department10.University0.edu/UndergraduateStudent354}, {X=http://www.Department10.University0.edu/GraduateStudent115}, {X=http://www.Department10.University0.edu/UndergraduateStudent174}, {X=http://www.Department10.University0.edu/UndergraduateStudent155}, {X=http://www.Department10.University0.edu/UndergraduateStudent349}, {X=http://www.Department10.University0.edu/GraduateStudent82}, {X=http://www.Department10.University0.edu/UndergraduateStudent219}, {X=http://www.Department10.University0.edu/UndergraduateStudent243}, {X=http://www.Department10.University0.edu/UndergraduateStudent26}, {X=http://www.Department10.University0.edu/GraduateStudent9}, {X=http://www.Department10.University0.edu/UndergraduateStudent247}, {X=http://www.Department10.University0.edu/GraduateStudent49}, {X=http://www.Department10.University0.edu/UndergraduateStudent272}, {X=http://www.Department10.University0.edu/GraduateStudent108}, {X=http://www.Department10.University0.edu/GraduateStudent81}, {X=http://www.Department10.University0.edu/UndergraduateStudent239}, {X=http://www.Department10.University0.edu/UndergraduateStudent13}, {X=http://www.Department10.University0.edu/UndergraduateStudent195}, {X=http://www.Department10.University0.edu/UndergraduateStudent183}, {X=http://www.Department10.University0.edu/GraduateStudent94}, {X=http://www.Department10.University0.edu/UndergraduateStudent163}, {X=http://www.Department10.University0.edu/UndergraduateStudent27}, {X=http://www.Department10.University0.edu/GraduateStudent65}, {X=http://www.Department10.University0.edu/UndergraduateStudent30}, {X=http://www.Department10.University0.edu/UndergraduateStudent125}, {X=http://www.Department10.University0.edu/UndergraduateStudent14}, {X=http://www.Department10.University0.edu/UndergraduateStudent70}, {X=http://www.Department10.University0.edu/UndergraduateStudent53}, {X=http://www.Department10.University0.edu/UndergraduateStudent329}, {X=http://www.Department10.University0.edu/UndergraduateStudent139}, {X=http://www.Department10.University0.edu/GraduateStudent18}, {X=http://www.Department10.University0.edu/UndergraduateStudent333}, {X=http://www.Department10.University0.edu/UndergraduateStudent359}, {X=http://www.Department10.University0.edu/GraduateStudent19}, {X=http://www.Department10.University0.edu/UndergraduateStudent187}, {X=http://www.Department10.University0.edu/UndergraduateStudent202}, {X=http://www.Department10.University0.edu/GraduateStudent91}, {X=http://www.Department10.University0.edu/UndergraduateStudent385}, {X=http://www.Department10.University0.edu/UndergraduateStudent286}, {X=http://www.Department10.University0.edu/UndergraduateStudent206}, {X=http://www.Department10.University0.edu/UndergraduateStudent225}, {X=http://www.Department10.University0.edu/UndergraduateStudent182}, {X=http://www.Department10.University0.edu/UndergraduateStudent283}, {X=http://www.Department10.University0.edu/UndergraduateStudent161}, {X=http://www.Department10.University0.edu/UndergraduateStudent23}, {X=http://www.Department10.University0.edu/UndergraduateStudent401}, {X=http://www.Department10.University0.edu/GraduateStudent54}, {X=http://www.Department10.University0.edu/UndergraduateStudent321}, {X=http://www.Department10.University0.edu/UndergraduateStudent296}, {X=http://www.Department10.University0.edu/UndergraduateStudent178}, {X=http://www.Department10.University0.edu/UndergraduateStudent344}, {X=http://www.Department10.University0.edu/GraduateStudent25}, {X=http://www.Department10.University0.edu/UndergraduateStudent257}, {X=http://www.Department10.University0.edu/UndergraduateStudent63}, {X=http://www.Department10.University0.edu/UndergraduateStudent383}, {X=http://www.Department10.University0.edu/UndergraduateStudent57}, {X=http://www.Department10.University0.edu/GraduateStudent104}, {X=http://www.Department10.University0.edu/UndergraduateStudent335}, {X=http://www.Department10.University0.edu/UndergraduateStudent207}, {X=http://www.Department10.University0.edu/UndergraduateStudent248}, {X=http://www.Department10.University0.edu/GraduateStudent11}, {X=http://www.Department10.University0.edu/UndergraduateStudent298}, {X=http://www.Department10.University0.edu/UndergraduateStudent90}, {X=http://www.Department10.University0.edu/GraduateStudent13}, {X=http://www.Department10.University0.edu/UndergraduateStudent194}, {X=http://www.Department10.University0.edu/GraduateStudent10}, {X=http://www.Department10.University0.edu/UndergraduateStudent173}, {X=http://www.Department10.University0.edu/GraduateStudent68}, {X=http://www.Department10.University0.edu/UndergraduateStudent39}, {X=http://www.Department10.University0.edu/UndergraduateStudent217}, {X=http://www.Department10.University0.edu/UndergraduateStudent158}, {X=http://www.Department10.University0.edu/GraduateStudent93}, {X=http://www.Department10.University0.edu/UndergraduateStudent211}, {X=http://www.Department10.University0.edu/UndergraduateStudent382}, {X=http://www.Department10.University0.edu/GraduateStudent39}, {X=http://www.Department10.University0.edu/UndergraduateStudent201}, {X=http://www.Department10.University0.edu/GraduateStudent63}, {X=http://www.Department10.University0.edu/GraduateStudent52}, {X=http://www.Department10.University0.edu/UndergraduateStudent353}, {X=http://www.Department10.University0.edu/GraduateStudent101}, {X=http://www.Department10.University0.edu/GraduateStudent125}, {X=http://www.Department10.University0.edu/UndergraduateStudent2}, {X=http://www.Department10.University0.edu/UndergraduateStudent62}, {X=http://www.Department10.University0.edu/UndergraduateStudent22}, {X=http://www.Department10.University0.edu/UndergraduateStudent234}, {X=http://www.Department10.University0.edu/UndergraduateStudent308}, {X=http://www.Department10.University0.edu/UndergraduateStudent97}, {X=http://www.Department10.University0.edu/GraduateStudent4}, {X=http://www.Department10.University0.edu/UndergraduateStudent377}, {X=http://www.Department10.University0.edu/UndergraduateStudent41}, {X=http://www.Department10.University0.edu/UndergraduateStudent250}, {X=http://www.Department10.University0.edu/UndergraduateStudent330}, {X=http://www.Department10.University0.edu/UndergraduateStudent227}, {X=http://www.Department10.University0.edu/GraduateStudent96}, {X=http://www.Department10.University0.edu/UndergraduateStudent199}, {X=http://www.Department10.University0.edu/GraduateStudent131}, {X=http://www.Department10.University0.edu/UndergraduateStudent265}, {X=http://www.Department10.University0.edu/UndergraduateStudent131}, {X=http://www.Department10.University0.edu/UndergraduateStudent48}, {X=http://www.Department10.University0.edu/GraduateStudent33}, {X=http://www.Department10.University0.edu/UndergraduateStudent137}, {X=http://www.Department10.University0.edu/UndergraduateStudent281}, {X=http://www.Department10.University0.edu/UndergraduateStudent166}, {X=http://www.Department10.University0.edu/UndergraduateStudent233}, {X=http://www.Department10.University0.edu/GraduateStudent98}, {X=http://www.Department10.University0.edu/UndergraduateStudent67}, {X=http://www.Department10.University0.edu/UndergraduateStudent85}, {X=http://www.Department10.University0.edu/UndergraduateStudent88}, {X=http://www.Department10.University0.edu/UndergraduateStudent120}, {X=http://www.Department10.University0.edu/GraduateStudent123}, {X=http://www.Department10.University0.edu/GraduateStudent110}, {X=http://www.Department10.University0.edu/UndergraduateStudent36}, {X=http://www.Department10.University0.edu/UndergraduateStudent151}, {X=http://www.Department10.University0.edu/GraduateStudent31}, {X=http://www.Department10.University0.edu/UndergraduateStudent82}, {X=http://www.Department10.University0.edu/UndergraduateStudent241}, {X=http://www.Department10.University0.edu/GraduateStudent35}, {X=http://www.Department10.University0.edu/GraduateStudent34}, {X=http://www.Department10.University0.edu/UndergraduateStudent126}, {X=http://www.Department10.University0.edu/UndergraduateStudent184}, {X=http://www.Department10.University0.edu/UndergraduateStudent12}, {X=http://www.Department10.University0.edu/UndergraduateStudent169}, {X=http://www.Department10.University0.edu/UndergraduateStudent133}, {X=http://www.Department10.University0.edu/UndergraduateStudent84}, {X=http://www.Department10.University0.edu/GraduateStudent8}, {X=http://www.Department10.University0.edu/UndergraduateStudent403}, {X=http://www.Department10.University0.edu/GraduateStudent26}, {X=http://www.Department10.University0.edu/UndergraduateStudent60}, {X=http://www.Department10.University0.edu/UndergraduateStudent402}, {X=http://www.Department10.University0.edu/UndergraduateStudent210}, {X=http://www.Department10.University0.edu/GraduateStudent69}, {X=http://www.Department10.University0.edu/UndergraduateStudent123}, {X=http://www.Department10.University0.edu/UndergraduateStudent167}, {X=http://www.Department10.University0.edu/UndergraduateStudent361}, {X=http://www.Department10.University0.edu/GraduateStudent5}, {X=http://www.Department10.University0.edu/GraduateStudent55}, {X=http://www.Department10.University0.edu/GraduateStudent134}, {X=http://www.Department10.University0.edu/UndergraduateStudent200}, {X=http://www.Department10.University0.edu/GraduateStudent16}, {X=http://www.Department10.University0.edu/UndergraduateStudent29}, {X=http://www.Department10.University0.edu/UndergraduateStudent271}, {X=http://www.Department10.University0.edu/UndergraduateStudent322}, {X=http://www.Department10.University0.edu/UndergraduateStudent33}, {X=http://www.Department10.University0.edu/UndergraduateStudent405}, {X=http://www.Department10.University0.edu/UndergraduateStudent146}, {X=http://www.Department10.University0.edu/UndergraduateStudent56}, {X=http://www.Department10.University0.edu/UndergraduateStudent107}, {X=http://www.Department10.University0.edu/UndergraduateStudent170}, {X=http://www.Department10.University0.edu/UndergraduateStudent395}, {X=http://www.Department10.University0.edu/UndergraduateStudent230}, {X=http://www.Department10.University0.edu/GraduateStudent36}, {X=http://www.Department10.University0.edu/UndergraduateStudent352}, {X=http://www.Department10.University0.edu/UndergraduateStudent110}, {X=http://www.Department10.University0.edu/GraduateStudent74}, {X=http://www.Department10.University0.edu/GraduateStudent120}, {X=http://www.Department10.University0.edu/GraduateStudent83}, {X=http://www.Department10.University0.edu/UndergraduateStudent312}, {X=http://www.Department10.University0.edu/UndergraduateStudent141}, {X=http://www.Department10.University0.edu/GraduateStudent137}, {X=http://www.Department10.University0.edu/GraduateStudent75}, {X=http://www.Department10.University0.edu/UndergraduateStudent380}, {X=http://www.Department10.University0.edu/GraduateStudent117}, {X=http://www.Department10.University0.edu/GraduateStudent27}, {X=http://www.Department10.University0.edu/UndergraduateStudent389}, {X=http://www.Department10.University0.edu/UndergraduateStudent363}, {X=http://www.Department10.University0.edu/UndergraduateStudent105}, {X=http://www.Department10.University0.edu/GraduateStudent73}, {X=http://www.Department10.University0.edu/UndergraduateStudent280}, {X=http://www.Department10.University0.edu/UndergraduateStudent115}, {X=http://www.Department10.University0.edu/GraduateStudent58}, {X=http://www.Department10.University0.edu/UndergraduateStudent191}, {X=http://www.Department10.University0.edu/UndergraduateStudent79}, {X=http://www.Department10.University0.edu/UndergraduateStudent259}, {X=http://www.Department10.University0.edu/UndergraduateStudent324}, {X=http://www.Department10.University0.edu/UndergraduateStudent188}, {X=http://www.Department10.University0.edu/UndergraduateStudent100}, {X=http://www.Department10.University0.edu/UndergraduateStudent50}, {X=http://www.Department10.University0.edu/UndergraduateStudent65}, {X=http://www.Department10.University0.edu/UndergraduateStudent49}, {X=http://www.Department10.University0.edu/UndergraduateStudent140}, {X=http://www.Department10.University0.edu/UndergraduateStudent189}, {X=http://www.Department10.University0.edu/GraduateStudent17}, {X=http://www.Department10.University0.edu/GraduateStudent85}, {X=http://www.Department10.University0.edu/UndergraduateStudent366}, {X=http://www.Department10.University0.edu/UndergraduateStudent138}, {X=http://www.Department10.University0.edu/UndergraduateStudent136}, {X=http://www.Department10.University0.edu/UndergraduateStudent327}, {X=http://www.Department10.University0.edu/GraduateStudent119}, {X=http://www.Department10.University0.edu/UndergraduateStudent269}, {X=http://www.Department10.University0.edu/UndergraduateStudent73}, {X=http://www.Department10.University0.edu/UndergraduateStudent103}, {X=http://www.Department10.University0.edu/UndergraduateStudent54}, {X=http://www.Department10.University0.edu/GraduateStudent128}, {X=http://www.Department10.University0.edu/GraduateStudent130}, {X=http://www.Department10.University0.edu/UndergraduateStudent368}, {X=http://www.Department10.University0.edu/GraduateStudent87}, {X=http://www.Department10.University0.edu/UndergraduateStudent215}, {X=http://www.Department10.University0.edu/UndergraduateStudent351}, {X=http://www.Department10.University0.edu/GraduateStudent37}, {X=http://www.Department10.University0.edu/GraduateStudent79}, {X=http://www.Department10.University0.edu/UndergraduateStudent5}, {X=http://www.Department10.University0.edu/GraduateStudent41}, {X=http://www.Department10.University0.edu/GraduateStudent67}, {X=http://www.Department10.University0.edu/UndergraduateStudent134}, {X=http://www.Department10.University0.edu/UndergraduateStudent276}, {X=http://www.Department10.University0.edu/GraduateStudent42}, {X=http://www.Department10.University0.edu/UndergraduateStudent253}, {X=http://www.Department10.University0.edu/GraduateStudent22}, {X=http://www.Department10.University0.edu/UndergraduateStudent91}, {X=http://www.Department10.University0.edu/UndergraduateStudent355}, {X=http://www.Department10.University0.edu/UndergraduateStudent245}, {X=http://www.Department10.University0.edu/UndergraduateStudent357}, {X=http://www.Department10.University0.edu/UndergraduateStudent260}, {X=http://www.Department10.University0.edu/UndergraduateStudent150}, {X=http://www.Department10.University0.edu/UndergraduateStudent106}, {X=http://www.Department10.University0.edu/GraduateStudent48}, {X=http://www.Department10.University0.edu/UndergraduateStudent305}, {X=http://www.Department10.University0.edu/GraduateStudent7}, {X=http://www.Department10.University0.edu/UndergraduateStudent290}, {X=http://www.Department10.University0.edu/UndergraduateStudent343}, {X=http://www.Department10.University0.edu/UndergraduateStudent246}, {X=http://www.Department10.University0.edu/UndergraduateStudent302}, {X=http://www.Department10.University0.edu/UndergraduateStudent407}, {X=http://www.Department10.University0.edu/UndergraduateStudent348}, {X=http://www.Department10.University0.edu/UndergraduateStudent273}, {X=http://www.Department10.University0.edu/UndergraduateStudent128}, {X=http://www.Department10.University0.edu/UndergraduateStudent92}, {X=http://www.Department10.University0.edu/GraduateStudent71}, {X=http://www.Department10.University0.edu/GraduateStudent53}, {X=http://www.Department10.University0.edu/UndergraduateStudent7}, {X=http://www.Department10.University0.edu/UndergraduateStudent220}, {X=http://www.Department10.University0.edu/UndergraduateStudent409}, {X=http://www.Department10.University0.edu/UndergraduateStudent297}, {X=http://www.Department10.University0.edu/UndergraduateStudent83}, {X=http://www.Department10.University0.edu/UndergraduateStudent339}, {X=http://www.Department10.University0.edu/UndergraduateStudent394}, {X=http://www.Department10.University0.edu/UndergraduateStudent376}, {X=http://www.Department10.University0.edu/UndergraduateStudent21}, {X=http://www.Department10.University0.edu/UndergraduateStudent293}, {X=http://www.Department10.University0.edu/UndergraduateStudent218}, {X=http://www.Department10.University0.edu/UndergraduateStudent31}, {X=http://www.Department10.University0.edu/GraduateStudent111}, {X=http://www.Department10.University0.edu/UndergraduateStudent314}, {X=http://www.Department10.University0.edu/UndergraduateStudent332}, {X=http://www.Department10.University0.edu/GraduateStudent78}, {X=http://www.Department10.University0.edu/UndergraduateStudent284}, {X=http://www.Department10.University0.edu/UndergraduateStudent397}, {X=http://www.Department10.University0.edu/UndergraduateStudent51}, {X=http://www.Department10.University0.edu/GraduateStudent77}, {X=http://www.Department10.University0.edu/UndergraduateStudent104}, {X=http://www.Department10.University0.edu/GraduateStudent103}, {X=http://www.Department10.University0.edu/UndergraduateStudent323}, {X=http://www.Department10.University0.edu/GraduateStudent135}, {X=http://www.Department10.University0.edu/GraduateStudent126}, {X=http://www.Department10.University0.edu/UndergraduateStudent24}, {X=http://www.Department10.University0.edu/UndergraduateStudent317}, {X=http://www.Department10.University0.edu/UndergraduateStudent64}, {X=http://www.Department10.University0.edu/GraduateStudent59}, {X=http://www.Department10.University0.edu/UndergraduateStudent46}, {X=http://www.Department10.University0.edu/UndergraduateStudent266}, {X=http://www.Department10.University0.edu/GraduateStudent3}, {X=http://www.Department10.University0.edu/UndergraduateStudent256}, {X=http://www.Department10.University0.edu/UndergraduateStudent222}, {X=http://www.Department10.University0.edu/GraduateStudent6}, {X=http://www.Department10.University0.edu/UndergraduateStudent347}, {X=http://www.Department10.University0.edu/UndergraduateStudent275}, {X=http://www.Department10.University0.edu/UndergraduateStudent205}, {X=http://www.Department10.University0.edu/UndergraduateStudent381}, {X=http://www.Department10.University0.edu/UndergraduateStudent291}, {X=http://www.Department10.University0.edu/GraduateStudent107}, {X=http://www.Department10.University0.edu/UndergraduateStudent145}, {X=http://www.Department10.University0.edu/UndergraduateStudent237}, {X=http://www.Department10.University0.edu/UndergraduateStudent124}, {X=http://www.Department10.University0.edu/UndergraduateStudent197}, {X=http://www.Department10.University0.edu/UndergraduateStudent242}, {X=http://www.Department10.University0.edu/UndergraduateStudent372}, {X=http://www.Department10.University0.edu/UndergraduateStudent177}, {X=http://www.Department10.University0.edu/GraduateStudent102}, {X=http://www.Department10.University0.edu/GraduateStudent38}, {X=http://www.Department10.University0.edu/UndergraduateStudent43}, {X=http://www.Department10.University0.edu/UndergraduateStudent392}, {X=http://www.Department10.University0.edu/UndergraduateStudent98}, {X=http://www.Department10.University0.edu/GraduateStudent56}, {X=http://www.Department10.University0.edu/UndergraduateStudent223}, {X=http://www.Department10.University0.edu/UndergraduateStudent32}, {X=http://www.Department10.University0.edu/UndergraduateStudent319}, {X=http://www.Department10.University0.edu/UndergraduateStudent112}, {X=http://www.Department10.University0.edu/UndergraduateStudent44}, {X=http://www.Department10.University0.edu/UndergraduateStudent117}, {X=http://www.Department10.University0.edu/UndergraduateStudent289}, {X=http://www.Department10.University0.edu/UndergraduateStudent371}, {X=http://www.Department10.University0.edu/UndergraduateStudent263}, {X=http://www.Department10.University0.edu/UndergraduateStudent19}, {X=http://www.Department10.University0.edu/UndergraduateStudent390}, {X=http://www.Department10.University0.edu/UndergraduateStudent307}, {X=http://www.Department10.University0.edu/UndergraduateStudent1}, {X=http://www.Department10.University0.edu/UndergraduateStudent95}, {X=http://www.Department10.University0.edu/UndergraduateStudent288}, {X=http://www.Department10.University0.edu/GraduateStudent50}, {X=http://www.Department10.University0.edu/GraduateStudent28}, {X=http://www.Department10.University0.edu/GraduateStudent47}, {X=http://www.Department10.University0.edu/GraduateStudent24}, {X=http://www.Department10.University0.edu/GraduateStudent95}, {X=http://www.Department10.University0.edu/UndergraduateStudent393}, {X=http://www.Department10.University0.edu/UndergraduateStudent208}, {X=http://www.Department10.University0.edu/UndergraduateStudent68}, {X=http://www.Department10.University0.edu/UndergraduateStudent186}, {X=http://www.Department10.University0.edu/UndergraduateStudent114}, {X=http://www.Department10.University0.edu/UndergraduateStudent278}, {X=http://www.Department10.University0.edu/UndergraduateStudent232}, {X=http://www.Department10.University0.edu/UndergraduateStudent179}, {X=http://www.Department10.University0.edu/UndergraduateStudent360}, {X=http://www.Department10.University0.edu/UndergraduateStudent287}, {X=http://www.Department10.University0.edu/UndergraduateStudent274}, {X=http://www.Department10.University0.edu/GraduateStudent106}, {X=http://www.Department10.University0.edu/UndergraduateStudent89}, {X=http://www.Department10.University0.edu/UndergraduateStudent285}, {X=http://www.Department10.University0.edu/GraduateStudent133}, {X=http://www.Department10.University0.edu/UndergraduateStudent224}, {X=http://www.Department10.University0.edu/UndergraduateStudent387}, {X=http://www.Department10.University0.edu/UndergraduateStudent345}, {X=http://www.Department10.University0.edu/UndergraduateStudent364}, {X=http://www.Department10.University0.edu/UndergraduateStudent375}, {X=http://www.Department10.University0.edu/UndergraduateStudent156}, {X=http://www.Department10.University0.edu/UndergraduateStudent337}, {X=http://www.Department10.University0.edu/GraduateStudent32}, {X=http://www.Department10.University0.edu/UndergraduateStudent111}, {X=http://www.Department10.University0.edu/GraduateStudent92}, {X=http://www.Department10.University0.edu/UndergraduateStudent55}, {X=http://www.Department10.University0.edu/GraduateStudent90}, {X=http://www.Department10.University0.edu/GraduateStudent51}, {X=http://www.Department10.University0.edu/UndergraduateStudent193}, {X=http://www.Department10.University0.edu/UndergraduateStudent108}, {X=http://www.Department10.University0.edu/UndergraduateStudent400}, {X=http://www.Department10.University0.edu/UndergraduateStudent69}, {X=http://www.Department10.University0.edu/UndergraduateStudent132}, {X=http://www.Department10.University0.edu/UndergraduateStudent99}, {X=http://www.Department10.University0.edu/UndergraduateStudent226}, {X=http://www.Department10.University0.edu/UndergraduateStudent362}, {X=http://www.Department10.University0.edu/UndergraduateStudent81}, {X=http://www.Department10.University0.edu/UndergraduateStudent203}, {X=http://www.Department10.University0.edu/UndergraduateStudent334}, {X=http://www.Department10.University0.edu/GraduateStudent122}, {X=http://www.Department10.University0.edu/GraduateStudent1}, {X=http://www.Department10.University0.edu/GraduateStudent114}, {X=http://www.Department10.University0.edu/UndergraduateStudent378}, {X=http://www.Department10.University0.edu/UndergraduateStudent264}, {X=http://www.Department10.University0.edu/UndergraduateStudent338}, {X=http://www.Department10.University0.edu/GraduateStudent88}, {X=http://www.Department10.University0.edu/UndergraduateStudent176}, {X=http://www.Department10.University0.edu/GraduateStudent15}, {X=http://www.Department10.University0.edu/UndergraduateStudent45}, {X=http://www.Department10.University0.edu/UndergraduateStudent86}, {X=http://www.Department10.University0.edu/GraduateStudent127}, {X=http://www.Department10.University0.edu/UndergraduateStudent165}, {X=http://www.Department10.University0.edu/UndergraduateStudent172}, {X=http://www.Department10.University0.edu/UndergraduateStudent268}, {X=http://www.Department10.University0.edu/UndergraduateStudent251}, {X=http://www.Department10.University0.edu/GraduateStudent66}, {X=http://www.Department10.University0.edu/UndergraduateStudent254}, {X=http://www.Department10.University0.edu/UndergraduateStudent190}, {X=http://www.Department10.University0.edu/UndergraduateStudent408}, {X=http://www.Department10.University0.edu/GraduateStudent2}, {X=http://www.Department10.University0.edu/UndergraduateStudent118}, {X=http://www.Department10.University0.edu/UndergraduateStudent367}, {X=http://www.Department10.University0.edu/UndergraduateStudent77}, {X=http://www.Department10.University0.edu/UndergraduateStudent374}, {X=http://www.Department10.University0.edu/UndergraduateStudent398}, {X=http://www.Department10.University0.edu/UndergraduateStudent135}, {X=http://www.Department10.University0.edu/UndergraduateStudent58}, {X=http://www.Department10.University0.edu/UndergraduateStudent306}, {X=http://www.Department10.University0.edu/GraduateStudent0}, {X=http://www.Department10.University0.edu/UndergraduateStudent71}, {X=http://www.Department10.University0.edu/UndergraduateStudent157}, {X=http://www.Department10.University0.edu/UndergraduateStudent119}, {X=http://www.Department10.University0.edu/UndergraduateStudent235}, {X=http://www.Department10.University0.edu/UndergraduateStudent25}, {X=http://www.Department10.University0.edu/UndergraduateStudent325}, {X=http://www.Department10.University0.edu/GraduateStudent21}, {X=http://www.Department10.University0.edu/UndergraduateStudent236}, {X=http://www.Department10.University0.edu/UndergraduateStudent96}, {X=http://www.Department10.University0.edu/UndergraduateStudent255}, {X=http://www.Department10.University0.edu/UndergraduateStudent0}, {X=http://www.Department10.University0.edu/UndergraduateStudent313}, {X=http://www.Department10.University0.edu/UndergraduateStudent399}, {X=http://www.Department10.University0.edu/UndergraduateStudent267}, {X=http://www.Department10.University0.edu/UndergraduateStudent38}, {X=http://www.Department10.University0.edu/GraduateStudent57}, {X=http://www.Department10.University0.edu/UndergraduateStudent180}, {X=http://www.Department10.University0.edu/UndergraduateStudent101}, {X=http://www.Department10.University0.edu/UndergraduateStudent76}, {X=http://www.Department10.University0.edu/UndergraduateStudent143}, {X=http://www.Department10.University0.edu/UndergraduateStudent342}, {X=http://www.Department10.University0.edu/UndergraduateStudent168}, {X=http://www.Department10.University0.edu/UndergraduateStudent144}, {X=http://www.Department10.University0.edu/UndergraduateStudent6}, {X=http://www.Department10.University0.edu/UndergraduateStudent311}, {X=http://www.Department10.University0.edu/GraduateStudent44}, {X=http://www.Department10.University0.edu/GraduateStudent30}, {X=http://www.Department10.University0.edu/UndergraduateStudent152}, {X=http://www.Department10.University0.edu/UndergraduateStudent72}, {X=http://www.Department10.University0.edu/UndergraduateStudent341}, {X=http://www.Department10.University0.edu/GraduateStudent46}, {X=http://www.Department10.University0.edu/UndergraduateStudent350}, {X=http://www.Department10.University0.edu/UndergraduateStudent336}, {X=http://www.Department10.University0.edu/GraduateStudent76}, {X=http://www.Department10.University0.edu/GraduateStudent40}, {X=http://www.Department10.University0.edu/UndergraduateStudent162}, {X=http://www.Department10.University0.edu/GraduateStudent97}, {X=http://www.Department10.University0.edu/UndergraduateStudent159}, {X=http://www.Department10.University0.edu/UndergraduateStudent109}, {X=http://www.Department10.University0.edu/UndergraduateStudent365}, {X=http://www.Department10.University0.edu/GraduateStudent99}, {X=http://www.Department10.University0.edu/UndergraduateStudent4}, {X=http://www.Department10.University0.edu/GraduateStudent62}, {X=http://www.Department10.University0.edu/GraduateStudent12}, {X=http://www.Department10.University0.edu/UndergraduateStudent379}, {X=http://www.Department10.University0.edu/GraduateStudent61}, {X=http://www.Department10.University0.edu/GraduateStudent124}, {X=http://www.Department10.University0.edu/UndergraduateStudent384}, {X=http://www.Department10.University0.edu/UndergraduateStudent192}, {X=http://www.Department10.University0.edu/UndergraduateStudent28}, {X=http://www.Department10.University0.edu/UndergraduateStudent42}, {X=http://www.Department10.University0.edu/UndergraduateStudent153}, {X=http://www.Department10.University0.edu/UndergraduateStudent160}, {X=http://www.Department10.University0.edu/UndergraduateStudent154}, {X=http://www.Department10.University0.edu/GraduateStudent29}, {X=http://www.Department10.University0.edu/GraduateStudent118}, {X=http://www.Department10.University0.edu/GraduateStudent80}, {X=http://www.Department10.University0.edu/UndergraduateStudent18}, {X=http://www.Department10.University0.edu/UndergraduateStudent328}, {X=http://www.Department10.University0.edu/GraduateStudent60}, {X=http://www.Department10.University0.edu/UndergraduateStudent315}, {X=http://www.Department10.University0.edu/UndergraduateStudent130}, {X=http://www.Department10.University0.edu/GraduateStudent113}, {X=http://www.Department10.University0.edu/UndergraduateStudent34}, {X=http://www.Department10.University0.edu/UndergraduateStudent231}, {X=http://www.Department10.University0.edu/GraduateStudent86}, {X=http://www.Department10.University0.edu/UndergraduateStudent229}, {X=http://www.Department10.University0.edu/UndergraduateStudent171}, {X=http://www.Department10.University0.edu/UndergraduateStudent303}, {X=http://www.Department10.University0.edu/UndergraduateStudent47}, {X=http://www.Department10.University0.edu/UndergraduateStudent94}, {X=http://www.Department10.University0.edu/GraduateStudent45}, {X=http://www.Department10.University0.edu/UndergraduateStudent318}, {X=http://www.Department10.University0.edu/GraduateStudent23}, {X=http://www.Department10.University0.edu/UndergraduateStudent35}, {X=http://www.Department10.University0.edu/UndergraduateStudent320}, {X=http://www.Department10.University0.edu/UndergraduateStudent113}, {X=http://www.Department10.University0.edu/UndergraduateStudent9}, {X=http://www.Department10.University0.edu/UndergraduateStudent258}, {X=http://www.Department10.University0.edu/UndergraduateStudent127}, {X=http://www.Department10.University0.edu/GraduateStudent70}, {X=http://www.Department10.University0.edu/UndergraduateStudent373}, {X=http://www.Department10.University0.edu/UndergraduateStudent78}, {X=http://www.Department10.University0.edu/GraduateStudent72}, {X=http://www.Department10.University0.edu/UndergraduateStudent238}, {X=http://www.Department10.University0.edu/UndergraduateStudent331}, {X=http://www.Department10.University0.edu/UndergraduateStudent209}, {X=http://www.Department10.University0.edu/UndergraduateStudent221}, {X=http://www.Department10.University0.edu/UndergraduateStudent326}, {X=http://www.Department10.University0.edu/UndergraduateStudent8}, {X=http://www.Department10.University0.edu/UndergraduateStudent87}, {X=http://www.Department10.University0.edu/UndergraduateStudent244}, {X=http://www.Department10.University0.edu/UndergraduateStudent300}, {X=http://www.Department10.University0.edu/UndergraduateStudent262}, {X=http://www.Department10.University0.edu/UndergraduateStudent10}, {X=http://www.Department10.University0.edu/UndergraduateStudent391}, {X=http://www.Department10.University0.edu/UndergraduateStudent356}, {X=http://www.Department10.University0.edu/GraduateStudent121}, {X=http://www.Department10.University0.edu/UndergraduateStudent346}, {X=http://www.Department10.University0.edu/UndergraduateStudent185}, {X=http://www.Department10.University0.edu/UndergraduateStudent301}, {X=http://www.Department10.University0.edu/GraduateStudent43}, {X=http://www.Department10.University0.edu/UndergraduateStudent404}, {X=http://www.Department10.University0.edu/UndergraduateStudent11}, {X=http://www.Department10.University0.edu/UndergraduateStudent316}, {X=http://www.Department10.University0.edu/UndergraduateStudent75}, {X=http://www.Department10.University0.edu/UndergraduateStudent93}, {X=http://www.Department10.University0.edu/GraduateStudent89}, {X=http://www.Department10.University0.edu/GraduateStudent136}, {X=http://www.Department10.University0.edu/UndergraduateStudent52}, {X=http://www.Department10.University0.edu/UndergraduateStudent358}, {X=http://www.Department10.University0.edu/UndergraduateStudent40}, {X=http://www.Department10.University0.edu/UndergraduateStudent37}, {X=http://www.Department10.University0.edu/UndergraduateStudent196}, {X=http://www.Department10.University0.edu/UndergraduateStudent164}, {X=http://www.Department10.University0.edu/UndergraduateStudent16}, {X=http://www.Department10.University0.edu/UndergraduateStudent17}, {X=http://www.Department10.University0.edu/GraduateStudent84}, {X=http://www.Department10.University0.edu/GraduateStudent132}, {X=http://www.Department10.University0.edu/UndergraduateStudent20}, {X=http://www.Department10.University0.edu/UndergraduateStudent294}, {X=http://www.Department10.University0.edu/UndergraduateStudent282}, {X=http://www.Department10.University0.edu/UndergraduateStudent388}, {X=http://www.Department10.University0.edu/UndergraduateStudent370}, {X=http://www.Department10.University0.edu/UndergraduateStudent216}, {X=http://www.Department10.University0.edu/GraduateStudent112}, {X=http://www.Department10.University0.edu/UndergraduateStudent292}, {X=http://www.Department10.University0.edu/UndergraduateStudent340}, {X=http://www.Department10.University0.edu/UndergraduateStudent270}, {X=http://www.Department10.University0.edu/UndergraduateStudent309}, {X=http://www.Department10.University0.edu/UndergraduateStudent142}, {X=http://www.Department10.University0.edu/UndergraduateStudent310}, {X=http://www.Department10.University0.edu/UndergraduateStudent129}, {X=http://www.Department10.University0.edu/UndergraduateStudent249}, {X=http://www.Department10.University0.edu/UndergraduateStudent410}, {X=http://www.Department10.University0.edu/UndergraduateStudent147}, {X=http://www.Department10.University0.edu/UndergraduateStudent59}, {X=http://www.Department10.University0.edu/UndergraduateStudent181}, {X=http://www.Department10.University0.edu/UndergraduateStudent386}, {X=http://www.Department10.University0.edu/UndergraduateStudent213}, {X=http://www.Department10.University0.edu/UndergraduateStudent295}, {X=http://www.Department10.University0.edu/GraduateStudent109}, {X=http://www.Department10.University0.edu/GraduateStudent105}, {X=http://www.Department10.University0.edu/UndergraduateStudent396}, {X=http://www.Department10.University0.edu/UndergraduateStudent121}, {X=http://www.Department10.University0.edu/GraduateStudent14}, {X=http://www.Department10.University0.edu/UndergraduateStudent212}, {X=http://www.Department10.University0.edu/GraduateStudent20}, {X=http://www.Department10.University0.edu/UndergraduateStudent66}, {X=http://www.Department10.University0.edu/UndergraduateStudent61}, {X=http://www.Department10.University0.edu/GraduateStudent64}, {X=http://www.Department10.University0.edu/UndergraduateStudent279}, {X=http://www.Department10.University0.edu/UndergraduateStudent74}, {X=http://www.Department10.University0.edu/UndergraduateStudent198}, {X=http://www.Department10.University0.edu/UndergraduateStudent277}, {X=http://www.Department10.University0.edu/UndergraduateStudent240}, {X=http://www.Department10.University0.edu/UndergraduateStudent304}, {X=http://www.Department10.University0.edu/UndergraduateStudent204}, {X=http://www.Department10.University0.edu/UndergraduateStudent252}, {X=http://www.Department10.University0.edu/UndergraduateStudent214}, {X=http://www.Department10.University0.edu/UndergraduateStudent149}, {X=http://www.Department10.University0.edu/GraduateStudent116}, {X=http://www.Department10.University0.edu/UndergraduateStudent116}, {X=http://www.Department10.University0.edu/UndergraduateStudent299}, {X=http://www.Department10.University0.edu/UndergraduateStudent3}, {X=http://www.Department10.University0.edu/UndergraduateStudent15}, {X=http://www.Department10.University0.edu/UndergraduateStudent261}, {X=http://www.Department10.University0.edu/GraduateStudent100}, {X=http://www.Department10.University0.edu/UndergraduateStudent80}, {X=http://www.Department10.University0.edu/UndergraduateStudent369}, {X=http://www.Department10.University0.edu/UndergraduateStudent406}, {X=http://www.Department10.University0.edu/UndergraduateStudent175}, {X=http://www.Department10.University0.edu/UndergraduateStudent148}, {X=http://www.Department10.University0.edu/GraduateStudent129}, {X=http://www.Department10.University0.edu/UndergraduateStudent228}, {X=http://www.Department10.University0.edu/UndergraduateStudent122}, {X=http://www.Department10.University0.edu/UndergraduateStudent102}, {X=http://www.Department10.University0.edu/UndergraduateStudent354}, {X=http://www.Department10.University0.edu/GraduateStudent115}, {X=http://www.Department10.University0.edu/UndergraduateStudent174}, {X=http://www.Department10.University0.edu/UndergraduateStudent155}, {X=http://www.Department10.University0.edu/UndergraduateStudent349}, {X=http://www.Department10.University0.edu/GraduateStudent82}, {X=http://www.Department10.University0.edu/UndergraduateStudent219}, {X=http://www.Department10.University0.edu/UndergraduateStudent243}, {X=http://www.Department10.University0.edu/UndergraduateStudent26}, {X=http://www.Department10.University0.edu/GraduateStudent9}, {X=http://www.Department10.University0.edu/UndergraduateStudent247}, {X=http://www.Department10.University0.edu/GraduateStudent49}, {X=http://www.Department10.University0.edu/UndergraduateStudent272}, {X=http://www.Department10.University0.edu/GraduateStudent108}, {X=http://www.Department10.University0.edu/GraduateStudent81}, {X=http://www.Department10.University0.edu/UndergraduateStudent239}, {X=http://www.Department10.University0.edu/UndergraduateStudent13}, {X=http://www.Department10.University0.edu/UndergraduateStudent195}, {X=http://www.Department10.University0.edu/UndergraduateStudent183}, {X=http://www.Department10.University0.edu/GraduateStudent94}, {X=http://www.Department10.University0.edu/UndergraduateStudent163}, {X=http://www.Department10.University0.edu/UndergraduateStudent27}, {X=http://www.Department10.University0.edu/GraduateStudent65}, {X=http://www.Department10.University0.edu/UndergraduateStudent30}, {X=http://www.Department10.University0.edu/UndergraduateStudent125}, {X=http://www.Department10.University0.edu/UndergraduateStudent14}, {X=http://www.Department10.University0.edu/UndergraduateStudent70}, {X=http://www.Department10.University0.edu/UndergraduateStudent53}, {X=http://www.Department10.University0.edu/UndergraduateStudent329}, {X=http://www.Department10.University0.edu/UndergraduateStudent139}, {X=http://www.Department10.University0.edu/GraduateStudent18}, {X=http://www.Department10.University0.edu/UndergraduateStudent333}, {X=http://www.Department10.University0.edu/UndergraduateStudent359}, {X=http://www.Department10.University0.edu/GraduateStudent19}, {X=http://www.Department10.University0.edu/UndergraduateStudent187}, {X=http://www.Department10.University0.edu/UndergraduateStudent202}, {X=http://www.Department10.University0.edu/GraduateStudent91}, {X=http://www.Department10.University0.edu/UndergraduateStudent385}, {X=http://www.Department10.University0.edu/UndergraduateStudent286}, {X=http://www.Department10.University0.edu/UndergraduateStudent206}, {X=http://www.Department10.University0.edu/UndergraduateStudent225}, {X=http://www.Department10.University0.edu/UndergraduateStudent182}, {X=http://www.Department10.University0.edu/UndergraduateStudent283}, {X=http://www.Department10.University0.edu/UndergraduateStudent161}, {X=http://www.Department10.University0.edu/UndergraduateStudent23}, {X=http://www.Department10.University0.edu/UndergraduateStudent401}, {X=http://www.Department10.University0.edu/GraduateStudent54}, {X=http://www.Department10.University0.edu/UndergraduateStudent321}, {X=http://www.Department10.University0.edu/UndergraduateStudent296}, {X=http://www.Department10.University0.edu/UndergraduateStudent178}, {X=http://www.Department10.University0.edu/UndergraduateStudent344}, {X=http://www.Department10.University0.edu/GraduateStudent25}, {X=http://www.Department10.University0.edu/UndergraduateStudent257}, {X=http://www.Department10.University0.edu/UndergraduateStudent63}, {X=http://www.Department10.University0.edu/UndergraduateStudent383}, {X=http://www.Department10.University0.edu/UndergraduateStudent57}, {X=http://www.Department10.University0.edu/GraduateStudent104}, {X=http://www.Department10.University0.edu/UndergraduateStudent335}, {X=http://www.Department10.University0.edu/UndergraduateStudent207}, {X=http://www.Department10.University0.edu/UndergraduateStudent248}, {X=http://www.Department10.University0.edu/GraduateStudent11}, {X=http://www.Department10.University0.edu/UndergraduateStudent298}, {X=http://www.Department10.University0.edu/UndergraduateStudent90}, {X=http://www.Department10.University0.edu/GraduateStudent13}, {X=http://www.Department10.University0.edu/UndergraduateStudent194}, {X=http://www.Department10.University0.edu/GraduateStudent10}, {X=http://www.Department10.University0.edu/UndergraduateStudent173}, {X=http://www.Department10.University0.edu/GraduateStudent68}, {X=http://www.Department10.University0.edu/UndergraduateStudent39}, {X=http://www.Department10.University0.edu/UndergraduateStudent217}, {X=http://www.Department10.University0.edu/UndergraduateStudent158}, {X=http://www.Department10.University0.edu/GraduateStudent93}, {X=http://www.Department10.University0.edu/UndergraduateStudent211}, {X=http://www.Department10.University0.edu/UndergraduateStudent382}, {X=http://www.Department10.University0.edu/GraduateStudent39}, {X=http://www.Department10.University0.edu/UndergraduateStudent201}, {X=http://www.Department10.University0.edu/GraduateStudent63}, {X=http://www.Department10.University0.edu/GraduateStudent52}, {X=http://www.Department10.University0.edu/UndergraduateStudent353}, {X=http://www.Department10.University0.edu/GraduateStudent101}, {X=http://www.Department10.University0.edu/GraduateStudent125}, {X=http://www.Department10.University0.edu/UndergraduateStudent2}, {X=http://www.Department10.University0.edu/UndergraduateStudent62}, {X=http://www.Department10.University0.edu/UndergraduateStudent22}, {X=http://www.Department10.University0.edu/UndergraduateStudent234}, {X=http://www.Department10.University0.edu/UndergraduateStudent308}, {X=http://www.Department10.University0.edu/UndergraduateStudent97}, {X=http://www.Department10.University0.edu/GraduateStudent4}, {X=http://www.Department10.University0.edu/UndergraduateStudent377}, {X=http://www.Department10.University0.edu/UndergraduateStudent41}, {X=http://www.Department10.University0.edu/UndergraduateStudent250}, {X=http://www.Department10.University0.edu/UndergraduateStudent330}, {X=http://www.Department10.University0.edu/UndergraduateStudent227}, {X=http://www.Department10.University0.edu/GraduateStudent96}, {X=http://www.Department10.University0.edu/UndergraduateStudent199}, {X=http://www.Department10.University0.edu/GraduateStudent131}, {X=http://www.Department10.University0.edu/UndergraduateStudent265}, {X=http://www.Department10.University0.edu/UndergraduateStudent131}, {X=http://www.Department10.University0.edu/UndergraduateStudent48}, {X=http://www.Department10.University0.edu/GraduateStudent33}, {X=http://www.Department10.University0.edu/UndergraduateStudent137}, {X=http://www.Department10.University0.edu/UndergraduateStudent281}, {X=http://www.Department10.University0.edu/UndergraduateStudent166}, {X=http://www.Department10.University0.edu/UndergraduateStudent233}, {X=http://www.Department10.University0.edu/GraduateStudent98}, {X=http://www.Department10.University0.edu/UndergraduateStudent67}, {X=http://www.Department10.University0.edu/UndergraduateStudent85}, {X=http://www.Department10.University0.edu/UndergraduateStudent88}, {X=http://www.Department10.University0.edu/UndergraduateStudent120}, {X=http://www.Department10.University0.edu/GraduateStudent123}, {X=http://www.Department10.University0.edu/GraduateStudent110}, {X=http://www.Department10.University0.edu/UndergraduateStudent36}, {X=http://www.Department10.University0.edu/UndergraduateStudent151}, {X=http://www.Department10.University0.edu/GraduateStudent31}, {X=http://www.Department10.University0.edu/UndergraduateStudent82}, {X=http://www.Department10.University0.edu/UndergraduateStudent241}, {X=http://www.Department10.University0.edu/GraduateStudent35}, {X=http://www.Department10.University0.edu/GraduateStudent34}, {X=http://www.Department10.University0.edu/UndergraduateStudent126}, {X=http://www.Department10.University0.edu/UndergraduateStudent184}, {X=http://www.Department10.University0.edu/UndergraduateStudent12}, {X=http://www.Department10.University0.edu/UndergraduateStudent169}, {X=http://www.Department10.University0.edu/UndergraduateStudent133}, {X=http://www.Department10.University0.edu/UndergraduateStudent84}, {X=http://www.Department10.University0.edu/GraduateStudent8}, {X=http://www.Department10.University0.edu/UndergraduateStudent403}, {X=http://www.Department10.University0.edu/GraduateStudent26}, {X=http://www.Department10.University0.edu/UndergraduateStudent60}, {X=http://www.Department10.University0.edu/UndergraduateStudent402}, {X=http://www.Department10.University0.edu/UndergraduateStudent210}, {X=http://www.Department10.University0.edu/GraduateStudent69}, {X=http://www.Department10.University0.edu/UndergraduateStudent123}, {X=http://www.Department10.University0.edu/UndergraduateStudent167}, {X=http://www.Department10.University0.edu/UndergraduateStudent361}, {X=http://www.Department10.University0.edu/GraduateStudent5}, {X=http://www.Department10.University0.edu/GraduateStudent55}, {X=http://www.Department10.University0.edu/GraduateStudent134}, {X=http://www.Department10.University0.edu/UndergraduateStudent200}, {X=http://www.Department10.University0.edu/GraduateStudent16}, {X=http://www.Department10.University0.edu/UndergraduateStudent29}, {X=http://www.Department10.University0.edu/UndergraduateStudent271}, {X=http://www.Department10.University0.edu/UndergraduateStudent322}, {X=http://www.Department10.University0.edu/UndergraduateStudent33}, {X=http://www.Department10.University0.edu/UndergraduateStudent405}, {X=http://www.Department10.University0.edu/UndergraduateStudent146}, {X=http://www.Department10.University0.edu/UndergraduateStudent56}, {X=http://www.Department10.University0.edu/UndergraduateStudent107}, {X=http://www.Department10.University0.edu/UndergraduateStudent170}, {X=http://www.Department10.University0.edu/UndergraduateStudent395}, {X=http://www.Department10.University0.edu/UndergraduateStudent230}, {X=http://www.Department10.University0.edu/GraduateStudent36}, {X=http://www.Department10.University0.edu/UndergraduateStudent352}, {X=http://www.Department10.University0.edu/UndergraduateStudent110}, {X=http://www.Department10.University0.edu/GraduateStudent74}, {X=http://www.Department10.University0.edu/GraduateStudent120}, {X=http://www.Department10.University0.edu/GraduateStudent83}, {X=http://www.Department10.University0.edu/UndergraduateStudent312}, {X=http://www.Department10.University0.edu/UndergraduateStudent141}, {X=http://www.Department10.University0.edu/GraduateStudent137}, {X=http://www.Department10.University0.edu/GraduateStudent75}, {X=http://www.Department10.University0.edu/UndergraduateStudent380}, {X=http://www.Department10.University0.edu/GraduateStudent117}, {X=http://www.Department10.University0.edu/GraduateStudent27}, {X=http://www.Department10.University0.edu/UndergraduateStudent389}, {X=http://www.Department10.University0.edu/UndergraduateStudent363}, {X=http://www.Department10.University0.edu/UndergraduateStudent105}, {X=http://www.Department10.University0.edu/GraduateStudent73}, {X=http://www.Department10.University0.edu/UndergraduateStudent280}, {X=http://www.Department10.University0.edu/UndergraduateStudent115}, {X=http://www.Department10.University0.edu/GraduateStudent58}, {X=http://www.Department10.University0.edu/UndergraduateStudent191}, {X=http://www.Department10.University0.edu/UndergraduateStudent79}, {X=http://www.Department10.University0.edu/UndergraduateStudent259}, {X=http://www.Department10.University0.edu/UndergraduateStudent324}, {X=http://www.Department10.University0.edu/UndergraduateStudent188}, {X=http://www.Department10.University0.edu/UndergraduateStudent100}, {X=http://www.Department10.University0.edu/UndergraduateStudent50}, {X=http://www.Department10.University0.edu/UndergraduateStudent65}, {X=http://www.Department10.University0.edu/UndergraduateStudent49}, {X=http://www.Department10.University0.edu/UndergraduateStudent140}, {X=http://www.Department10.University0.edu/UndergraduateStudent189}, {X=http://www.Department10.University0.edu/GraduateStudent17}, {X=http://www.Department10.University0.edu/GraduateStudent85}, {X=http://www.Department10.University0.edu/UndergraduateStudent366}, {X=http://www.Department10.University0.edu/UndergraduateStudent138}, {X=http://www.Department10.University0.edu/UndergraduateStudent136}, {X=http://www.Department10.University0.edu/UndergraduateStudent327}, {X=http://www.Department10.University0.edu/GraduateStudent119}, {X=http://www.Department10.University0.edu/UndergraduateStudent269}, {X=http://www.Department10.University0.edu/UndergraduateStudent73}, {X=http://www.Department10.University0.edu/UndergraduateStudent103}, {X=http://www.Department10.University0.edu/UndergraduateStudent54}, {X=http://www.Department10.University0.edu/GraduateStudent128}, {X=http://www.Department10.University0.edu/GraduateStudent130}, {X=http://www.Department10.University0.edu/UndergraduateStudent368}, {X=http://www.Department10.University0.edu/GraduateStudent87}, {X=http://www.Department10.University0.edu/UndergraduateStudent215}, {X=http://www.Department10.University0.edu/UndergraduateStudent351}, {X=http://www.Department10.University0.edu/GraduateStudent37}, {X=http://www.Department10.University0.edu/GraduateStudent79}, {X=http://www.Department10.University0.edu/UndergraduateStudent5}, {X=http://www.Department10.University0.edu/GraduateStudent41}, {X=http://www.Department10.University0.edu/GraduateStudent67}, {X=http://www.Department10.University0.edu/UndergraduateStudent134}, {X=http://www.Department10.University0.edu/UndergraduateStudent276}, {X=http://www.Department10.University0.edu/GraduateStudent42}, {X=http://www.Department10.University0.edu/UndergraduateStudent253}, {X=http://www.Department10.University0.edu/GraduateStudent22}, {X=http://www.Department10.University0.edu/UndergraduateStudent91}, {X=http://www.Department10.University0.edu/UndergraduateStudent355}, {X=http://www.Department10.University0.edu/UndergraduateStudent245}, {X=http://www.Department10.University0.edu/UndergraduateStudent357}, {X=http://www.Department10.University0.edu/UndergraduateStudent260}, {X=http://www.Department10.University0.edu/UndergraduateStudent150}, {X=http://www.Department10.University0.edu/UndergraduateStudent106}, {X=http://www.Department10.University0.edu/GraduateStudent48}, {X=http://www.Department10.University0.edu/UndergraduateStudent305}, {X=http://www.Department10.University0.edu/GraduateStudent7}, {X=http://www.Department10.University0.edu/UndergraduateStudent290}, {X=http://www.Department10.University0.edu/UndergraduateStudent343}, {X=http://www.Department10.University0.edu/UndergraduateStudent246}, {X=http://www.Department10.University0.edu/UndergraduateStudent302}, {X=http://www.Department10.University0.edu/UndergraduateStudent407}, {X=http://www.Department10.University0.edu/UndergraduateStudent348}, {X=http://www.Department10.University0.edu/UndergraduateStudent273}, {X=http://www.Department10.University0.edu/UndergraduateStudent128}, {X=http://www.Department10.University0.edu/UndergraduateStudent92}, {X=http://www.Department10.University0.edu/GraduateStudent71}, {X=http://www.Department10.University0.edu/GraduateStudent53}, {X=http://www.Department10.University0.edu/UndergraduateStudent7}, {X=http://www.Department10.University0.edu/UndergraduateStudent220}, {X=http://www.Department10.University0.edu/UndergraduateStudent409}, {X=http://www.Department10.University0.edu/UndergraduateStudent297}, {X=http://www.Department10.University0.edu/UndergraduateStudent83}, {X=http://www.Department10.University0.edu/UndergraduateStudent339}, {X=http://www.Department10.University0.edu/UndergraduateStudent394}, {X=http://www.Department10.University0.edu/UndergraduateStudent376}, {X=http://www.Department10.University0.edu/UndergraduateStudent21}, {X=http://www.Department10.University0.edu/UndergraduateStudent293}, {X=http://www.Department10.University0.edu/UndergraduateStudent218}, {X=http://www.Department10.University0.edu/UndergraduateStudent31}, {X=http://www.Department10.University0.edu/GraduateStudent111}, {X=http://www.Department10.University0.edu/UndergraduateStudent314}, {X=http://www.Department10.University0.edu/UndergraduateStudent332}, {X=http://www.Department10.University0.edu/GraduateStudent78}, {X=http://www.Department10.University0.edu/UndergraduateStudent284}, {X=http://www.Department10.University0.edu/UndergraduateStudent397}, {X=http://www.Department10.University0.edu/UndergraduateStudent51}, {X=http://www.Department10.University0.edu/GraduateStudent77}, {X=http://www.Department10.University0.edu/UndergraduateStudent104}, {X=http://www.Department10.University0.edu/GraduateStudent103}, {X=http://www.Department10.University0.edu/UndergraduateStudent323}, {X=http://www.Department10.University0.edu/GraduateStudent135}, {X=http://www.Department10.University0.edu/GraduateStudent126}, {X=http://www.Department10.University0.edu/UndergraduateStudent24}, {X=http://www.Department10.University0.edu/UndergraduateStudent317}, {X=http://www.Department10.University0.edu/UndergraduateStudent64}, {X=http://www.Department10.University0.edu/GraduateStudent59}, {X=http://www.Department10.University0.edu/UndergraduateStudent46}, {X=http://www.Department10.University0.edu/UndergraduateStudent266}, {X=http://www.Department10.University0.edu/GraduateStudent3}, {X=http://www.Department10.University0.edu/UndergraduateStudent256}, {X=http://www.Department10.University0.edu/UndergraduateStudent222}, {X=http://www.Department10.University0.edu/GraduateStudent6}, {X=http://www.Department10.University0.edu/UndergraduateStudent347}, {X=http://www.Department10.University0.edu/UndergraduateStudent275}, {X=http://www.Department10.University0.edu/UndergraduateStudent205}, {X=http://www.Department10.University0.edu/UndergraduateStudent381}, {X=http://www.Department10.University0.edu/UndergraduateStudent291}, {X=http://www.Department10.University0.edu/GraduateStudent107}, {X=http://www.Department10.University0.edu/UndergraduateStudent145}, {X=http://www.Department10.University0.edu/UndergraduateStudent237}, {X=http://www.Department10.University0.edu/UndergraduateStudent124}, {X=http://www.Department10.University0.edu/UndergraduateStudent197}, {X=http://www.Department10.University0.edu/UndergraduateStudent242}, {X=http://www.Department10.University0.edu/UndergraduateStudent372}, {X=http://www.Department10.University0.edu/UndergraduateStudent177}, {X=http://www.Department10.University0.edu/GraduateStudent102}, {X=http://www.Department10.University0.edu/GraduateStudent38}, {X=http://www.Department10.University0.edu/UndergraduateStudent43}, {X=http://www.Department10.University0.edu/UndergraduateStudent392}, {X=http://www.Department10.University0.edu/UndergraduateStudent98}, {X=http://www.Department10.University0.edu/GraduateStudent56}, {X=http://www.Department10.University0.edu/UndergraduateStudent223}, {X=http://www.Department10.University0.edu/UndergraduateStudent32}, {X=http://www.Department10.University0.edu/UndergraduateStudent319}, {X=http://www.Department10.University0.edu/UndergraduateStudent112}, {X=http://www.Department10.University0.edu/UndergraduateStudent44}, {X=http://www.Department10.University0.edu/UndergraduateStudent117}, {X=http://www.Department10.University0.edu/UndergraduateStudent289}, {X=http://www.Department10.University0.edu/UndergraduateStudent371}, {X=http://www.Department10.University0.edu/UndergraduateStudent263}, {X=http://www.Department10.University0.edu/UndergraduateStudent19}, {X=http://www.Department10.University0.edu/UndergraduateStudent390}, {X=http://www.Department10.University0.edu/UndergraduateStudent307}, {X=http://www.Department10.University0.edu/UndergraduateStudent1}, {X=http://www.Department10.University0.edu/UndergraduateStudent95}, {X=http://www.Department10.University0.edu/UndergraduateStudent288}, {X=http://www.Department10.University0.edu/GraduateStudent50}, {X=http://www.Department10.University0.edu/GraduateStudent28}, {X=http://www.Department10.University0.edu/GraduateStudent47}, {X=http://www.Department10.University0.edu/GraduateStudent24}, {X=http://www.Department10.University0.edu/GraduateStudent95}, {X=http://www.Department10.University0.edu/UndergraduateStudent393}, {X=http://www.Department10.University0.edu/UndergraduateStudent208}, {X=http://www.Department10.University0.edu/UndergraduateStudent68}, {X=http://www.Department10.University0.edu/UndergraduateStudent186}, {X=http://www.Department10.University0.edu/UndergraduateStudent114}, {X=http://www.Department10.University0.edu/UndergraduateStudent278}, {X=http://www.Department10.University0.edu/UndergraduateStudent232}, {X=http://www.Department10.University0.edu/UndergraduateStudent179}, {X=http://www.Department10.University0.edu/UndergraduateStudent360}, {X=http://www.Department10.University0.edu/UndergraduateStudent287}, {X=http://www.Department10.University0.edu/UndergraduateStudent274}, {X=http://www.Department10.University0.edu/GraduateStudent106}, {X=http://www.Department10.University0.edu/UndergraduateStudent89}, {X=http://www.Department10.University0.edu/UndergraduateStudent285}, {X=http://www.Department10.University0.edu/GraduateStudent133}, {X=http://www.Department10.University0.edu/UndergraduateStudent224}, {X=http://www.Department10.University0.edu/UndergraduateStudent387}, {X=http://www.Department10.University0.edu/UndergraduateStudent345}, {X=http://www.Department10.University0.edu/UndergraduateStudent364}, {X=http://www.Department10.University0.edu/UndergraduateStudent375}, {X=http://www.Department10.University0.edu/UndergraduateStudent156}, {X=http://www.Department10.University0.edu/UndergraduateStudent337}, {X=http://www.Department10.University0.edu/GraduateStudent32}, {X=http://www.Department10.University0.edu/UndergraduateStudent111}, {X=http://www.Department10.University0.edu/GraduateStudent92}, {X=http://www.Department10.University0.edu/UndergraduateStudent55}, {X=http://www.Department10.University0.edu/GraduateStudent90}, {X=http://www.Department10.University0.edu/GraduateStudent51}, {X=http://www.Department10.University0.edu/UndergraduateStudent193}, {X=http://www.Department10.University0.edu/UndergraduateStudent108}, {X=http://www.Department10.University0.edu/UndergraduateStudent400}, {X=http://www.Department10.University0.edu/UndergraduateStudent69}, {X=http://www.Department10.University0.edu/UndergraduateStudent132}, {X=http://www.Department10.University0.edu/UndergraduateStudent99}, {X=http://www.Department10.University0.edu/UndergraduateStudent226}, {X=http://www.Department10.University0.edu/UndergraduateStudent362}, {X=http://www.Department10.University0.edu/UndergraduateStudent81}, {X=http://www.Department10.University0.edu/UndergraduateStudent203}, {X=http://www.Department10.University0.edu/UndergraduateStudent334}, {X=http://www.Department10.University0.edu/GraduateStudent122}, {X=http://www.Department10.University0.edu/GraduateStudent1}, {X=http://www.Department10.University0.edu/GraduateStudent114}, {X=http://www.Department10.University0.edu/UndergraduateStudent378}, {X=http://www.Department10.University0.edu/UndergraduateStudent264}, {X=http://www.Department10.University0.edu/UndergraduateStudent338}, {X=http://www.Department10.University0.edu/GraduateStudent88}, {X=http://www.Department10.University0.edu/UndergraduateStudent176}, {X=http://www.Department10.University0.edu/GraduateStudent15}, {X=http://www.Department10.University0.edu/UndergraduateStudent45}, {X=http://www.Department10.University0.edu/UndergraduateStudent86}, {X=http://www.Department10.University0.edu/GraduateStudent127}, {X=http://www.Department10.University0.edu/UndergraduateStudent165}, {X=http://www.Department10.University0.edu/UndergraduateStudent172}, {X=http://www.Department10.University0.edu/UndergraduateStudent268}, {X=http://www.Department10.University0.edu/UndergraduateStudent251}, {X=http://www.Department10.University0.edu/GraduateStudent66}, {X=http://www.Department10.University0.edu/UndergraduateStudent254}, {X=http://www.Department10.University0.edu/UndergraduateStudent190}, {X=http://www.Department10.University0.edu/UndergraduateStudent408}, {X=http://www.Department10.University0.edu/GraduateStudent2}, {X=http://www.Department10.University0.edu/UndergraduateStudent118}, {X=http://www.Department10.University0.edu/UndergraduateStudent367}, {X=http://www.Department10.University0.edu/UndergraduateStudent77}, {X=http://www.Department10.University0.edu/UndergraduateStudent374}, {X=http://www.Department10.University0.edu/UndergraduateStudent398}, {X=http://www.Department10.University0.edu/UndergraduateStudent135}, {X=http://www.Department10.University0.edu/UndergraduateStudent58}, {X=http://www.Department10.University0.edu/UndergraduateStudent306}, {X=http://www.Department10.University0.edu/GraduateStudent0}, {X=http://www.Department10.University0.edu/UndergraduateStudent71}, {X=http://www.Department10.University0.edu/UndergraduateStudent157}, {X=http://www.Department10.University0.edu/UndergraduateStudent119}, {X=http://www.Department10.University0.edu/UndergraduateStudent235}, {X=http://www.Department10.University0.edu/UndergraduateStudent25}, {X=http://www.Department10.University0.edu/UndergraduateStudent325}, {X=http://www.Department10.University0.edu/GraduateStudent21}, {X=http://www.Department10.University0.edu/UndergraduateStudent236}, {X=http://www.Department10.University0.edu/UndergraduateStudent96}, {X=http://www.Department10.University0.edu/UndergraduateStudent255}, {X=http://www.Department10.University0.edu/UndergraduateStudent0}, {X=http://www.Department10.University0.edu/UndergraduateStudent313}, {X=http://www.Department10.University0.edu/UndergraduateStudent399}, {X=http://www.Department10.University0.edu/UndergraduateStudent267}, {X=http://www.Department10.University0.edu/UndergraduateStudent38}, {X=http://www.Department10.University0.edu/GraduateStudent57}, {X=http://www.Department10.University0.edu/UndergraduateStudent180}, {X=http://www.Department10.University0.edu/UndergraduateStudent101}, {X=http://www.Department10.University0.edu/UndergraduateStudent76}, {X=http://www.Department10.University0.edu/UndergraduateStudent143}, {X=http://www.Department10.University0.edu/UndergraduateStudent342}, {X=http://www.Department10.University0.edu/UndergraduateStudent168}, {X=http://www.Department10.University0.edu/UndergraduateStudent144}, {X=http://www.Department10.University0.edu/UndergraduateStudent6}, {X=http://www.Department10.University0.edu/UndergraduateStudent311}, {X=http://www.Department10.University0.edu/GraduateStudent44}, {X=http://www.Department10.University0.edu/GraduateStudent30}, {X=http://www.Department10.University0.edu/UndergraduateStudent152}, {X=http://www.Department10.University0.edu/UndergraduateStudent72}, {X=http://www.Department10.University0.edu/UndergraduateStudent341}, {X=http://www.Department10.University0.edu/GraduateStudent46}, {X=http://www.Department10.University0.edu/UndergraduateStudent350}, {X=http://www.Department10.University0.edu/UndergraduateStudent336}, {X=http://www.Department10.University0.edu/GraduateStudent76}, {X=http://www.Department10.University0.edu/GraduateStudent40}, {X=http://www.Department10.University0.edu/UndergraduateStudent162}, {X=http://www.Department10.University0.edu/GraduateStudent97}, {X=http://www.Department10.University0.edu/UndergraduateStudent159}, {X=http://www.Department10.University0.edu/UndergraduateStudent109}, {X=http://www.Department10.University0.edu/UndergraduateStudent365}, {X=http://www.Department10.University0.edu/GraduateStudent99}, {X=http://www.Department10.University0.edu/UndergraduateStudent4}, {X=http://www.Department10.University0.edu/GraduateStudent62}, {X=http://www.Department10.University0.edu/GraduateStudent12}, {X=http://www.Department10.University0.edu/UndergraduateStudent379}, {X=http://www.Department10.University0.edu/GraduateStudent61}, {X=http://www.Department10.University0.edu/GraduateStudent124}, {X=http://www.Department10.University0.edu/UndergraduateStudent384}, {X=http://www.Department10.University0.edu/UndergraduateStudent192}, {X=http://www.Department10.University0.edu/UndergraduateStudent28}, {X=http://www.Department10.University0.edu/UndergraduateStudent42}, {X=http://www.Department10.University0.edu/UndergraduateStudent153}, {X=http://www.Department10.University0.edu/UndergraduateStudent160}, {X=http://www.Department10.University0.edu/UndergraduateStudent154}, {X=http://www.Department10.University0.edu/GraduateStudent29}, {X=http://www.Department10.University0.edu/GraduateStudent118}, {X=http://www.Department10.University0.edu/GraduateStudent80}, {X=http://www.Department10.University0.edu/UndergraduateStudent18}, {X=http://www.Department10.University0.edu/UndergraduateStudent328}, {X=http://www.Department10.University0.edu/GraduateStudent60}, {X=http://www.Department10.University0.edu/UndergraduateStudent315}, {X=http://www.Department10.University0.edu/UndergraduateStudent130}, {X=http://www.Department10.University0.edu/GraduateStudent113}, {X=http://www.Department10.University0.edu/UndergraduateStudent34}, {X=http://www.Department10.University0.edu/UndergraduateStudent231}, {X=http://www.Department10.University0.edu/GraduateStudent86}, {X=http://www.Department10.University0.edu/UndergraduateStudent229}, {X=http://www.Department10.University0.edu/UndergraduateStudent171}, {X=http://www.Department10.University0.edu/UndergraduateStudent303}, {X=http://www.Department10.University0.edu/UndergraduateStudent47}, {X=http://www.Department10.University0.edu/UndergraduateStudent94}, {X=http://www.Department10.University0.edu/GraduateStudent45}, {X=http://www.Department10.University0.edu/UndergraduateStudent318}, {X=http://www.Department10.University0.edu/GraduateStudent23}, {X=http://www.Department10.University0.edu/UndergraduateStudent35}, {X=http://www.Department10.University0.edu/UndergraduateStudent320}, {X=http://www.Department10.University0.edu/UndergraduateStudent113}, {X=http://www.Department10.University0.edu/UndergraduateStudent9}, {X=http://www.Department10.University0.edu/UndergraduateStudent258}, {X=http://www.Department10.University0.edu/UndergraduateStudent127}, {X=http://www.Department10.University0.edu/GraduateStudent70}, {X=http://www.Department10.University0.edu/UndergraduateStudent373}, {X=http://www.Department10.University0.edu/UndergraduateStudent78}, {X=http://www.Department10.University0.edu/GraduateStudent72}, {X=http://www.Department10.University0.edu/UndergraduateStudent238}, {X=http://www.Department10.University0.edu/UndergraduateStudent331}, {X=http://www.Department10.University0.edu/UndergraduateStudent209}, {X=http://www.Department10.University0.edu/UndergraduateStudent221}, {X=http://www.Department10.University0.edu/UndergraduateStudent326}, {X=http://www.Department10.University0.edu/UndergraduateStudent8}, {X=http://www.Department10.University0.edu/UndergraduateStudent87}, {X=http://www.Department10.University0.edu/UndergraduateStudent244}, {X=http://www.Department10.University0.edu/UndergraduateStudent300}, {X=http://www.Department10.University0.edu/UndergraduateStudent262}, {X=http://www.Department10.University0.edu/UndergraduateStudent10}, {X=http://www.Department10.University0.edu/UndergraduateStudent391}, {X=http://www.Department10.University0.edu/UndergraduateStudent356}, {X=http://www.Department10.University0.edu/GraduateStudent121}, {X=http://www.Department10.University0.edu/UndergraduateStudent346}, {X=http://www.Department10.University0.edu/UndergraduateStudent185}, {X=http://www.Department10.University0.edu/UndergraduateStudent301}, {X=http://www.Department10.University0.edu/GraduateStudent43}, {X=http://www.Department10.University0.edu/UndergraduateStudent404}, {X=http://www.Department10.University0.edu/UndergraduateStudent11}, {X=http://www.Department10.University0.edu/UndergraduateStudent316}, {X=http://www.Department10.University0.edu/UndergraduateStudent75}, {X=http://www.Department10.University0.edu/UndergraduateStudent93}, {X=http://www.Department10.University0.edu/GraduateStudent89}, {X=http://www.Department10.University0.edu/GraduateStudent136}, {X=http://www.Department10.University0.edu/UndergraduateStudent52}, {X=http://www.Department10.University0.edu/UndergraduateStudent358}, {X=http://www.Department10.University0.edu/UndergraduateStudent40}, {X=http://www.Department10.University0.edu/UndergraduateStudent37}, {X=http://www.Department10.University0.edu/UndergraduateStudent196}, {X=http://www.Department10.University0.edu/UndergraduateStudent164}, {X=http://www.Department10.University0.edu/UndergraduateStudent16}, {X=http://www.Department10.University0.edu/UndergraduateStudent17}, {X=http://www.Department10.University0.edu/GraduateStudent84}, {X=http://www.Department10.University0.edu/GraduateStudent132}, {X=http://www.Department10.University0.edu/UndergraduateStudent20}, {X=http://www.Department10.University0.edu/UndergraduateStudent294}, {X=http://www.Department10.University0.edu/UndergraduateStudent282}, {X=http://www.Department10.University0.edu/UndergraduateStudent388}, {X=http://www.Department10.University0.edu/UndergraduateStudent370}, {X=http://www.Department10.University0.edu/UndergraduateStudent216}, {X=http://www.Department10.University0.edu/GraduateStudent112}, {X=http://www.Department10.University0.edu/UndergraduateStudent292}, {X=http://www.Department10.University0.edu/UndergraduateStudent340}, {X=http://www.Department10.University0.edu/UndergraduateStudent270}, {X=http://www.Department10.University0.edu/UndergraduateStudent309}, {X=http://www.Department10.University0.edu/UndergraduateStudent142}, {X=http://www.Department10.University0.edu/UndergraduateStudent310}, {X=http://www.Department10.University0.edu/UndergraduateStudent129}, {X=http://www.Department10.University0.edu/UndergraduateStudent249}, {X=http://www.Department10.University0.edu/UndergraduateStudent410}, {X=http://www.Department10.University0.edu/UndergraduateStudent147}, {X=http://www.Department10.University0.edu/UndergraduateStudent59}, {X=http://www.Department10.University0.edu/UndergraduateStudent181}, {X=http://www.Department10.University0.edu/UndergraduateStudent386}, {X=http://www.Department10.University0.edu/UndergraduateStudent213}, {X=http://www.Department10.University0.edu/UndergraduateStudent295}, {X=http://www.Department10.University0.edu/GraduateStudent109}, {X=http://www.Department10.University0.edu/GraduateStudent105}, {X=http://www.Department10.University0.edu/UndergraduateStudent396}, {X=http://www.Department10.University0.edu/UndergraduateStudent121}, {X=http://www.Department10.University0.edu/GraduateStudent14}, {X=http://www.Department10.University0.edu/UndergraduateStudent212}, {X=http://www.Department10.University0.edu/GraduateStudent20}, {X=http://www.Department10.University0.edu/UndergraduateStudent66}, {X=http://www.Department10.University0.edu/UndergraduateStudent61}, {X=http://www.Department10.University0.edu/GraduateStudent64}, {X=http://www.Department10.University0.edu/UndergraduateStudent279}, {X=http://www.Department10.University0.edu/UndergraduateStudent74}, {X=http://www.Department10.University0.edu/UndergraduateStudent198}, {X=http://www.Department10.University0.edu/UndergraduateStudent277}, {X=http://www.Department10.University0.edu/UndergraduateStudent240}, {X=http://www.Department10.University0.edu/UndergraduateStudent304}, {X=http://www.Department10.University0.edu/UndergraduateStudent204}, {X=http://www.Department10.University0.edu/UndergraduateStudent252}, {X=http://www.Department10.University0.edu/UndergraduateStudent214}, {X=http://www.Department10.University0.edu/UndergraduateStudent149}, {X=http://www.Department10.University0.edu/GraduateStudent116}, {X=http://www.Department10.University0.edu/UndergraduateStudent116}, {X=http://www.Department10.University0.edu/UndergraduateStudent299}, {X=http://www.Department10.University0.edu/UndergraduateStudent3}, {X=http://www.Department10.University0.edu/UndergraduateStudent15}, {X=http://www.Department10.University0.edu/UndergraduateStudent261}, {X=http://www.Department10.University0.edu/GraduateStudent100}, {X=http://www.Department10.University0.edu/UndergraduateStudent80}, {X=http://www.Department10.University0.edu/UndergraduateStudent369}, {X=http://www.Department10.University0.edu/UndergraduateStudent406}, {X=http://www.Department10.University0.edu/UndergraduateStudent175}, {X=http://www.Department10.University0.edu/UndergraduateStudent148}, {X=http://www.Department10.University0.edu/GraduateStudent129}, {X=http://www.Department10.University0.edu/UndergraduateStudent228}, {X=http://www.Department10.University0.edu/UndergraduateStudent122}, {X=http://www.Department10.University0.edu/UndergraduateStudent102}, {X=http://www.Department10.University0.edu/UndergraduateStudent354}, {X=http://www.Department10.University0.edu/GraduateStudent115}, {X=http://www.Department10.University0.edu/UndergraduateStudent174}, {X=http://www.Department10.University0.edu/UndergraduateStudent155}, {X=http://www.Department10.University0.edu/UndergraduateStudent349}, {X=http://www.Department10.University0.edu/GraduateStudent82}, {X=http://www.Department10.University0.edu/UndergraduateStudent219}, {X=http://www.Department10.University0.edu/UndergraduateStudent243}, {X=http://www.Department10.University0.edu/UndergraduateStudent26}, {X=http://www.Department10.University0.edu/GraduateStudent9}, {X=http://www.Department10.University0.edu/UndergraduateStudent247}, {X=http://www.Department10.University0.edu/GraduateStudent49}, {X=http://www.Department10.University0.edu/UndergraduateStudent272}, {X=http://www.Department10.University0.edu/GraduateStudent108}, {X=http://www.Department10.University0.edu/GraduateStudent81}, {X=http://www.Department10.University0.edu/UndergraduateStudent239}, {X=http://www.Department10.University0.edu/UndergraduateStudent13}, {X=http://www.Department10.University0.edu/UndergraduateStudent195}, {X=http://www.Department10.University0.edu/UndergraduateStudent183}, {X=http://www.Department10.University0.edu/GraduateStudent94}, {X=http://www.Department10.University0.edu/UndergraduateStudent163}, {X=http://www.Department10.University0.edu/UndergraduateStudent27}, {X=http://www.Department10.University0.edu/GraduateStudent65}, {X=http://www.Department10.University0.edu/UndergraduateStudent30}, {X=http://www.Department10.University0.edu/UndergraduateStudent125}, {X=http://www.Department10.University0.edu/UndergraduateStudent14}, {X=http://www.Department10.University0.edu/UndergraduateStudent70}, {X=http://www.Department10.University0.edu/UndergraduateStudent53}, {X=http://www.Department10.University0.edu/UndergraduateStudent329}, {X=http://www.Department10.University0.edu/UndergraduateStudent139}, {X=http://www.Department10.University0.edu/GraduateStudent18}, {X=http://www.Department10.University0.edu/UndergraduateStudent333}, {X=http://www.Department10.University0.edu/UndergraduateStudent359}, {X=http://www.Department10.University0.edu/GraduateStudent19}, {X=http://www.Department10.University0.edu/UndergraduateStudent187}, {X=http://www.Department10.University0.edu/UndergraduateStudent202}, {X=http://www.Department10.University0.edu/GraduateStudent91}, {X=http://www.Department10.University0.edu/UndergraduateStudent385}, {X=http://www.Department10.University0.edu/UndergraduateStudent286}, {X=http://www.Department10.University0.edu/UndergraduateStudent206}, {X=http://www.Department10.University0.edu/UndergraduateStudent225}, {X=http://www.Department10.University0.edu/UndergraduateStudent182}, {X=http://www.Department10.University0.edu/UndergraduateStudent283}, {X=http://www.Department10.University0.edu/UndergraduateStudent161}, {X=http://www.Department10.University0.edu/UndergraduateStudent23}, {X=http://www.Department10.University0.edu/UndergraduateStudent401}, {X=http://www.Department10.University0.edu/GraduateStudent54}, {X=http://www.Department10.University0.edu/UndergraduateStudent321}, {X=http://www.Department10.University0.edu/UndergraduateStudent296}, {X=http://www.Department10.University0.edu/UndergraduateStudent178}, {X=http://www.Department10.University0.edu/UndergraduateStudent344}, {X=http://www.Department10.University0.edu/GraduateStudent25}, {X=http://www.Department10.University0.edu/UndergraduateStudent257}, {X=http://www.Department10.University0.edu/UndergraduateStudent63}, {X=http://www.Department10.University0.edu/UndergraduateStudent383}, {X=http://www.Department10.University0.edu/UndergraduateStudent57}, {X=http://www.Department10.University0.edu/GraduateStudent104}, {X=http://www.Department10.University0.edu/UndergraduateStudent335}, {X=http://www.Department10.University0.edu/UndergraduateStudent207}, {X=http://www.Department10.University0.edu/UndergraduateStudent248}, {X=http://www.Department10.University0.edu/GraduateStudent11}, {X=http://www.Department10.University0.edu/UndergraduateStudent298}, {X=http://www.Department10.University0.edu/UndergraduateStudent90}, {X=http://www.Department10.University0.edu/GraduateStudent13}, {X=http://www.Department10.University0.edu/UndergraduateStudent194}, {X=http://www.Department10.University0.edu/GraduateStudent10}, {X=http://www.Department10.University0.edu/UndergraduateStudent173}, {X=http://www.Department10.University0.edu/GraduateStudent68}, {X=http://www.Department10.University0.edu/UndergraduateStudent39}, {X=http://www.Department10.University0.edu/UndergraduateStudent217}, {X=http://www.Department10.University0.edu/UndergraduateStudent158}, {X=http://www.Department10.University0.edu/GraduateStudent93}, {X=http://www.Department10.University0.edu/UndergraduateStudent211}, {X=http://www.Department10.University0.edu/UndergraduateStudent382}, {X=http://www.Department10.University0.edu/GraduateStudent39}, {X=http://www.Department10.University0.edu/UndergraduateStudent201}, {X=http://www.Department10.University0.edu/GraduateStudent63}, {X=http://www.Department10.University0.edu/GraduateStudent52}, {X=http://www.Department10.University0.edu/UndergraduateStudent353}, {X=http://www.Department10.University0.edu/GraduateStudent101}, {X=http://www.Department10.University0.edu/GraduateStudent125}, {X=http://www.Department10.University0.edu/UndergraduateStudent2}, {X=http://www.Department10.University0.edu/UndergraduateStudent62}, {X=http://www.Department10.University0.edu/UndergraduateStudent22}, {X=http://www.Department10.University0.edu/UndergraduateStudent234}, {X=http://www.Department10.University0.edu/UndergraduateStudent308}, {X=http://www.Department10.University0.edu/UndergraduateStudent97}, {X=http://www.Department10.University0.edu/GraduateStudent4}, {X=http://www.Department10.University0.edu/UndergraduateStudent377}, {X=http://www.Department10.University0.edu/UndergraduateStudent41}, {X=http://www.Department10.University0.edu/UndergraduateStudent250}, {X=http://www.Department10.University0.edu/UndergraduateStudent330}, {X=http://www.Department10.University0.edu/UndergraduateStudent227}, {X=http://www.Department10.University0.edu/GraduateStudent96}, {X=http://www.Department10.University0.edu/UndergraduateStudent199}, {X=http://www.Department10.University0.edu/GraduateStudent131}, {X=http://www.Department10.University0.edu/UndergraduateStudent265}, {X=http://www.Department10.University0.edu/UndergraduateStudent131}, {X=http://www.Department10.University0.edu/UndergraduateStudent48}, {X=http://www.Department10.University0.edu/GraduateStudent33}, {X=http://www.Department10.University0.edu/UndergraduateStudent137}, {X=http://www.Department10.University0.edu/UndergraduateStudent281}, {X=http://www.Department10.University0.edu/UndergraduateStudent166}, {X=http://www.Department10.University0.edu/UndergraduateStudent233}, {X=http://www.Department10.University0.edu/GraduateStudent98}, {X=http://www.Department10.University0.edu/UndergraduateStudent67}, {X=http://www.Department10.University0.edu/UndergraduateStudent85}, {X=http://www.Department10.University0.edu/UndergraduateStudent88}, {X=http://www.Department10.University0.edu/UndergraduateStudent120}, {X=http://www.Department10.University0.edu/GraduateStudent123}, {X=http://www.Department10.University0.edu/GraduateStudent110}, {X=http://www.Department10.University0.edu/UndergraduateStudent36}, {X=http://www.Department10.University0.edu/UndergraduateStudent151}, {X=http://www.Department10.University0.edu/GraduateStudent31}, {X=http://www.Department10.University0.edu/UndergraduateStudent82}, {X=http://www.Department10.University0.edu/UndergraduateStudent241}, {X=http://www.Department10.University0.edu/GraduateStudent35}, {X=http://www.Department10.University0.edu/GraduateStudent34}, {X=http://www.Department10.University0.edu/UndergraduateStudent126}, {X=http://www.Department10.University0.edu/UndergraduateStudent184}, {X=http://www.Department10.University0.edu/UndergraduateStudent12}, {X=http://www.Department10.University0.edu/UndergraduateStudent169}, {X=http://www.Department10.University0.edu/UndergraduateStudent133}, {X=http://www.Department10.University0.edu/UndergraduateStudent84}, {X=http://www.Department10.University0.edu/GraduateStudent8}, {X=http://www.Department10.University0.edu/UndergraduateStudent403}, {X=http://www.Department10.University0.edu/GraduateStudent26}, {X=http://www.Department10.University0.edu/UndergraduateStudent60}, {X=http://www.Department10.University0.edu/UndergraduateStudent402}, {X=http://www.Department10.University0.edu/UndergraduateStudent210}, {X=http://www.Department10.University0.edu/GraduateStudent69}, {X=http://www.Department10.University0.edu/UndergraduateStudent123}, {X=http://www.Department10.University0.edu/UndergraduateStudent167}, {X=http://www.Department10.University0.edu/UndergraduateStudent361}, {X=http://www.Department10.University0.edu/GraduateStudent5}, {X=http://www.Department10.University0.edu/GraduateStudent55}, {X=http://www.Department10.University0.edu/GraduateStudent134}, {X=http://www.Department10.University0.edu/UndergraduateStudent200}, {X=http://www.Department10.University0.edu/GraduateStudent16}, {X=http://www.Department10.University0.edu/UndergraduateStudent29}, {X=http://www.Department10.University0.edu/UndergraduateStudent271}, {X=http://www.Department10.University0.edu/UndergraduateStudent322}, {X=http://www.Department10.University0.edu/UndergraduateStudent33}, {X=http://www.Department10.University0.edu/UndergraduateStudent405}, {X=http://www.Department10.University0.edu/UndergraduateStudent146}, {X=http://www.Department10.University0.edu/UndergraduateStudent56}, {X=http://www.Department10.University0.edu/UndergraduateStudent107}, {X=http://www.Department10.University0.edu/UndergraduateStudent170}, {X=http://www.Department10.University0.edu/UndergraduateStudent395}, {X=http://www.Department10.University0.edu/UndergraduateStudent230}, {X=http://www.Department10.University0.edu/GraduateStudent36}, {X=http://www.Department10.University0.edu/UndergraduateStudent352}, {X=http://www.Department10.University0.edu/UndergraduateStudent110}, {X=http://www.Department10.University0.edu/GraduateStudent74}, {X=http://www.Department10.University0.edu/GraduateStudent120}, {X=http://www.Department10.University0.edu/GraduateStudent83}, {X=http://www.Department10.University0.edu/UndergraduateStudent312}, {X=http://www.Department10.University0.edu/UndergraduateStudent141}, {X=http://www.Department10.University0.edu/GraduateStudent137}, {X=http://www.Department10.University0.edu/GraduateStudent75}, {X=http://www.Department10.University0.edu/UndergraduateStudent380}, {X=http://www.Department10.University0.edu/GraduateStudent117}, {X=http://www.Department10.University0.edu/GraduateStudent27}, {X=http://www.Department10.University0.edu/UndergraduateStudent389}, {X=http://www.Department10.University0.edu/UndergraduateStudent363}, {X=http://www.Department10.University0.edu/UndergraduateStudent105}, {X=http://www.Department10.University0.edu/GraduateStudent73}, {X=http://www.Department10.University0.edu/UndergraduateStudent280}, {X=http://www.Department10.University0.edu/UndergraduateStudent115}, {X=http://www.Department10.University0.edu/GraduateStudent58}, {X=http://www.Department10.University0.edu/UndergraduateStudent191}, {X=http://www.Department10.University0.edu/UndergraduateStudent79}, {X=http://www.Department10.University0.edu/UndergraduateStudent259}, {X=http://www.Department10.University0.edu/UndergraduateStudent324}, {X=http://www.Department10.University0.edu/UndergraduateStudent188}, {X=http://www.Department10.University0.edu/UndergraduateStudent100}, {X=http://www.Department10.University0.edu/UndergraduateStudent50}, {X=http://www.Department10.University0.edu/UndergraduateStudent65}, {X=http://www.Department10.University0.edu/UndergraduateStudent49}, {X=http://www.Department10.University0.edu/UndergraduateStudent140}, {X=http://www.Department10.University0.edu/UndergraduateStudent189}, {X=http://www.Department10.University0.edu/GraduateStudent17}, {X=http://www.Department10.University0.edu/GraduateStudent85}, {X=http://www.Department10.University0.edu/UndergraduateStudent366}, {X=http://www.Department10.University0.edu/UndergraduateStudent138}, {X=http://www.Department10.University0.edu/UndergraduateStudent136}, {X=http://www.Department10.University0.edu/UndergraduateStudent327}, {X=http://www.Department10.University0.edu/GraduateStudent119}, {X=http://www.Department10.University0.edu/UndergraduateStudent269}, {X=http://www.Department10.University0.edu/UndergraduateStudent73}, {X=http://www.Department10.University0.edu/UndergraduateStudent103}, {X=http://www.Department10.University0.edu/UndergraduateStudent54}, {X=http://www.Department10.University0.edu/GraduateStudent128}, {X=http://www.Department10.University0.edu/GraduateStudent130}, {X=http://www.Department10.University0.edu/UndergraduateStudent368}, {X=http://www.Department10.University0.edu/GraduateStudent87}, {X=http://www.Department10.University0.edu/UndergraduateStudent215}, {X=http://www.Department10.University0.edu/UndergraduateStudent351}, {X=http://www.Department10.University0.edu/GraduateStudent37}, {X=http://www.Department10.University0.edu/GraduateStudent79}, {X=http://www.Department10.University0.edu/UndergraduateStudent5}, {X=http://www.Department10.University0.edu/GraduateStudent41}, {X=http://www.Department10.University0.edu/GraduateStudent67}, {X=http://www.Department10.University0.edu/UndergraduateStudent134}, {X=http://www.Department10.University0.edu/UndergraduateStudent276}, {X=http://www.Department10.University0.edu/GraduateStudent42}, {X=http://www.Department10.University0.edu/UndergraduateStudent253}, {X=http://www.Department10.University0.edu/GraduateStudent22}, {X=http://www.Department10.University0.edu/UndergraduateStudent91}, {X=http://www.Department10.University0.edu/UndergraduateStudent355}, {X=http://www.Department10.University0.edu/UndergraduateStudent245}, {X=http://www.Department10.University0.edu/UndergraduateStudent357}, {X=http://www.Department10.University0.edu/UndergraduateStudent260}, {X=http://www.Department10.University0.edu/UndergraduateStudent150}, {X=http://www.Department10.University0.edu/UndergraduateStudent106}, {X=http://www.Department10.University0.edu/GraduateStudent48}, {X=http://www.Department10.University0.edu/UndergraduateStudent305}, {X=http://www.Department10.University0.edu/GraduateStudent7}, {X=http://www.Department10.University0.edu/UndergraduateStudent290}, {X=http://www.Department10.University0.edu/UndergraduateStudent343}, {X=http://www.Department10.University0.edu/UndergraduateStudent246}, {X=http://www.Department10.University0.edu/UndergraduateStudent302}, {X=http://www.Department10.University0.edu/UndergraduateStudent407}, {X=http://www.Department10.University0.edu/UndergraduateStudent348}, {X=http://www.Department10.University0.edu/UndergraduateStudent273}, {X=http://www.Department10.University0.edu/UndergraduateStudent128}, {X=http://www.Department10.University0.edu/UndergraduateStudent92}, {X=http://www.Department10.University0.edu/GraduateStudent71}, {X=http://www.Department10.University0.edu/GraduateStudent53}, {X=http://www.Department10.University0.edu/UndergraduateStudent7}, {X=http://www.Department10.University0.edu/UndergraduateStudent220}, {X=http://www.Department10.University0.edu/UndergraduateStudent409}, {X=http://www.Department10.University0.edu/UndergraduateStudent297}, {X=http://www.Department10.University0.edu/UndergraduateStudent83}, {X=http://www.Department10.University0.edu/UndergraduateStudent339}, {X=http://www.Department10.University0.edu/UndergraduateStudent394}, {X=http://www.Department10.University0.edu/UndergraduateStudent376}, {X=http://www.Department10.University0.edu/UndergraduateStudent21}, {X=http://www.Department10.University0.edu/UndergraduateStudent293}, {X=http://www.Department10.University0.edu/UndergraduateStudent218}, {X=http://www.Department10.University0.edu/UndergraduateStudent31}, {X=http://www.Department10.University0.edu/GraduateStudent111}, {X=http://www.Department10.University0.edu/UndergraduateStudent314}, {X=http://www.Department10.University0.edu/UndergraduateStudent332}, {X=http://www.Department10.University0.edu/GraduateStudent78}, {X=http://www.Department10.University0.edu/UndergraduateStudent284}, {X=http://www.Department10.University0.edu/UndergraduateStudent397}, {X=http://www.Department10.University0.edu/UndergraduateStudent51}, {X=http://www.Department10.University0.edu/GraduateStudent77}, {X=http://www.Department10.University0.edu/UndergraduateStudent104}, {X=http://www.Department10.University0.edu/GraduateStudent103}, {X=http://www.Department10.University0.edu/UndergraduateStudent323}, {X=http://www.Department10.University0.edu/GraduateStudent135}, {X=http://www.Department10.University0.edu/GraduateStudent126}, {X=http://www.Department10.University0.edu/UndergraduateStudent24}, {X=http://www.Department10.University0.edu/UndergraduateStudent317}, {X=http://www.Department10.University0.edu/UndergraduateStudent64}, {X=http://www.Department10.University0.edu/GraduateStudent59}, {X=http://www.Department10.University0.edu/UndergraduateStudent46}, {X=http://www.Department10.University0.edu/UndergraduateStudent266}, {X=http://www.Department10.University0.edu/GraduateStudent3}, {X=http://www.Department10.University0.edu/UndergraduateStudent256}, {X=http://www.Department10.University0.edu/UndergraduateStudent222}, {X=http://www.Department10.University0.edu/GraduateStudent6}, {X=http://www.Department10.University0.edu/UndergraduateStudent347}, {X=http://www.Department10.University0.edu/UndergraduateStudent275}, {X=http://www.Department10.University0.edu/UndergraduateStudent205}, {X=http://www.Department10.University0.edu/UndergraduateStudent381}, {X=http://www.Department10.University0.edu/UndergraduateStudent291}, {X=http://www.Department10.University0.edu/GraduateStudent107}, {X=http://www.Department10.University0.edu/UndergraduateStudent145}, {X=http://www.Department10.University0.edu/UndergraduateStudent237}, {X=http://www.Department10.University0.edu/UndergraduateStudent124}, {X=http://www.Department10.University0.edu/UndergraduateStudent197}, {X=http://www.Department10.University0.edu/UndergraduateStudent242}, {X=http://www.Department10.University0.edu/UndergraduateStudent372}, {X=http://www.Department10.University0.edu/UndergraduateStudent177}, {X=http://www.Department10.University0.edu/GraduateStudent102}, {X=http://www.Department10.University0.edu/GraduateStudent38}, {X=http://www.Department10.University0.edu/UndergraduateStudent43}, {X=http://www.Department10.University0.edu/UndergraduateStudent392}, {X=http://www.Department10.University0.edu/UndergraduateStudent98}, {X=http://www.Department10.University0.edu/GraduateStudent56}, {X=http://www.Department10.University0.edu/UndergraduateStudent223}, {X=http://www.Department10.University0.edu/UndergraduateStudent32}, {X=http://www.Department10.University0.edu/UndergraduateStudent319}, {X=http://www.Department10.University0.edu/UndergraduateStudent112}, {X=http://www.Department10.University0.edu/UndergraduateStudent44}, {X=http://www.Department10.University0.edu/UndergraduateStudent117}, {X=http://www.Department10.University0.edu/UndergraduateStudent289}, {X=http://www.Department10.University0.edu/UndergraduateStudent371}, {X=http://www.Department10.University0.edu/UndergraduateStudent263}, {X=http://www.Department10.University0.edu/UndergraduateStudent19}, {X=http://www.Department10.University0.edu/UndergraduateStudent390}, {X=http://www.Department10.University0.edu/UndergraduateStudent307}, {X=http://www.Department10.University0.edu/UndergraduateStudent1}, {X=http://www.Department10.University0.edu/UndergraduateStudent95}, {X=http://www.Department10.University0.edu/UndergraduateStudent288}, {X=http://www.Department10.University0.edu/GraduateStudent50}, {X=http://www.Department10.University0.edu/GraduateStudent28}, {X=http://www.Department10.University0.edu/GraduateStudent47}, {X=http://www.Department10.University0.edu/GraduateStudent24}, {X=http://www.Department10.University0.edu/GraduateStudent95}, {X=http://www.Department10.University0.edu/UndergraduateStudent393}, {X=http://www.Department10.University0.edu/UndergraduateStudent208}, {X=http://www.Department10.University0.edu/UndergraduateStudent68}, {X=http://www.Department10.University0.edu/UndergraduateStudent186}, {X=http://www.Department10.University0.edu/UndergraduateStudent114}, {X=http://www.Department10.University0.edu/UndergraduateStudent278}, {X=http://www.Department10.University0.edu/UndergraduateStudent232}, {X=http://www.Department10.University0.edu/UndergraduateStudent179}, {X=http://www.Department10.University0.edu/UndergraduateStudent360}, {X=http://www.Department10.University0.edu/UndergraduateStudent287}, {X=http://www.Department10.University0.edu/UndergraduateStudent274}, {X=http://www.Department10.University0.edu/GraduateStudent106}, {X=http://www.Department10.University0.edu/UndergraduateStudent89}, {X=http://www.Department10.University0.edu/UndergraduateStudent285}, {X=http://www.Department10.University0.edu/GraduateStudent133}, {X=http://www.Department10.University0.edu/UndergraduateStudent224}, {X=http://www.Department10.University0.edu/UndergraduateStudent387}, {X=http://www.Department10.University0.edu/UndergraduateStudent345}, {X=http://www.Department10.University0.edu/UndergraduateStudent364}, {X=http://www.Department10.University0.edu/UndergraduateStudent375}, {X=http://www.Department10.University0.edu/UndergraduateStudent156}, {X=http://www.Department10.University0.edu/UndergraduateStudent337}, {X=http://www.Department10.University0.edu/GraduateStudent32}, {X=http://www.Department10.University0.edu/UndergraduateStudent111}, {X=http://www.Department10.University0.edu/GraduateStudent92}, {X=http://www.Department10.University0.edu/UndergraduateStudent55}, {X=http://www.Department10.University0.edu/GraduateStudent90}, {X=http://www.Department10.University0.edu/GraduateStudent51}, {X=http://www.Department10.University0.edu/UndergraduateStudent193}, {X=http://www.Department10.University0.edu/UndergraduateStudent108}, {X=http://www.Department10.University0.edu/UndergraduateStudent400}, {X=http://www.Department10.University0.edu/UndergraduateStudent69}, {X=http://www.Department10.University0.edu/UndergraduateStudent132}, {X=http://www.Department10.University0.edu/UndergraduateStudent99}, {X=http://www.Department10.University0.edu/UndergraduateStudent226}, {X=http://www.Department10.University0.edu/UndergraduateStudent362}, {X=http://www.Department10.University0.edu/UndergraduateStudent81}, {X=http://www.Department10.University0.edu/UndergraduateStudent203}, {X=http://www.Department10.University0.edu/UndergraduateStudent334}, {X=http://www.Department10.University0.edu/GraduateStudent122}, {X=http://www.Department10.University0.edu/GraduateStudent1}, {X=http://www.Department10.University0.edu/GraduateStudent114}, {X=http://www.Department10.University0.edu/UndergraduateStudent378}, {X=http://www.Department10.University0.edu/UndergraduateStudent264}, {X=http://www.Department10.University0.edu/UndergraduateStudent338}, {X=http://www.Department10.University0.edu/GraduateStudent88}, {X=http://www.Department10.University0.edu/UndergraduateStudent176}, {X=http://www.Department10.University0.edu/GraduateStudent15}, {X=http://www.Department10.University0.edu/UndergraduateStudent45}, {X=http://www.Department10.University0.edu/UndergraduateStudent86}, {X=http://www.Department10.University0.edu/GraduateStudent127}, {X=http://www.Department10.University0.edu/UndergraduateStudent165}, {X=http://www.Department10.University0.edu/UndergraduateStudent172}, {X=http://www.Department10.University0.edu/UndergraduateStudent268}, {X=http://www.Department10.University0.edu/UndergraduateStudent251}, {X=http://www.Department10.University0.edu/GraduateStudent66}, {X=http://www.Department10.University0.edu/UndergraduateStudent254}, {X=http://www.Department10.University0.edu/UndergraduateStudent190}, {X=http://www.Department10.University0.edu/UndergraduateStudent408}, {X=http://www.Department10.University0.edu/GraduateStudent2}, {X=http://www.Department10.University0.edu/UndergraduateStudent118}, {X=http://www.Department10.University0.edu/UndergraduateStudent367}, {X=http://www.Department10.University0.edu/UndergraduateStudent77}, {X=http://www.Department10.University0.edu/UndergraduateStudent374}, {X=http://www.Department10.University0.edu/UndergraduateStudent398}, {X=http://www.Department10.University0.edu/UndergraduateStudent135}, {X=http://www.Department10.University0.edu/UndergraduateStudent58}, {X=http://www.Department10.University0.edu/UndergraduateStudent306}, {X=http://www.Department10.University0.edu/GraduateStudent0}, {X=http://www.Department10.University0.edu/UndergraduateStudent71}, {X=http://www.Department10.University0.edu/UndergraduateStudent157}, {X=http://www.Department10.University0.edu/UndergraduateStudent119}, {X=http://www.Department10.University0.edu/UndergraduateStudent235}, {X=http://www.Department10.University0.edu/UndergraduateStudent25}, {X=http://www.Department10.University0.edu/UndergraduateStudent325}, {X=http://www.Department10.University0.edu/GraduateStudent21}, {X=http://www.Department10.University0.edu/UndergraduateStudent236}, {X=http://www.Department10.University0.edu/UndergraduateStudent96}, {X=http://www.Department10.University0.edu/UndergraduateStudent255}, {X=http://www.Department10.University0.edu/UndergraduateStudent0}, {X=http://www.Department10.University0.edu/UndergraduateStudent313}, {X=http://www.Department10.University0.edu/UndergraduateStudent399}, {X=http://www.Department10.University0.edu/UndergraduateStudent267}, {X=http://www.Department10.University0.edu/UndergraduateStudent38}, {X=http://www.Department10.University0.edu/GraduateStudent57}, {X=http://www.Department10.University0.edu/UndergraduateStudent180}, {X=http://www.Department10.University0.edu/UndergraduateStudent101}, {X=http://www.Department10.University0.edu/UndergraduateStudent76}, {X=http://www.Department10.University0.edu/UndergraduateStudent143}, {X=http://www.Department10.University0.edu/UndergraduateStudent342}, {X=http://www.Department10.University0.edu/UndergraduateStudent168}, {X=http://www.Department10.University0.edu/UndergraduateStudent144}, {X=http://www.Department10.University0.edu/UndergraduateStudent6}, {X=http://www.Department10.University0.edu/UndergraduateStudent311}, {X=http://www.Department10.University0.edu/GraduateStudent44}, {X=http://www.Department10.University0.edu/GraduateStudent30}, {X=http://www.Department10.University0.edu/UndergraduateStudent152}, {X=http://www.Department10.University0.edu/UndergraduateStudent72}, {X=http://www.Department10.University0.edu/UndergraduateStudent341}, {X=http://www.Department10.University0.edu/GraduateStudent46}, {X=http://www.Department10.University0.edu/UndergraduateStudent350}, {X=http://www.Department10.University0.edu/UndergraduateStudent336}, {X=http://www.Department10.University0.edu/GraduateStudent76}, {X=http://www.Department10.University0.edu/GraduateStudent40}, {X=http://www.Department10.University0.edu/UndergraduateStudent162}, {X=http://www.Department10.University0.edu/GraduateStudent97}, {X=http://www.Department10.University0.edu/UndergraduateStudent159}, {X=http://www.Department10.University0.edu/UndergraduateStudent109}, {X=http://www.Department10.University0.edu/UndergraduateStudent365}, {X=http://www.Department10.University0.edu/GraduateStudent99}, {X=http://www.Department10.University0.edu/UndergraduateStudent4}, {X=http://www.Department10.University0.edu/GraduateStudent62}, {X=http://www.Department10.University0.edu/GraduateStudent12}, {X=http://www.Department10.University0.edu/UndergraduateStudent379}, {X=http://www.Department10.University0.edu/GraduateStudent61}, {X=http://www.Department10.University0.edu/GraduateStudent124}, {X=http://www.Department10.University0.edu/UndergraduateStudent384}, {X=http://www.Department10.University0.edu/UndergraduateStudent192}, {X=http://www.Department10.University0.edu/UndergraduateStudent28}, {X=http://www.Department10.University0.edu/UndergraduateStudent42}, {X=http://www.Department10.University0.edu/UndergraduateStudent153}, {X=http://www.Department10.University0.edu/UndergraduateStudent160}, {X=http://www.Department10.University0.edu/UndergraduateStudent154}, {X=http://www.Department10.University0.edu/GraduateStudent29}, {X=http://www.Department10.University0.edu/GraduateStudent118}, {X=http://www.Department10.University0.edu/GraduateStudent80}, {X=http://www.Department10.University0.edu/UndergraduateStudent18}, {X=http://www.Department10.University0.edu/UndergraduateStudent328}, {X=http://www.Department10.University0.edu/GraduateStudent60}, {X=http://www.Department10.University0.edu/UndergraduateStudent315}, {X=http://www.Department10.University0.edu/UndergraduateStudent130}, {X=http://www.Department10.University0.edu/GraduateStudent113}, {X=http://www.Department10.University0.edu/UndergraduateStudent34}, {X=http://www.Department10.University0.edu/UndergraduateStudent231}, {X=http://www.Department10.University0.edu/GraduateStudent86}, {X=http://www.Department10.University0.edu/UndergraduateStudent229}, {X=http://www.Department10.University0.edu/UndergraduateStudent171}, {X=http://www.Department10.University0.edu/UndergraduateStudent303}, {X=http://www.Department10.University0.edu/UndergraduateStudent47}, {X=http://www.Department10.University0.edu/UndergraduateStudent94}, {X=http://www.Department10.University0.edu/GraduateStudent45}, {X=http://www.Department10.University0.edu/UndergraduateStudent318}, {X=http://www.Department10.University0.edu/GraduateStudent23}, {X=http://www.Department10.University0.edu/UndergraduateStudent35}, {X=http://www.Department10.University0.edu/UndergraduateStudent320}, {X=http://www.Department10.University0.edu/UndergraduateStudent113}, {X=http://www.Department10.University0.edu/UndergraduateStudent9}, {X=http://www.Department10.University0.edu/UndergraduateStudent258}, {X=http://www.Department10.University0.edu/UndergraduateStudent127}, {X=http://www.Department10.University0.edu/GraduateStudent70}, {X=http://www.Department10.University0.edu/UndergraduateStudent373}, {X=http://www.Department10.University0.edu/UndergraduateStudent78}, {X=http://www.Department10.University0.edu/GraduateStudent72}, {X=http://www.Department10.University0.edu/UndergraduateStudent238}, {X=http://www.Department10.University0.edu/UndergraduateStudent331}, {X=http://www.Department10.University0.edu/UndergraduateStudent209}, {X=http://www.Department10.University0.edu/UndergraduateStudent221}, {X=http://www.Department10.University0.edu/UndergraduateStudent326}, {X=http://www.Department10.University0.edu/UndergraduateStudent8}, {X=http://www.Department10.University0.edu/UndergraduateStudent87}, {X=http://www.Department10.University0.edu/UndergraduateStudent244}, {X=http://www.Department10.University0.edu/UndergraduateStudent300}, {X=http://www.Department10.University0.edu/UndergraduateStudent262}, {X=http://www.Department10.University0.edu/UndergraduateStudent10}, {X=http://www.Department10.University0.edu/UndergraduateStudent391}, {X=http://www.Department10.University0.edu/UndergraduateStudent356}, {X=http://www.Department10.University0.edu/GraduateStudent121}, {X=http://www.Department10.University0.edu/UndergraduateStudent346}, {X=http://www.Department10.University0.edu/UndergraduateStudent185}, {X=http://www.Department10.University0.edu/UndergraduateStudent301}, {X=http://www.Department10.University0.edu/GraduateStudent43}, {X=http://www.Department10.University0.edu/UndergraduateStudent404}, {X=http://www.Department10.University0.edu/UndergraduateStudent11}, {X=http://www.Department10.University0.edu/UndergraduateStudent316}, {X=http://www.Department10.University0.edu/UndergraduateStudent75}, {X=http://www.Department10.University0.edu/UndergraduateStudent93}, {X=http://www.Department10.University0.edu/GraduateStudent89}, {X=http://www.Department10.University0.edu/GraduateStudent136}, {X=http://www.Department10.University0.edu/UndergraduateStudent52}, {X=http://www.Department10.University0.edu/UndergraduateStudent358}, {X=http://www.Department10.University0.edu/UndergraduateStudent40}, {X=http://www.Department10.University0.edu/UndergraduateStudent37}, {X=http://www.Department10.University0.edu/UndergraduateStudent196}, {X=http://www.Department10.University0.edu/UndergraduateStudent164}, {X=http://www.Department10.University0.edu/UndergraduateStudent16}, {X=http://www.Department10.University0.edu/UndergraduateStudent17}, {X=http://www.Department10.University0.edu/GraduateStudent84}, {X=http://www.Department10.University0.edu/GraduateStudent132}, {X=http://www.Department10.University0.edu/UndergraduateStudent20}, {X=http://www.Department10.University0.edu/UndergraduateStudent294}, {X=http://www.Department10.University0.edu/UndergraduateStudent282}, {X=http://www.Department10.University0.edu/UndergraduateStudent388}, {X=http://www.Department10.University0.edu/UndergraduateStudent370}, {X=http://www.Department10.University0.edu/UndergraduateStudent216}, {X=http://www.Department10.University0.edu/GraduateStudent112}, {X=http://www.Department10.University0.edu/UndergraduateStudent292}, {X=http://www.Department10.University0.edu/UndergraduateStudent340}, {X=http://www.Department10.University0.edu/UndergraduateStudent270}, {X=http://www.Department10.University0.edu/UndergraduateStudent309}, {X=http://www.Department10.University0.edu/UndergraduateStudent142}, {X=http://www.Department10.University0.edu/UndergraduateStudent310}, {X=http://www.Department10.University0.edu/UndergraduateStudent129}, {X=http://www.Department10.University0.edu/UndergraduateStudent249}, {X=http://www.Department10.University0.edu/UndergraduateStudent410}, {X=http://www.Department10.University0.edu/UndergraduateStudent147}, {X=http://www.Department10.University0.edu/UndergraduateStudent59}, {X=http://www.Department10.University0.edu/UndergraduateStudent181}, {X=http://www.Department10.University0.edu/UndergraduateStudent386}, {X=http://www.Department10.University0.edu/UndergraduateStudent213}, {X=http://www.Department10.University0.edu/UndergraduateStudent295}, {X=http://www.Department10.University0.edu/GraduateStudent109}, {X=http://www.Department10.University0.edu/GraduateStudent105}, {X=http://www.Department10.University0.edu/UndergraduateStudent396}, {X=http://www.Department10.University0.edu/UndergraduateStudent121}, {X=http://www.Department10.University0.edu/GraduateStudent14}, {X=http://www.Department10.University0.edu/UndergraduateStudent212}, {X=http://www.Department10.University0.edu/GraduateStudent20}, {X=http://www.Department10.University0.edu/UndergraduateStudent66}, {X=http://www.Department10.University0.edu/UndergraduateStudent61}, {X=http://www.Department10.University0.edu/GraduateStudent64}, {X=http://www.Department10.University0.edu/UndergraduateStudent279}, {X=http://www.Department10.University0.edu/UndergraduateStudent74}, {X=http://www.Department10.University0.edu/UndergraduateStudent198}, {X=http://www.Department10.University0.edu/UndergraduateStudent277}, {X=http://www.Department10.University0.edu/UndergraduateStudent240}, {X=http://www.Department10.University0.edu/UndergraduateStudent304}, {X=http://www.Department10.University0.edu/UndergraduateStudent204}, {X=http://www.Department10.University0.edu/UndergraduateStudent252}, {X=http://www.Department10.University0.edu/UndergraduateStudent214}, {X=http://www.Department10.University0.edu/UndergraduateStudent149}, {X=http://www.Department10.University0.edu/GraduateStudent116}, {X=http://www.Department10.University0.edu/UndergraduateStudent116}, {X=http://www.Department10.University0.edu/UndergraduateStudent299}, {X=http://www.Department10.University0.edu/UndergraduateStudent3}, {X=http://www.Department10.University0.edu/UndergraduateStudent15}, {X=http://www.Department10.University0.edu/UndergraduateStudent261}, {X=http://www.Department10.University0.edu/GraduateStudent100}, {X=http://www.Department10.University0.edu/UndergraduateStudent80}, {X=http://www.Department10.University0.edu/UndergraduateStudent369}, {X=http://www.Department10.University0.edu/UndergraduateStudent406}, {X=http://www.Department10.University0.edu/UndergraduateStudent175}, {X=http://www.Department10.University0.edu/UndergraduateStudent148}, {X=http://www.Department10.University0.edu/GraduateStudent129}, {X=http://www.Department10.University0.edu/UndergraduateStudent228}, {X=http://www.Department10.University0.edu/UndergraduateStudent122}, {X=http://www.Department10.University0.edu/UndergraduateStudent102}, {X=http://www.Department10.University0.edu/UndergraduateStudent354}, {X=http://www.Department10.University0.edu/GraduateStudent115}, {X=http://www.Department10.University0.edu/UndergraduateStudent174}, {X=http://www.Department10.University0.edu/UndergraduateStudent155}, {X=http://www.Department10.University0.edu/UndergraduateStudent349}, {X=http://www.Department10.University0.edu/GraduateStudent82}, {X=http://www.Department10.University0.edu/UndergraduateStudent219}, {X=http://www.Department10.University0.edu/UndergraduateStudent243}, {X=http://www.Department10.University0.edu/UndergraduateStudent26}, {X=http://www.Department10.University0.edu/GraduateStudent9}, {X=http://www.Department10.University0.edu/UndergraduateStudent247}, {X=http://www.Department10.University0.edu/GraduateStudent49}, {X=http://www.Department10.University0.edu/UndergraduateStudent272}, {X=http://www.Department10.University0.edu/GraduateStudent108}, {X=http://www.Department10.University0.edu/GraduateStudent81}, {X=http://www.Department10.University0.edu/UndergraduateStudent239}, {X=http://www.Department10.University0.edu/UndergraduateStudent13}, {X=http://www.Department10.University0.edu/UndergraduateStudent195}, {X=http://www.Department10.University0.edu/UndergraduateStudent183}, {X=http://www.Department10.University0.edu/GraduateStudent94}, {X=http://www.Department10.University0.edu/UndergraduateStudent163}, {X=http://www.Department10.University0.edu/UndergraduateStudent27}, {X=http://www.Department10.University0.edu/GraduateStudent65}, {X=http://www.Department10.University0.edu/UndergraduateStudent30}, {X=http://www.Department10.University0.edu/UndergraduateStudent125}, {X=http://www.Department10.University0.edu/UndergraduateStudent14}, {X=http://www.Department10.University0.edu/UndergraduateStudent70}, {X=http://www.Department10.University0.edu/UndergraduateStudent53}, {X=http://www.Department10.University0.edu/UndergraduateStudent329}, {X=http://www.Department10.University0.edu/UndergraduateStudent139}, {X=http://www.Department10.University0.edu/GraduateStudent18}, {X=http://www.Department10.University0.edu/UndergraduateStudent333}, {X=http://www.Department10.University0.edu/UndergraduateStudent359}, {X=http://www.Department10.University0.edu/GraduateStudent19}, {X=http://www.Department10.University0.edu/UndergraduateStudent187}, {X=http://www.Department10.University0.edu/UndergraduateStudent202}, {X=http://www.Department10.University0.edu/GraduateStudent91}, {X=http://www.Department10.University0.edu/UndergraduateStudent385}, {X=http://www.Department10.University0.edu/UndergraduateStudent286}, {X=http://www.Department10.University0.edu/UndergraduateStudent206}, {X=http://www.Department10.University0.edu/UndergraduateStudent225}, {X=http://www.Department10.University0.edu/UndergraduateStudent182}, {X=http://www.Department10.University0.edu/UndergraduateStudent283}, {X=http://www.Department10.University0.edu/UndergraduateStudent161}, {X=http://www.Department10.University0.edu/UndergraduateStudent23}, {X=http://www.Department10.University0.edu/UndergraduateStudent401}, {X=http://www.Department10.University0.edu/GraduateStudent54}, {X=http://www.Department10.University0.edu/UndergraduateStudent321}, {X=http://www.Department10.University0.edu/UndergraduateStudent296}, {X=http://www.Department10.University0.edu/UndergraduateStudent178}, {X=http://www.Department10.University0.edu/UndergraduateStudent344}, {X=http://www.Department10.University0.edu/GraduateStudent25}, {X=http://www.Department10.University0.edu/UndergraduateStudent257}, {X=http://www.Department10.University0.edu/UndergraduateStudent63}, {X=http://www.Department10.University0.edu/UndergraduateStudent383}, {X=http://www.Department10.University0.edu/UndergraduateStudent57}, {X=http://www.Department10.University0.edu/GraduateStudent104}, {X=http://www.Department10.University0.edu/UndergraduateStudent335}, {X=http://www.Department10.University0.edu/UndergraduateStudent207}, {X=http://www.Department10.University0.edu/UndergraduateStudent248}, {X=http://www.Department10.University0.edu/GraduateStudent11}, {X=http://www.Department10.University0.edu/UndergraduateStudent298}, {X=http://www.Department10.University0.edu/UndergraduateStudent90}, {X=http://www.Department10.University0.edu/GraduateStudent13}, {X=http://www.Department10.University0.edu/UndergraduateStudent194}, {X=http://www.Department10.University0.edu/GraduateStudent10}, {X=http://www.Department10.University0.edu/UndergraduateStudent173}, {X=http://www.Department10.University0.edu/GraduateStudent68}, {X=http://www.Department10.University0.edu/UndergraduateStudent39}, {X=http://www.Department10.University0.edu/UndergraduateStudent217}, {X=http://www.Department10.University0.edu/UndergraduateStudent158}, {X=http://www.Department10.University0.edu/GraduateStudent93}, {X=http://www.Department10.University0.edu/UndergraduateStudent211}, {X=http://www.Department10.University0.edu/UndergraduateStudent382}, {X=http://www.Department10.University0.edu/GraduateStudent39}, {X=http://www.Department10.University0.edu/UndergraduateStudent201}, {X=http://www.Department10.University0.edu/GraduateStudent63}, {X=http://www.Department10.University0.edu/GraduateStudent52}, {X=http://www.Department10.University0.edu/UndergraduateStudent353}, {X=http://www.Department10.University0.edu/GraduateStudent101}, {X=http://www.Department10.University0.edu/GraduateStudent125}, {X=http://www.Department10.University0.edu/UndergraduateStudent2}, {X=http://www.Department10.University0.edu/UndergraduateStudent62}, {X=http://www.Department10.University0.edu/UndergraduateStudent22}, {X=http://www.Department10.University0.edu/UndergraduateStudent234}, {X=http://www.Department10.University0.edu/UndergraduateStudent308}, {X=http://www.Department10.University0.edu/UndergraduateStudent97}, {X=http://www.Department10.University0.edu/GraduateStudent4}, {X=http://www.Department10.University0.edu/UndergraduateStudent377}, {X=http://www.Department10.University0.edu/UndergraduateStudent41}, {X=http://www.Department10.University0.edu/UndergraduateStudent250}, {X=http://www.Department10.University0.edu/UndergraduateStudent330}, {X=http://www.Department10.University0.edu/UndergraduateStudent227}, {X=http://www.Department10.University0.edu/GraduateStudent96}, {X=http://www.Department10.University0.edu/UndergraduateStudent199}, {X=http://www.Department10.University0.edu/GraduateStudent131}, {X=http://www.Department10.University0.edu/UndergraduateStudent265}, {X=http://www.Department10.University0.edu/UndergraduateStudent131}, {X=http://www.Department10.University0.edu/UndergraduateStudent48}, {X=http://www.Department10.University0.edu/GraduateStudent33}, {X=http://www.Department10.University0.edu/UndergraduateStudent137}, {X=http://www.Department10.University0.edu/UndergraduateStudent281}, {X=http://www.Department10.University0.edu/UndergraduateStudent166}, {X=http://www.Department10.University0.edu/UndergraduateStudent233}, {X=http://www.Department10.University0.edu/GraduateStudent98}, {X=http://www.Department10.University0.edu/UndergraduateStudent67}, {X=http://www.Department10.University0.edu/UndergraduateStudent85}, {X=http://www.Department10.University0.edu/UndergraduateStudent88}, {X=http://www.Department10.University0.edu/UndergraduateStudent120}, {X=http://www.Department10.University0.edu/GraduateStudent123}, {X=http://www.Department10.University0.edu/GraduateStudent110}, {X=http://www.Department10.University0.edu/UndergraduateStudent36}, {X=http://www.Department10.University0.edu/UndergraduateStudent151}, {X=http://www.Department10.University0.edu/GraduateStudent31}, {X=http://www.Department10.University0.edu/UndergraduateStudent82}, {X=http://www.Department10.University0.edu/UndergraduateStudent241}, {X=http://www.Department10.University0.edu/GraduateStudent35}, {X=http://www.Department10.University0.edu/GraduateStudent34}, {X=http://www.Department10.University0.edu/UndergraduateStudent126}, {X=http://www.Department10.University0.edu/UndergraduateStudent184}, {X=http://www.Department10.University0.edu/UndergraduateStudent12}, {X=http://www.Department10.University0.edu/UndergraduateStudent169}, {X=http://www.Department10.University0.edu/UndergraduateStudent133}, {X=http://www.Department10.University0.edu/UndergraduateStudent84}, {X=http://www.Department10.University0.edu/GraduateStudent8}, {X=http://www.Department10.University0.edu/UndergraduateStudent403}, {X=http://www.Department10.University0.edu/GraduateStudent26}, {X=http://www.Department10.University0.edu/UndergraduateStudent60}, {X=http://www.Department10.University0.edu/UndergraduateStudent402}, {X=http://www.Department10.University0.edu/UndergraduateStudent210}, {X=http://www.Department10.University0.edu/GraduateStudent69}, {X=http://www.Department10.University0.edu/UndergraduateStudent123}, {X=http://www.Department10.University0.edu/UndergraduateStudent167}, {X=http://www.Department10.University0.edu/UndergraduateStudent361}, {X=http://www.Department10.University0.edu/GraduateStudent5}, {X=http://www.Department10.University0.edu/GraduateStudent55}, {X=http://www.Department10.University0.edu/GraduateStudent134}, {X=http://www.Department10.University0.edu/UndergraduateStudent200}, {X=http://www.Department10.University0.edu/GraduateStudent16}, {X=http://www.Department10.University0.edu/UndergraduateStudent29}, {X=http://www.Department10.University0.edu/UndergraduateStudent271}, {X=http://www.Department10.University0.edu/UndergraduateStudent322}, {X=http://www.Department10.University0.edu/UndergraduateStudent33}, {X=http://www.Department10.University0.edu/UndergraduateStudent405}, {X=http://www.Department10.University0.edu/UndergraduateStudent146}, {X=http://www.Department10.University0.edu/UndergraduateStudent56}, {X=http://www.Department10.University0.edu/UndergraduateStudent107}, {X=http://www.Department10.University0.edu/UndergraduateStudent170}, {X=http://www.Department10.University0.edu/UndergraduateStudent395}, {X=http://www.Department10.University0.edu/UndergraduateStudent230}, {X=http://www.Department10.University0.edu/GraduateStudent36}, {X=http://www.Department10.University0.edu/UndergraduateStudent352}, {X=http://www.Department10.University0.edu/UndergraduateStudent110}, {X=http://www.Department10.University0.edu/GraduateStudent74}, {X=http://www.Department10.University0.edu/GraduateStudent120}, {X=http://www.Department10.University0.edu/GraduateStudent83}, {X=http://www.Department10.University0.edu/UndergraduateStudent312}, {X=http://www.Department10.University0.edu/UndergraduateStudent141}, {X=http://www.Department10.University0.edu/GraduateStudent137}, {X=http://www.Department10.University0.edu/GraduateStudent75}, {X=http://www.Department10.University0.edu/UndergraduateStudent380}, {X=http://www.Department10.University0.edu/GraduateStudent117}, {X=http://www.Department10.University0.edu/GraduateStudent27}, {X=http://www.Department10.University0.edu/UndergraduateStudent389}, {X=http://www.Department10.University0.edu/UndergraduateStudent363}, {X=http://www.Department10.University0.edu/UndergraduateStudent105}, {X=http://www.Department10.University0.edu/GraduateStudent73}, {X=http://www.Department10.University0.edu/UndergraduateStudent280}, {X=http://www.Department10.University0.edu/UndergraduateStudent115}, {X=http://www.Department10.University0.edu/GraduateStudent58}, {X=http://www.Department10.University0.edu/UndergraduateStudent191}, {X=http://www.Department10.University0.edu/UndergraduateStudent79}, {X=http://www.Department10.University0.edu/UndergraduateStudent259}, {X=http://www.Department10.University0.edu/UndergraduateStudent324}, {X=http://www.Department10.University0.edu/UndergraduateStudent188}, {X=http://www.Department10.University0.edu/UndergraduateStudent100}, {X=http://www.Department10.University0.edu/UndergraduateStudent50}, {X=http://www.Department10.University0.edu/UndergraduateStudent65}, {X=http://www.Department10.University0.edu/UndergraduateStudent49}, {X=http://www.Department10.University0.edu/UndergraduateStudent140}, {X=http://www.Department10.University0.edu/UndergraduateStudent189}, {X=http://www.Department10.University0.edu/GraduateStudent17}, {X=http://www.Department10.University0.edu/GraduateStudent85}, {X=http://www.Department10.University0.edu/UndergraduateStudent366}, {X=http://www.Department10.University0.edu/UndergraduateStudent138}, {X=http://www.Department10.University0.edu/UndergraduateStudent136}, {X=http://www.Department10.University0.edu/UndergraduateStudent327}, {X=http://www.Department10.University0.edu/GraduateStudent119}, {X=http://www.Department10.University0.edu/UndergraduateStudent269}, {X=http://www.Department10.University0.edu/UndergraduateStudent73}, {X=http://www.Department10.University0.edu/UndergraduateStudent103}, {X=http://www.Department10.University0.edu/UndergraduateStudent54}, {X=http://www.Department10.University0.edu/GraduateStudent128}, {X=http://www.Department10.University0.edu/GraduateStudent130}, {X=http://www.Department10.University0.edu/UndergraduateStudent368}, {X=http://www.Department10.University0.edu/GraduateStudent87}, {X=http://www.Department10.University0.edu/UndergraduateStudent215}, {X=http://www.Department10.University0.edu/UndergraduateStudent351}, {X=http://www.Department10.University0.edu/GraduateStudent37}, {X=http://www.Department10.University0.edu/GraduateStudent79}, {X=http://www.Department10.University0.edu/UndergraduateStudent5}, {X=http://www.Department10.University0.edu/GraduateStudent41}, {X=http://www.Department10.University0.edu/GraduateStudent67}, {X=http://www.Department10.University0.edu/UndergraduateStudent134}, {X=http://www.Department10.University0.edu/UndergraduateStudent276}, {X=http://www.Department10.University0.edu/GraduateStudent42}, {X=http://www.Department10.University0.edu/UndergraduateStudent253}, {X=http://www.Department10.University0.edu/GraduateStudent22}, {X=http://www.Department10.University0.edu/UndergraduateStudent91}, {X=http://www.Department10.University0.edu/UndergraduateStudent355}, {X=http://www.Department10.University0.edu/UndergraduateStudent245}, {X=http://www.Department10.University0.edu/UndergraduateStudent357}, {X=http://www.Department10.University0.edu/UndergraduateStudent260}, {X=http://www.Department10.University0.edu/UndergraduateStudent150}, {X=http://www.Department10.University0.edu/UndergraduateStudent106}, {X=http://www.Department10.University0.edu/GraduateStudent48}, {X=http://www.Department10.University0.edu/UndergraduateStudent305}, {X=http://www.Department10.University0.edu/GraduateStudent7}, {X=http://www.Department10.University0.edu/UndergraduateStudent290}, {X=http://www.Department10.University0.edu/UndergraduateStudent343}, {X=http://www.Department10.University0.edu/UndergraduateStudent246}, {X=http://www.Department10.University0.edu/UndergraduateStudent302}, {X=http://www.Department10.University0.edu/UndergraduateStudent407}, {X=http://www.Department10.University0.edu/UndergraduateStudent348}, {X=http://www.Department10.University0.edu/UndergraduateStudent273}, {X=http://www.Department10.University0.edu/UndergraduateStudent128}, {X=http://www.Department10.University0.edu/UndergraduateStudent92}, {X=http://www.Department10.University0.edu/GraduateStudent71}, {X=http://www.Department10.University0.edu/GraduateStudent53}, {X=http://www.Department10.University0.edu/UndergraduateStudent7}, {X=http://www.Department10.University0.edu/UndergraduateStudent220}, {X=http://www.Department10.University0.edu/UndergraduateStudent409}, {X=http://www.Department10.University0.edu/UndergraduateStudent297}, {X=http://www.Department10.University0.edu/UndergraduateStudent83}, {X=http://www.Department10.University0.edu/UndergraduateStudent339}, {X=http://www.Department10.University0.edu/UndergraduateStudent394}, {X=http://www.Department10.University0.edu/UndergraduateStudent376}, {X=http://www.Department10.University0.edu/UndergraduateStudent21}, {X=http://www.Department10.University0.edu/UndergraduateStudent293}, {X=http://www.Department10.University0.edu/UndergraduateStudent218}, {X=http://www.Department10.University0.edu/UndergraduateStudent31}, {X=http://www.Department10.University0.edu/GraduateStudent111}, {X=http://www.Department10.University0.edu/UndergraduateStudent314}, {X=http://www.Department10.University0.edu/UndergraduateStudent332}, {X=http://www.Department10.University0.edu/GraduateStudent78}, {X=http://www.Department10.University0.edu/UndergraduateStudent284}, {X=http://www.Department10.University0.edu/UndergraduateStudent397}, {X=http://www.Department10.University0.edu/UndergraduateStudent51}, {X=http://www.Department10.University0.edu/GraduateStudent77}, {X=http://www.Department10.University0.edu/UndergraduateStudent104}, {X=http://www.Department10.University0.edu/GraduateStudent103}, {X=http://www.Department10.University0.edu/UndergraduateStudent323}, {X=http://www.Department10.University0.edu/GraduateStudent135}, {X=http://www.Department10.University0.edu/GraduateStudent126}, {X=http://www.Department10.University0.edu/UndergraduateStudent24}, {X=http://www.Department10.University0.edu/UndergraduateStudent317}, {X=http://www.Department10.University0.edu/UndergraduateStudent64}, {X=http://www.Department10.University0.edu/GraduateStudent59}, {X=http://www.Department10.University0.edu/UndergraduateStudent46}, {X=http://www.Department10.University0.edu/UndergraduateStudent266}, {X=http://www.Department10.University0.edu/GraduateStudent3}, {X=http://www.Department10.University0.edu/UndergraduateStudent256}, {X=http://www.Department10.University0.edu/UndergraduateStudent222}, {X=http://www.Department10.University0.edu/GraduateStudent6}, {X=http://www.Department10.University0.edu/UndergraduateStudent347}, {X=http://www.Department10.University0.edu/UndergraduateStudent275}, {X=http://www.Department10.University0.edu/UndergraduateStudent205}, {X=http://www.Department10.University0.edu/UndergraduateStudent381}, {X=http://www.Department10.University0.edu/UndergraduateStudent291}, {X=http://www.Department10.University0.edu/GraduateStudent107}, {X=http://www.Department10.University0.edu/UndergraduateStudent145}, {X=http://www.Department10.University0.edu/UndergraduateStudent237}, {X=http://www.Department10.University0.edu/UndergraduateStudent124}, {X=http://www.Department10.University0.edu/UndergraduateStudent197}, {X=http://www.Department10.University0.edu/UndergraduateStudent242}, {X=http://www.Department10.University0.edu/UndergraduateStudent372}, {X=http://www.Department10.University0.edu/UndergraduateStudent177}, {X=http://www.Department10.University0.edu/GraduateStudent102}, {X=http://www.Department10.University0.edu/GraduateStudent38}, {X=http://www.Department10.University0.edu/UndergraduateStudent43}, {X=http://www.Department10.University0.edu/UndergraduateStudent392}, {X=http://www.Department10.University0.edu/UndergraduateStudent98}, {X=http://www.Department10.University0.edu/GraduateStudent56}, {X=http://www.Department10.University0.edu/UndergraduateStudent223}, {X=http://www.Department10.University0.edu/UndergraduateStudent32}, {X=http://www.Department10.University0.edu/UndergraduateStudent319}, {X=http://www.Department10.University0.edu/UndergraduateStudent112}, {X=http://www.Department10.University0.edu/UndergraduateStudent44}, {X=http://www.Department10.University0.edu/UndergraduateStudent117}, {X=http://www.Department10.University0.edu/UndergraduateStudent289}, {X=http://www.Department10.University0.edu/UndergraduateStudent371}, {X=http://www.Department10.University0.edu/UndergraduateStudent263}, {X=http://www.Department10.University0.edu/UndergraduateStudent19}, {X=http://www.Department10.University0.edu/UndergraduateStudent390}, {X=http://www.Department10.University0.edu/UndergraduateStudent307}, {X=http://www.Department10.University0.edu/UndergraduateStudent1}, {X=http://www.Department10.University0.edu/UndergraduateStudent95}, {X=http://www.Department10.University0.edu/UndergraduateStudent288}, {X=http://www.Department10.University0.edu/GraduateStudent50}, {X=http://www.Department10.University0.edu/GraduateStudent28}, {X=http://www.Department10.University0.edu/GraduateStudent47}, {X=http://www.Department10.University0.edu/GraduateStudent24}, {X=http://www.Department10.University0.edu/GraduateStudent95}, {X=http://www.Department10.University0.edu/UndergraduateStudent393}, {X=http://www.Department10.University0.edu/UndergraduateStudent208}, {X=http://www.Department10.University0.edu/UndergraduateStudent68}, {X=http://www.Department10.University0.edu/UndergraduateStudent186}, {X=http://www.Department10.University0.edu/UndergraduateStudent114}, {X=http://www.Department10.University0.edu/UndergraduateStudent278}, {X=http://www.Department10.University0.edu/UndergraduateStudent232}, {X=http://www.Department10.University0.edu/UndergraduateStudent179}, {X=http://www.Department10.University0.edu/UndergraduateStudent360}, {X=http://www.Department10.University0.edu/UndergraduateStudent287}, {X=http://www.Department10.University0.edu/UndergraduateStudent274}, {X=http://www.Department10.University0.edu/GraduateStudent106}, {X=http://www.Department10.University0.edu/UndergraduateStudent89}, {X=http://www.Department10.University0.edu/UndergraduateStudent285}, {X=http://www.Department10.University0.edu/GraduateStudent133}, {X=http://www.Department10.University0.edu/UndergraduateStudent224}, {X=http://www.Department10.University0.edu/UndergraduateStudent387}, {X=http://www.Department10.University0.edu/UndergraduateStudent345}, {X=http://www.Department10.University0.edu/UndergraduateStudent364}, {X=http://www.Department10.University0.edu/UndergraduateStudent375}, {X=http://www.Department10.University0.edu/UndergraduateStudent156}, {X=http://www.Department10.University0.edu/UndergraduateStudent337}, {X=http://www.Department10.University0.edu/GraduateStudent32}]
1490623207781;0;10;7;1778853;1512405;1559545;1492195;1400635;1322122;1250121;1381440;1578128;1555436;1483088;7124;310;[{X=http://www.Department10.University0.edu/GraduateStudent133, Y=http://www.Department10.University0.edu/GraduateCourse8}, {X=http://www.Department10.University0.edu/GraduateStudent5, Y=http://www.Department10.University0.edu/GraduateCourse8}, {X=http://www.Department10.University0.edu/UndergraduateStudent382, Y=http://www.Department10.University0.edu/Course12}, {X=http://www.Department10.University0.edu/UndergraduateStudent322, Y=http://www.Department10.University0.edu/Course12}, {X=http://www.Department10.University0.edu/UndergraduateStudent209, Y=http://www.Department10.University0.edu/Course12}, {X=http://www.Department10.University0.edu/UndergraduateStudent353, Y=http://www.Department10.University0.edu/Course12}, {X=http://www.Department10.University0.edu/UndergraduateStudent326, Y=http://www.Department10.University0.edu/Course12}, {X=http://www.Department10.University0.edu/UndergraduateStudent317, Y=http://www.Department10.University0.edu/Course12}, {X=http://www.Department10.University0.edu/UndergraduateStudent235, Y=http://www.Department10.University0.edu/Course12}, {X=http://www.Department10.University0.edu/UndergraduateStudent25, Y=http://www.Department10.University0.edu/Course12}, {X=http://www.Department10.University0.edu/UndergraduateStudent216, Y=http://www.Department10.University0.edu/Course12}, {X=http://www.Department10.University0.edu/UndergraduateStudent321, Y=http://www.Department10.University0.edu/Course12}, {X=http://www.Department10.University0.edu/UndergraduateStudent325, Y=http://www.Department10.University0.edu/Course12}, {X=http://www.Department10.University0.edu/UndergraduateStudent334, Y=http://www.Department10.University0.edu/Course12}, {X=http://www.Department10.University0.edu/UndergraduateStudent73, Y=http://www.Department10.University0.edu/Course12}, {X=http://www.Department10.University0.edu/UndergraduateStudent80, Y=http://www.Department10.University0.edu/Course12}, {X=http://www.Department10.University0.edu/UndergraduateStudent377, Y=http://www.Department10.University0.edu/Course12}, {X=http://www.Department10.University0.edu/UndergraduateStudent176, Y=http://www.Department10.University0.edu/Course12}, {X=http://www.Department10.University0.edu/UndergraduateStudent301, Y=http://www.Department10.University0.edu/Course12}, {X=http://www.Department10.University0.edu/UndergraduateStudent384, Y=http://www.Department10.University0.edu/Course12}, {X=http://www.Department10.University0.edu/UndergraduateStudent268, Y=http://www.Department10.University0.edu/Course12}, {X=http://www.Department10.University0.edu/UndergraduateStudent11, Y=http://www.Department10.University0.edu/Course12}, {X=http://www.Department10.University0.edu/UndergraduateStudent68, Y=http://www.Department10.University0.edu/Course12}, {X=http://www.Department10.University0.edu/UndergraduateStudent351, Y=http://www.Department10.University0.edu/Course12}, {X=http://www.Department10.University0.edu/UndergraduateStudent102, Y=http://www.Department10.University0.edu/Course12}, {X=http://www.Department10.University0.edu/UndergraduateStudent212, Y=http://www.Department10.University0.edu/Course12}, {X=http://www.Department10.University0.edu/UndergraduateStudent280, Y=http://www.Department10.University0.edu/Course12}, {X=http://www.Department10.University0.edu/UndergraduateStudent260, Y=http://www.Department10.University0.edu/Course12}, {X=http://www.Department10.University0.edu/UndergraduateStudent191, Y=http://www.Department10.University0.edu/Course12}, {X=http://www.Department10.University0.edu/UndergraduateStudent286, Y=http://www.Department10.University0.edu/Course12}, {X=http://www.Department10.University0.edu/UndergraduateStudent397, Y=http://www.Department10.University0.edu/Course12}, {X=http://www.Department10.University0.edu/GraduateStudent133, Y=http://www.Department10.University0.edu/GraduateCourse8}, {X=http://www.Department10.University0.edu/GraduateStudent5, Y=http://www.Department10.University0.edu/GraduateCourse8}, {X=http://www.Department10.University0.edu/UndergraduateStudent382, Y=http://www.Department10.University0.edu/Course12}, {X=http://www.Department10.University0.edu/UndergraduateStudent322, Y=http://www.Department10.University0.edu/Course12}, {X=http://www.Department10.University0.edu/UndergraduateStudent209, Y=http://www.Department10.University0.edu/Course12}, {X=http://www.Department10.University0.edu/UndergraduateStudent353, Y=http://www.Department10.University0.edu/Course12}, {X=http://www.Department10.University0.edu/UndergraduateStudent326, Y=http://www.Department10.University0.edu/Course12}, {X=http://www.Department10.University0.edu/UndergraduateStudent317, Y=http://www.Department10.University0.edu/Course12}, {X=http://www.Department10.University0.edu/UndergraduateStudent235, Y=http://www.Department10.University0.edu/Course12}, {X=http://www.Department10.University0.edu/UndergraduateStudent25, Y=http://www.Department10.University0.edu/Course12}, {X=http://www.Department10.University0.edu/UndergraduateStudent216, Y=http://www.Department10.University0.edu/Course12}, {X=http://www.Department10.University0.edu/UndergraduateStudent321, Y=http://www.Department10.University0.edu/Course12}, {X=http://www.Department10.University0.edu/UndergraduateStudent325, Y=http://www.Department10.University0.edu/Course12}, {X=http://www.Department10.University0.edu/UndergraduateStudent334, Y=http://www.Department10.University0.edu/Course12}, {X=http://www.Department10.University0.edu/UndergraduateStudent73, Y=http://www.Department10.University0.edu/Course12}, {X=http://www.Department10.University0.edu/UndergraduateStudent80, Y=http://www.Department10.University0.edu/Course12}, {X=http://www.Department10.University0.edu/UndergraduateStudent377, Y=http://www.Department10.University0.edu/Course12}, {X=http://www.Department10.University0.edu/UndergraduateStudent176, Y=http://www.Department10.University0.edu/Course12}, {X=http://www.Department10.University0.edu/UndergraduateStudent301, Y=http://www.Department10.University0.edu/Course12}, {X=http://www.Department10.University0.edu/UndergraduateStudent384, Y=http://www.Department10.University0.edu/Course12}, {X=http://www.Department10.University0.edu/UndergraduateStudent268, Y=http://www.Department10.University0.edu/Course12}, {X=http://www.Department10.University0.edu/UndergraduateStudent11, Y=http://www.Department10.University0.edu/Course12}, {X=http://www.Department10.University0.edu/UndergraduateStudent68, Y=http://www.Department10.University0.edu/Course12}, {X=http://www.Department10.University0.edu/UndergraduateStudent351, Y=http://www.Department10.University0.edu/Course12}, {X=http://www.Department10.University0.edu/UndergraduateStudent102, Y=http://www.Department10.University0.edu/Course12}, {X=http://www.Department10.University0.edu/UndergraduateStudent212, Y=http://www.Department10.University0.edu/Course12}, {X=http://www.Department10.University0.edu/UndergraduateStudent280, Y=http://www.Department10.University0.edu/Course12}, {X=http://www.Department10.University0.edu/UndergraduateStudent260, Y=http://www.Department10.University0.edu/Course12}, {X=http://www.Department10.University0.edu/UndergraduateStudent191, Y=http://www.Department10.University0.edu/Course12}, {X=http://www.Department10.University0.edu/UndergraduateStudent286, Y=http://www.Department10.University0.edu/Course12}, {X=http://www.Department10.University0.edu/UndergraduateStudent397, Y=http://www.Department10.University0.edu/Course12}, {X=http://www.Department10.University0.edu/GraduateStudent133, Y=http://www.Department10.University0.edu/GraduateCourse8}, {X=http://www.Department10.University0.edu/GraduateStudent5, Y=http://www.Department10.University0.edu/GraduateCourse8}, {X=http://www.Department10.University0.edu/UndergraduateStudent382, Y=http://www.Department10.University0.edu/Course12}, {X=http://www.Department10.University0.edu/UndergraduateStudent322, Y=http://www.Department10.University0.edu/Course12}, {X=http://www.Department10.University0.edu/UndergraduateStudent209, Y=http://www.Department10.University0.edu/Course12}, {X=http://www.Department10.University0.edu/UndergraduateStudent353, Y=http://www.Department10.University0.edu/Course12}, {X=http://www.Department10.University0.edu/UndergraduateStudent326, Y=http://www.Department10.University0.edu/Course12}, {X=http://www.Department10.University0.edu/UndergraduateStudent317, Y=http://www.Department10.University0.edu/Course12}, {X=http://www.Department10.University0.edu/UndergraduateStudent235, Y=http://www.Department10.University0.edu/Course12}, {X=http://www.Department10.University0.edu/UndergraduateStudent25, Y=http://www.Department10.University0.edu/Course12}, {X=http://www.Department10.University0.edu/UndergraduateStudent216, Y=http://www.Department10.University0.edu/Course12}, {X=http://www.Department10.University0.edu/UndergraduateStudent321, Y=http://www.Department10.University0.edu/Course12}, {X=http://www.Department10.University0.edu/UndergraduateStudent325, Y=http://www.Department10.University0.edu/Course12}, {X=http://www.Department10.University0.edu/UndergraduateStudent334, Y=http://www.Department10.University0.edu/Course12}, {X=http://www.Department10.University0.edu/UndergraduateStudent73, Y=http://www.Department10.University0.edu/Course12}, {X=http://www.Department10.University0.edu/UndergraduateStudent80, Y=http://www.Department10.University0.edu/Course12}, {X=http://www.Department10.University0.edu/UndergraduateStudent377, Y=http://www.Department10.University0.edu/Course12}, {X=http://www.Department10.University0.edu/UndergraduateStudent176, Y=http://www.Department10.University0.edu/Course12}, {X=http://www.Department10.University0.edu/UndergraduateStudent301, Y=http://www.Department10.University0.edu/Course12}, {X=http://www.Department10.University0.edu/UndergraduateStudent384, Y=http://www.Department10.University0.edu/Course12}, {X=http://www.Department10.University0.edu/UndergraduateStudent268, Y=http://www.Department10.University0.edu/Course12}, {X=http://www.Department10.University0.edu/UndergraduateStudent11, Y=http://www.Department10.University0.edu/Course12}, {X=http://www.Department10.University0.edu/UndergraduateStudent68, Y=http://www.Department10.University0.edu/Course12}, {X=http://www.Department10.University0.edu/UndergraduateStudent351, Y=http://www.Department10.University0.edu/Course12}, {X=http://www.Department10.University0.edu/UndergraduateStudent102, Y=http://www.Department10.University0.edu/Course12}, {X=http://www.Department10.University0.edu/UndergraduateStudent212, Y=http://www.Department10.University0.edu/Course12}, {X=http://www.Department10.University0.edu/UndergraduateStudent280, Y=http://www.Department10.University0.edu/Course12}, {X=http://www.Department10.University0.edu/UndergraduateStudent260, Y=http://www.Department10.University0.edu/Course12}, {X=http://www.Department10.University0.edu/UndergraduateStudent191, Y=http://www.Department10.University0.edu/Course12}, {X=http://www.Department10.University0.edu/UndergraduateStudent286, Y=http://www.Department10.University0.edu/Course12}, {X=http://www.Department10.University0.edu/UndergraduateStudent397, Y=http://www.Department10.University0.edu/Course12}, {X=http://www.Department10.University0.edu/GraduateStudent133, Y=http://www.Department10.University0.edu/GraduateCourse8}, {X=http://www.Department10.University0.edu/GraduateStudent5, Y=http://www.Department10.University0.edu/GraduateCourse8}, {X=http://www.Department10.University0.edu/UndergraduateStudent382, Y=http://www.Department10.University0.edu/Course12}, {X=http://www.Department10.University0.edu/UndergraduateStudent322, Y=http://www.Department10.University0.edu/Course12}, {X=http://www.Department10.University0.edu/UndergraduateStudent209, Y=http://www.Department10.University0.edu/Course12}, {X=http://www.Department10.University0.edu/UndergraduateStudent353, Y=http://www.Department10.University0.edu/Course12}, {X=http://www.Department10.University0.edu/UndergraduateStudent326, Y=http://www.Department10.University0.edu/Course12}, {X=http://www.Department10.University0.edu/UndergraduateStudent317, Y=http://www.Department10.University0.edu/Course12}, {X=http://www.Department10.University0.edu/UndergraduateStudent235, Y=http://www.Department10.University0.edu/Course12}, {X=http://www.Department10.University0.edu/UndergraduateStudent25, Y=http://www.Department10.University0.edu/Course12}, {X=http://www.Department10.University0.edu/UndergraduateStudent216, Y=http://www.Department10.University0.edu/Course12}, {X=http://www.Department10.University0.edu/UndergraduateStudent321, Y=http://www.Department10.University0.edu/Course12}, {X=http://www.Department10.University0.edu/UndergraduateStudent325, Y=http://www.Department10.University0.edu/Course12}, {X=http://www.Department10.University0.edu/UndergraduateStudent334, Y=http://www.Department10.University0.edu/Course12}, {X=http://www.Department10.University0.edu/UndergraduateStudent73, Y=http://www.Department10.University0.edu/Course12}, {X=http://www.Department10.University0.edu/UndergraduateStudent80, Y=http://www.Department10.University0.edu/Course12}, {X=http://www.Department10.University0.edu/UndergraduateStudent377, Y=http://www.Department10.University0.edu/Course12}, {X=http://www.Department10.University0.edu/UndergraduateStudent176, Y=http://www.Department10.University0.edu/Course12}, {X=http://www.Department10.University0.edu/UndergraduateStudent301, Y=http://www.Department10.University0.edu/Course12}, {X=http://www.Department10.University0.edu/UndergraduateStudent384, Y=http://www.Department10.University0.edu/Course12}, {X=http://www.Department10.University0.edu/UndergraduateStudent268, Y=http://www.Department10.University0.edu/Course12}, {X=http://www.Department10.University0.edu/UndergraduateStudent11, Y=http://www.Department10.University0.edu/Course12}, {X=http://www.Department10.University0.edu/UndergraduateStudent68, Y=http://www.Department10.University0.edu/Course12}, {X=http://www.Department10.University0.edu/UndergraduateStudent351, Y=http://www.Department10.University0.edu/Course12}, {X=http://www.Department10.University0.edu/UndergraduateStudent102, Y=http://www.Department10.University0.edu/Course12}, {X=http://www.Department10.University0.edu/UndergraduateStudent212, Y=http://www.Department10.University0.edu/Course12}, {X=http://www.Department10.University0.edu/UndergraduateStudent280, Y=http://www.Department10.University0.edu/Course12}, {X=http://www.Department10.University0.edu/UndergraduateStudent260, Y=http://www.Department10.University0.edu/Course12}, {X=http://www.Department10.University0.edu/UndergraduateStudent191, Y=http://www.Department10.University0.edu/Course12}, {X=http://www.Department10.University0.edu/UndergraduateStudent286, Y=http://www.Department10.University0.edu/Course12}, {X=http://www.Department10.University0.edu/UndergraduateStudent397, Y=http://www.Department10.University0.edu/Course12}, {X=http://www.Department10.University0.edu/GraduateStudent133, Y=http://www.Department10.University0.edu/GraduateCourse8}, {X=http://www.Department10.University0.edu/GraduateStudent5, Y=http://www.Department10.University0.edu/GraduateCourse8}, {X=http://www.Department10.University0.edu/UndergraduateStudent382, Y=http://www.Department10.University0.edu/Course12}, {X=http://www.Department10.University0.edu/UndergraduateStudent322, Y=http://www.Department10.University0.edu/Course12}, {X=http://www.Department10.University0.edu/UndergraduateStudent209, Y=http://www.Department10.University0.edu/Course12}, {X=http://www.Department10.University0.edu/UndergraduateStudent353, Y=http://www.Department10.University0.edu/Course12}, {X=http://www.Department10.University0.edu/UndergraduateStudent326, Y=http://www.Department10.University0.edu/Course12}, {X=http://www.Department10.University0.edu/UndergraduateStudent317, Y=http://www.Department10.University0.edu/Course12}, {X=http://www.Department10.University0.edu/UndergraduateStudent235, Y=http://www.Department10.University0.edu/Course12}, {X=http://www.Department10.University0.edu/UndergraduateStudent25, Y=http://www.Department10.University0.edu/Course12}, {X=http://www.Department10.University0.edu/UndergraduateStudent216, Y=http://www.Department10.University0.edu/Course12}, {X=http://www.Department10.University0.edu/UndergraduateStudent321, Y=http://www.Department10.University0.edu/Course12}, {X=http://www.Department10.University0.edu/UndergraduateStudent325, Y=http://www.Department10.University0.edu/Course12}, {X=http://www.Department10.University0.edu/UndergraduateStudent334, Y=http://www.Department10.University0.edu/Course12}, {X=http://www.Department10.University0.edu/UndergraduateStudent73, Y=http://www.Department10.University0.edu/Course12}, {X=http://www.Department10.University0.edu/UndergraduateStudent80, Y=http://www.Department10.University0.edu/Course12}, {X=http://www.Department10.University0.edu/UndergraduateStudent377, Y=http://www.Department10.University0.edu/Course12}, {X=http://www.Department10.University0.edu/UndergraduateStudent176, Y=http://www.Department10.University0.edu/Course12}, {X=http://www.Department10.University0.edu/UndergraduateStudent301, Y=http://www.Department10.University0.edu/Course12}, {X=http://www.Department10.University0.edu/UndergraduateStudent384, Y=http://www.Department10.University0.edu/Course12}, {X=http://www.Department10.University0.edu/UndergraduateStudent268, Y=http://www.Department10.University0.edu/Course12}, {X=http://www.Department10.University0.edu/UndergraduateStudent11, Y=http://www.Department10.University0.edu/Course12}, {X=http://www.Department10.University0.edu/UndergraduateStudent68, Y=http://www.Department10.University0.edu/Course12}, {X=http://www.Department10.University0.edu/UndergraduateStudent351, Y=http://www.Department10.University0.edu/Course12}, {X=http://www.Department10.University0.edu/UndergraduateStudent102, Y=http://www.Department10.University0.edu/Course12}, {X=http://www.Department10.University0.edu/UndergraduateStudent212, Y=http://www.Department10.University0.edu/Course12}, {X=http://www.Department10.University0.edu/UndergraduateStudent280, Y=http://www.Department10.University0.edu/Course12}, {X=http://www.Department10.University0.edu/UndergraduateStudent260, Y=http://www.Department10.University0.edu/Course12}, {X=http://www.Department10.University0.edu/UndergraduateStudent191, Y=http://www.Department10.University0.edu/Course12}, {X=http://www.Department10.University0.edu/UndergraduateStudent286, Y=http://www.Department10.University0.edu/Course12}, {X=http://www.Department10.University0.edu/UndergraduateStudent397, Y=http://www.Department10.University0.edu/Course12}, {X=http://www.Department10.University0.edu/GraduateStudent133, Y=http://www.Department10.University0.edu/GraduateCourse8}, {X=http://www.Department10.University0.edu/GraduateStudent5, Y=http://www.Department10.University0.edu/GraduateCourse8}, {X=http://www.Department10.University0.edu/UndergraduateStudent382, Y=http://www.Department10.University0.edu/Course12}, {X=http://www.Department10.University0.edu/UndergraduateStudent322, Y=http://www.Department10.University0.edu/Course12}, {X=http://www.Department10.University0.edu/UndergraduateStudent209, Y=http://www.Department10.University0.edu/Course12}, {X=http://www.Department10.University0.edu/UndergraduateStudent353, Y=http://www.Department10.University0.edu/Course12}, {X=http://www.Department10.University0.edu/UndergraduateStudent326, Y=http://www.Department10.University0.edu/Course12}, {X=http://www.Department10.University0.edu/UndergraduateStudent317, Y=http://www.Department10.University0.edu/Course12}, {X=http://www.Department10.University0.edu/UndergraduateStudent235, Y=http://www.Department10.University0.edu/Course12}, {X=http://www.Department10.University0.edu/UndergraduateStudent25, Y=http://www.Department10.University0.edu/Course12}, {X=http://www.Department10.University0.edu/UndergraduateStudent216, Y=http://www.Department10.University0.edu/Course12}, {X=http://www.Department10.University0.edu/UndergraduateStudent321, Y=http://www.Department10.University0.edu/Course12}, {X=http://www.Department10.University0.edu/UndergraduateStudent325, Y=http://www.Department10.University0.edu/Course12}, {X=http://www.Department10.University0.edu/UndergraduateStudent334, Y=http://www.Department10.University0.edu/Course12}, {X=http://www.Department10.University0.edu/UndergraduateStudent73, Y=http://www.Department10.University0.edu/Course12}, {X=http://www.Department10.University0.edu/UndergraduateStudent80, Y=http://www.Department10.University0.edu/Course12}, {X=http://www.Department10.University0.edu/UndergraduateStudent377, Y=http://www.Department10.University0.edu/Course12}, {X=http://www.Department10.University0.edu/UndergraduateStudent176, Y=http://www.Department10.University0.edu/Course12}, {X=http://www.Department10.University0.edu/UndergraduateStudent301, Y=http://www.Department10.University0.edu/Course12}, {X=http://www.Department10.University0.edu/UndergraduateStudent384, Y=http://www.Department10.University0.edu/Course12}, {X=http://www.Department10.University0.edu/UndergraduateStudent268, Y=http://www.Department10.University0.edu/Course12}, {X=http://www.Department10.University0.edu/UndergraduateStudent11, Y=http://www.Department10.University0.edu/Course12}, {X=http://www.Department10.University0.edu/UndergraduateStudent68, Y=http://www.Department10.University0.edu/Course12}, {X=http://www.Department10.University0.edu/UndergraduateStudent351, Y=http://www.Department10.University0.edu/Course12}, {X=http://www.Department10.University0.edu/UndergraduateStudent102, Y=http://www.Department10.University0.edu/Course12}, {X=http://www.Department10.University0.edu/UndergraduateStudent212, Y=http://www.Department10.University0.edu/Course12}, {X=http://www.Department10.University0.edu/UndergraduateStudent280, Y=http://www.Department10.University0.edu/Course12}, {X=http://www.Department10.University0.edu/UndergraduateStudent260, Y=http://www.Department10.University0.edu/Course12}, {X=http://www.Department10.University0.edu/UndergraduateStudent191, Y=http://www.Department10.University0.edu/Course12}, {X=http://www.Department10.University0.edu/UndergraduateStudent286, Y=http://www.Department10.University0.edu/Course12}, {X=http://www.Department10.University0.edu/UndergraduateStudent397, Y=http://www.Department10.University0.edu/Course12}, {X=http://www.Department10.University0.edu/GraduateStudent133, Y=http://www.Department10.University0.edu/GraduateCourse8}, {X=http://www.Department10.University0.edu/GraduateStudent5, Y=http://www.Department10.University0.edu/GraduateCourse8}, {X=http://www.Department10.University0.edu/UndergraduateStudent382, Y=http://www.Department10.University0.edu/Course12}, {X=http://www.Department10.University0.edu/UndergraduateStudent322, Y=http://www.Department10.University0.edu/Course12}, {X=http://www.Department10.University0.edu/UndergraduateStudent209, Y=http://www.Department10.University0.edu/Course12}, {X=http://www.Department10.University0.edu/UndergraduateStudent353, Y=http://www.Department10.University0.edu/Course12}, {X=http://www.Department10.University0.edu/UndergraduateStudent326, Y=http://www.Department10.University0.edu/Course12}, {X=http://www.Department10.University0.edu/UndergraduateStudent317, Y=http://www.Department10.University0.edu/Course12}, {X=http://www.Department10.University0.edu/UndergraduateStudent235, Y=http://www.Department10.University0.edu/Course12}, {X=http://www.Department10.University0.edu/UndergraduateStudent25, Y=http://www.Department10.University0.edu/Course12}, {X=http://www.Department10.University0.edu/UndergraduateStudent216, Y=http://www.Department10.University0.edu/Course12}, {X=http://www.Department10.University0.edu/UndergraduateStudent321, Y=http://www.Department10.University0.edu/Course12}, {X=http://www.Department10.University0.edu/UndergraduateStudent325, Y=http://www.Department10.University0.edu/Course12}, {X=http://www.Department10.University0.edu/UndergraduateStudent334, Y=http://www.Department10.University0.edu/Course12}, {X=http://www.Department10.University0.edu/UndergraduateStudent73, Y=http://www.Department10.University0.edu/Course12}, {X=http://www.Department10.University0.edu/UndergraduateStudent80, Y=http://www.Department10.University0.edu/Course12}, {X=http://www.Department10.University0.edu/UndergraduateStudent377, Y=http://www.Department10.University0.edu/Course12}, {X=http://www.Department10.University0.edu/UndergraduateStudent176, Y=http://www.Department10.University0.edu/Course12}, {X=http://www.Department10.University0.edu/UndergraduateStudent301, Y=http://www.Department10.University0.edu/Course12}, {X=http://www.Department10.University0.edu/UndergraduateStudent384, Y=http://www.Department10.University0.edu/Course12}, {X=http://www.Department10.University0.edu/UndergraduateStudent268, Y=http://www.Department10.University0.edu/Course12}, {X=http://www.Department10.University0.edu/UndergraduateStudent11, Y=http://www.Department10.University0.edu/Course12}, {X=http://www.Department10.University0.edu/UndergraduateStudent68, Y=http://www.Department10.University0.edu/Course12}, {X=http://www.Department10.University0.edu/UndergraduateStudent351, Y=http://www.Department10.University0.edu/Course12}, {X=http://www.Department10.University0.edu/UndergraduateStudent102, Y=http://www.Department10.University0.edu/Course12}, {X=http://www.Department10.University0.edu/UndergraduateStudent212, Y=http://www.Department10.University0.edu/Course12}, {X=http://www.Department10.University0.edu/UndergraduateStudent280, Y=http://www.Department10.University0.edu/Course12}, {X=http://www.Department10.University0.edu/UndergraduateStudent260, Y=http://www.Department10.University0.edu/Course12}, {X=http://www.Department10.University0.edu/UndergraduateStudent191, Y=http://www.Department10.University0.edu/Course12}, {X=http://www.Department10.University0.edu/UndergraduateStudent286, Y=http://www.Department10.University0.edu/Course12}, {X=http://www.Department10.University0.edu/UndergraduateStudent397, Y=http://www.Department10.University0.edu/Course12}, {X=http://www.Department10.University0.edu/GraduateStudent133, Y=http://www.Department10.University0.edu/GraduateCourse8}, {X=http://www.Department10.University0.edu/GraduateStudent5, Y=http://www.Department10.University0.edu/GraduateCourse8}, {X=http://www.Department10.University0.edu/UndergraduateStudent382, Y=http://www.Department10.University0.edu/Course12}, {X=http://www.Department10.University0.edu/UndergraduateStudent322, Y=http://www.Department10.University0.edu/Course12}, {X=http://www.Department10.University0.edu/UndergraduateStudent209, Y=http://www.Department10.University0.edu/Course12}, {X=http://www.Department10.University0.edu/UndergraduateStudent353, Y=http://www.Department10.University0.edu/Course12}, {X=http://www.Department10.University0.edu/UndergraduateStudent326, Y=http://www.Department10.University0.edu/Course12}, {X=http://www.Department10.University0.edu/UndergraduateStudent317, Y=http://www.Department10.University0.edu/Course12}, {X=http://www.Department10.University0.edu/UndergraduateStudent235, Y=http://www.Department10.University0.edu/Course12}, {X=http://www.Department10.University0.edu/UndergraduateStudent25, Y=http://www.Department10.University0.edu/Course12}, {X=http://www.Department10.University0.edu/UndergraduateStudent216, Y=http://www.Department10.University0.edu/Course12}, {X=http://www.Department10.University0.edu/UndergraduateStudent321, Y=http://www.Department10.University0.edu/Course12}, {X=http://www.Department10.University0.edu/UndergraduateStudent325, Y=http://www.Department10.University0.edu/Course12}, {X=http://www.Department10.University0.edu/UndergraduateStudent334, Y=http://www.Department10.University0.edu/Course12}, {X=http://www.Department10.University0.edu/UndergraduateStudent73, Y=http://www.Department10.University0.edu/Course12}, {X=http://www.Department10.University0.edu/UndergraduateStudent80, Y=http://www.Department10.University0.edu/Course12}, {X=http://www.Department10.University0.edu/UndergraduateStudent377, Y=http://www.Department10.University0.edu/Course12}, {X=http://www.Department10.University0.edu/UndergraduateStudent176, Y=http://www.Department10.University0.edu/Course12}, {X=http://www.Department10.University0.edu/UndergraduateStudent301, Y=http://www.Department10.University0.edu/Course12}, {X=http://www.Department10.University0.edu/UndergraduateStudent384, Y=http://www.Department10.University0.edu/Course12}, {X=http://www.Department10.University0.edu/UndergraduateStudent268, Y=http://www.Department10.University0.edu/Course12}, {X=http://www.Department10.University0.edu/UndergraduateStudent11, Y=http://www.Department10.University0.edu/Course12}, {X=http://www.Department10.University0.edu/UndergraduateStudent68, Y=http://www.Department10.University0.edu/Course12}, {X=http://www.Department10.University0.edu/UndergraduateStudent351, Y=http://www.Department10.University0.edu/Course12}, {X=http://www.Department10.University0.edu/UndergraduateStudent102, Y=http://www.Department10.University0.edu/Course12}, {X=http://www.Department10.University0.edu/UndergraduateStudent212, Y=http://www.Department10.University0.edu/Course12}, {X=http://www.Department10.University0.edu/UndergraduateStudent280, Y=http://www.Department10.University0.edu/Course12}, {X=http://www.Department10.University0.edu/UndergraduateStudent260, Y=http://www.Department10.University0.edu/Course12}, {X=http://www.Department10.University0.edu/UndergraduateStudent191, Y=http://www.Department10.University0.edu/Course12}, {X=http://www.Department10.University0.edu/UndergraduateStudent286, Y=http://www.Department10.University0.edu/Course12}, {X=http://www.Department10.University0.edu/UndergraduateStudent397, Y=http://www.Department10.University0.edu/Course12}, {X=http://www.Department10.University0.edu/GraduateStudent133, Y=http://www.Department10.University0.edu/GraduateCourse8}, {X=http://www.Department10.University0.edu/GraduateStudent5, Y=http://www.Department10.University0.edu/GraduateCourse8}, {X=http://www.Department10.University0.edu/UndergraduateStudent382, Y=http://www.Department10.University0.edu/Course12}, {X=http://www.Department10.University0.edu/UndergraduateStudent322, Y=http://www.Department10.University0.edu/Course12}, {X=http://www.Department10.University0.edu/UndergraduateStudent209, Y=http://www.Department10.University0.edu/Course12}, {X=http://www.Department10.University0.edu/UndergraduateStudent353, Y=http://www.Department10.University0.edu/Course12}, {X=http://www.Department10.University0.edu/UndergraduateStudent326, Y=http://www.Department10.University0.edu/Course12}, {X=http://www.Department10.University0.edu/UndergraduateStudent317, Y=http://www.Department10.University0.edu/Course12}, {X=http://www.Department10.University0.edu/UndergraduateStudent235, Y=http://www.Department10.University0.edu/Course12}, {X=http://www.Department10.University0.edu/UndergraduateStudent25, Y=http://www.Department10.University0.edu/Course12}, {X=http://www.Department10.University0.edu/UndergraduateStudent216, Y=http://www.Department10.University0.edu/Course12}, {X=http://www.Department10.University0.edu/UndergraduateStudent321, Y=http://www.Department10.University0.edu/Course12}, {X=http://www.Department10.University0.edu/UndergraduateStudent325, Y=http://www.Department10.University0.edu/Course12}, {X=http://www.Department10.University0.edu/UndergraduateStudent334, Y=http://www.Department10.University0.edu/Course12}, {X=http://www.Department10.University0.edu/UndergraduateStudent73, Y=http://www.Department10.University0.edu/Course12}, {X=http://www.Department10.University0.edu/UndergraduateStudent80, Y=http://www.Department10.University0.edu/Course12}, {X=http://www.Department10.University0.edu/UndergraduateStudent377, Y=http://www.Department10.University0.edu/Course12}, {X=http://www.Department10.University0.edu/UndergraduateStudent176, Y=http://www.Department10.University0.edu/Course12}, {X=http://www.Department10.University0.edu/UndergraduateStudent301, Y=http://www.Department10.University0.edu/Course12}, {X=http://www.Department10.University0.edu/UndergraduateStudent384, Y=http://www.Department10.University0.edu/Course12}, {X=http://www.Department10.University0.edu/UndergraduateStudent268, Y=http://www.Department10.University0.edu/Course12}, {X=http://www.Department10.University0.edu/UndergraduateStudent11, Y=http://www.Department10.University0.edu/Course12}, {X=http://www.Department10.University0.edu/UndergraduateStudent68, Y=http://www.Department10.University0.edu/Course12}, {X=http://www.Department10.University0.edu/UndergraduateStudent351, Y=http://www.Department10.University0.edu/Course12}, {X=http://www.Department10.University0.edu/UndergraduateStudent102, Y=http://www.Department10.University0.edu/Course12}, {X=http://www.Department10.University0.edu/UndergraduateStudent212, Y=http://www.Department10.University0.edu/Course12}, {X=http://www.Department10.University0.edu/UndergraduateStudent280, Y=http://www.Department10.University0.edu/Course12}, {X=http://www.Department10.University0.edu/UndergraduateStudent260, Y=http://www.Department10.University0.edu/Course12}, {X=http://www.Department10.University0.edu/UndergraduateStudent191, Y=http://www.Department10.University0.edu/Course12}, {X=http://www.Department10.University0.edu/UndergraduateStudent286, Y=http://www.Department10.University0.edu/Course12}, {X=http://www.Department10.University0.edu/UndergraduateStudent397, Y=http://www.Department10.University0.edu/Course12}, {X=http://www.Department10.University0.edu/GraduateStudent133, Y=http://www.Department10.University0.edu/GraduateCourse8}, {X=http://www.Department10.University0.edu/GraduateStudent5, Y=http://www.Department10.University0.edu/GraduateCourse8}, {X=http://www.Department10.University0.edu/UndergraduateStudent382, Y=http://www.Department10.University0.edu/Course12}, {X=http://www.Department10.University0.edu/UndergraduateStudent322, Y=http://www.Department10.University0.edu/Course12}, {X=http://www.Department10.University0.edu/UndergraduateStudent209, Y=http://www.Department10.University0.edu/Course12}, {X=http://www.Department10.University0.edu/UndergraduateStudent353, Y=http://www.Department10.University0.edu/Course12}, {X=http://www.Department10.University0.edu/UndergraduateStudent326, Y=http://www.Department10.University0.edu/Course12}, {X=http://www.Department10.University0.edu/UndergraduateStudent317, Y=http://www.Department10.University0.edu/Course12}, {X=http://www.Department10.University0.edu/UndergraduateStudent235, Y=http://www.Department10.University0.edu/Course12}, {X=http://www.Department10.University0.edu/UndergraduateStudent25, Y=http://www.Department10.University0.edu/Course12}, {X=http://www.Department10.University0.edu/UndergraduateStudent216, Y=http://www.Department10.University0.edu/Course12}, {X=http://www.Department10.University0.edu/UndergraduateStudent321, Y=http://www.Department10.University0.edu/Course12}, {X=http://www.Department10.University0.edu/UndergraduateStudent325, Y=http://www.Department10.University0.edu/Course12}, {X=http://www.Department10.University0.edu/UndergraduateStudent334, Y=http://www.Department10.University0.edu/Course12}, {X=http://www.Department10.University0.edu/UndergraduateStudent73, Y=http://www.Department10.University0.edu/Course12}, {X=http://www.Department10.University0.edu/UndergraduateStudent80, Y=http://www.Department10.University0.edu/Course12}, {X=http://www.Department10.University0.edu/UndergraduateStudent377, Y=http://www.Department10.University0.edu/Course12}, {X=http://www.Department10.University0.edu/UndergraduateStudent176, Y=http://www.Department10.University0.edu/Course12}, {X=http://www.Department10.University0.edu/UndergraduateStudent301, Y=http://www.Department10.University0.edu/Course12}, {X=http://www.Department10.University0.edu/UndergraduateStudent384, Y=http://www.Department10.University0.edu/Course12}, {X=http://www.Department10.University0.edu/UndergraduateStudent268, Y=http://www.Department10.University0.edu/Course12}, {X=http://www.Department10.University0.edu/UndergraduateStudent11, Y=http://www.Department10.University0.edu/Course12}, {X=http://www.Department10.University0.edu/UndergraduateStudent68, Y=http://www.Department10.University0.edu/Course12}, {X=http://www.Department10.University0.edu/UndergraduateStudent351, Y=http://www.Department10.University0.edu/Course12}, {X=http://www.Department10.University0.edu/UndergraduateStudent102, Y=http://www.Department10.University0.edu/Course12}, {X=http://www.Department10.University0.edu/UndergraduateStudent212, Y=http://www.Department10.University0.edu/Course12}, {X=http://www.Department10.University0.edu/UndergraduateStudent280, Y=http://www.Department10.University0.edu/Course12}, {X=http://www.Department10.University0.edu/UndergraduateStudent260, Y=http://www.Department10.University0.edu/Course12}, {X=http://www.Department10.University0.edu/UndergraduateStudent191, Y=http://www.Department10.University0.edu/Course12}, {X=http://www.Department10.University0.edu/UndergraduateStudent286, Y=http://www.Department10.University0.edu/Course12}, {X=http://www.Department10.University0.edu/UndergraduateStudent397, Y=http://www.Department10.University0.edu/Course12}]
1490623207798;0;10;8;5193005;5174793;5236447;5305032;4508176;3275013;3403248;3731804;3209383;3212810;4224971;7124;5490;[{X=http://www.Department10.University0.edu/UndergraduateStudent111, Y=http://www.Department10.University0.edu, Z=UndergraduateStudent111@Department10.University0.edu}, {X=http://www.Department10.University0.edu/GraduateStudent92, Y=http://www.Department10.University0.edu, Z=GraduateStudent92@Department10.University0.edu}, {X=http://www.Department10.University0.edu/UndergraduateStudent55, Y=http://www.Department10.University0.edu, Z=UndergraduateStudent55@Department10.University0.edu}, {X=http://www.Department10.University0.edu/GraduateStudent90, Y=http://www.Department10.University0.edu, Z=GraduateStudent90@Department10.University0.edu}, {X=http://www.Department10.University0.edu/GraduateStudent51, Y=http://www.Department10.University0.edu, Z=GraduateStudent51@Department10.University0.edu}, {X=http://www.Department10.University0.edu/UndergraduateStudent193, Y=http://www.Department10.University0.edu, Z=UndergraduateStudent193@Department10.University0.edu}, {X=http://www.Department10.University0.edu/UndergraduateStudent400, Y=http://www.Department10.University0.edu, Z=UndergraduateStudent400@Department10.University0.edu}, {X=http://www.Department10.University0.edu/UndergraduateStudent108, Y=http://www.Department10.University0.edu, Z=UndergraduateStudent108@Department10.University0.edu}, {X=http://www.Department10.University0.edu/UndergraduateStudent69, Y=http://www.Department10.University0.edu, Z=UndergraduateStudent69@Department10.University0.edu}, {X=http://www.Department10.University0.edu/UndergraduateStudent132, Y=http://www.Department10.University0.edu, Z=UndergraduateStudent132@Department10.University0.edu}, {X=http://www.Department10.University0.edu/UndergraduateStudent99, Y=http://www.Department10.University0.edu, Z=UndergraduateStudent99@Department10.University0.edu}, {X=http://www.Department10.University0.edu/UndergraduateStudent226, Y=http://www.Department10.University0.edu, Z=UndergraduateStudent226@Department10.University0.edu}, {X=http://www.Department10.University0.edu/UndergraduateStudent362, Y=http://www.Department10.University0.edu, Z=UndergraduateStudent362@Department10.University0.edu}, {X=http://www.Department10.University0.edu/UndergraduateStudent81, Y=http://www.Department10.University0.edu, Z=UndergraduateStudent81@Department10.University0.edu}, {X=http://www.Department10.University0.edu/UndergraduateStudent203, Y=http://www.Department10.University0.edu, Z=UndergraduateStudent203@Department10.University0.edu}, {X=http://www.Department10.University0.edu/UndergraduateStudent334, Y=http://www.Department10.University0.edu, Z=UndergraduateStudent334@Department10.University0.edu}, {X=http://www.Department10.University0.edu/GraduateStudent122, Y=http://www.Department10.University0.edu, Z=GraduateStudent122@Department10.University0.edu}, {X=http://www.Department10.University0.edu/GraduateStudent1, Y=http://www.Department10.University0.edu, Z=GraduateStudent1@Department10.University0.edu}, {X=http://www.Department10.University0.edu/GraduateStudent114, Y=http://www.Department10.University0.edu, Z=GraduateStudent114@Department10.University0.edu}, {X=http://www.Department10.University0.edu/UndergraduateStudent378, Y=http://www.Department10.University0.edu, Z=UndergraduateStudent378@Department10.University0.edu}, {X=http://www.Department10.University0.edu/UndergraduateStudent264, Y=http://www.Department10.University0.edu, Z=UndergraduateStudent264@Department10.University0.edu}, {X=http://www.Department10.University0.edu/UndergraduateStudent338, Y=http://www.Department10.University0.edu, Z=UndergraduateStudent338@Department10.University0.edu}, {X=http://www.Department10.University0.edu/GraduateStudent88, Y=http://www.Department10.University0.edu, Z=GraduateStudent88@Department10.University0.edu}, {X=http://www.Department10.University0.edu/GraduateStudent15, Y=http://www.Department10.University0.edu, Z=GraduateStudent15@Department10.University0.edu}, {X=http://www.Department10.University0.edu/UndergraduateStudent176, Y=http://www.Department10.University0.edu, Z=UndergraduateStudent176@Department10.University0.edu}, {X=http://www.Department10.University0.edu/UndergraduateStudent45, Y=http://www.Department10.University0.edu, Z=UndergraduateStudent45@Department10.University0.edu}, {X=http://www.Department10.University0.edu/UndergraduateStudent86, Y=http://www.Department10.University0.edu, Z=UndergraduateStudent86@Department10.University0.edu}, {X=http://www.Department10.University0.edu/GraduateStudent127, Y=http://www.Department10.University0.edu, Z=GraduateStudent127@Department10.University0.edu}, {X=http://www.Department10.University0.edu/UndergraduateStudent165, Y=http://www.Department10.University0.edu, Z=UndergraduateStudent165@Department10.University0.edu}, {X=http://www.Department10.University0.edu/UndergraduateStudent172, Y=http://www.Department10.University0.edu, Z=UndergraduateStudent172@Department10.University0.edu}, {X=http://www.Department10.University0.edu/UndergraduateStudent268, Y=http://www.Department10.University0.edu, Z=UndergraduateStudent268@Department10.University0.edu}, {X=http://www.Department10.University0.edu/UndergraduateStudent251, Y=http://www.Department10.University0.edu, Z=UndergraduateStudent251@Department10.University0.edu}, {X=http://www.Department10.University0.edu/GraduateStudent66, Y=http://www.Department10.University0.edu, Z=GraduateStudent66@Department10.University0.edu}, {X=http://www.Department10.University0.edu/UndergraduateStudent254, Y=http://www.Department10.University0.edu, Z=UndergraduateStudent254@Department10.University0.edu}, {X=http://www.Department10.University0.edu/UndergraduateStudent190, Y=http://www.Department10.University0.edu, Z=UndergraduateStudent190@Department10.University0.edu}, {X=http://www.Department10.University0.edu/UndergraduateStudent408, Y=http://www.Department10.University0.edu, Z=UndergraduateStudent408@Department10.University0.edu}, {X=http://www.Department10.University0.edu/GraduateStudent2, Y=http://www.Department10.University0.edu, Z=GraduateStudent2@Department10.University0.edu}, {X=http://www.Department10.University0.edu/UndergraduateStudent118, Y=http://www.Department10.University0.edu, Z=UndergraduateStudent118@Department10.University0.edu}, {X=http://www.Department10.University0.edu/UndergraduateStudent367, Y=http://www.Department10.University0.edu, Z=UndergraduateStudent367@Department10.University0.edu}, {X=http://www.Department10.University0.edu/UndergraduateStudent77, Y=http://www.Department10.University0.edu, Z=UndergraduateStudent77@Department10.University0.edu}, {X=http://www.Department10.University0.edu/UndergraduateStudent374, Y=http://www.Department10.University0.edu, Z=UndergraduateStudent374@Department10.University0.edu}, {X=http://www.Department10.University0.edu/UndergraduateStudent398, Y=http://www.Department10.University0.edu, Z=UndergraduateStudent398@Department10.University0.edu}, {X=http://www.Department10.University0.edu/UndergraduateStudent135, Y=http://www.Department10.University0.edu, Z=UndergraduateStudent135@Department10.University0.edu}, {X=http://www.Department10.University0.edu/UndergraduateStudent58, Y=http://www.Department10.University0.edu, Z=UndergraduateStudent58@Department10.University0.edu}, {X=http://www.Department10.University0.edu/UndergraduateStudent306, Y=http://www.Department10.University0.edu, Z=UndergraduateStudent306@Department10.University0.edu}, {X=http://www.Department10.University0.edu/GraduateStudent0, Y=http://www.Department10.University0.edu, Z=GraduateStudent0@Department10.University0.edu}, {X=http://www.Department10.University0.edu/UndergraduateStudent71, Y=http://www.Department10.University0.edu, Z=UndergraduateStudent71@Department10.University0.edu}, {X=http://www.Department10.University0.edu/UndergraduateStudent157, Y=http://www.Department10.University0.edu, Z=UndergraduateStudent157@Department10.University0.edu}, {X=http://www.Department10.University0.edu/UndergraduateStudent119, Y=http://www.Department10.University0.edu, Z=UndergraduateStudent119@Department10.University0.edu}, {X=http://www.Department10.University0.edu/UndergraduateStudent235, Y=http://www.Department10.University0.edu, Z=UndergraduateStudent235@Department10.University0.edu}, {X=http://www.Department10.University0.edu/UndergraduateStudent25, Y=http://www.Department10.University0.edu, Z=UndergraduateStudent25@Department10.University0.edu}, {X=http://www.Department10.University0.edu/UndergraduateStudent325, Y=http://www.Department10.University0.edu, Z=UndergraduateStudent325@Department10.University0.edu}, {X=http://www.Department10.University0.edu/GraduateStudent21, Y=http://www.Department10.University0.edu, Z=GraduateStudent21@Department10.University0.edu}, {X=http://www.Department10.University0.edu/UndergraduateStudent236, Y=http://www.Department10.University0.edu, Z=UndergraduateStudent236@Department10.University0.edu}, {X=http://www.Department10.University0.edu/UndergraduateStudent96, Y=http://www.Department10.University0.edu, Z=UndergraduateStudent96@Department10.University0.edu}, {X=http://www.Department10.University0.edu/UndergraduateStudent255, Y=http://www.Department10.University0.edu, Z=UndergraduateStudent255@Department10.University0.edu}, {X=http://www.Department10.University0.edu/UndergraduateStudent0, Y=http://www.Department10.University0.edu, Z=UndergraduateStudent0@Department10.University0.edu}, {X=http://www.Department10.University0.edu/UndergraduateStudent313, Y=http://www.Department10.University0.edu, Z=UndergraduateStudent313@Department10.University0.edu}, {X=http://www.Department10.University0.edu/UndergraduateStudent399, Y=http://www.Department10.University0.edu, Z=UndergraduateStudent399@Department10.University0.edu}, {X=http://www.Department10.University0.edu/UndergraduateStudent267, Y=http://www.Department10.University0.edu, Z=UndergraduateStudent267@Department10.University0.edu}, {X=http://www.Department10.University0.edu/UndergraduateStudent38, Y=http://www.Department10.University0.edu, Z=UndergraduateStudent38@Department10.University0.edu}, {X=http://www.Department10.University0.edu/GraduateStudent57, Y=http://www.Department10.University0.edu, Z=GraduateStudent57@Department10.University0.edu}, {X=http://www.Department10.University0.edu/UndergraduateStudent180, Y=http://www.Department10.University0.edu, Z=UndergraduateStudent180@Department10.University0.edu}, {X=http://www.Department10.University0.edu/UndergraduateStudent143, Y=http://www.Department10.University0.edu, Z=UndergraduateStudent143@Department10.University0.edu}, {X=http://www.Department10.University0.edu/UndergraduateStudent76, Y=http://www.Department10.University0.edu, Z=UndergraduateStudent76@Department10.University0.edu}, {X=http://www.Department10.University0.edu/UndergraduateStudent101, Y=http://www.Department10.University0.edu, Z=UndergraduateStudent101@Department10.University0.edu}, {X=http://www.Department10.University0.edu/UndergraduateStudent342, Y=http://www.Department10.University0.edu, Z=UndergraduateStudent342@Department10.University0.edu}, {X=http://www.Department10.University0.edu/UndergraduateStudent168, Y=http://www.Department10.University0.edu, Z=UndergraduateStudent168@Department10.University0.edu}, {X=http://www.Department10.University0.edu/UndergraduateStudent6, Y=http://www.Department10.University0.edu, Z=UndergraduateStudent6@Department10.University0.edu}, {X=http://www.Department10.University0.edu/UndergraduateStudent144, Y=http://www.Department10.University0.edu, Z=UndergraduateStudent144@Department10.University0.edu}, {X=http://www.Department10.University0.edu/UndergraduateStudent311, Y=http://www.Department10.University0.edu, Z=UndergraduateStudent311@Department10.University0.edu}, {X=http://www.Department10.University0.edu/GraduateStudent44, Y=http://www.Department10.University0.edu, Z=GraduateStudent44@Department10.University0.edu}, {X=http://www.Department10.University0.edu/GraduateStudent30, Y=http://www.Department10.University0.edu, Z=GraduateStudent30@Department10.University0.edu}, {X=http://www.Department10.University0.edu/UndergraduateStudent152, Y=http://www.Department10.University0.edu, Z=UndergraduateStudent152@Department10.University0.edu}, {X=http://www.Department10.University0.edu/UndergraduateStudent72, Y=http://www.Department10.University0.edu, Z=UndergraduateStudent72@Department10.University0.edu}, {X=http://www.Department10.University0.edu/UndergraduateStudent341, Y=http://www.Department10.University0.edu, Z=UndergraduateStudent341@Department10.University0.edu}, {X=http://www.Department10.University0.edu/GraduateStudent46, Y=http://www.Department10.University0.edu, Z=GraduateStudent46@Department10.University0.edu}, {X=http://www.Department10.University0.edu/UndergraduateStudent336, Y=http://www.Department10.University0.edu, Z=UndergraduateStudent336@Department10.University0.edu}, {X=http://www.Department10.University0.edu/UndergraduateStudent350, Y=http://www.Department10.University0.edu, Z=UndergraduateStudent350@Department10.University0.edu}, {X=http://www.Department10.University0.edu/GraduateStudent76, Y=http://www.Department10.University0.edu, Z=GraduateStudent76@Department10.University0.edu}, {X=http://www.Department10.University0.edu/GraduateStudent40, Y=http://www.Department10.University0.edu, Z=GraduateStudent40@Department10.University0.edu}, {X=http://www.Department10.University0.edu/UndergraduateStudent162, Y=http://www.Department10.University0.edu, Z=UndergraduateStudent162@Department10.University0.edu}, {X=http://www.Department10.University0.edu/GraduateStudent97, Y=http://www.Department10.University0.edu, Z=GraduateStudent97@Department10.University0.edu}, {X=http://www.Department10.University0.edu/UndergraduateStudent159, Y=http://www.Department10.University0.edu, Z=UndergraduateStudent159@Department10.University0.edu}, {X=http://www.Department10.University0.edu/UndergraduateStudent109, Y=http://www.Department10.University0.edu, Z=UndergraduateStudent109@Department10.University0.edu}, {X=http://www.Department10.University0.edu/GraduateStudent99, Y=http://www.Department10.University0.edu, Z=GraduateStudent99@Department10.University0.edu}, {X=http://www.Department10.University0.edu/UndergraduateStudent365, Y=http://www.Department10.University0.edu, Z=UndergraduateStudent365@Department10.University0.edu}, {X=http://www.Department10.University0.edu/UndergraduateStudent4, Y=http://www.Department10.University0.edu, Z=UndergraduateStudent4@Department10.University0.edu}, {X=http://www.Department10.University0.edu/GraduateStudent62, Y=http://www.Department10.University0.edu, Z=GraduateStudent62@Department10.University0.edu}, {X=http://www.Department10.University0.edu/GraduateStudent12, Y=http://www.Department10.University0.edu, Z=GraduateStudent12@Department10.University0.edu}, {X=http://www.Department10.University0.edu/UndergraduateStudent379, Y=http://www.Department10.University0.edu, Z=UndergraduateStudent379@Department10.University0.edu}, {X=http://www.Department10.University0.edu/GraduateStudent61, Y=http://www.Department10.University0.edu, Z=GraduateStudent61@Department10.University0.edu}, {X=http://www.Department10.University0.edu/GraduateStudent124, Y=http://www.Department10.University0.edu, Z=GraduateStudent124@Department10.University0.edu}, {X=http://www.Department10.University0.edu/UndergraduateStudent384, Y=http://www.Department10.University0.edu, Z=UndergraduateStudent384@Department10.University0.edu}, {X=http://www.Department10.University0.edu/UndergraduateStudent28, Y=http://www.Department10.University0.edu, Z=UndergraduateStudent28@Department10.University0.edu}, {X=http://www.Department10.University0.edu/UndergraduateStudent192, Y=http://www.Department10.University0.edu, Z=UndergraduateStudent192@Department10.University0.edu}, {X=http://www.Department10.University0.edu/UndergraduateStudent42, Y=http://www.Department10.University0.edu, Z=UndergraduateStudent42@Department10.University0.edu}, {X=http://www.Department10.University0.edu/UndergraduateStudent153, Y=http://www.Department10.University0.edu, Z=UndergraduateStudent153@Department10.University0.edu}, {X=http://www.Department10.University0.edu/UndergraduateStudent160, Y=http://www.Department10.University0.edu, Z=UndergraduateStudent160@Department10.University0.edu}, {X=http://www.Department10.University0.edu/UndergraduateStudent154, Y=http://www.Department10.University0.edu, Z=UndergraduateStudent154@Department10.University0.edu}, {X=http://www.Department10.University0.edu/GraduateStudent29, Y=http://www.Department10.University0.edu, Z=GraduateStudent29@Department10.University0.edu}, {X=http://www.Department10.University0.edu/GraduateStudent118, Y=http://www.Department10.University0.edu, Z=GraduateStudent118@Department10.University0.edu}, {X=http://www.Department10.University0.edu/GraduateStudent80, Y=http://www.Department10.University0.edu, Z=GraduateStudent80@Department10.University0.edu}, {X=http://www.Department10.University0.edu/UndergraduateStudent18, Y=http://www.Department10.University0.edu, Z=UndergraduateStudent18@Department10.University0.edu}, {X=http://www.Department10.University0.edu/UndergraduateStudent328, Y=http://www.Department10.University0.edu, Z=UndergraduateStudent328@Department10.University0.edu}, {X=http://www.Department10.University0.edu/GraduateStudent60, Y=http://www.Department10.University0.edu, Z=GraduateStudent60@Department10.University0.edu}, {X=http://www.Department10.University0.edu/UndergraduateStudent315, Y=http://www.Department10.University0.edu, Z=UndergraduateStudent315@Department10.University0.edu}, {X=http://www.Department10.University0.edu/GraduateStudent113, Y=http://www.Department10.University0.edu, Z=GraduateStudent113@Department10.University0.edu}, {X=http://www.Department10.University0.edu/UndergraduateStudent130, Y=http://www.Department10.University0.edu, Z=UndergraduateStudent130@Department10.University0.edu}, {X=http://www.Department10.University0.edu/UndergraduateStudent34, Y=http://www.Department10.University0.edu, Z=UndergraduateStudent34@Department10.University0.edu}, {X=http://www.Department10.University0.edu/UndergraduateStudent231, Y=http://www.Department10.University0.edu, Z=UndergraduateStudent231@Department10.University0.edu}, {X=http://www.Department10.University0.edu/GraduateStudent86, Y=http://www.Department10.University0.edu, Z=GraduateStudent86@Department10.University0.edu}, {X=http://www.Department10.University0.edu/UndergraduateStudent229, Y=http://www.Department10.University0.edu, Z=UndergraduateStudent229@Department10.University0.edu}, {X=http://www.Department10.University0.edu/UndergraduateStudent303, Y=http://www.Department10.University0.edu, Z=UndergraduateStudent303@Department10.University0.edu}, {X=http://www.Department10.University0.edu/UndergraduateStudent171, Y=http://www.Department10.University0.edu, Z=UndergraduateStudent171@Department10.University0.edu}, {X=http://www.Department10.University0.edu/UndergraduateStudent47, Y=http://www.Department10.University0.edu, Z=UndergraduateStudent47@Department10.University0.edu}, {X=http://www.Department10.University0.edu/UndergraduateStudent94, Y=http://www.Department10.University0.edu, Z=UndergraduateStudent94@Department10.University0.edu}, {X=http://www.Department10.University0.edu/GraduateStudent45, Y=http://www.Department10.University0.edu, Z=GraduateStudent45@Department10.University0.edu}, {X=http://www.Department10.University0.edu/UndergraduateStudent318, Y=http://www.Department10.University0.edu, Z=UndergraduateStudent318@Department10.University0.edu}, {X=http://www.Department10.University0.edu/GraduateStudent23, Y=http://www.Department10.University0.edu, Z=GraduateStudent23@Department10.University0.edu}, {X=http://www.Department10.University0.edu/UndergraduateStudent35, Y=http://www.Department10.University0.edu, Z=UndergraduateStudent35@Department10.University0.edu}, {X=http://www.Department10.University0.edu/UndergraduateStudent320, Y=http://www.Department10.University0.edu, Z=UndergraduateStudent320@Department10.University0.edu}, {X=http://www.Department10.University0.edu/UndergraduateStudent113, Y=http://www.Department10.University0.edu, Z=UndergraduateStudent113@Department10.University0.edu}, {X=http://www.Department10.University0.edu/UndergraduateStudent9, Y=http://www.Department10.University0.edu, Z=UndergraduateStudent9@Department10.University0.edu}, {X=http://www.Department10.University0.edu/UndergraduateStudent127, Y=http://www.Department10.University0.edu, Z=UndergraduateStudent127@Department10.University0.edu}, {X=http://www.Department10.University0.edu/UndergraduateStudent258, Y=http://www.Department10.University0.edu, Z=UndergraduateStudent258@Department10.University0.edu}, {X=http://www.Department10.University0.edu/GraduateStudent70, Y=http://www.Department10.University0.edu, Z=GraduateStudent70@Department10.University0.edu}, {X=http://www.Department10.University0.edu/UndergraduateStudent78, Y=http://www.Department10.University0.edu, Z=UndergraduateStudent78@Department10.University0.edu}, {X=http://www.Department10.University0.edu/UndergraduateStudent373, Y=http://www.Department10.University0.edu, Z=UndergraduateStudent373@Department10.University0.edu}, {X=http://www.Department10.University0.edu/GraduateStudent72, Y=http://www.Department10.University0.edu, Z=GraduateStudent72@Department10.University0.edu}, {X=http://www.Department10.University0.edu/UndergraduateStudent238, Y=http://www.Department10.University0.edu, Z=UndergraduateStudent238@Department10.University0.edu}, {X=http://www.Department10.University0.edu/UndergraduateStudent331, Y=http://www.Department10.University0.edu, Z=UndergraduateStudent331@Department10.University0.edu}, {X=http://www.Department10.University0.edu/UndergraduateStudent209, Y=http://www.Department10.University0.edu, Z=UndergraduateStudent209@Department10.University0.edu}, {X=http://www.Department10.University0.edu/UndergraduateStudent221, Y=http://www.Department10.University0.edu, Z=UndergraduateStudent221@Department10.University0.edu}, {X=http://www.Department10.University0.edu/UndergraduateStudent326, Y=http://www.Department10.University0.edu, Z=UndergraduateStudent326@Department10.University0.edu}, {X=http://www.Department10.University0.edu/UndergraduateStudent8, Y=http://www.Department10.University0.edu, Z=UndergraduateStudent8@Department10.University0.edu}, {X=http://www.Department10.University0.edu/UndergraduateStudent87, Y=http://www.Department10.University0.edu, Z=UndergraduateStudent87@Department10.University0.edu}, {X=http://www.Department10.University0.edu/UndergraduateStudent244, Y=http://www.Department10.University0.edu, Z=UndergraduateStudent244@Department10.University0.edu}, {X=http://www.Department10.University0.edu/UndergraduateStudent300, Y=http://www.Department10.University0.edu, Z=UndergraduateStudent300@Department10.University0.edu}, {X=http://www.Department10.University0.edu/UndergraduateStudent262, Y=http://www.Department10.University0.edu, Z=UndergraduateStudent262@Department10.University0.edu}, {X=http://www.Department10.University0.edu/UndergraduateStudent10, Y=http://www.Department10.University0.edu, Z=UndergraduateStudent10@Department10.University0.edu}, {X=http://www.Department10.University0.edu/UndergraduateStudent356, Y=http://www.Department10.University0.edu, Z=UndergraduateStudent356@Department10.University0.edu}, {X=http://www.Department10.University0.edu/UndergraduateStudent391, Y=http://www.Department10.University0.edu, Z=UndergraduateStudent391@Department10.University0.edu}, {X=http://www.Department10.University0.edu/UndergraduateStudent346, Y=http://www.Department10.University0.edu, Z=UndergraduateStudent346@Department10.University0.edu}, {X=http://www.Department10.University0.edu/GraduateStudent121, Y=http://www.Department10.University0.edu, Z=GraduateStudent121@Department10.University0.edu}, {X=http://www.Department10.University0.edu/UndergraduateStudent185, Y=http://www.Department10.University0.edu, Z=UndergraduateStudent185@Department10.University0.edu}, {X=http://www.Department10.University0.edu/UndergraduateStudent301, Y=http://www.Department10.University0.edu, Z=UndergraduateStudent301@Department10.University0.edu}, {X=http://www.Department10.University0.edu/GraduateStudent43, Y=http://www.Department10.University0.edu, Z=GraduateStudent43@Department10.University0.edu}, {X=http://www.Department10.University0.edu/UndergraduateStudent404, Y=http://www.Department10.University0.edu, Z=UndergraduateStudent404@Department10.University0.edu}, {X=http://www.Department10.University0.edu/UndergraduateStudent11, Y=http://www.Department10.University0.edu, Z=UndergraduateStudent11@Department10.University0.edu}, {X=http://www.Department10.University0.edu/UndergraduateStudent316, Y=http://www.Department10.University0.edu, Z=UndergraduateStudent316@Department10.University0.edu}, {X=http://www.Department10.University0.edu/UndergraduateStudent75, Y=http://www.Department10.University0.edu, Z=UndergraduateStudent75@Department10.University0.edu}, {X=http://www.Department10.University0.edu/UndergraduateStudent93, Y=http://www.Department10.University0.edu, Z=UndergraduateStudent93@Department10.University0.edu}, {X=http://www.Department10.University0.edu/GraduateStudent89, Y=http://www.Department10.University0.edu, Z=GraduateStudent89@Department10.University0.edu}, {X=http://www.Department10.University0.edu/GraduateStudent136, Y=http://www.Department10.University0.edu, Z=GraduateStudent136@Department10.University0.edu}, {X=http://www.Department10.University0.edu/UndergraduateStudent52, Y=http://www.Department10.University0.edu, Z=UndergraduateStudent52@Department10.University0.edu}, {X=http://www.Department10.University0.edu/UndergraduateStudent40, Y=http://www.Department10.University0.edu, Z=UndergraduateStudent40@Department10.University0.edu}, {X=http://www.Department10.University0.edu/UndergraduateStudent358, Y=http://www.Department10.University0.edu, Z=UndergraduateStudent358@Department10.University0.edu}, {X=http://www.Department10.University0.edu/UndergraduateStudent37, Y=http://www.Department10.University0.edu, Z=UndergraduateStudent37@Department10.University0.edu}, {X=http://www.Department10.University0.edu/UndergraduateStudent196, Y=http://www.Department10.University0.edu, Z=UndergraduateStudent196@Department10.University0.edu}, {X=http://www.Department10.University0.edu/UndergraduateStudent164, Y=http://www.Department10.University0.edu, Z=UndergraduateStudent164@Department10.University0.edu}, {X=http://www.Department10.University0.edu/UndergraduateStudent16, Y=http://www.Department10.University0.edu, Z=UndergraduateStudent16@Department10.University0.edu}, {X=http://www.Department10.University0.edu/UndergraduateStudent17, Y=http://www.Department10.University0.edu, Z=UndergraduateStudent17@Department10.University0.edu}, {X=http://www.Department10.University0.edu/GraduateStudent84, Y=http://www.Department10.University0.edu, Z=GraduateStudent84@Department10.University0.edu}, {X=http://www.Department10.University0.edu/GraduateStudent132, Y=http://www.Department10.University0.edu, Z=GraduateStudent132@Department10.University0.edu}, {X=http://www.Department10.University0.edu/UndergraduateStudent20, Y=http://www.Department10.University0.edu, Z=UndergraduateStudent20@Department10.University0.edu}, {X=http://www.Department10.University0.edu/UndergraduateStudent294, Y=http://www.Department10.University0.edu, Z=UndergraduateStudent294@Department10.University0.edu}, {X=http://www.Department10.University0.edu/UndergraduateStudent282, Y=http://www.Department10.University0.edu, Z=UndergraduateStudent282@Department10.University0.edu}, {X=http://www.Department10.University0.edu/UndergraduateStudent388, Y=http://www.Department10.University0.edu, Z=UndergraduateStudent388@Department10.University0.edu}, {X=http://www.Department10.University0.edu/UndergraduateStudent370, Y=http://www.Department10.University0.edu, Z=UndergraduateStudent370@Department10.University0.edu}, {X=http://www.Department10.University0.edu/UndergraduateStudent216, Y=http://www.Department10.University0.edu, Z=UndergraduateStudent216@Department10.University0.edu}, {X=http://www.Department10.University0.edu/GraduateStudent112, Y=http://www.Department10.University0.edu, Z=GraduateStudent112@Department10.University0.edu}, {X=http://www.Department10.University0.edu/UndergraduateStudent292, Y=http://www.Department10.University0.edu, Z=UndergraduateStudent292@Department10.University0.edu}, {X=http://www.Department10.University0.edu/UndergraduateStudent270, Y=http://www.Department10.University0.edu, Z=UndergraduateStudent270@Department10.University0.edu}, {X=http://www.Department10.University0.edu/UndergraduateStudent340, Y=http://www.Department10.University0.edu, Z=UndergraduateStudent340@Department10.University0.edu}, {X=http://www.Department10.University0.edu/UndergraduateStudent309, Y=http://www.Department10.University0.edu, Z=UndergraduateStudent309@Department10.University0.edu}, {X=http://www.Department10.University0.edu/UndergraduateStudent142, Y=http://www.Department10.University0.edu, Z=UndergraduateStudent142@Department10.University0.edu}, {X=http://www.Department10.University0.edu/UndergraduateStudent310, Y=http://www.Department10.University0.edu, Z=UndergraduateStudent310@Department10.University0.edu}, {X=http://www.Department10.University0.edu/UndergraduateStudent129, Y=http://www.Department10.University0.edu, Z=UndergraduateStudent129@Department10.University0.edu}, {X=http://www.Department10.University0.edu/UndergraduateStudent249, Y=http://www.Department10.University0.edu, Z=UndergraduateStudent249@Department10.University0.edu}, {X=http://www.Department10.University0.edu/UndergraduateStudent410, Y=http://www.Department10.University0.edu, Z=UndergraduateStudent410@Department10.University0.edu}, {X=http://www.Department10.University0.edu/UndergraduateStudent147, Y=http://www.Department10.University0.edu, Z=UndergraduateStudent147@Department10.University0.edu}, {X=http://www.Department10.University0.edu/UndergraduateStudent59, Y=http://www.Department10.University0.edu, Z=UndergraduateStudent59@Department10.University0.edu}, {X=http://www.Department10.University0.edu/UndergraduateStudent181, Y=http://www.Department10.University0.edu, Z=UndergraduateStudent181@Department10.University0.edu}, {X=http://www.Department10.University0.edu/UndergraduateStudent213, Y=http://www.Department10.University0.edu, Z=UndergraduateStudent213@Department10.University0.edu}, {X=http://www.Department10.University0.edu/UndergraduateStudent386, Y=http://www.Department10.University0.edu, Z=UndergraduateStudent386@Department10.University0.edu}, {X=http://www.Department10.University0.edu/GraduateStudent109, Y=http://www.Department10.University0.edu, Z=GraduateStudent109@Department10.University0.edu}, {X=http://www.Department10.University0.edu/UndergraduateStudent295, Y=http://www.Department10.University0.edu, Z=UndergraduateStudent295@Department10.University0.edu}, {X=http://www.Department10.University0.edu/GraduateStudent105, Y=http://www.Department10.University0.edu, Z=GraduateStudent105@Department10.University0.edu}, {X=http://www.Department10.University0.edu/UndergraduateStudent396, Y=http://www.Department10.University0.edu, Z=UndergraduateStudent396@Department10.University0.edu}, {X=http://www.Department10.University0.edu/UndergraduateStudent121, Y=http://www.Department10.University0.edu, Z=UndergraduateStudent121@Department10.University0.edu}, {X=http://www.Department10.University0.edu/GraduateStudent14, Y=http://www.Department10.University0.edu, Z=GraduateStudent14@Department10.University0.edu}, {X=http://www.Department10.University0.edu/UndergraduateStudent212, Y=http://www.Department10.University0.edu, Z=UndergraduateStudent212@Department10.University0.edu}, {X=http://www.Department10.University0.edu/GraduateStudent20, Y=http://www.Department10.University0.edu, Z=GraduateStudent20@Department10.University0.edu}, {X=http://www.Department10.University0.edu/UndergraduateStudent66, Y=http://www.Department10.University0.edu, Z=UndergraduateStudent66@Department10.University0.edu}, {X=http://www.Department10.University0.edu/UndergraduateStudent61, Y=http://www.Department10.University0.edu, Z=UndergraduateStudent61@Department10.University0.edu}, {X=http://www.Department10.University0.edu/GraduateStudent64, Y=http://www.Department10.University0.edu, Z=GraduateStudent64@Department10.University0.edu}, {X=http://www.Department10.University0.edu/UndergraduateStudent279, Y=http://www.Department10.University0.edu, Z=UndergraduateStudent279@Department10.University0.edu}, {X=http://www.Department10.University0.edu/UndergraduateStudent74, Y=http://www.Department10.University0.edu, Z=UndergraduateStudent74@Department10.University0.edu}, {X=http://www.Department10.University0.edu/UndergraduateStudent198, Y=http://www.Department10.University0.edu, Z=UndergraduateStudent198@Department10.University0.edu}, {X=http://www.Department10.University0.edu/UndergraduateStudent277, Y=http://www.Department10.University0.edu, Z=UndergraduateStudent277@Department10.University0.edu}, {X=http://www.Department10.University0.edu/UndergraduateStudent240, Y=http://www.Department10.University0.edu, Z=UndergraduateStudent240@Department10.University0.edu}, {X=http://www.Department10.University0.edu/UndergraduateStudent304, Y=http://www.Department10.University0.edu, Z=UndergraduateStudent304@Department10.University0.edu}, {X=http://www.Department10.University0.edu/UndergraduateStudent252, Y=http://www.Department10.University0.edu, Z=UndergraduateStudent252@Department10.University0.edu}, {X=http://www.Department10.University0.edu/UndergraduateStudent204, Y=http://www.Department10.University0.edu, Z=UndergraduateStudent204@Department10.University0.edu}, {X=http://www.Department10.University0.edu/UndergraduateStudent214, Y=http://www.Department10.University0.edu, Z=UndergraduateStudent214@Department10.University0.edu}, {X=http://www.Department10.University0.edu/UndergraduateStudent149, Y=http://www.Department10.University0.edu, Z=UndergraduateStudent149@Department10.University0.edu}, {X=http://www.Department10.University0.edu/GraduateStudent116, Y=http://www.Department10.University0.edu, Z=GraduateStudent116@Department10.University0.edu}, {X=http://www.Department10.University0.edu/UndergraduateStudent116, Y=http://www.Department10.University0.edu, Z=UndergraduateStudent116@Department10.University0.edu}, {X=http://www.Department10.University0.edu/UndergraduateStudent299, Y=http://www.Department10.University0.edu, Z=UndergraduateStudent299@Department10.University0.edu}, {X=http://www.Department10.University0.edu/UndergraduateStudent3, Y=http://www.Department10.University0.edu, Z=UndergraduateStudent3@Department10.University0.edu}, {X=http://www.Department10.University0.edu/UndergraduateStudent15, Y=http://www.Department10.University0.edu, Z=UndergraduateStudent15@Department10.University0.edu}, {X=http://www.Department10.University0.edu/UndergraduateStudent261, Y=http://www.Department10.University0.edu, Z=UndergraduateStudent261@Department10.University0.edu}, {X=http://www.Department10.University0.edu/GraduateStudent100, Y=http://www.Department10.University0.edu, Z=GraduateStudent100@Department10.University0.edu}, {X=http://www.Department10.University0.edu/UndergraduateStudent80, Y=http://www.Department10.University0.edu, Z=UndergraduateStudent80@Department10.University0.edu}, {X=http://www.Department10.University0.edu/UndergraduateStudent406, Y=http://www.Department10.University0.edu, Z=UndergraduateStudent406@Department10.University0.edu}, {X=http://www.Department10.University0.edu/UndergraduateStudent369, Y=http://www.Department10.University0.edu, Z=UndergraduateStudent369@Department10.University0.edu}, {X=http://www.Department10.University0.edu/UndergraduateStudent175, Y=http://www.Department10.University0.edu, Z=UndergraduateStudent175@Department10.University0.edu}, {X=http://www.Department10.University0.edu/UndergraduateStudent148, Y=http://www.Department10.University0.edu, Z=UndergraduateStudent148@Department10.University0.edu}, {X=http://www.Department10.University0.edu/GraduateStudent129, Y=http://www.Department10.University0.edu, Z=GraduateStudent129@Department10.University0.edu}, {X=http://www.Department10.University0.edu/UndergraduateStudent122, Y=http://www.Department10.University0.edu, Z=UndergraduateStudent122@Department10.University0.edu}, {X=http://www.Department10.University0.edu/UndergraduateStudent228, Y=http://www.Department10.University0.edu, Z=UndergraduateStudent228@Department10.University0.edu}, {X=http://www.Department10.University0.edu/UndergraduateStudent102, Y=http://www.Department10.University0.edu, Z=UndergraduateStudent102@Department10.University0.edu}, {X=http://www.Department10.University0.edu/GraduateStudent115, Y=http://www.Department10.University0.edu, Z=GraduateStudent115@Department10.University0.edu}, {X=http://www.Department10.University0.edu/UndergraduateStudent354, Y=http://www.Department10.University0.edu, Z=UndergraduateStudent354@Department10.University0.edu}, {X=http://www.Department10.University0.edu/UndergraduateStudent174, Y=http://www.Department10.University0.edu, Z=UndergraduateStudent174@Department10.University0.edu}, {X=http://www.Department10.University0.edu/UndergraduateStudent155, Y=http://www.Department10.University0.edu, Z=UndergraduateStudent155@Department10.University0.edu}, {X=http://www.Department10.University0.edu/UndergraduateStudent349, Y=http://www.Department10.University0.edu, Z=UndergraduateStudent349@Department10.University0.edu}, {X=http://www.Department10.University0.edu/GraduateStudent82, Y=http://www.Department10.University0.edu, Z=GraduateStudent82@Department10.University0.edu}, {X=http://www.Department10.University0.edu/UndergraduateStudent219, Y=http://www.Department10.University0.edu, Z=UndergraduateStudent219@Department10.University0.edu}, {X=http://www.Department10.University0.edu/UndergraduateStudent243, Y=http://www.Department10.University0.edu, Z=UndergraduateStudent243@Department10.University0.edu}, {X=http://www.Department10.University0.edu/UndergraduateStudent26, Y=http://www.Department10.University0.edu, Z=UndergraduateStudent26@Department10.University0.edu}, {X=http://www.Department10.University0.edu/GraduateStudent9, Y=http://www.Department10.University0.edu, Z=GraduateStudent9@Department10.University0.edu}, {X=http://www.Department10.University0.edu/UndergraduateStudent247, Y=http://www.Department10.University0.edu, Z=UndergraduateStudent247@Department10.University0.edu}, {X=http://www.Department10.University0.edu/GraduateStudent49, Y=http://www.Department10.University0.edu, Z=GraduateStudent49@Department10.University0.edu}, {X=http://www.Department10.University0.edu/GraduateStudent108, Y=http://www.Department10.University0.edu, Z=GraduateStudent108@Department10.University0.edu}, {X=http://www.Department10.University0.edu/UndergraduateStudent272, Y=http://www.Department10.University0.edu, Z=UndergraduateStudent272@Department10.University0.edu}, {X=http://www.Department10.University0.edu/GraduateStudent81, Y=http://www.Department10.University0.edu, Z=GraduateStudent81@Department10.University0.edu}, {X=http://www.Department10.University0.edu/UndergraduateStudent239, Y=http://www.Department10.University0.edu, Z=UndergraduateStudent239@Department10.University0.edu}, {X=http://www.Department10.University0.edu/UndergraduateStudent13, Y=http://www.Department10.University0.edu, Z=UndergraduateStudent13@Department10.University0.edu}, {X=http://www.Department10.University0.edu/UndergraduateStudent195, Y=http://www.Department10.University0.edu, Z=UndergraduateStudent195@Department10.University0.edu}, {X=http://www.Department10.University0.edu/GraduateStudent94, Y=http://www.Department10.University0.edu, Z=GraduateStudent94@Department10.University0.edu}, {X=http://www.Department10.University0.edu/UndergraduateStudent183, Y=http://www.Department10.University0.edu, Z=UndergraduateStudent183@Department10.University0.edu}, {X=http://www.Department10.University0.edu/UndergraduateStudent163, Y=http://www.Department10.University0.edu, Z=UndergraduateStudent163@Department10.University0.edu}, {X=http://www.Department10.University0.edu/GraduateStudent65, Y=http://www.Department10.University0.edu, Z=GraduateStudent65@Department10.University0.edu}, {X=http://www.Department10.University0.edu/UndergraduateStudent27, Y=http://www.Department10.University0.edu, Z=UndergraduateStudent27@Department10.University0.edu}, {X=http://www.Department10.University0.edu/UndergraduateStudent30, Y=http://www.Department10.University0.edu, Z=UndergraduateStudent30@Department10.University0.edu}, {X=http://www.Department10.University0.edu/UndergraduateStudent125, Y=http://www.Department10.University0.edu, Z=UndergraduateStudent125@Department10.University0.edu}, {X=http://www.Department10.University0.edu/UndergraduateStudent14, Y=http://www.Department10.University0.edu, Z=UndergraduateStudent14@Department10.University0.edu}, {X=http://www.Department10.University0.edu/UndergraduateStudent70, Y=http://www.Department10.University0.edu, Z=UndergraduateStudent70@Department10.University0.edu}, {X=http://www.Department10.University0.edu/UndergraduateStudent53, Y=http://www.Department10.University0.edu, Z=UndergraduateStudent53@Department10.University0.edu}, {X=http://www.Department10.University0.edu/UndergraduateStudent329, Y=http://www.Department10.University0.edu, Z=UndergraduateStudent329@Department10.University0.edu}, {X=http://www.Department10.University0.edu/UndergraduateStudent139, Y=http://www.Department10.University0.edu, Z=UndergraduateStudent139@Department10.University0.edu}, {X=http://www.Department10.University0.edu/GraduateStudent18, Y=http://www.Department10.University0.edu, Z=GraduateStudent18@Department10.University0.edu}, {X=http://www.Department10.University0.edu/UndergraduateStudent333, Y=http://www.Department10.University0.edu, Z=UndergraduateStudent333@Department10.University0.edu}, {X=http://www.Department10.University0.edu/UndergraduateStudent359, Y=http://www.Department10.University0.edu, Z=UndergraduateStudent359@Department10.University0.edu}, {X=http://www.Department10.University0.edu/GraduateStudent19, Y=http://www.Department10.University0.edu, Z=GraduateStudent19@Department10.University0.edu}, {X=http://www.Department10.University0.edu/UndergraduateStudent187, Y=http://www.Department10.University0.edu, Z=UndergraduateStudent187@Department10.University0.edu}, {X=http://www.Department10.University0.edu/UndergraduateStudent202, Y=http://www.Department10.University0.edu, Z=UndergraduateStudent202@Department10.University0.edu}, {X=http://www.Department10.University0.edu/GraduateStudent91, Y=http://www.Department10.University0.edu, Z=GraduateStudent91@Department10.University0.edu}, {X=http://www.Department10.University0.edu/UndergraduateStudent385, Y=http://www.Department10.University0.edu, Z=UndergraduateStudent385@Department10.University0.edu}, {X=http://www.Department10.University0.edu/UndergraduateStudent286, Y=http://www.Department10.University0.edu, Z=UndergraduateStudent286@Department10.University0.edu}, {X=http://www.Department10.University0.edu/UndergraduateStudent206, Y=http://www.Department10.University0.edu, Z=UndergraduateStudent206@Department10.University0.edu}, {X=http://www.Department10.University0.edu/UndergraduateStudent225, Y=http://www.Department10.University0.edu, Z=UndergraduateStudent225@Department10.University0.edu}, {X=http://www.Department10.University0.edu/UndergraduateStudent182, Y=http://www.Department10.University0.edu, Z=UndergraduateStudent182@Department10.University0.edu}, {X=http://www.Department10.University0.edu/UndergraduateStudent283, Y=http://www.Department10.University0.edu, Z=UndergraduateStudent283@Department10.University0.edu}, {X=http://www.Department10.University0.edu/UndergraduateStudent161, Y=http://www.Department10.University0.edu, Z=UndergraduateStudent161@Department10.University0.edu}, {X=http://www.Department10.University0.edu/UndergraduateStudent23, Y=http://www.Department10.University0.edu, Z=UndergraduateStudent23@Department10.University0.edu}, {X=http://www.Department10.University0.edu/UndergraduateStudent401, Y=http://www.Department10.University0.edu, Z=UndergraduateStudent401@Department10.University0.edu}, {X=http://www.Department10.University0.edu/GraduateStudent54, Y=http://www.Department10.University0.edu, Z=GraduateStudent54@Department10.University0.edu}, {X=http://www.Department10.University0.edu/UndergraduateStudent321, Y=http://www.Department10.University0.edu, Z=UndergraduateStudent321@Department10.University0.edu}, {X=http://www.Department10.University0.edu/UndergraduateStudent296, Y=http://www.Department10.University0.edu, Z=UndergraduateStudent296@Department10.University0.edu}, {X=http://www.Department10.University0.edu/UndergraduateStudent178, Y=http://www.Department10.University0.edu, Z=UndergraduateStudent178@Department10.University0.edu}, {X=http://www.Department10.University0.edu/UndergraduateStudent344, Y=http://www.Department10.University0.edu, Z=UndergraduateStudent344@Department10.University0.edu}, {X=http://www.Department10.University0.edu/GraduateStudent25, Y=http://www.Department10.University0.edu, Z=GraduateStudent25@Department10.University0.edu}, {X=http://www.Department10.University0.edu/UndergraduateStudent257, Y=http://www.Department10.University0.edu, Z=UndergraduateStudent257@Department10.University0.edu}, {X=http://www.Department10.University0.edu/UndergraduateStudent383, Y=http://www.Department10.University0.edu, Z=UndergraduateStudent383@Department10.University0.edu}, {X=http://www.Department10.University0.edu/UndergraduateStudent63, Y=http://www.Department10.University0.edu, Z=UndergraduateStudent63@Department10.University0.edu}, {X=http://www.Department10.University0.edu/UndergraduateStudent57, Y=http://www.Department10.University0.edu, Z=UndergraduateStudent57@Department10.University0.edu}, {X=http://www.Department10.University0.edu/GraduateStudent104, Y=http://www.Department10.University0.edu, Z=GraduateStudent104@Department10.University0.edu}, {X=http://www.Department10.University0.edu/UndergraduateStudent335, Y=http://www.Department10.University0.edu, Z=UndergraduateStudent335@Department10.University0.edu}, {X=http://www.Department10.University0.edu/UndergraduateStudent207, Y=http://www.Department10.University0.edu, Z=UndergraduateStudent207@Department10.University0.edu}, {X=http://www.Department10.University0.edu/UndergraduateStudent248, Y=http://www.Department10.University0.edu, Z=UndergraduateStudent248@Department10.University0.edu}, {X=http://www.Department10.University0.edu/GraduateStudent11, Y=http://www.Department10.University0.edu, Z=GraduateStudent11@Department10.University0.edu}, {X=http://www.Department10.University0.edu/UndergraduateStudent298, Y=http://www.Department10.University0.edu, Z=UndergraduateStudent298@Department10.University0.edu}, {X=http://www.Department10.University0.edu/GraduateStudent13, Y=http://www.Department10.University0.edu, Z=GraduateStudent13@Department10.University0.edu}, {X=http://www.Department10.University0.edu/UndergraduateStudent90, Y=http://www.Department10.University0.edu, Z=UndergraduateStudent90@Department10.University0.edu}, {X=http://www.Department10.University0.edu/UndergraduateStudent194, Y=http://www.Department10.University0.edu, Z=UndergraduateStudent194@Department10.University0.edu}, {X=http://www.Department10.University0.edu/GraduateStudent68, Y=http://www.Department10.University0.edu, Z=GraduateStudent68@Department10.University0.edu}, {X=http://www.Department10.University0.edu/GraduateStudent10, Y=http://www.Department10.University0.edu, Z=GraduateStudent10@Department10.University0.edu}, {X=http://www.Department10.University0.edu/UndergraduateStudent173, Y=http://www.Department10.University0.edu, Z=UndergraduateStudent173@Department10.University0.edu}, {X=http://www.Department10.University0.edu/UndergraduateStudent39, Y=http://www.Department10.University0.edu, Z=UndergraduateStudent39@Department10.University0.edu}, {X=http://www.Department10.University0.edu/UndergraduateStudent217, Y=http://www.Department10.University0.edu, Z=UndergraduateStudent217@Department10.University0.edu}, {X=http://www.Department10.University0.edu/UndergraduateStudent158, Y=http://www.Department10.University0.edu, Z=UndergraduateStudent158@Department10.University0.edu}, {X=http://www.Department10.University0.edu/GraduateStudent93, Y=http://www.Department10.University0.edu, Z=GraduateStudent93@Department10.University0.edu}, {X=http://www.Department10.University0.edu/UndergraduateStudent211, Y=http://www.Department10.University0.edu, Z=UndergraduateStudent211@Department10.University0.edu}, {X=http://www.Department10.University0.edu/UndergraduateStudent382, Y=http://www.Department10.University0.edu, Z=UndergraduateStudent382@Department10.University0.edu}, {X=http://www.Department10.University0.edu/GraduateStudent39, Y=http://www.Department10.University0.edu, Z=GraduateStudent39@Department10.University0.edu}, {X=http://www.Department10.University0.edu/UndergraduateStudent201, Y=http://www.Department10.University0.edu, Z=UndergraduateStudent201@Department10.University0.edu}, {X=http://www.Department10.University0.edu/GraduateStudent63, Y=http://www.Department10.University0.edu, Z=GraduateStudent63@Department10.University0.edu}, {X=http://www.Department10.University0.edu/GraduateStudent52, Y=http://www.Department10.University0.edu, Z=GraduateStudent52@Department10.University0.edu}, {X=http://www.Department10.University0.edu/UndergraduateStudent353, Y=http://www.Department10.University0.edu, Z=UndergraduateStudent353@Department10.University0.edu}, {X=http://www.Department10.University0.edu/GraduateStudent101, Y=http://www.Department10.University0.edu, Z=GraduateStudent101@Department10.University0.edu}, {X=http://www.Department10.University0.edu/GraduateStudent125, Y=http://www.Department10.University0.edu, Z=GraduateStudent125@Department10.University0.edu}, {X=http://www.Department10.University0.edu/UndergraduateStudent2, Y=http://www.Department10.University0.edu, Z=UndergraduateStudent2@Department10.University0.edu}, {X=http://www.Department10.University0.edu/UndergraduateStudent62, Y=http://www.Department10.University0.edu, Z=UndergraduateStudent62@Department10.University0.edu}, {X=http://www.Department10.University0.edu/UndergraduateStudent22, Y=http://www.Department10.University0.edu, Z=UndergraduateStudent22@Department10.University0.edu}, {X=http://www.Department10.University0.edu/UndergraduateStudent234, Y=http://www.Department10.University0.edu, Z=UndergraduateStudent234@Department10.University0.edu}, {X=http://www.Department10.University0.edu/UndergraduateStudent308, Y=http://www.Department10.University0.edu, Z=UndergraduateStudent308@Department10.University0.edu}, {X=http://www.Department10.University0.edu/UndergraduateStudent97, Y=http://www.Department10.University0.edu, Z=UndergraduateStudent97@Department10.University0.edu}, {X=http://www.Department10.University0.edu/GraduateStudent4, Y=http://www.Department10.University0.edu, Z=GraduateStudent4@Department10.University0.edu}, {X=http://www.Department10.University0.edu/UndergraduateStudent377, Y=http://www.Department10.University0.edu, Z=UndergraduateStudent377@Department10.University0.edu}, {X=http://www.Department10.University0.edu/UndergraduateStudent41, Y=http://www.Department10.University0.edu, Z=UndergraduateStudent41@Department10.University0.edu}, {X=http://www.Department10.University0.edu/UndergraduateStudent250, Y=http://www.Department10.University0.edu, Z=UndergraduateStudent250@Department10.University0.edu}, {X=http://www.Department10.University0.edu/UndergraduateStudent330, Y=http://www.Department10.University0.edu, Z=UndergraduateStudent330@Department10.University0.edu}, {X=http://www.Department10.University0.edu/UndergraduateStudent227, Y=http://www.Department10.University0.edu, Z=UndergraduateStudent227@Department10.University0.edu}, {X=http://www.Department10.University0.edu/GraduateStudent96, Y=http://www.Department10.University0.edu, Z=GraduateStudent96@Department10.University0.edu}, {X=http://www.Department10.University0.edu/UndergraduateStudent199, Y=http://www.Department10.University0.edu, Z=UndergraduateStudent199@Department10.University0.edu}, {X=http://www.Department10.University0.edu/GraduateStudent131, Y=http://www.Department10.University0.edu, Z=GraduateStudent131@Department10.University0.edu}, {X=http://www.Department10.University0.edu/UndergraduateStudent265, Y=http://www.Department10.University0.edu, Z=UndergraduateStudent265@Department10.University0.edu}, {X=http://www.Department10.University0.edu/UndergraduateStudent131, Y=http://www.Department10.University0.edu, Z=UndergraduateStudent131@Department10.University0.edu}, {X=http://www.Department10.University0.edu/UndergraduateStudent48, Y=http://www.Department10.University0.edu, Z=UndergraduateStudent48@Department10.University0.edu}, {X=http://www.Department10.University0.edu/GraduateStudent33, Y=http://www.Department10.University0.edu, Z=GraduateStudent33@Department10.University0.edu}, {X=http://www.Department10.University0.edu/UndergraduateStudent137, Y=http://www.Department10.University0.edu, Z=UndergraduateStudent137@Department10.University0.edu}, {X=http://www.Department10.University0.edu/UndergraduateStudent281, Y=http://www.Department10.University0.edu, Z=UndergraduateStudent281@Department10.University0.edu}, {X=http://www.Department10.University0.edu/UndergraduateStudent166, Y=http://www.Department10.University0.edu, Z=UndergraduateStudent166@Department10.University0.edu}, {X=http://www.Department10.University0.edu/UndergraduateStudent233, Y=http://www.Department10.University0.edu, Z=UndergraduateStudent233@Department10.University0.edu}, {X=http://www.Department10.University0.edu/GraduateStudent98, Y=http://www.Department10.University0.edu, Z=GraduateStudent98@Department10.University0.edu}, {X=http://www.Department10.University0.edu/UndergraduateStudent67, Y=http://www.Department10.University0.edu, Z=UndergraduateStudent67@Department10.University0.edu}, {X=http://www.Department10.University0.edu/UndergraduateStudent85, Y=http://www.Department10.University0.edu, Z=UndergraduateStudent85@Department10.University0.edu}, {X=http://www.Department10.University0.edu/UndergraduateStudent88, Y=http://www.Department10.University0.edu, Z=UndergraduateStudent88@Department10.University0.edu}, {X=http://www.Department10.University0.edu/UndergraduateStudent120, Y=http://www.Department10.University0.edu, Z=UndergraduateStudent120@Department10.University0.edu}, {X=http://www.Department10.University0.edu/GraduateStudent123, Y=http://www.Department10.University0.edu, Z=GraduateStudent123@Department10.University0.edu}, {X=http://www.Department10.University0.edu/GraduateStudent110, Y=http://www.Department10.University0.edu, Z=GraduateStudent110@Department10.University0.edu}, {X=http://www.Department10.University0.edu/UndergraduateStudent36, Y=http://www.Department10.University0.edu, Z=UndergraduateStudent36@Department10.University0.edu}, {X=http://www.Department10.University0.edu/UndergraduateStudent151, Y=http://www.Department10.University0.edu, Z=UndergraduateStudent151@Department10.University0.edu}, {X=http://www.Department10.University0.edu/GraduateStudent31, Y=http://www.Department10.University0.edu, Z=GraduateStudent31@Department10.University0.edu}, {X=http://www.Department10.University0.edu/UndergraduateStudent82, Y=http://www.Department10.University0.edu, Z=UndergraduateStudent82@Department10.University0.edu}, {X=http://www.Department10.University0.edu/GraduateStudent35, Y=http://www.Department10.University0.edu, Z=GraduateStudent35@Department10.University0.edu}, {X=http://www.Department10.University0.edu/UndergraduateStudent241, Y=http://www.Department10.University0.edu, Z=UndergraduateStudent241@Department10.University0.edu}, {X=http://www.Department10.University0.edu/GraduateStudent34, Y=http://www.Department10.University0.edu, Z=GraduateStudent34@Department10.University0.edu}, {X=http://www.Department10.University0.edu/UndergraduateStudent126, Y=http://www.Department10.University0.edu, Z=UndergraduateStudent126@Department10.University0.edu}, {X=http://www.Department10.University0.edu/UndergraduateStudent184, Y=http://www.Department10.University0.edu, Z=UndergraduateStudent184@Department10.University0.edu}, {X=http://www.Department10.University0.edu/UndergraduateStudent169, Y=http://www.Department10.University0.edu, Z=UndergraduateStudent169@Department10.University0.edu}, {X=http://www.Department10.University0.edu/UndergraduateStudent12, Y=http://www.Department10.University0.edu, Z=UndergraduateStudent12@Department10.University0.edu}, {X=http://www.Department10.University0.edu/UndergraduateStudent133, Y=http://www.Department10.University0.edu, Z=UndergraduateStudent133@Department10.University0.edu}, {X=http://www.Department10.University0.edu/UndergraduateStudent84, Y=http://www.Department10.University0.edu, Z=UndergraduateStudent84@Department10.University0.edu}, {X=http://www.Department10.University0.edu/GraduateStudent8, Y=http://www.Department10.University0.edu, Z=GraduateStudent8@Department10.University0.edu}, {X=http://www.Department10.University0.edu/UndergraduateStudent403, Y=http://www.Department10.University0.edu, Z=UndergraduateStudent403@Department10.University0.edu}, {X=http://www.Department10.University0.edu/UndergraduateStudent60, Y=http://www.Department10.University0.edu, Z=UndergraduateStudent60@Department10.University0.edu}, {X=http://www.Department10.University0.edu/GraduateStudent26, Y=http://www.Department10.University0.edu, Z=GraduateStudent26@Department10.University0.edu}, {X=http://www.Department10.University0.edu/UndergraduateStudent402, Y=http://www.Department10.University0.edu, Z=UndergraduateStudent402@Department10.University0.edu}, {X=http://www.Department10.University0.edu/UndergraduateStudent210, Y=http://www.Department10.University0.edu, Z=UndergraduateStudent210@Department10.University0.edu}, {X=http://www.Department10.University0.edu/GraduateStudent69, Y=http://www.Department10.University0.edu, Z=GraduateStudent69@Department10.University0.edu}, {X=http://www.Department10.University0.edu/UndergraduateStudent123, Y=http://www.Department10.University0.edu, Z=UndergraduateStudent123@Department10.University0.edu}, {X=http://www.Department10.University0.edu/UndergraduateStudent167, Y=http://www.Department10.University0.edu, Z=UndergraduateStudent167@Department10.University0.edu}, {X=http://www.Department10.University0.edu/UndergraduateStudent361, Y=http://www.Department10.University0.edu, Z=UndergraduateStudent361@Department10.University0.edu}, {X=http://www.Department10.University0.edu/GraduateStudent5, Y=http://www.Department10.University0.edu, Z=GraduateStudent5@Department10.University0.edu}, {X=http://www.Department10.University0.edu/GraduateStudent55, Y=http://www.Department10.University0.edu, Z=GraduateStudent55@Department10.University0.edu}, {X=http://www.Department10.University0.edu/GraduateStudent134, Y=http://www.Department10.University0.edu, Z=GraduateStudent134@Department10.University0.edu}, {X=http://www.Department10.University0.edu/UndergraduateStudent200, Y=http://www.Department10.University0.edu, Z=UndergraduateStudent200@Department10.University0.edu}, {X=http://www.Department10.University0.edu/UndergraduateStudent29, Y=http://www.Department10.University0.edu, Z=UndergraduateStudent29@Department10.University0.edu}, {X=http://www.Department10.University0.edu/GraduateStudent16, Y=http://www.Department10.University0.edu, Z=GraduateStudent16@Department10.University0.edu}, {X=http://www.Department10.University0.edu/UndergraduateStudent271, Y=http://www.Department10.University0.edu, Z=UndergraduateStudent271@Department10.University0.edu}, {X=http://www.Department10.University0.edu/UndergraduateStudent322, Y=http://www.Department10.University0.edu, Z=UndergraduateStudent322@Department10.University0.edu}, {X=http://www.Department10.University0.edu/UndergraduateStudent33, Y=http://www.Department10.University0.edu, Z=UndergraduateStudent33@Department10.University0.edu}, {X=http://www.Department10.University0.edu/UndergraduateStudent405, Y=http://www.Department10.University0.edu, Z=UndergraduateStudent405@Department10.University0.edu}, {X=http://www.Department10.University0.edu/UndergraduateStudent146, Y=http://www.Department10.University0.edu, Z=UndergraduateStudent146@Department10.University0.edu}, {X=http://www.Department10.University0.edu/UndergraduateStudent56, Y=http://www.Department10.University0.edu, Z=UndergraduateStudent56@Department10.University0.edu}, {X=http://www.Department10.University0.edu/UndergraduateStudent107, Y=http://www.Department10.University0.edu, Z=UndergraduateStudent107@Department10.University0.edu}, {X=http://www.Department10.University0.edu/UndergraduateStudent170, Y=http://www.Department10.University0.edu, Z=UndergraduateStudent170@Department10.University0.edu}, {X=http://www.Department10.University0.edu/UndergraduateStudent395, Y=http://www.Department10.University0.edu, Z=UndergraduateStudent395@Department10.University0.edu}, {X=http://www.Department10.University0.edu/UndergraduateStudent230, Y=http://www.Department10.University0.edu, Z=UndergraduateStudent230@Department10.University0.edu}, {X=http://www.Department10.University0.edu/GraduateStudent36, Y=http://www.Department10.University0.edu, Z=GraduateStudent36@Department10.University0.edu}, {X=http://www.Department10.University0.edu/UndergraduateStudent352, Y=http://www.Department10.University0.edu, Z=UndergraduateStudent352@Department10.University0.edu}, {X=http://www.Department10.University0.edu/UndergraduateStudent110, Y=http://www.Department10.University0.edu, Z=UndergraduateStudent110@Department10.University0.edu}, {X=http://www.Department10.University0.edu/GraduateStudent74, Y=http://www.Department10.University0.edu, Z=GraduateStudent74@Department10.University0.edu}, {X=http://www.Department10.University0.edu/GraduateStudent120, Y=http://www.Department10.University0.edu, Z=GraduateStudent120@Department10.University0.edu}, {X=http://www.Department10.University0.edu/GraduateStudent83, Y=http://www.Department10.University0.edu, Z=GraduateStudent83@Department10.University0.edu}, {X=http://www.Department10.University0.edu/UndergraduateStudent312, Y=http://www.Department10.University0.edu, Z=UndergraduateStudent312@Department10.University0.edu}, {X=http://www.Department10.University0.edu/UndergraduateStudent141, Y=http://www.Department10.University0.edu, Z=UndergraduateStudent141@Department10.University0.edu}, {X=http://www.Department10.University0.edu/GraduateStudent137, Y=http://www.Department10.University0.edu, Z=GraduateStudent137@Department10.University0.edu}, {X=http://www.Department10.University0.edu/GraduateStudent75, Y=http://www.Department10.University0.edu, Z=GraduateStudent75@Department10.University0.edu}, {X=http://www.Department10.University0.edu/UndergraduateStudent380, Y=http://www.Department10.University0.edu, Z=UndergraduateStudent380@Department10.University0.edu}, {X=http://www.Department10.University0.edu/GraduateStudent117, Y=http://www.Department10.University0.edu, Z=GraduateStudent117@Department10.University0.edu}, {X=http://www.Department10.University0.edu/GraduateStudent27, Y=http://www.Department10.University0.edu, Z=GraduateStudent27@Department10.University0.edu}, {X=http://www.Department10.University0.edu/UndergraduateStudent363, Y=http://www.Department10.University0.edu, Z=UndergraduateStudent363@Department10.University0.edu}, {X=http://www.Department10.University0.edu/UndergraduateStudent389, Y=http://www.Department10.University0.edu, Z=UndergraduateStudent389@Department10.University0.edu}, {X=http://www.Department10.University0.edu/UndergraduateStudent105, Y=http://www.Department10.University0.edu, Z=UndergraduateStudent105@Department10.University0.edu}, {X=http://www.Department10.University0.edu/GraduateStudent73, Y=http://www.Department10.University0.edu, Z=GraduateStudent73@Department10.University0.edu}, {X=http://www.Department10.University0.edu/UndergraduateStudent280, Y=http://www.Department10.University0.edu, Z=UndergraduateStudent280@Department10.University0.edu}, {X=http://www.Department10.University0.edu/UndergraduateStudent115, Y=http://www.Department10.University0.edu, Z=UndergraduateStudent115@Department10.University0.edu}, {X=http://www.Department10.University0.edu/GraduateStudent58, Y=http://www.Department10.University0.edu, Z=GraduateStudent58@Department10.University0.edu}, {X=http://www.Department10.University0.edu/UndergraduateStudent191, Y=http://www.Department10.University0.edu, Z=UndergraduateStudent191@Department10.University0.edu}, {X=http://www.Department10.University0.edu/UndergraduateStudent79, Y=http://www.Department10.University0.edu, Z=UndergraduateStudent79@Department10.University0.edu}, {X=http://www.Department10.University0.edu/UndergraduateStudent259, Y=http://www.Department10.University0.edu, Z=UndergraduateStudent259@Department10.University0.edu}, {X=http://www.Department10.University0.edu/UndergraduateStudent324, Y=http://www.Department10.University0.edu, Z=UndergraduateStudent324@Department10.University0.edu}, {X=http://www.Department10.University0.edu/UndergraduateStudent188, Y=http://www.Department10.University0.edu, Z=UndergraduateStudent188@Department10.University0.edu}, {X=http://www.Department10.University0.edu/UndergraduateStudent100, Y=http://www.Department10.University0.edu, Z=UndergraduateStudent100@Department10.University0.edu}, {X=http://www.Department10.University0.edu/UndergraduateStudent50, Y=http://www.Department10.University0.edu, Z=UndergraduateStudent50@Department10.University0.edu}, {X=http://www.Department10.University0.edu/UndergraduateStudent65, Y=http://www.Department10.University0.edu, Z=UndergraduateStudent65@Department10.University0.edu}, {X=http://www.Department10.University0.edu/UndergraduateStudent49, Y=http://www.Department10.University0.edu, Z=UndergraduateStudent49@Department10.University0.edu}, {X=http://www.Department10.University0.edu/UndergraduateStudent189, Y=http://www.Department10.University0.edu, Z=UndergraduateStudent189@Department10.University0.edu}, {X=http://www.Department10.University0.edu/UndergraduateStudent140, Y=http://www.Department10.University0.edu, Z=UndergraduateStudent140@Department10.University0.edu}, {X=http://www.Department10.University0.edu/GraduateStudent17, Y=http://www.Department10.University0.edu, Z=GraduateStudent17@Department10.University0.edu}, {X=http://www.Department10.University0.edu/GraduateStudent85, Y=http://www.Department10.University0.edu, Z=GraduateStudent85@Department10.University0.edu}, {X=http://www.Department10.University0.edu/UndergraduateStudent366, Y=http://www.Department10.University0.edu, Z=UndergraduateStudent366@Department10.University0.edu}, {X=http://www.Department10.University0.edu/UndergraduateStudent136, Y=http://www.Department10.University0.edu, Z=UndergraduateStudent136@Department10.University0.edu}, {X=http://www.Department10.University0.edu/UndergraduateStudent138, Y=http://www.Department10.University0.edu, Z=UndergraduateStudent138@Department10.University0.edu}, {X=http://www.Department10.University0.edu/UndergraduateStudent327, Y=http://www.Department10.University0.edu, Z=UndergraduateStudent327@Department10.University0.edu}, {X=http://www.Department10.University0.edu/GraduateStudent119, Y=http://www.Department10.University0.edu, Z=GraduateStudent119@Department10.University0.edu}, {X=http://www.Department10.University0.edu/UndergraduateStudent269, Y=http://www.Department10.University0.edu, Z=UndergraduateStudent269@Department10.University0.edu}, {X=http://www.Department10.University0.edu/UndergraduateStudent73, Y=http://www.Department10.University0.edu, Z=UndergraduateStudent73@Department10.University0.edu}, {X=http://www.Department10.University0.edu/UndergraduateStudent103, Y=http://www.Department10.University0.edu, Z=UndergraduateStudent103@Department10.University0.edu}, {X=http://www.Department10.University0.edu/UndergraduateStudent54, Y=http://www.Department10.University0.edu, Z=UndergraduateStudent54@Department10.University0.edu}, {X=http://www.Department10.University0.edu/GraduateStudent128, Y=http://www.Department10.University0.edu, Z=GraduateStudent128@Department10.University0.edu}, {X=http://www.Department10.University0.edu/GraduateStudent130, Y=http://www.Department10.University0.edu, Z=GraduateStudent130@Department10.University0.edu}, {X=http://www.Department10.University0.edu/UndergraduateStudent368, Y=http://www.Department10.University0.edu, Z=UndergraduateStudent368@Department10.University0.edu}, {X=http://www.Department10.University0.edu/GraduateStudent87, Y=http://www.Department10.University0.edu, Z=GraduateStudent87@Department10.University0.edu}, {X=http://www.Department10.University0.edu/UndergraduateStudent215, Y=http://www.Department10.University0.edu, Z=UndergraduateStudent215@Department10.University0.edu}, {X=http://www.Department10.University0.edu/UndergraduateStudent351, Y=http://www.Department10.University0.edu, Z=UndergraduateStudent351@Department10.University0.edu}, {X=http://www.Department10.University0.edu/GraduateStudent37, Y=http://www.Department10.University0.edu, Z=GraduateStudent37@Department10.University0.edu}, {X=http://www.Department10.University0.edu/GraduateStudent79, Y=http://www.Department10.University0.edu, Z=GraduateStudent79@Department10.University0.edu}, {X=http://www.Department10.University0.edu/UndergraduateStudent5, Y=http://www.Department10.University0.edu, Z=UndergraduateStudent5@Department10.University0.edu}, {X=http://www.Department10.University0.edu/GraduateStudent67, Y=http://www.Department10.University0.edu, Z=GraduateStudent67@Department10.University0.edu}, {X=http://www.Department10.University0.edu/GraduateStudent41, Y=http://www.Department10.University0.edu, Z=GraduateStudent41@Department10.University0.edu}, {X=http://www.Department10.University0.edu/UndergraduateStudent134, Y=http://www.Department10.University0.edu, Z=UndergraduateStudent134@Department10.University0.edu}, {X=http://www.Department10.University0.edu/UndergraduateStudent276, Y=http://www.Department10.University0.edu, Z=UndergraduateStudent276@Department10.University0.edu}, {X=http://www.Department10.University0.edu/GraduateStudent42, Y=http://www.Department10.University0.edu, Z=GraduateStudent42@Department10.University0.edu}, {X=http://www.Department10.University0.edu/UndergraduateStudent253, Y=http://www.Department10.University0.edu, Z=UndergraduateStudent253@Department10.University0.edu}, {X=http://www.Department10.University0.edu/GraduateStudent22, Y=http://www.Department10.University0.edu, Z=GraduateStudent22@Department10.University0.edu}, {X=http://www.Department10.University0.edu/UndergraduateStudent91, Y=http://www.Department10.University0.edu, Z=UndergraduateStudent91@Department10.University0.edu}, {X=http://www.Department10.University0.edu/UndergraduateStudent355, Y=http://www.Department10.University0.edu, Z=UndergraduateStudent355@Department10.University0.edu}, {X=http://www.Department10.University0.edu/UndergraduateStudent245, Y=http://www.Department10.University0.edu, Z=UndergraduateStudent245@Department10.University0.edu}, {X=http://www.Department10.University0.edu/UndergraduateStudent260, Y=http://www.Department10.University0.edu, Z=UndergraduateStudent260@Department10.University0.edu}, {X=http://www.Department10.University0.edu/UndergraduateStudent357, Y=http://www.Department10.University0.edu, Z=UndergraduateStudent357@Department10.University0.edu}, {X=http://www.Department10.University0.edu/UndergraduateStudent150, Y=http://www.Department10.University0.edu, Z=UndergraduateStudent150@Department10.University0.edu}, {X=http://www.Department10.University0.edu/UndergraduateStudent106, Y=http://www.Department10.University0.edu, Z=UndergraduateStudent106@Department10.University0.edu}, {X=http://www.Department10.University0.edu/GraduateStudent48, Y=http://www.Department10.University0.edu, Z=GraduateStudent48@Department10.University0.edu}, {X=http://www.Department10.University0.edu/UndergraduateStudent305, Y=http://www.Department10.University0.edu, Z=UndergraduateStudent305@Department10.University0.edu}, {X=http://www.Department10.University0.edu/GraduateStudent7, Y=http://www.Department10.University0.edu, Z=GraduateStudent7@Department10.University0.edu}, {X=http://www.Department10.University0.edu/UndergraduateStudent290, Y=http://www.Department10.University0.edu, Z=UndergraduateStudent290@Department10.University0.edu}, {X=http://www.Department10.University0.edu/UndergraduateStudent343, Y=http://www.Department10.University0.edu, Z=UndergraduateStudent343@Department10.University0.edu}, {X=http://www.Department10.University0.edu/UndergraduateStudent246, Y=http://www.Department10.University0.edu, Z=UndergraduateStudent246@Department10.University0.edu}, {X=http://www.Department10.University0.edu/UndergraduateStudent302, Y=http://www.Department10.University0.edu, Z=UndergraduateStudent302@Department10.University0.edu}, {X=http://www.Department10.University0.edu/UndergraduateStudent407, Y=http://www.Department10.University0.edu, Z=UndergraduateStudent407@Department10.University0.edu}, {X=http://www.Department10.University0.edu/UndergraduateStudent348, Y=http://www.Department10.University0.edu, Z=UndergraduateStudent348@Department10.University0.edu}, {X=http://www.Department10.University0.edu/UndergraduateStudent273, Y=http://www.Department10.University0.edu, Z=UndergraduateStudent273@Department10.University0.edu}, {X=http://www.Department10.University0.edu/UndergraduateStudent128, Y=http://www.Department10.University0.edu, Z=UndergraduateStudent128@Department10.University0.edu}, {X=http://www.Department10.University0.edu/UndergraduateStudent92, Y=http://www.Department10.University0.edu, Z=UndergraduateStudent92@Department10.University0.edu}, {X=http://www.Department10.University0.edu/GraduateStudent71, Y=http://www.Department10.University0.edu, Z=GraduateStudent71@Department10.University0.edu}, {X=http://www.Department10.University0.edu/GraduateStudent53, Y=http://www.Department10.University0.edu, Z=GraduateStudent53@Department10.University0.edu}, {X=http://www.Department10.University0.edu/UndergraduateStudent7, Y=http://www.Department10.University0.edu, Z=UndergraduateStudent7@Department10.University0.edu}, {X=http://www.Department10.University0.edu/UndergraduateStudent220, Y=http://www.Department10.University0.edu, Z=UndergraduateStudent220@Department10.University0.edu}, {X=http://www.Department10.University0.edu/UndergraduateStudent409, Y=http://www.Department10.University0.edu, Z=UndergraduateStudent409@Department10.University0.edu}, {X=http://www.Department10.University0.edu/UndergraduateStudent297, Y=http://www.Department10.University0.edu, Z=UndergraduateStudent297@Department10.University0.edu}, {X=http://www.Department10.University0.edu/UndergraduateStudent339, Y=http://www.Department10.University0.edu, Z=UndergraduateStudent339@Department10.University0.edu}, {X=http://www.Department10.University0.edu/UndergraduateStudent83, Y=http://www.Department10.University0.edu, Z=UndergraduateStudent83@Department10.University0.edu}, {X=http://www.Department10.University0.edu/UndergraduateStudent394, Y=http://www.Department10.University0.edu, Z=UndergraduateStudent394@Department10.University0.edu}, {X=http://www.Department10.University0.edu/UndergraduateStudent376, Y=http://www.Department10.University0.edu, Z=UndergraduateStudent376@Department10.University0.edu}, {X=http://www.Department10.University0.edu/UndergraduateStudent21, Y=http://www.Department10.University0.edu, Z=UndergraduateStudent21@Department10.University0.edu}, {X=http://www.Department10.University0.edu/UndergraduateStudent218, Y=http://www.Department10.University0.edu, Z=UndergraduateStudent218@Department10.University0.edu}, {X=http://www.Department10.University0.edu/UndergraduateStudent293, Y=http://www.Department10.University0.edu, Z=UndergraduateStudent293@Department10.University0.edu}, {X=http://www.Department10.University0.edu/UndergraduateStudent31, Y=http://www.Department10.University0.edu, Z=UndergraduateStudent31@Department10.University0.edu}, {X=http://www.Department10.University0.edu/GraduateStudent111, Y=http://www.Department10.University0.edu, Z=GraduateStudent111@Department10.University0.edu}, {X=http://www.Department10.University0.edu/UndergraduateStudent314, Y=http://www.Department10.University0.edu, Z=UndergraduateStudent314@Department10.University0.edu}, {X=http://www.Department10.University0.edu/GraduateStudent78, Y=http://www.Department10.University0.edu, Z=GraduateStudent78@Department10.University0.edu}, {X=http://www.Department10.University0.edu/UndergraduateStudent332, Y=http://www.Department10.University0.edu, Z=UndergraduateStudent332@Department10.University0.edu}, {X=http://www.Department10.University0.edu/UndergraduateStudent284, Y=http://www.Department10.University0.edu, Z=UndergraduateStudent284@Department10.University0.edu}, {X=http://www.Department10.University0.edu/UndergraduateStudent397, Y=http://www.Department10.University0.edu, Z=UndergraduateStudent397@Department10.University0.edu}, {X=http://www.Department10.University0.edu/UndergraduateStudent51, Y=http://www.Department10.University0.edu, Z=UndergraduateStudent51@Department10.University0.edu}, {X=http://www.Department10.University0.edu/GraduateStudent77, Y=http://www.Department10.University0.edu, Z=GraduateStudent77@Department10.University0.edu}, {X=http://www.Department10.University0.edu/UndergraduateStudent104, Y=http://www.Department10.University0.edu, Z=UndergraduateStudent104@Department10.University0.edu}, {X=http://www.Department10.University0.edu/GraduateStudent103, Y=http://www.Department10.University0.edu, Z=GraduateStudent103@Department10.University0.edu}, {X=http://www.Department10.University0.edu/UndergraduateStudent323, Y=http://www.Department10.University0.edu, Z=UndergraduateStudent323@Department10.University0.edu}, {X=http://www.Department10.University0.edu/GraduateStudent135, Y=http://www.Department10.University0.edu, Z=GraduateStudent135@Department10.University0.edu}, {X=http://www.Department10.University0.edu/UndergraduateStudent317, Y=http://www.Department10.University0.edu, Z=UndergraduateStudent317@Department10.University0.edu}, {X=http://www.Department10.University0.edu/GraduateStudent126, Y=http://www.Department10.University0.edu, Z=GraduateStudent126@Department10.University0.edu}, {X=http://www.Department10.University0.edu/UndergraduateStudent24, Y=http://www.Department10.University0.edu, Z=UndergraduateStudent24@Department10.University0.edu}, {X=http://www.Department10.University0.edu/UndergraduateStudent64, Y=http://www.Department10.University0.edu, Z=UndergraduateStudent64@Department10.University0.edu}, {X=http://www.Department10.University0.edu/GraduateStudent59, Y=http://www.Department10.University0.edu, Z=GraduateStudent59@Department10.University0.edu}, {X=http://www.Department10.University0.edu/UndergraduateStudent46, Y=http://www.Department10.University0.edu, Z=UndergraduateStudent46@Department10.University0.edu}, {X=http://www.Department10.University0.edu/UndergraduateStudent266, Y=http://www.Department10.University0.edu, Z=UndergraduateStudent266@Department10.University0.edu}, {X=http://www.Department10.University0.edu/GraduateStudent3, Y=http://www.Department10.University0.edu, Z=GraduateStudent3@Department10.University0.edu}, {X=http://www.Department10.University0.edu/UndergraduateStudent256, Y=http://www.Department10.University0.edu, Z=UndergraduateStudent256@Department10.University0.edu}, {X=http://www.Department10.University0.edu/GraduateStudent6, Y=http://www.Department10.University0.edu, Z=GraduateStudent6@Department10.University0.edu}, {X=http://www.Department10.University0.edu/UndergraduateStudent222, Y=http://www.Department10.University0.edu, Z=UndergraduateStudent222@Department10.University0.edu}, {X=http://www.Department10.University0.edu/UndergraduateStudent347, Y=http://www.Department10.University0.edu, Z=UndergraduateStudent347@Department10.University0.edu}, {X=http://www.Department10.University0.edu/UndergraduateStudent275, Y=http://www.Department10.University0.edu, Z=UndergraduateStudent275@Department10.University0.edu}, {X=http://www.Department10.University0.edu/UndergraduateStudent205, Y=http://www.Department10.University0.edu, Z=UndergraduateStudent205@Department10.University0.edu}, {X=http://www.Department10.University0.edu/UndergraduateStudent381, Y=http://www.Department10.University0.edu, Z=UndergraduateStudent381@Department10.University0.edu}, {X=http://www.Department10.University0.edu/UndergraduateStudent291, Y=http://www.Department10.University0.edu, Z=UndergraduateStudent291@Department10.University0.edu}, {X=http://www.Department10.University0.edu/GraduateStudent107, Y=http://www.Department10.University0.edu, Z=GraduateStudent107@Department10.University0.edu}, {X=http://www.Department10.University0.edu/UndergraduateStudent145, Y=http://www.Department10.University0.edu, Z=UndergraduateStudent145@Department10.University0.edu}, {X=http://www.Department10.University0.edu/UndergraduateStudent237, Y=http://www.Department10.University0.edu, Z=UndergraduateStudent237@Department10.University0.edu}, {X=http://www.Department10.University0.edu/UndergraduateStudent124, Y=http://www.Department10.University0.edu, Z=UndergraduateStudent124@Department10.University0.edu}, {X=http://www.Department10.University0.edu/UndergraduateStudent242, Y=http://www.Department10.University0.edu, Z=UndergraduateStudent242@Department10.University0.edu}, {X=http://www.Department10.University0.edu/UndergraduateStudent197, Y=http://www.Department10.University0.edu, Z=UndergraduateStudent197@Department10.University0.edu}, {X=http://www.Department10.University0.edu/UndergraduateStudent372, Y=http://www.Department10.University0.edu, Z=UndergraduateStudent372@Department10.University0.edu}, {X=http://www.Department10.University0.edu/UndergraduateStudent177, Y=http://www.Department10.University0.edu, Z=UndergraduateStudent177@Department10.University0.edu}, {X=http://www.Department10.University0.edu/GraduateStudent102, Y=http://www.Department10.University0.edu, Z=GraduateStudent102@Department10.University0.edu}, {X=http://www.Department10.University0.edu/GraduateStudent38, Y=http://www.Department10.University0.edu, Z=GraduateStudent38@Department10.University0.edu}, {X=http://www.Department10.University0.edu/UndergraduateStudent43, Y=http://www.Department10.University0.edu, Z=UndergraduateStudent43@Department10.University0.edu}, {X=http://www.Department10.University0.edu/UndergraduateStudent392, Y=http://www.Department10.University0.edu, Z=UndergraduateStudent392@Department10.University0.edu}, {X=http://www.Department10.University0.edu/UndergraduateStudent98, Y=http://www.Department10.University0.edu, Z=UndergraduateStudent98@Department10.University0.edu}, {X=http://www.Department10.University0.edu/GraduateStudent56, Y=http://www.Department10.University0.edu, Z=GraduateStudent56@Department10.University0.edu}, {X=http://www.Department10.University0.edu/UndergraduateStudent223, Y=http://www.Department10.University0.edu, Z=UndergraduateStudent223@Department10.University0.edu}, {X=http://www.Department10.University0.edu/UndergraduateStudent32, Y=http://www.Department10.University0.edu, Z=UndergraduateStudent32@Department10.University0.edu}, {X=http://www.Department10.University0.edu/UndergraduateStudent319, Y=http://www.Department10.University0.edu, Z=UndergraduateStudent319@Department10.University0.edu}, {X=http://www.Department10.University0.edu/UndergraduateStudent112, Y=http://www.Department10.University0.edu, Z=UndergraduateStudent112@Department10.University0.edu}, {X=http://www.Department10.University0.edu/UndergraduateStudent44, Y=http://www.Department10.University0.edu, Z=UndergraduateStudent44@Department10.University0.edu}, {X=http://www.Department10.University0.edu/UndergraduateStudent117, Y=http://www.Department10.University0.edu, Z=UndergraduateStudent117@Department10.University0.edu}, {X=http://www.Department10.University0.edu/UndergraduateStudent371, Y=http://www.Department10.University0.edu, Z=UndergraduateStudent371@Department10.University0.edu}, {X=http://www.Department10.University0.edu/UndergraduateStudent289, Y=http://www.Department10.University0.edu, Z=UndergraduateStudent289@Department10.University0.edu}, {X=http://www.Department10.University0.edu/UndergraduateStudent263, Y=http://www.Department10.University0.edu, Z=UndergraduateStudent263@Department10.University0.edu}, {X=http://www.Department10.University0.edu/UndergraduateStudent19, Y=http://www.Department10.University0.edu, Z=UndergraduateStudent19@Department10.University0.edu}, {X=http://www.Department10.University0.edu/UndergraduateStudent390, Y=http://www.Department10.University0.edu, Z=UndergraduateStudent390@Department10.University0.edu}, {X=http://www.Department10.University0.edu/UndergraduateStudent307, Y=http://www.Department10.University0.edu, Z=UndergraduateStudent307@Department10.University0.edu}, {X=http://www.Department10.University0.edu/UndergraduateStudent1, Y=http://www.Department10.University0.edu, Z=UndergraduateStudent1@Department10.University0.edu}, {X=http://www.Department10.University0.edu/UndergraduateStudent95, Y=http://www.Department10.University0.edu, Z=UndergraduateStudent95@Department10.University0.edu}, {X=http://www.Department10.University0.edu/GraduateStudent50, Y=http://www.Department10.University0.edu, Z=GraduateStudent50@Department10.University0.edu}, {X=http://www.Department10.University0.edu/UndergraduateStudent288, Y=http://www.Department10.University0.edu, Z=UndergraduateStudent288@Department10.University0.edu}, {X=http://www.Department10.University0.edu/GraduateStudent28, Y=http://www.Department10.University0.edu, Z=GraduateStudent28@Department10.University0.edu}, {X=http://www.Department10.University0.edu/GraduateStudent47, Y=http://www.Department10.University0.edu, Z=GraduateStudent47@Department10.University0.edu}, {X=http://www.Department10.University0.edu/GraduateStudent24, Y=http://www.Department10.University0.edu, Z=GraduateStudent24@Department10.University0.edu}, {X=http://www.Department10.University0.edu/GraduateStudent95, Y=http://www.Department10.University0.edu, Z=GraduateStudent95@Department10.University0.edu}, {X=http://www.Department10.University0.edu/UndergraduateStudent393, Y=http://www.Department10.University0.edu, Z=UndergraduateStudent393@Department10.University0.edu}, {X=http://www.Department10.University0.edu/UndergraduateStudent208, Y=http://www.Department10.University0.edu, Z=UndergraduateStudent208@Department10.University0.edu}, {X=http://www.Department10.University0.edu/UndergraduateStudent68, Y=http://www.Department10.University0.edu, Z=UndergraduateStudent68@Department10.University0.edu}, {X=http://www.Department10.University0.edu/UndergraduateStudent186, Y=http://www.Department10.University0.edu, Z=UndergraduateStudent186@Department10.University0.edu}, {X=http://www.Department10.University0.edu/UndergraduateStudent114, Y=http://www.Department10.University0.edu, Z=UndergraduateStudent114@Department10.University0.edu}, {X=http://www.Department10.University0.edu/UndergraduateStudent278, Y=http://www.Department10.University0.edu, Z=UndergraduateStudent278@Department10.University0.edu}, {X=http://www.Department10.University0.edu/UndergraduateStudent232, Y=http://www.Department10.University0.edu, Z=UndergraduateStudent232@Department10.University0.edu}, {X=http://www.Department10.University0.edu/UndergraduateStudent360, Y=http://www.Department10.University0.edu, Z=UndergraduateStudent360@Department10.University0.edu}, {X=http://www.Department10.University0.edu/UndergraduateStudent179, Y=http://www.Department10.University0.edu, Z=UndergraduateStudent179@Department10.University0.edu}, {X=http://www.Department10.University0.edu/UndergraduateStudent287, Y=http://www.Department10.University0.edu, Z=UndergraduateStudent287@Department10.University0.edu}, {X=http://www.Department10.University0.edu/GraduateStudent106, Y=http://www.Department10.University0.edu, Z=GraduateStudent106@Department10.University0.edu}, {X=http://www.Department10.University0.edu/UndergraduateStudent274, Y=http://www.Department10.University0.edu, Z=UndergraduateStudent274@Department10.University0.edu}, {X=http://www.Department10.University0.edu/UndergraduateStudent89, Y=http://www.Department10.University0.edu, Z=UndergraduateStudent89@Department10.University0.edu}, {X=http://www.Department10.University0.edu/GraduateStudent133, Y=http://www.Department10.University0.edu, Z=GraduateStudent133@Department10.University0.edu}, {X=http://www.Department10.University0.edu/UndergraduateStudent285, Y=http://www.Department10.University0.edu, Z=UndergraduateStudent285@Department10.University0.edu}, {X=http://www.Department10.University0.edu/UndergraduateStudent224, Y=http://www.Department10.University0.edu, Z=UndergraduateStudent224@Department10.University0.edu}, {X=http://www.Department10.University0.edu/UndergraduateStudent387, Y=http://www.Department10.University0.edu, Z=UndergraduateStudent387@Department10.University0.edu}, {X=http://www.Department10.University0.edu/UndergraduateStudent345, Y=http://www.Department10.University0.edu, Z=UndergraduateStudent345@Department10.University0.edu}, {X=http://www.Department10.University0.edu/UndergraduateStudent364, Y=http://www.Department10.University0.edu, Z=UndergraduateStudent364@Department10.University0.edu}, {X=http://www.Department10.University0.edu/UndergraduateStudent375, Y=http://www.Department10.University0.edu, Z=UndergraduateStudent375@Department10.University0.edu}, {X=http://www.Department10.University0.edu/UndergraduateStudent156, Y=http://www.Department10.University0.edu, Z=UndergraduateStudent156@Department10.University0.edu}, {X=http://www.Department10.University0.edu/UndergraduateStudent337, Y=http://www.Department10.University0.edu, Z=UndergraduateStudent337@Department10.University0.edu}, {X=http://www.Department10.University0.edu/GraduateStudent32, Y=http://www.Department10.University0.edu, Z=GraduateStudent32@Department10.University0.edu}, {X=http://www.Department10.University0.edu/UndergraduateStudent111, Y=http://www.Department10.University0.edu, Z=UndergraduateStudent111@Department10.University0.edu}, {X=http://www.Department10.University0.edu/GraduateStudent92, Y=http://www.Department10.University0.edu, Z=GraduateStudent92@Department10.University0.edu}, {X=http://www.Department10.University0.edu/UndergraduateStudent55, Y=http://www.Department10.University0.edu, Z=UndergraduateStudent55@Department10.University0.edu}, {X=http://www.Department10.University0.edu/GraduateStudent90, Y=http://www.Department10.University0.edu, Z=GraduateStudent90@Department10.University0.edu}, {X=http://www.Department10.University0.edu/GraduateStudent51, Y=http://www.Department10.University0.edu, Z=GraduateStudent51@Department10.University0.edu}, {X=http://www.Department10.University0.edu/UndergraduateStudent193, Y=http://www.Department10.University0.edu, Z=UndergraduateStudent193@Department10.University0.edu}, {X=http://www.Department10.University0.edu/UndergraduateStudent400, Y=http://www.Department10.University0.edu, Z=UndergraduateStudent400@Department10.University0.edu}, {X=http://www.Department10.University0.edu/UndergraduateStudent108, Y=http://www.Department10.University0.edu, Z=UndergraduateStudent108@Department10.University0.edu}, {X=http://www.Department10.University0.edu/UndergraduateStudent69, Y=http://www.Department10.University0.edu, Z=UndergraduateStudent69@Department10.University0.edu}, {X=http://www.Department10.University0.edu/UndergraduateStudent132, Y=http://www.Department10.University0.edu, Z=UndergraduateStudent132@Department10.University0.edu}, {X=http://www.Department10.University0.edu/UndergraduateStudent99, Y=http://www.Department10.University0.edu, Z=UndergraduateStudent99@Department10.University0.edu}, {X=http://www.Department10.University0.edu/UndergraduateStudent226, Y=http://www.Department10.University0.edu, Z=UndergraduateStudent226@Department10.University0.edu}, {X=http://www.Department10.University0.edu/UndergraduateStudent362, Y=http://www.Department10.University0.edu, Z=UndergraduateStudent362@Department10.University0.edu}, {X=http://www.Department10.University0.edu/UndergraduateStudent81, Y=http://www.Department10.University0.edu, Z=UndergraduateStudent81@Department10.University0.edu}, {X=http://www.Department10.University0.edu/UndergraduateStudent203, Y=http://www.Department10.University0.edu, Z=UndergraduateStudent203@Department10.University0.edu}, {X=http://www.Department10.University0.edu/UndergraduateStudent334, Y=http://www.Department10.University0.edu, Z=UndergraduateStudent334@Department10.University0.edu}, {X=http://www.Department10.University0.edu/GraduateStudent122, Y=http://www.Department10.University0.edu, Z=GraduateStudent122@Department10.University0.edu}, {X=http://www.Department10.University0.edu/GraduateStudent1, Y=http://www.Department10.University0.edu, Z=GraduateStudent1@Department10.University0.edu}, {X=http://www.Department10.University0.edu/GraduateStudent114, Y=http://www.Department10.University0.edu, Z=GraduateStudent114@Department10.University0.edu}, {X=http://www.Department10.University0.edu/UndergraduateStudent378, Y=http://www.Department10.University0.edu, Z=UndergraduateStudent378@Department10.University0.edu}, {X=http://www.Department10.University0.edu/UndergraduateStudent264, Y=http://www.Department10.University0.edu, Z=UndergraduateStudent264@Department10.University0.edu}, {X=http://www.Department10.University0.edu/UndergraduateStudent338, Y=http://www.Department10.University0.edu, Z=UndergraduateStudent338@Department10.University0.edu}, {X=http://www.Department10.University0.edu/GraduateStudent88, Y=http://www.Department10.University0.edu, Z=GraduateStudent88@Department10.University0.edu}, {X=http://www.Department10.University0.edu/GraduateStudent15, Y=http://www.Department10.University0.edu, Z=GraduateStudent15@Department10.University0.edu}, {X=http://www.Department10.University0.edu/UndergraduateStudent176, Y=http://www.Department10.University0.edu, Z=UndergraduateStudent176@Department10.University0.edu}, {X=http://www.Department10.University0.edu/UndergraduateStudent45, Y=http://www.Department10.University0.edu, Z=UndergraduateStudent45@Department10.University0.edu}, {X=http://www.Department10.University0.edu/UndergraduateStudent86, Y=http://www.Department10.University0.edu, Z=UndergraduateStudent86@Department10.University0.edu}, {X=http://www.Department10.University0.edu/GraduateStudent127, Y=http://www.Department10.University0.edu, Z=GraduateStudent127@Department10.University0.edu}, {X=http://www.Department10.University0.edu/UndergraduateStudent165, Y=http://www.Department10.University0.edu, Z=UndergraduateStudent165@Department10.University0.edu}, {X=http://www.Department10.University0.edu/UndergraduateStudent172, Y=http://www.Department10.University0.edu, Z=UndergraduateStudent172@Department10.University0.edu}, {X=http://www.Department10.University0.edu/UndergraduateStudent268, Y=http://www.Department10.University0.edu, Z=UndergraduateStudent268@Department10.University0.edu}, {X=http://www.Department10.University0.edu/UndergraduateStudent251, Y=http://www.Department10.University0.edu, Z=UndergraduateStudent251@Department10.University0.edu}, {X=http://www.Department10.University0.edu/GraduateStudent66, Y=http://www.Department10.University0.edu, Z=GraduateStudent66@Department10.University0.edu}, {X=http://www.Department10.University0.edu/UndergraduateStudent254, Y=http://www.Department10.University0.edu, Z=UndergraduateStudent254@Department10.University0.edu}, {X=http://www.Department10.University0.edu/UndergraduateStudent190, Y=http://www.Department10.University0.edu, Z=UndergraduateStudent190@Department10.University0.edu}, {X=http://www.Department10.University0.edu/UndergraduateStudent408, Y=http://www.Department10.University0.edu, Z=UndergraduateStudent408@Department10.University0.edu}, {X=http://www.Department10.University0.edu/GraduateStudent2, Y=http://www.Department10.University0.edu, Z=GraduateStudent2@Department10.University0.edu}, {X=http://www.Department10.University0.edu/UndergraduateStudent118, Y=http://www.Department10.University0.edu, Z=UndergraduateStudent118@Department10.University0.edu}, {X=http://www.Department10.University0.edu/UndergraduateStudent367, Y=http://www.Department10.University0.edu, Z=UndergraduateStudent367@Department10.University0.edu}, {X=http://www.Department10.University0.edu/UndergraduateStudent77, Y=http://www.Department10.University0.edu, Z=UndergraduateStudent77@Department10.University0.edu}, {X=http://www.Department10.University0.edu/UndergraduateStudent374, Y=http://www.Department10.University0.edu, Z=UndergraduateStudent374@Department10.University0.edu}, {X=http://www.Department10.University0.edu/UndergraduateStudent398, Y=http://www.Department10.University0.edu, Z=UndergraduateStudent398@Department10.University0.edu}, {X=http://www.Department10.University0.edu/UndergraduateStudent135, Y=http://www.Department10.University0.edu, Z=UndergraduateStudent135@Department10.University0.edu}, {X=http://www.Department10.University0.edu/UndergraduateStudent58, Y=http://www.Department10.University0.edu, Z=UndergraduateStudent58@Department10.University0.edu}, {X=http://www.Department10.University0.edu/UndergraduateStudent306, Y=http://www.Department10.University0.edu, Z=UndergraduateStudent306@Department10.University0.edu}, {X=http://www.Department10.University0.edu/GraduateStudent0, Y=http://www.Department10.University0.edu, Z=GraduateStudent0@Department10.University0.edu}, {X=http://www.Department10.University0.edu/UndergraduateStudent71, Y=http://www.Department10.University0.edu, Z=UndergraduateStudent71@Department10.University0.edu}, {X=http://www.Department10.University0.edu/UndergraduateStudent157, Y=http://www.Department10.University0.edu, Z=UndergraduateStudent157@Department10.University0.edu}, {X=http://www.Department10.University0.edu/UndergraduateStudent119, Y=http://www.Department10.University0.edu, Z=UndergraduateStudent119@Department10.University0.edu}, {X=http://www.Department10.University0.edu/UndergraduateStudent235, Y=http://www.Department10.University0.edu, Z=UndergraduateStudent235@Department10.University0.edu}, {X=http://www.Department10.University0.edu/UndergraduateStudent25, Y=http://www.Department10.University0.edu, Z=UndergraduateStudent25@Department10.University0.edu}, {X=http://www.Department10.University0.edu/UndergraduateStudent325, Y=http://www.Department10.University0.edu, Z=UndergraduateStudent325@Department10.University0.edu}, {X=http://www.Department10.University0.edu/GraduateStudent21, Y=http://www.Department10.University0.edu, Z=GraduateStudent21@Department10.University0.edu}, {X=http://www.Department10.University0.edu/UndergraduateStudent236, Y=http://www.Department10.University0.edu, Z=UndergraduateStudent236@Department10.University0.edu}, {X=http://www.Department10.University0.edu/UndergraduateStudent96, Y=http://www.Department10.University0.edu, Z=UndergraduateStudent96@Department10.University0.edu}, {X=http://www.Department10.University0.edu/UndergraduateStudent255, Y=http://www.Department10.University0.edu, Z=UndergraduateStudent255@Department10.University0.edu}, {X=http://www.Department10.University0.edu/UndergraduateStudent0, Y=http://www.Department10.University0.edu, Z=UndergraduateStudent0@Department10.University0.edu}, {X=http://www.Department10.University0.edu/UndergraduateStudent313, Y=http://www.Department10.University0.edu, Z=UndergraduateStudent313@Department10.University0.edu}, {X=http://www.Department10.University0.edu/UndergraduateStudent399, Y=http://www.Department10.University0.edu, Z=UndergraduateStudent399@Department10.University0.edu}, {X=http://www.Department10.University0.edu/UndergraduateStudent267, Y=http://www.Department10.University0.edu, Z=UndergraduateStudent267@Department10.University0.edu}, {X=http://www.Department10.University0.edu/UndergraduateStudent38, Y=http://www.Department10.University0.edu, Z=UndergraduateStudent38@Department10.University0.edu}, {X=http://www.Department10.University0.edu/GraduateStudent57, Y=http://www.Department10.University0.edu, Z=GraduateStudent57@Department10.University0.edu}, {X=http://www.Department10.University0.edu/UndergraduateStudent180, Y=http://www.Department10.University0.edu, Z=UndergraduateStudent180@Department10.University0.edu}, {X=http://www.Department10.University0.edu/UndergraduateStudent143, Y=http://www.Department10.University0.edu, Z=UndergraduateStudent143@Department10.University0.edu}, {X=http://www.Department10.University0.edu/UndergraduateStudent76, Y=http://www.Department10.University0.edu, Z=UndergraduateStudent76@Department10.University0.edu}, {X=http://www.Department10.University0.edu/UndergraduateStudent101, Y=http://www.Department10.University0.edu, Z=UndergraduateStudent101@Department10.University0.edu}, {X=http://www.Department10.University0.edu/UndergraduateStudent342, Y=http://www.Department10.University0.edu, Z=UndergraduateStudent342@Department10.University0.edu}, {X=http://www.Department10.University0.edu/UndergraduateStudent168, Y=http://www.Department10.University0.edu, Z=UndergraduateStudent168@Department10.University0.edu}, {X=http://www.Department10.University0.edu/UndergraduateStudent6, Y=http://www.Department10.University0.edu, Z=UndergraduateStudent6@Department10.University0.edu}, {X=http://www.Department10.University0.edu/UndergraduateStudent144, Y=http://www.Department10.University0.edu, Z=UndergraduateStudent144@Department10.University0.edu}, {X=http://www.Department10.University0.edu/UndergraduateStudent311, Y=http://www.Department10.University0.edu, Z=UndergraduateStudent311@Department10.University0.edu}, {X=http://www.Department10.University0.edu/GraduateStudent44, Y=http://www.Department10.University0.edu, Z=GraduateStudent44@Department10.University0.edu}, {X=http://www.Department10.University0.edu/GraduateStudent30, Y=http://www.Department10.University0.edu, Z=GraduateStudent30@Department10.University0.edu}, {X=http://www.Department10.University0.edu/UndergraduateStudent152, Y=http://www.Department10.University0.edu, Z=UndergraduateStudent152@Department10.University0.edu}, {X=http://www.Department10.University0.edu/UndergraduateStudent72, Y=http://www.Department10.University0.edu, Z=UndergraduateStudent72@Department10.University0.edu}, {X=http://www.Department10.University0.edu/UndergraduateStudent341, Y=http://www.Department10.University0.edu, Z=UndergraduateStudent341@Department10.University0.edu}, {X=http://www.Department10.University0.edu/GraduateStudent46, Y=http://www.Department10.University0.edu, Z=GraduateStudent46@Department10.University0.edu}, {X=http://www.Department10.University0.edu/UndergraduateStudent336, Y=http://www.Department10.University0.edu, Z=UndergraduateStudent336@Department10.University0.edu}, {X=http://www.Department10.University0.edu/UndergraduateStudent350, Y=http://www.Department10.University0.edu, Z=UndergraduateStudent350@Department10.University0.edu}, {X=http://www.Department10.University0.edu/GraduateStudent76, Y=http://www.Department10.University0.edu, Z=GraduateStudent76@Department10.University0.edu}, {X=http://www.Department10.University0.edu/GraduateStudent40, Y=http://www.Department10.University0.edu, Z=GraduateStudent40@Department10.University0.edu}, {X=http://www.Department10.University0.edu/UndergraduateStudent162, Y=http://www.Department10.University0.edu, Z=UndergraduateStudent162@Department10.University0.edu}, {X=http://www.Department10.University0.edu/GraduateStudent97, Y=http://www.Department10.University0.edu, Z=GraduateStudent97@Department10.University0.edu}, {X=http://www.Department10.University0.edu/UndergraduateStudent159, Y=http://www.Department10.University0.edu, Z=UndergraduateStudent159@Department10.University0.edu}, {X=http://www.Department10.University0.edu/UndergraduateStudent109, Y=http://www.Department10.University0.edu, Z=UndergraduateStudent109@Department10.University0.edu}, {X=http://www.Department10.University0.edu/GraduateStudent99, Y=http://www.Department10.University0.edu, Z=GraduateStudent99@Department10.University0.edu}, {X=http://www.Department10.University0.edu/UndergraduateStudent365, Y=http://www.Department10.University0.edu, Z=UndergraduateStudent365@Department10.University0.edu}, {X=http://www.Department10.University0.edu/UndergraduateStudent4, Y=http://www.Department10.University0.edu, Z=UndergraduateStudent4@Department10.University0.edu}, {X=http://www.Department10.University0.edu/GraduateStudent62, Y=http://www.Department10.University0.edu, Z=GraduateStudent62@Department10.University0.edu}, {X=http://www.Department10.University0.edu/GraduateStudent12, Y=http://www.Department10.University0.edu, Z=GraduateStudent12@Department10.University0.edu}, {X=http://www.Department10.University0.edu/UndergraduateStudent379, Y=http://www.Department10.University0.edu, Z=UndergraduateStudent379@Department10.University0.edu}, {X=http://www.Department10.University0.edu/GraduateStudent61, Y=http://www.Department10.University0.edu, Z=GraduateStudent61@Department10.University0.edu}, {X=http://www.Department10.University0.edu/GraduateStudent124, Y=http://www.Department10.University0.edu, Z=GraduateStudent124@Department10.University0.edu}, {X=http://www.Department10.University0.edu/UndergraduateStudent384, Y=http://www.Department10.University0.edu, Z=UndergraduateStudent384@Department10.University0.edu}, {X=http://www.Department10.University0.edu/UndergraduateStudent28, Y=http://www.Department10.University0.edu, Z=UndergraduateStudent28@Department10.University0.edu}, {X=http://www.Department10.University0.edu/UndergraduateStudent192, Y=http://www.Department10.University0.edu, Z=UndergraduateStudent192@Department10.University0.edu}, {X=http://www.Department10.University0.edu/UndergraduateStudent42, Y=http://www.Department10.University0.edu, Z=UndergraduateStudent42@Department10.University0.edu}, {X=http://www.Department10.University0.edu/UndergraduateStudent153, Y=http://www.Department10.University0.edu, Z=UndergraduateStudent153@Department10.University0.edu}, {X=http://www.Department10.University0.edu/UndergraduateStudent160, Y=http://www.Department10.University0.edu, Z=UndergraduateStudent160@Department10.University0.edu}, {X=http://www.Department10.University0.edu/UndergraduateStudent154, Y=http://www.Department10.University0.edu, Z=UndergraduateStudent154@Department10.University0.edu}, {X=http://www.Department10.University0.edu/GraduateStudent29, Y=http://www.Department10.University0.edu, Z=GraduateStudent29@Department10.University0.edu}, {X=http://www.Department10.University0.edu/GraduateStudent118, Y=http://www.Department10.University0.edu, Z=GraduateStudent118@Department10.University0.edu}, {X=http://www.Department10.University0.edu/GraduateStudent80, Y=http://www.Department10.University0.edu, Z=GraduateStudent80@Department10.University0.edu}, {X=http://www.Department10.University0.edu/UndergraduateStudent18, Y=http://www.Department10.University0.edu, Z=UndergraduateStudent18@Department10.University0.edu}, {X=http://www.Department10.University0.edu/UndergraduateStudent328, Y=http://www.Department10.University0.edu, Z=UndergraduateStudent328@Department10.University0.edu}, {X=http://www.Department10.University0.edu/GraduateStudent60, Y=http://www.Department10.University0.edu, Z=GraduateStudent60@Department10.University0.edu}, {X=http://www.Department10.University0.edu/UndergraduateStudent315, Y=http://www.Department10.University0.edu, Z=UndergraduateStudent315@Department10.University0.edu}, {X=http://www.Department10.University0.edu/GraduateStudent113, Y=http://www.Department10.University0.edu, Z=GraduateStudent113@Department10.University0.edu}, {X=http://www.Department10.University0.edu/UndergraduateStudent130, Y=http://www.Department10.University0.edu, Z=UndergraduateStudent130@Department10.University0.edu}, {X=http://www.Department10.University0.edu/UndergraduateStudent34, Y=http://www.Department10.University0.edu, Z=UndergraduateStudent34@Department10.University0.edu}, {X=http://www.Department10.University0.edu/UndergraduateStudent231, Y=http://www.Department10.University0.edu, Z=UndergraduateStudent231@Department10.University0.edu}, {X=http://www.Department10.University0.edu/GraduateStudent86, Y=http://www.Department10.University0.edu, Z=GraduateStudent86@Department10.University0.edu}, {X=http://www.Department10.University0.edu/UndergraduateStudent229, Y=http://www.Department10.University0.edu, Z=UndergraduateStudent229@Department10.University0.edu}, {X=http://www.Department10.University0.edu/UndergraduateStudent303, Y=http://www.Department10.University0.edu, Z=UndergraduateStudent303@Department10.University0.edu}, {X=http://www.Department10.University0.edu/UndergraduateStudent171, Y=http://www.Department10.University0.edu, Z=UndergraduateStudent171@Department10.University0.edu}, {X=http://www.Department10.University0.edu/UndergraduateStudent47, Y=http://www.Department10.University0.edu, Z=UndergraduateStudent47@Department10.University0.edu}, {X=http://www.Department10.University0.edu/UndergraduateStudent94, Y=http://www.Department10.University0.edu, Z=UndergraduateStudent94@Department10.University0.edu}, {X=http://www.Department10.University0.edu/GraduateStudent45, Y=http://www.Department10.University0.edu, Z=GraduateStudent45@Department10.University0.edu}, {X=http://www.Department10.University0.edu/UndergraduateStudent318, Y=http://www.Department10.University0.edu, Z=UndergraduateStudent318@Department10.University0.edu}, {X=http://www.Department10.University0.edu/GraduateStudent23, Y=http://www.Department10.University0.edu, Z=GraduateStudent23@Department10.University0.edu}, {X=http://www.Department10.University0.edu/UndergraduateStudent35, Y=http://www.Department10.University0.edu, Z=UndergraduateStudent35@Department10.University0.edu}, {X=http://www.Department10.University0.edu/UndergraduateStudent320, Y=http://www.Department10.University0.edu, Z=UndergraduateStudent320@Department10.University0.edu}, {X=http://www.Department10.University0.edu/UndergraduateStudent113, Y=http://www.Department10.University0.edu, Z=UndergraduateStudent113@Department10.University0.edu}, {X=http://www.Department10.University0.edu/UndergraduateStudent9, Y=http://www.Department10.University0.edu, Z=UndergraduateStudent9@Department10.University0.edu}, {X=http://www.Department10.University0.edu/UndergraduateStudent127, Y=http://www.Department10.University0.edu, Z=UndergraduateStudent127@Department10.University0.edu}, {X=http://www.Department10.University0.edu/UndergraduateStudent258, Y=http://www.Department10.University0.edu, Z=UndergraduateStudent258@Department10.University0.edu}, {X=http://www.Department10.University0.edu/GraduateStudent70, Y=http://www.Department10.University0.edu, Z=GraduateStudent70@Department10.University0.edu}, {X=http://www.Department10.University0.edu/UndergraduateStudent78, Y=http://www.Department10.University0.edu, Z=UndergraduateStudent78@Department10.University0.edu}, {X=http://www.Department10.University0.edu/UndergraduateStudent373, Y=http://www.Department10.University0.edu, Z=UndergraduateStudent373@Department10.University0.edu}, {X=http://www.Department10.University0.edu/GraduateStudent72, Y=http://www.Department10.University0.edu, Z=GraduateStudent72@Department10.University0.edu}, {X=http://www.Department10.University0.edu/UndergraduateStudent238, Y=http://www.Department10.University0.edu, Z=UndergraduateStudent238@Department10.University0.edu}, {X=http://www.Department10.University0.edu/UndergraduateStudent331, Y=http://www.Department10.University0.edu, Z=UndergraduateStudent331@Department10.University0.edu}, {X=http://www.Department10.University0.edu/UndergraduateStudent209, Y=http://www.Department10.University0.edu, Z=UndergraduateStudent209@Department10.University0.edu}, {X=http://www.Department10.University0.edu/UndergraduateStudent221, Y=http://www.Department10.University0.edu, Z=UndergraduateStudent221@Department10.University0.edu}, {X=http://www.Department10.University0.edu/UndergraduateStudent326, Y=http://www.Department10.University0.edu, Z=UndergraduateStudent326@Department10.University0.edu}, {X=http://www.Department10.University0.edu/UndergraduateStudent8, Y=http://www.Department10.University0.edu, Z=UndergraduateStudent8@Department10.University0.edu}, {X=http://www.Department10.University0.edu/UndergraduateStudent87, Y=http://www.Department10.University0.edu, Z=UndergraduateStudent87@Department10.University0.edu}, {X=http://www.Department10.University0.edu/UndergraduateStudent244, Y=http://www.Department10.University0.edu, Z=UndergraduateStudent244@Department10.University0.edu}, {X=http://www.Department10.University0.edu/UndergraduateStudent300, Y=http://www.Department10.University0.edu, Z=UndergraduateStudent300@Department10.University0.edu}, {X=http://www.Department10.University0.edu/UndergraduateStudent262, Y=http://www.Department10.University0.edu, Z=UndergraduateStudent262@Department10.University0.edu}, {X=http://www.Department10.University0.edu/UndergraduateStudent10, Y=http://www.Department10.University0.edu, Z=UndergraduateStudent10@Department10.University0.edu}, {X=http://www.Department10.University0.edu/UndergraduateStudent356, Y=http://www.Department10.University0.edu, Z=UndergraduateStudent356@Department10.University0.edu}, {X=http://www.Department10.University0.edu/UndergraduateStudent391, Y=http://www.Department10.University0.edu, Z=UndergraduateStudent391@Department10.University0.edu}, {X=http://www.Department10.University0.edu/UndergraduateStudent346, Y=http://www.Department10.University0.edu, Z=UndergraduateStudent346@Department10.University0.edu}, {X=http://www.Department10.University0.edu/GraduateStudent121, Y=http://www.Department10.University0.edu, Z=GraduateStudent121@Department10.University0.edu}, {X=http://www.Department10.University0.edu/UndergraduateStudent185, Y=http://www.Department10.University0.edu, Z=UndergraduateStudent185@Department10.University0.edu}, {X=http://www.Department10.University0.edu/UndergraduateStudent301, Y=http://www.Department10.University0.edu, Z=UndergraduateStudent301@Department10.University0.edu}, {X=http://www.Department10.University0.edu/GraduateStudent43, Y=http://www.Department10.University0.edu, Z=GraduateStudent43@Department10.University0.edu}, {X=http://www.Department10.University0.edu/UndergraduateStudent404, Y=http://www.Department10.University0.edu, Z=UndergraduateStudent404@Department10.University0.edu}, {X=http://www.Department10.University0.edu/UndergraduateStudent11, Y=http://www.Department10.University0.edu, Z=UndergraduateStudent11@Department10.University0.edu}, {X=http://www.Department10.University0.edu/UndergraduateStudent316, Y=http://www.Department10.University0.edu, Z=UndergraduateStudent316@Department10.University0.edu}, {X=http://www.Department10.University0.edu/UndergraduateStudent75, Y=http://www.Department10.University0.edu, Z=UndergraduateStudent75@Department10.University0.edu}, {X=http://www.Department10.University0.edu/UndergraduateStudent93, Y=http://www.Department10.University0.edu, Z=UndergraduateStudent93@Department10.University0.edu}, {X=http://www.Department10.University0.edu/GraduateStudent89, Y=http://www.Department10.University0.edu, Z=GraduateStudent89@Department10.University0.edu}, {X=http://www.Department10.University0.edu/GraduateStudent136, Y=http://www.Department10.University0.edu, Z=GraduateStudent136@Department10.University0.edu}, {X=http://www.Department10.University0.edu/UndergraduateStudent52, Y=http://www.Department10.University0.edu, Z=UndergraduateStudent52@Department10.University0.edu}, {X=http://www.Department10.University0.edu/UndergraduateStudent40, Y=http://www.Department10.University0.edu, Z=UndergraduateStudent40@Department10.University0.edu}, {X=http://www.Department10.University0.edu/UndergraduateStudent358, Y=http://www.Department10.University0.edu, Z=UndergraduateStudent358@Department10.University0.edu}, {X=http://www.Department10.University0.edu/UndergraduateStudent37, Y=http://www.Department10.University0.edu, Z=UndergraduateStudent37@Department10.University0.edu}, {X=http://www.Department10.University0.edu/UndergraduateStudent196, Y=http://www.Department10.University0.edu, Z=UndergraduateStudent196@Department10.University0.edu}, {X=http://www.Department10.University0.edu/UndergraduateStudent164, Y=http://www.Department10.University0.edu, Z=UndergraduateStudent164@Department10.University0.edu}, {X=http://www.Department10.University0.edu/UndergraduateStudent16, Y=http://www.Department10.University0.edu, Z=UndergraduateStudent16@Department10.University0.edu}, {X=http://www.Department10.University0.edu/UndergraduateStudent17, Y=http://www.Department10.University0.edu, Z=UndergraduateStudent17@Department10.University0.edu}, {X=http://www.Department10.University0.edu/GraduateStudent84, Y=http://www.Department10.University0.edu, Z=GraduateStudent84@Department10.University0.edu}, {X=http://www.Department10.University0.edu/GraduateStudent132, Y=http://www.Department10.University0.edu, Z=GraduateStudent132@Department10.University0.edu}, {X=http://www.Department10.University0.edu/UndergraduateStudent20, Y=http://www.Department10.University0.edu, Z=UndergraduateStudent20@Department10.University0.edu}, {X=http://www.Department10.University0.edu/UndergraduateStudent294, Y=http://www.Department10.University0.edu, Z=UndergraduateStudent294@Department10.University0.edu}, {X=http://www.Department10.University0.edu/UndergraduateStudent282, Y=http://www.Department10.University0.edu, Z=UndergraduateStudent282@Department10.University0.edu}, {X=http://www.Department10.University0.edu/UndergraduateStudent388, Y=http://www.Department10.University0.edu, Z=UndergraduateStudent388@Department10.University0.edu}, {X=http://www.Department10.University0.edu/UndergraduateStudent370, Y=http://www.Department10.University0.edu, Z=UndergraduateStudent370@Department10.University0.edu}, {X=http://www.Department10.University0.edu/UndergraduateStudent216, Y=http://www.Department10.University0.edu, Z=UndergraduateStudent216@Department10.University0.edu}, {X=http://www.Department10.University0.edu/GraduateStudent112, Y=http://www.Department10.University0.edu, Z=GraduateStudent112@Department10.University0.edu}, {X=http://www.Department10.University0.edu/UndergraduateStudent292, Y=http://www.Department10.University0.edu, Z=UndergraduateStudent292@Department10.University0.edu}, {X=http://www.Department10.University0.edu/UndergraduateStudent270, Y=http://www.Department10.University0.edu, Z=UndergraduateStudent270@Department10.University0.edu}, {X=http://www.Department10.University0.edu/UndergraduateStudent340, Y=http://www.Department10.University0.edu, Z=UndergraduateStudent340@Department10.University0.edu}, {X=http://www.Department10.University0.edu/UndergraduateStudent309, Y=http://www.Department10.University0.edu, Z=UndergraduateStudent309@Department10.University0.edu}, {X=http://www.Department10.University0.edu/UndergraduateStudent142, Y=http://www.Department10.University0.edu, Z=UndergraduateStudent142@Department10.University0.edu}, {X=http://www.Department10.University0.edu/UndergraduateStudent310, Y=http://www.Department10.University0.edu, Z=UndergraduateStudent310@Department10.University0.edu}, {X=http://www.Department10.University0.edu/UndergraduateStudent129, Y=http://www.Department10.University0.edu, Z=UndergraduateStudent129@Department10.University0.edu}, {X=http://www.Department10.University0.edu/UndergraduateStudent249, Y=http://www.Department10.University0.edu, Z=UndergraduateStudent249@Department10.University0.edu}, {X=http://www.Department10.University0.edu/UndergraduateStudent410, Y=http://www.Department10.University0.edu, Z=UndergraduateStudent410@Department10.University0.edu}, {X=http://www.Department10.University0.edu/UndergraduateStudent147, Y=http://www.Department10.University0.edu, Z=UndergraduateStudent147@Department10.University0.edu}, {X=http://www.Department10.University0.edu/UndergraduateStudent59, Y=http://www.Department10.University0.edu, Z=UndergraduateStudent59@Department10.University0.edu}, {X=http://www.Department10.University0.edu/UndergraduateStudent181, Y=http://www.Department10.University0.edu, Z=UndergraduateStudent181@Department10.University0.edu}, {X=http://www.Department10.University0.edu/UndergraduateStudent213, Y=http://www.Department10.University0.edu, Z=UndergraduateStudent213@Department10.University0.edu}, {X=http://www.Department10.University0.edu/UndergraduateStudent386, Y=http://www.Department10.University0.edu, Z=UndergraduateStudent386@Department10.University0.edu}, {X=http://www.Department10.University0.edu/GraduateStudent109, Y=http://www.Department10.University0.edu, Z=GraduateStudent109@Department10.University0.edu}, {X=http://www.Department10.University0.edu/UndergraduateStudent295, Y=http://www.Department10.University0.edu, Z=UndergraduateStudent295@Department10.University0.edu}, {X=http://www.Department10.University0.edu/GraduateStudent105, Y=http://www.Department10.University0.edu, Z=GraduateStudent105@Department10.University0.edu}, {X=http://www.Department10.University0.edu/UndergraduateStudent396, Y=http://www.Department10.University0.edu, Z=UndergraduateStudent396@Department10.University0.edu}, {X=http://www.Department10.University0.edu/UndergraduateStudent121, Y=http://www.Department10.University0.edu, Z=UndergraduateStudent121@Department10.University0.edu}, {X=http://www.Department10.University0.edu/GraduateStudent14, Y=http://www.Department10.University0.edu, Z=GraduateStudent14@Department10.University0.edu}, {X=http://www.Department10.University0.edu/UndergraduateStudent212, Y=http://www.Department10.University0.edu, Z=UndergraduateStudent212@Department10.University0.edu}, {X=http://www.Department10.University0.edu/GraduateStudent20, Y=http://www.Department10.University0.edu, Z=GraduateStudent20@Department10.University0.edu}, {X=http://www.Department10.University0.edu/UndergraduateStudent66, Y=http://www.Department10.University0.edu, Z=UndergraduateStudent66@Department10.University0.edu}, {X=http://www.Department10.University0.edu/UndergraduateStudent61, Y=http://www.Department10.University0.edu, Z=UndergraduateStudent61@Department10.University0.edu}, {X=http://www.Department10.University0.edu/GraduateStudent64, Y=http://www.Department10.University0.edu, Z=GraduateStudent64@Department10.University0.edu}, {X=http://www.Department10.University0.edu/UndergraduateStudent279, Y=http://www.Department10.University0.edu, Z=UndergraduateStudent279@Department10.University0.edu}, {X=http://www.Department10.University0.edu/UndergraduateStudent74, Y=http://www.Department10.University0.edu, Z=UndergraduateStudent74@Department10.University0.edu}, {X=http://www.Department10.University0.edu/UndergraduateStudent198, Y=http://www.Department10.University0.edu, Z=UndergraduateStudent198@Department10.University0.edu}, {X=http://www.Department10.University0.edu/UndergraduateStudent277, Y=http://www.Department10.University0.edu, Z=UndergraduateStudent277@Department10.University0.edu}, {X=http://www.Department10.University0.edu/UndergraduateStudent240, Y=http://www.Department10.University0.edu, Z=UndergraduateStudent240@Department10.University0.edu}, {X=http://www.Department10.University0.edu/UndergraduateStudent304, Y=http://www.Department10.University0.edu, Z=UndergraduateStudent304@Department10.University0.edu}, {X=http://www.Department10.University0.edu/UndergraduateStudent252, Y=http://www.Department10.University0.edu, Z=UndergraduateStudent252@Department10.University0.edu}, {X=http://www.Department10.University0.edu/UndergraduateStudent204, Y=http://www.Department10.University0.edu, Z=UndergraduateStudent204@Department10.University0.edu}, {X=http://www.Department10.University0.edu/UndergraduateStudent214, Y=http://www.Department10.University0.edu, Z=UndergraduateStudent214@Department10.University0.edu}, {X=http://www.Department10.University0.edu/UndergraduateStudent149, Y=http://www.Department10.University0.edu, Z=UndergraduateStudent149@Department10.University0.edu}, {X=http://www.Department10.University0.edu/GraduateStudent116, Y=http://www.Department10.University0.edu, Z=GraduateStudent116@Department10.University0.edu}, {X=http://www.Department10.University0.edu/UndergraduateStudent116, Y=http://www.Department10.University0.edu, Z=UndergraduateStudent116@Department10.University0.edu}, {X=http://www.Department10.University0.edu/UndergraduateStudent299, Y=http://www.Department10.University0.edu, Z=UndergraduateStudent299@Department10.University0.edu}, {X=http://www.Department10.University0.edu/UndergraduateStudent3, Y=http://www.Department10.University0.edu, Z=UndergraduateStudent3@Department10.University0.edu}, {X=http://www.Department10.University0.edu/UndergraduateStudent15, Y=http://www.Department10.University0.edu, Z=UndergraduateStudent15@Department10.University0.edu}, {X=http://www.Department10.University0.edu/UndergraduateStudent261, Y=http://www.Department10.University0.edu, Z=UndergraduateStudent261@Department10.University0.edu}, {X=http://www.Department10.University0.edu/GraduateStudent100, Y=http://www.Department10.University0.edu, Z=GraduateStudent100@Department10.University0.edu}, {X=http://www.Department10.University0.edu/UndergraduateStudent80, Y=http://www.Department10.University0.edu, Z=UndergraduateStudent80@Department10.University0.edu}, {X=http://www.Department10.University0.edu/UndergraduateStudent406, Y=http://www.Department10.University0.edu, Z=UndergraduateStudent406@Department10.University0.edu}, {X=http://www.Department10.University0.edu/UndergraduateStudent369, Y=http://www.Department10.University0.edu, Z=UndergraduateStudent369@Department10.University0.edu}, {X=http://www.Department10.University0.edu/UndergraduateStudent175, Y=http://www.Department10.University0.edu, Z=UndergraduateStudent175@Department10.University0.edu}, {X=http://www.Department10.University0.edu/UndergraduateStudent148, Y=http://www.Department10.University0.edu, Z=UndergraduateStudent148@Department10.University0.edu}, {X=http://www.Department10.University0.edu/GraduateStudent129, Y=http://www.Department10.University0.edu, Z=GraduateStudent129@Department10.University0.edu}, {X=http://www.Department10.University0.edu/UndergraduateStudent122, Y=http://www.Department10.University0.edu, Z=UndergraduateStudent122@Department10.University0.edu}, {X=http://www.Department10.University0.edu/UndergraduateStudent228, Y=http://www.Department10.University0.edu, Z=UndergraduateStudent228@Department10.University0.edu}, {X=http://www.Department10.University0.edu/UndergraduateStudent102, Y=http://www.Department10.University0.edu, Z=UndergraduateStudent102@Department10.University0.edu}, {X=http://www.Department10.University0.edu/GraduateStudent115, Y=http://www.Department10.University0.edu, Z=GraduateStudent115@Department10.University0.edu}, {X=http://www.Department10.University0.edu/UndergraduateStudent354, Y=http://www.Department10.University0.edu, Z=UndergraduateStudent354@Department10.University0.edu}, {X=http://www.Department10.University0.edu/UndergraduateStudent174, Y=http://www.Department10.University0.edu, Z=UndergraduateStudent174@Department10.University0.edu}, {X=http://www.Department10.University0.edu/UndergraduateStudent155, Y=http://www.Department10.University0.edu, Z=UndergraduateStudent155@Department10.University0.edu}, {X=http://www.Department10.University0.edu/UndergraduateStudent349, Y=http://www.Department10.University0.edu, Z=UndergraduateStudent349@Department10.University0.edu}, {X=http://www.Department10.University0.edu/GraduateStudent82, Y=http://www.Department10.University0.edu, Z=GraduateStudent82@Department10.University0.edu}, {X=http://www.Department10.University0.edu/UndergraduateStudent219, Y=http://www.Department10.University0.edu, Z=UndergraduateStudent219@Department10.University0.edu}, {X=http://www.Department10.University0.edu/UndergraduateStudent243, Y=http://www.Department10.University0.edu, Z=UndergraduateStudent243@Department10.University0.edu}, {X=http://www.Department10.University0.edu/UndergraduateStudent26, Y=http://www.Department10.University0.edu, Z=UndergraduateStudent26@Department10.University0.edu}, {X=http://www.Department10.University0.edu/GraduateStudent9, Y=http://www.Department10.University0.edu, Z=GraduateStudent9@Department10.University0.edu}, {X=http://www.Department10.University0.edu/UndergraduateStudent247, Y=http://www.Department10.University0.edu, Z=UndergraduateStudent247@Department10.University0.edu}, {X=http://www.Department10.University0.edu/GraduateStudent49, Y=http://www.Department10.University0.edu, Z=GraduateStudent49@Department10.University0.edu}, {X=http://www.Department10.University0.edu/GraduateStudent108, Y=http://www.Department10.University0.edu, Z=GraduateStudent108@Department10.University0.edu}, {X=http://www.Department10.University0.edu/UndergraduateStudent272, Y=http://www.Department10.University0.edu, Z=UndergraduateStudent272@Department10.University0.edu}, {X=http://www.Department10.University0.edu/GraduateStudent81, Y=http://www.Department10.University0.edu, Z=GraduateStudent81@Department10.University0.edu}, {X=http://www.Department10.University0.edu/UndergraduateStudent239, Y=http://www.Department10.University0.edu, Z=UndergraduateStudent239@Department10.University0.edu}, {X=http://www.Department10.University0.edu/UndergraduateStudent13, Y=http://www.Department10.University0.edu, Z=UndergraduateStudent13@Department10.University0.edu}, {X=http://www.Department10.University0.edu/UndergraduateStudent195, Y=http://www.Department10.University0.edu, Z=UndergraduateStudent195@Department10.University0.edu}, {X=http://www.Department10.University0.edu/GraduateStudent94, Y=http://www.Department10.University0.edu, Z=GraduateStudent94@Department10.University0.edu}, {X=http://www.Department10.University0.edu/UndergraduateStudent183, Y=http://www.Department10.University0.edu, Z=UndergraduateStudent183@Department10.University0.edu}, {X=http://www.Department10.University0.edu/UndergraduateStudent163, Y=http://www.Department10.University0.edu, Z=UndergraduateStudent163@Department10.University0.edu}, {X=http://www.Department10.University0.edu/GraduateStudent65, Y=http://www.Department10.University0.edu, Z=GraduateStudent65@Department10.University0.edu}, {X=http://www.Department10.University0.edu/UndergraduateStudent27, Y=http://www.Department10.University0.edu, Z=UndergraduateStudent27@Department10.University0.edu}, {X=http://www.Department10.University0.edu/UndergraduateStudent30, Y=http://www.Department10.University0.edu, Z=UndergraduateStudent30@Department10.University0.edu}, {X=http://www.Department10.University0.edu/UndergraduateStudent125, Y=http://www.Department10.University0.edu, Z=UndergraduateStudent125@Department10.University0.edu}, {X=http://www.Department10.University0.edu/UndergraduateStudent14, Y=http://www.Department10.University0.edu, Z=UndergraduateStudent14@Department10.University0.edu}, {X=http://www.Department10.University0.edu/UndergraduateStudent70, Y=http://www.Department10.University0.edu, Z=UndergraduateStudent70@Department10.University0.edu}, {X=http://www.Department10.University0.edu/UndergraduateStudent53, Y=http://www.Department10.University0.edu, Z=UndergraduateStudent53@Department10.University0.edu}, {X=http://www.Department10.University0.edu/UndergraduateStudent329, Y=http://www.Department10.University0.edu, Z=UndergraduateStudent329@Department10.University0.edu}, {X=http://www.Department10.University0.edu/UndergraduateStudent139, Y=http://www.Department10.University0.edu, Z=UndergraduateStudent139@Department10.University0.edu}, {X=http://www.Department10.University0.edu/GraduateStudent18, Y=http://www.Department10.University0.edu, Z=GraduateStudent18@Department10.University0.edu}, {X=http://www.Department10.University0.edu/UndergraduateStudent333, Y=http://www.Department10.University0.edu, Z=UndergraduateStudent333@Department10.University0.edu}, {X=http://www.Department10.University0.edu/UndergraduateStudent359, Y=http://www.Department10.University0.edu, Z=UndergraduateStudent359@Department10.University0.edu}, {X=http://www.Department10.University0.edu/GraduateStudent19, Y=http://www.Department10.University0.edu, Z=GraduateStudent19@Department10.University0.edu}, {X=http://www.Department10.University0.edu/UndergraduateStudent187, Y=http://www.Department10.University0.edu, Z=UndergraduateStudent187@Department10.University0.edu}, {X=http://www.Department10.University0.edu/UndergraduateStudent202, Y=http://www.Department10.University0.edu, Z=UndergraduateStudent202@Department10.University0.edu}, {X=http://www.Department10.University0.edu/GraduateStudent91, Y=http://www.Department10.University0.edu, Z=GraduateStudent91@Department10.University0.edu}, {X=http://www.Department10.University0.edu/UndergraduateStudent385, Y=http://www.Department10.University0.edu, Z=UndergraduateStudent385@Department10.University0.edu}, {X=http://www.Department10.University0.edu/UndergraduateStudent286, Y=http://www.Department10.University0.edu, Z=UndergraduateStudent286@Department10.University0.edu}, {X=http://www.Department10.University0.edu/UndergraduateStudent206, Y=http://www.Department10.University0.edu, Z=UndergraduateStudent206@Department10.University0.edu}, {X=http://www.Department10.University0.edu/UndergraduateStudent225, Y=http://www.Department10.University0.edu, Z=UndergraduateStudent225@Department10.University0.edu}, {X=http://www.Department10.University0.edu/UndergraduateStudent182, Y=http://www.Department10.University0.edu, Z=UndergraduateStudent182@Department10.University0.edu}, {X=http://www.Department10.University0.edu/UndergraduateStudent283, Y=http://www.Department10.University0.edu, Z=UndergraduateStudent283@Department10.University0.edu}, {X=http://www.Department10.University0.edu/UndergraduateStudent161, Y=http://www.Department10.University0.edu, Z=UndergraduateStudent161@Department10.University0.edu}, {X=http://www.Department10.University0.edu/UndergraduateStudent23, Y=http://www.Department10.University0.edu, Z=UndergraduateStudent23@Department10.University0.edu}, {X=http://www.Department10.University0.edu/UndergraduateStudent401, Y=http://www.Department10.University0.edu, Z=UndergraduateStudent401@Department10.University0.edu}, {X=http://www.Department10.University0.edu/GraduateStudent54, Y=http://www.Department10.University0.edu, Z=GraduateStudent54@Department10.University0.edu}, {X=http://www.Department10.University0.edu/UndergraduateStudent321, Y=http://www.Department10.University0.edu, Z=UndergraduateStudent321@Department10.University0.edu}, {X=http://www.Department10.University0.edu/UndergraduateStudent296, Y=http://www.Department10.University0.edu, Z=UndergraduateStudent296@Department10.University0.edu}, {X=http://www.Department10.University0.edu/UndergraduateStudent178, Y=http://www.Department10.University0.edu, Z=UndergraduateStudent178@Department10.University0.edu}, {X=http://www.Department10.University0.edu/UndergraduateStudent344, Y=http://www.Department10.University0.edu, Z=UndergraduateStudent344@Department10.University0.edu}, {X=http://www.Department10.University0.edu/GraduateStudent25, Y=http://www.Department10.University0.edu, Z=GraduateStudent25@Department10.University0.edu}, {X=http://www.Department10.University0.edu/UndergraduateStudent257, Y=http://www.Department10.University0.edu, Z=UndergraduateStudent257@Department10.University0.edu}, {X=http://www.Department10.University0.edu/UndergraduateStudent383, Y=http://www.Department10.University0.edu, Z=UndergraduateStudent383@Department10.University0.edu}, {X=http://www.Department10.University0.edu/UndergraduateStudent63, Y=http://www.Department10.University0.edu, Z=UndergraduateStudent63@Department10.University0.edu}, {X=http://www.Department10.University0.edu/UndergraduateStudent57, Y=http://www.Department10.University0.edu, Z=UndergraduateStudent57@Department10.University0.edu}, {X=http://www.Department10.University0.edu/GraduateStudent104, Y=http://www.Department10.University0.edu, Z=GraduateStudent104@Department10.University0.edu}, {X=http://www.Department10.University0.edu/UndergraduateStudent335, Y=http://www.Department10.University0.edu, Z=UndergraduateStudent335@Department10.University0.edu}, {X=http://www.Department10.University0.edu/UndergraduateStudent207, Y=http://www.Department10.University0.edu, Z=UndergraduateStudent207@Department10.University0.edu}, {X=http://www.Department10.University0.edu/UndergraduateStudent248, Y=http://www.Department10.University0.edu, Z=UndergraduateStudent248@Department10.University0.edu}, {X=http://www.Department10.University0.edu/GraduateStudent11, Y=http://www.Department10.University0.edu, Z=GraduateStudent11@Department10.University0.edu}, {X=http://www.Department10.University0.edu/UndergraduateStudent298, Y=http://www.Department10.University0.edu, Z=UndergraduateStudent298@Department10.University0.edu}, {X=http://www.Department10.University0.edu/GraduateStudent13, Y=http://www.Department10.University0.edu, Z=GraduateStudent13@Department10.University0.edu}, {X=http://www.Department10.University0.edu/UndergraduateStudent90, Y=http://www.Department10.University0.edu, Z=UndergraduateStudent90@Department10.University0.edu}, {X=http://www.Department10.University0.edu/UndergraduateStudent194, Y=http://www.Department10.University0.edu, Z=UndergraduateStudent194@Department10.University0.edu}, {X=http://www.Department10.University0.edu/GraduateStudent68, Y=http://www.Department10.University0.edu, Z=GraduateStudent68@Department10.University0.edu}, {X=http://www.Department10.University0.edu/GraduateStudent10, Y=http://www.Department10.University0.edu, Z=GraduateStudent10@Department10.University0.edu}, {X=http://www.Department10.University0.edu/UndergraduateStudent173, Y=http://www.Department10.University0.edu, Z=UndergraduateStudent173@Department10.University0.edu}, {X=http://www.Department10.University0.edu/UndergraduateStudent39, Y=http://www.Department10.University0.edu, Z=UndergraduateStudent39@Department10.University0.edu}, {X=http://www.Department10.University0.edu/UndergraduateStudent217, Y=http://www.Department10.University0.edu, Z=UndergraduateStudent217@Department10.University0.edu}, {X=http://www.Department10.University0.edu/UndergraduateStudent158, Y=http://www.Department10.University0.edu, Z=UndergraduateStudent158@Department10.University0.edu}, {X=http://www.Department10.University0.edu/GraduateStudent93, Y=http://www.Department10.University0.edu, Z=GraduateStudent93@Department10.University0.edu}, {X=http://www.Department10.University0.edu/UndergraduateStudent211, Y=http://www.Department10.University0.edu, Z=UndergraduateStudent211@Department10.University0.edu}, {X=http://www.Department10.University0.edu/UndergraduateStudent382, Y=http://www.Department10.University0.edu, Z=UndergraduateStudent382@Department10.University0.edu}, {X=http://www.Department10.University0.edu/GraduateStudent39, Y=http://www.Department10.University0.edu, Z=GraduateStudent39@Department10.University0.edu}, {X=http://www.Department10.University0.edu/UndergraduateStudent201, Y=http://www.Department10.University0.edu, Z=UndergraduateStudent201@Department10.University0.edu}, {X=http://www.Department10.University0.edu/GraduateStudent63, Y=http://www.Department10.University0.edu, Z=GraduateStudent63@Department10.University0.edu}, {X=http://www.Department10.University0.edu/GraduateStudent52, Y=http://www.Department10.University0.edu, Z=GraduateStudent52@Department10.University0.edu}, {X=http://www.Department10.University0.edu/UndergraduateStudent353, Y=http://www.Department10.University0.edu, Z=UndergraduateStudent353@Department10.University0.edu}, {X=http://www.Department10.University0.edu/GraduateStudent101, Y=http://www.Department10.University0.edu, Z=GraduateStudent101@Department10.University0.edu}, {X=http://www.Department10.University0.edu/GraduateStudent125, Y=http://www.Department10.University0.edu, Z=GraduateStudent125@Department10.University0.edu}, {X=http://www.Department10.University0.edu/UndergraduateStudent2, Y=http://www.Department10.University0.edu, Z=UndergraduateStudent2@Department10.University0.edu}, {X=http://www.Department10.University0.edu/UndergraduateStudent62, Y=http://www.Department10.University0.edu, Z=UndergraduateStudent62@Department10.University0.edu}, {X=http://www.Department10.University0.edu/UndergraduateStudent22, Y=http://www.Department10.University0.edu, Z=UndergraduateStudent22@Department10.University0.edu}, {X=http://www.Department10.University0.edu/UndergraduateStudent234, Y=http://www.Department10.University0.edu, Z=UndergraduateStudent234@Department10.University0.edu}, {X=http://www.Department10.University0.edu/UndergraduateStudent308, Y=http://www.Department10.University0.edu, Z=UndergraduateStudent308@Department10.University0.edu}, {X=http://www.Department10.University0.edu/UndergraduateStudent97, Y=http://www.Department10.University0.edu, Z=UndergraduateStudent97@Department10.University0.edu}, {X=http://www.Department10.University0.edu/GraduateStudent4, Y=http://www.Department10.University0.edu, Z=GraduateStudent4@Department10.University0.edu}, {X=http://www.Department10.University0.edu/UndergraduateStudent377, Y=http://www.Department10.University0.edu, Z=UndergraduateStudent377@Department10.University0.edu}, {X=http://www.Department10.University0.edu/UndergraduateStudent41, Y=http://www.Department10.University0.edu, Z=UndergraduateStudent41@Department10.University0.edu}, {X=http://www.Department10.University0.edu/UndergraduateStudent250, Y=http://www.Department10.University0.edu, Z=UndergraduateStudent250@Department10.University0.edu}, {X=http://www.Department10.University0.edu/UndergraduateStudent330, Y=http://www.Department10.University0.edu, Z=UndergraduateStudent330@Department10.University0.edu}, {X=http://www.Department10.University0.edu/UndergraduateStudent227, Y=http://www.Department10.University0.edu, Z=UndergraduateStudent227@Department10.University0.edu}, {X=http://www.Department10.University0.edu/GraduateStudent96, Y=http://www.Department10.University0.edu, Z=GraduateStudent96@Department10.University0.edu}, {X=http://www.Department10.University0.edu/UndergraduateStudent199, Y=http://www.Department10.University0.edu, Z=UndergraduateStudent199@Department10.University0.edu}, {X=http://www.Department10.University0.edu/GraduateStudent131, Y=http://www.Department10.University0.edu, Z=GraduateStudent131@Department10.University0.edu}, {X=http://www.Department10.University0.edu/UndergraduateStudent265, Y=http://www.Department10.University0.edu, Z=UndergraduateStudent265@Department10.University0.edu}, {X=http://www.Department10.University0.edu/UndergraduateStudent131, Y=http://www.Department10.University0.edu, Z=UndergraduateStudent131@Department10.University0.edu}, {X=http://www.Department10.University0.edu/UndergraduateStudent48, Y=http://www.Department10.University0.edu, Z=UndergraduateStudent48@Department10.University0.edu}, {X=http://www.Department10.University0.edu/GraduateStudent33, Y=http://www.Department10.University0.edu, Z=GraduateStudent33@Department10.University0.edu}, {X=http://www.Department10.University0.edu/UndergraduateStudent137, Y=http://www.Department10.University0.edu, Z=UndergraduateStudent137@Department10.University0.edu}, {X=http://www.Department10.University0.edu/UndergraduateStudent281, Y=http://www.Department10.University0.edu, Z=UndergraduateStudent281@Department10.University0.edu}, {X=http://www.Department10.University0.edu/UndergraduateStudent166, Y=http://www.Department10.University0.edu, Z=UndergraduateStudent166@Department10.University0.edu}, {X=http://www.Department10.University0.edu/UndergraduateStudent233, Y=http://www.Department10.University0.edu, Z=UndergraduateStudent233@Department10.University0.edu}, {X=http://www.Department10.University0.edu/GraduateStudent98, Y=http://www.Department10.University0.edu, Z=GraduateStudent98@Department10.University0.edu}, {X=http://www.Department10.University0.edu/UndergraduateStudent67, Y=http://www.Department10.University0.edu, Z=UndergraduateStudent67@Department10.University0.edu}, {X=http://www.Department10.University0.edu/UndergraduateStudent85, Y=http://www.Department10.University0.edu, Z=UndergraduateStudent85@Department10.University0.edu}, {X=http://www.Department10.University0.edu/UndergraduateStudent88, Y=http://www.Department10.University0.edu, Z=UndergraduateStudent88@Department10.University0.edu}, {X=http://www.Department10.University0.edu/UndergraduateStudent120, Y=http://www.Department10.University0.edu, Z=UndergraduateStudent120@Department10.University0.edu}, {X=http://www.Department10.University0.edu/GraduateStudent123, Y=http://www.Department10.University0.edu, Z=GraduateStudent123@Department10.University0.edu}, {X=http://www.Department10.University0.edu/GraduateStudent110, Y=http://www.Department10.University0.edu, Z=GraduateStudent110@Department10.University0.edu}, {X=http://www.Department10.University0.edu/UndergraduateStudent36, Y=http://www.Department10.University0.edu, Z=UndergraduateStudent36@Department10.University0.edu}, {X=http://www.Department10.University0.edu/UndergraduateStudent151, Y=http://www.Department10.University0.edu, Z=UndergraduateStudent151@Department10.University0.edu}, {X=http://www.Department10.University0.edu/GraduateStudent31, Y=http://www.Department10.University0.edu, Z=GraduateStudent31@Department10.University0.edu}, {X=http://www.Department10.University0.edu/UndergraduateStudent82, Y=http://www.Department10.University0.edu, Z=UndergraduateStudent82@Department10.University0.edu}, {X=http://www.Department10.University0.edu/GraduateStudent35, Y=http://www.Department10.University0.edu, Z=GraduateStudent35@Department10.University0.edu}, {X=http://www.Department10.University0.edu/UndergraduateStudent241, Y=http://www.Department10.University0.edu, Z=UndergraduateStudent241@Department10.University0.edu}, {X=http://www.Department10.University0.edu/GraduateStudent34, Y=http://www.Department10.University0.edu, Z=GraduateStudent34@Department10.University0.edu}, {X=http://www.Department10.University0.edu/UndergraduateStudent126, Y=http://www.Department10.University0.edu, Z=UndergraduateStudent126@Department10.University0.edu}, {X=http://www.Department10.University0.edu/UndergraduateStudent184, Y=http://www.Department10.University0.edu, Z=UndergraduateStudent184@Department10.University0.edu}, {X=http://www.Department10.University0.edu/UndergraduateStudent169, Y=http://www.Department10.University0.edu, Z=UndergraduateStudent169@Department10.University0.edu}, {X=http://www.Department10.University0.edu/UndergraduateStudent12, Y=http://www.Department10.University0.edu, Z=UndergraduateStudent12@Department10.University0.edu}, {X=http://www.Department10.University0.edu/UndergraduateStudent133, Y=http://www.Department10.University0.edu, Z=UndergraduateStudent133@Department10.University0.edu}, {X=http://www.Department10.University0.edu/UndergraduateStudent84, Y=http://www.Department10.University0.edu, Z=UndergraduateStudent84@Department10.University0.edu}, {X=http://www.Department10.University0.edu/GraduateStudent8, Y=http://www.Department10.University0.edu, Z=GraduateStudent8@Department10.University0.edu}, {X=http://www.Department10.University0.edu/UndergraduateStudent403, Y=http://www.Department10.University0.edu, Z=UndergraduateStudent403@Department10.University0.edu}, {X=http://www.Department10.University0.edu/UndergraduateStudent60, Y=http://www.Department10.University0.edu, Z=UndergraduateStudent60@Department10.University0.edu}, {X=http://www.Department10.University0.edu/GraduateStudent26, Y=http://www.Department10.University0.edu, Z=GraduateStudent26@Department10.University0.edu}, {X=http://www.Department10.University0.edu/UndergraduateStudent402, Y=http://www.Department10.University0.edu, Z=UndergraduateStudent402@Department10.University0.edu}, {X=http://www.Department10.University0.edu/UndergraduateStudent210, Y=http://www.Department10.University0.edu, Z=UndergraduateStudent210@Department10.University0.edu}, {X=http://www.Department10.University0.edu/GraduateStudent69, Y=http://www.Department10.University0.edu, Z=GraduateStudent69@Department10.University0.edu}, {X=http://www.Department10.University0.edu/UndergraduateStudent123, Y=http://www.Department10.University0.edu, Z=UndergraduateStudent123@Department10.University0.edu}, {X=http://www.Department10.University0.edu/UndergraduateStudent167, Y=http://www.Department10.University0.edu, Z=UndergraduateStudent167@Department10.University0.edu}, {X=http://www.Department10.University0.edu/UndergraduateStudent361, Y=http://www.Department10.University0.edu, Z=UndergraduateStudent361@Department10.University0.edu}, {X=http://www.Department10.University0.edu/GraduateStudent5, Y=http://www.Department10.University0.edu, Z=GraduateStudent5@Department10.University0.edu}, {X=http://www.Department10.University0.edu/GraduateStudent55, Y=http://www.Department10.University0.edu, Z=GraduateStudent55@Department10.University0.edu}, {X=http://www.Department10.University0.edu/GraduateStudent134, Y=http://www.Department10.University0.edu, Z=GraduateStudent134@Department10.University0.edu}, {X=http://www.Department10.University0.edu/UndergraduateStudent200, Y=http://www.Department10.University0.edu, Z=UndergraduateStudent200@Department10.University0.edu}, {X=http://www.Department10.University0.edu/UndergraduateStudent29, Y=http://www.Department10.University0.edu, Z=UndergraduateStudent29@Department10.University0.edu}, {X=http://www.Department10.University0.edu/GraduateStudent16, Y=http://www.Department10.University0.edu, Z=GraduateStudent16@Department10.University0.edu}, {X=http://www.Department10.University0.edu/UndergraduateStudent271, Y=http://www.Department10.University0.edu, Z=UndergraduateStudent271@Department10.University0.edu}, {X=http://www.Department10.University0.edu/UndergraduateStudent322, Y=http://www.Department10.University0.edu, Z=UndergraduateStudent322@Department10.University0.edu}, {X=http://www.Department10.University0.edu/UndergraduateStudent33, Y=http://www.Department10.University0.edu, Z=UndergraduateStudent33@Department10.University0.edu}, {X=http://www.Department10.University0.edu/UndergraduateStudent405, Y=http://www.Department10.University0.edu, Z=UndergraduateStudent405@Department10.University0.edu}, {X=http://www.Department10.University0.edu/UndergraduateStudent146, Y=http://www.Department10.University0.edu, Z=UndergraduateStudent146@Department10.University0.edu}, {X=http://www.Department10.University0.edu/UndergraduateStudent56, Y=http://www.Department10.University0.edu, Z=UndergraduateStudent56@Department10.University0.edu}, {X=http://www.Department10.University0.edu/UndergraduateStudent107, Y=http://www.Department10.University0.edu, Z=UndergraduateStudent107@Department10.University0.edu}, {X=http://www.Department10.University0.edu/UndergraduateStudent170, Y=http://www.Department10.University0.edu, Z=UndergraduateStudent170@Department10.University0.edu}, {X=http://www.Department10.University0.edu/UndergraduateStudent395, Y=http://www.Department10.University0.edu, Z=UndergraduateStudent395@Department10.University0.edu}, {X=http://www.Department10.University0.edu/UndergraduateStudent230, Y=http://www.Department10.University0.edu, Z=UndergraduateStudent230@Department10.University0.edu}, {X=http://www.Department10.University0.edu/GraduateStudent36, Y=http://www.Department10.University0.edu, Z=GraduateStudent36@Department10.University0.edu}, {X=http://www.Department10.University0.edu/UndergraduateStudent352, Y=http://www.Department10.University0.edu, Z=UndergraduateStudent352@Department10.University0.edu}, {X=http://www.Department10.University0.edu/UndergraduateStudent110, Y=http://www.Department10.University0.edu, Z=UndergraduateStudent110@Department10.University0.edu}, {X=http://www.Department10.University0.edu/GraduateStudent74, Y=http://www.Department10.University0.edu, Z=GraduateStudent74@Department10.University0.edu}, {X=http://www.Department10.University0.edu/GraduateStudent120, Y=http://www.Department10.University0.edu, Z=GraduateStudent120@Department10.University0.edu}, {X=http://www.Department10.University0.edu/GraduateStudent83, Y=http://www.Department10.University0.edu, Z=GraduateStudent83@Department10.University0.edu}, {X=http://www.Department10.University0.edu/UndergraduateStudent312, Y=http://www.Department10.University0.edu, Z=UndergraduateStudent312@Department10.University0.edu}, {X=http://www.Department10.University0.edu/UndergraduateStudent141, Y=http://www.Department10.University0.edu, Z=UndergraduateStudent141@Department10.University0.edu}, {X=http://www.Department10.University0.edu/GraduateStudent137, Y=http://www.Department10.University0.edu, Z=GraduateStudent137@Department10.University0.edu}, {X=http://www.Department10.University0.edu/GraduateStudent75, Y=http://www.Department10.University0.edu, Z=GraduateStudent75@Department10.University0.edu}, {X=http://www.Department10.University0.edu/UndergraduateStudent380, Y=http://www.Department10.University0.edu, Z=UndergraduateStudent380@Department10.University0.edu}, {X=http://www.Department10.University0.edu/GraduateStudent117, Y=http://www.Department10.University0.edu, Z=GraduateStudent117@Department10.University0.edu}, {X=http://www.Department10.University0.edu/GraduateStudent27, Y=http://www.Department10.University0.edu, Z=GraduateStudent27@Department10.University0.edu}, {X=http://www.Department10.University0.edu/UndergraduateStudent363, Y=http://www.Department10.University0.edu, Z=UndergraduateStudent363@Department10.University0.edu}, {X=http://www.Department10.University0.edu/UndergraduateStudent389, Y=http://www.Department10.University0.edu, Z=UndergraduateStudent389@Department10.University0.edu}, {X=http://www.Department10.University0.edu/UndergraduateStudent105, Y=http://www.Department10.University0.edu, Z=UndergraduateStudent105@Department10.University0.edu}, {X=http://www.Department10.University0.edu/GraduateStudent73, Y=http://www.Department10.University0.edu, Z=GraduateStudent73@Department10.University0.edu}, {X=http://www.Department10.University0.edu/UndergraduateStudent280, Y=http://www.Department10.University0.edu, Z=UndergraduateStudent280@Department10.University0.edu}, {X=http://www.Department10.University0.edu/UndergraduateStudent115, Y=http://www.Department10.University0.edu, Z=UndergraduateStudent115@Department10.University0.edu}, {X=http://www.Department10.University0.edu/GraduateStudent58, Y=http://www.Department10.University0.edu, Z=GraduateStudent58@Department10.University0.edu}, {X=http://www.Department10.University0.edu/UndergraduateStudent191, Y=http://www.Department10.University0.edu, Z=UndergraduateStudent191@Department10.University0.edu}, {X=http://www.Department10.University0.edu/UndergraduateStudent79, Y=http://www.Department10.University0.edu, Z=UndergraduateStudent79@Department10.University0.edu}, {X=http://www.Department10.University0.edu/UndergraduateStudent259, Y=http://www.Department10.University0.edu, Z=UndergraduateStudent259@Department10.University0.edu}, {X=http://www.Department10.University0.edu/UndergraduateStudent324, Y=http://www.Department10.University0.edu, Z=UndergraduateStudent324@Department10.University0.edu}, {X=http://www.Department10.University0.edu/UndergraduateStudent188, Y=http://www.Department10.University0.edu, Z=UndergraduateStudent188@Department10.University0.edu}, {X=http://www.Department10.University0.edu/UndergraduateStudent100, Y=http://www.Department10.University0.edu, Z=UndergraduateStudent100@Department10.University0.edu}, {X=http://www.Department10.University0.edu/UndergraduateStudent50, Y=http://www.Department10.University0.edu, Z=UndergraduateStudent50@Department10.University0.edu}, {X=http://www.Department10.University0.edu/UndergraduateStudent65, Y=http://www.Department10.University0.edu, Z=UndergraduateStudent65@Department10.University0.edu}, {X=http://www.Department10.University0.edu/UndergraduateStudent49, Y=http://www.Department10.University0.edu, Z=UndergraduateStudent49@Department10.University0.edu}, {X=http://www.Department10.University0.edu/UndergraduateStudent189, Y=http://www.Department10.University0.edu, Z=UndergraduateStudent189@Department10.University0.edu}, {X=http://www.Department10.University0.edu/UndergraduateStudent140, Y=http://www.Department10.University0.edu, Z=UndergraduateStudent140@Department10.University0.edu}, {X=http://www.Department10.University0.edu/GraduateStudent17, Y=http://www.Department10.University0.edu, Z=GraduateStudent17@Department10.University0.edu}, {X=http://www.Department10.University0.edu/GraduateStudent85, Y=http://www.Department10.University0.edu, Z=GraduateStudent85@Department10.University0.edu}, {X=http://www.Department10.University0.edu/UndergraduateStudent366, Y=http://www.Department10.University0.edu, Z=UndergraduateStudent366@Department10.University0.edu}, {X=http://www.Department10.University0.edu/UndergraduateStudent136, Y=http://www.Department10.University0.edu, Z=UndergraduateStudent136@Department10.University0.edu}, {X=http://www.Department10.University0.edu/UndergraduateStudent138, Y=http://www.Department10.University0.edu, Z=UndergraduateStudent138@Department10.University0.edu}, {X=http://www.Department10.University0.edu/UndergraduateStudent327, Y=http://www.Department10.University0.edu, Z=UndergraduateStudent327@Department10.University0.edu}, {X=http://www.Department10.University0.edu/GraduateStudent119, Y=http://www.Department10.University0.edu, Z=GraduateStudent119@Department10.University0.edu}, {X=http://www.Department10.University0.edu/UndergraduateStudent269, Y=http://www.Department10.University0.edu, Z=UndergraduateStudent269@Department10.University0.edu}, {X=http://www.Department10.University0.edu/UndergraduateStudent73, Y=http://www.Department10.University0.edu, Z=UndergraduateStudent73@Department10.University0.edu}, {X=http://www.Department10.University0.edu/UndergraduateStudent103, Y=http://www.Department10.University0.edu, Z=UndergraduateStudent103@Department10.University0.edu}, {X=http://www.Department10.University0.edu/UndergraduateStudent54, Y=http://www.Department10.University0.edu, Z=UndergraduateStudent54@Department10.University0.edu}, {X=http://www.Department10.University0.edu/GraduateStudent128, Y=http://www.Department10.University0.edu, Z=GraduateStudent128@Department10.University0.edu}, {X=http://www.Department10.University0.edu/GraduateStudent130, Y=http://www.Department10.University0.edu, Z=GraduateStudent130@Department10.University0.edu}, {X=http://www.Department10.University0.edu/UndergraduateStudent368, Y=http://www.Department10.University0.edu, Z=UndergraduateStudent368@Department10.University0.edu}, {X=http://www.Department10.University0.edu/GraduateStudent87, Y=http://www.Department10.University0.edu, Z=GraduateStudent87@Department10.University0.edu}, {X=http://www.Department10.University0.edu/UndergraduateStudent215, Y=http://www.Department10.University0.edu, Z=UndergraduateStudent215@Department10.University0.edu}, {X=http://www.Department10.University0.edu/UndergraduateStudent351, Y=http://www.Department10.University0.edu, Z=UndergraduateStudent351@Department10.University0.edu}, {X=http://www.Department10.University0.edu/GraduateStudent37, Y=http://www.Department10.University0.edu, Z=GraduateStudent37@Department10.University0.edu}, {X=http://www.Department10.University0.edu/GraduateStudent79, Y=http://www.Department10.University0.edu, Z=GraduateStudent79@Department10.University0.edu}, {X=http://www.Department10.University0.edu/UndergraduateStudent5, Y=http://www.Department10.University0.edu, Z=UndergraduateStudent5@Department10.University0.edu}, {X=http://www.Department10.University0.edu/GraduateStudent67, Y=http://www.Department10.University0.edu, Z=GraduateStudent67@Department10.University0.edu}, {X=http://www.Department10.University0.edu/GraduateStudent41, Y=http://www.Department10.University0.edu, Z=GraduateStudent41@Department10.University0.edu}, {X=http://www.Department10.University0.edu/UndergraduateStudent134, Y=http://www.Department10.University0.edu, Z=UndergraduateStudent134@Department10.University0.edu}, {X=http://www.Department10.University0.edu/UndergraduateStudent276, Y=http://www.Department10.University0.edu, Z=UndergraduateStudent276@Department10.University0.edu}, {X=http://www.Department10.University0.edu/GraduateStudent42, Y=http://www.Department10.University0.edu, Z=GraduateStudent42@Department10.University0.edu}, {X=http://www.Department10.University0.edu/UndergraduateStudent253, Y=http://www.Department10.University0.edu, Z=UndergraduateStudent253@Department10.University0.edu}, {X=http://www.Department10.University0.edu/GraduateStudent22, Y=http://www.Department10.University0.edu, Z=GraduateStudent22@Department10.University0.edu}, {X=http://www.Department10.University0.edu/UndergraduateStudent91, Y=http://www.Department10.University0.edu, Z=UndergraduateStudent91@Department10.University0.edu}, {X=http://www.Department10.University0.edu/UndergraduateStudent355, Y=http://www.Department10.University0.edu, Z=UndergraduateStudent355@Department10.University0.edu}, {X=http://www.Department10.University0.edu/UndergraduateStudent245, Y=http://www.Department10.University0.edu, Z=UndergraduateStudent245@Department10.University0.edu}, {X=http://www.Department10.University0.edu/UndergraduateStudent260, Y=http://www.Department10.University0.edu, Z=UndergraduateStudent260@Department10.University0.edu}, {X=http://www.Department10.University0.edu/UndergraduateStudent357, Y=http://www.Department10.University0.edu, Z=UndergraduateStudent357@Department10.University0.edu}, {X=http://www.Department10.University0.edu/UndergraduateStudent150, Y=http://www.Department10.University0.edu, Z=UndergraduateStudent150@Department10.University0.edu}, {X=http://www.Department10.University0.edu/UndergraduateStudent106, Y=http://www.Department10.University0.edu, Z=UndergraduateStudent106@Department10.University0.edu}, {X=http://www.Department10.University0.edu/GraduateStudent48, Y=http://www.Department10.University0.edu, Z=GraduateStudent48@Department10.University0.edu}, {X=http://www.Department10.University0.edu/UndergraduateStudent305, Y=http://www.Department10.University0.edu, Z=UndergraduateStudent305@Department10.University0.edu}, {X=http://www.Department10.University0.edu/GraduateStudent7, Y=http://www.Department10.University0.edu, Z=GraduateStudent7@Department10.University0.edu}, {X=http://www.Department10.University0.edu/UndergraduateStudent290, Y=http://www.Department10.University0.edu, Z=UndergraduateStudent290@Department10.University0.edu}, {X=http://www.Department10.University0.edu/UndergraduateStudent343, Y=http://www.Department10.University0.edu, Z=UndergraduateStudent343@Department10.University0.edu}, {X=http://www.Department10.University0.edu/UndergraduateStudent246, Y=http://www.Department10.University0.edu, Z=UndergraduateStudent246@Department10.University0.edu}, {X=http://www.Department10.University0.edu/UndergraduateStudent302, Y=http://www.Department10.University0.edu, Z=UndergraduateStudent302@Department10.University0.edu}, {X=http://www.Department10.University0.edu/UndergraduateStudent407, Y=http://www.Department10.University0.edu, Z=UndergraduateStudent407@Department10.University0.edu}, {X=http://www.Department10.University0.edu/UndergraduateStudent348, Y=http://www.Department10.University0.edu, Z=UndergraduateStudent348@Department10.University0.edu}, {X=http://www.Department10.University0.edu/UndergraduateStudent273, Y=http://www.Department10.University0.edu, Z=UndergraduateStudent273@Department10.University0.edu}, {X=http://www.Department10.University0.edu/UndergraduateStudent128, Y=http://www.Department10.University0.edu, Z=UndergraduateStudent128@Department10.University0.edu}, {X=http://www.Department10.University0.edu/UndergraduateStudent92, Y=http://www.Department10.University0.edu, Z=UndergraduateStudent92@Department10.University0.edu}, {X=http://www.Department10.University0.edu/GraduateStudent71, Y=http://www.Department10.University0.edu, Z=GraduateStudent71@Department10.University0.edu}, {X=http://www.Department10.University0.edu/GraduateStudent53, Y=http://www.Department10.University0.edu, Z=GraduateStudent53@Department10.University0.edu}, {X=http://www.Department10.University0.edu/UndergraduateStudent7, Y=http://www.Department10.University0.edu, Z=UndergraduateStudent7@Department10.University0.edu}, {X=http://www.Department10.University0.edu/UndergraduateStudent220, Y=http://www.Department10.University0.edu, Z=UndergraduateStudent220@Department10.University0.edu}, {X=http://www.Department10.University0.edu/UndergraduateStudent409, Y=http://www.Department10.University0.edu, Z=UndergraduateStudent409@Department10.University0.edu}, {X=http://www.Department10.University0.edu/UndergraduateStudent297, Y=http://www.Department10.University0.edu, Z=UndergraduateStudent297@Department10.University0.edu}, {X=http://www.Department10.University0.edu/UndergraduateStudent339, Y=http://www.Department10.University0.edu, Z=UndergraduateStudent339@Department10.University0.edu}, {X=http://www.Department10.University0.edu/UndergraduateStudent83, Y=http://www.Department10.University0.edu, Z=UndergraduateStudent83@Department10.University0.edu}, {X=http://www.Department10.University0.edu/UndergraduateStudent394, Y=http://www.Department10.University0.edu, Z=UndergraduateStudent394@Department10.University0.edu}, {X=http://www.Department10.University0.edu/UndergraduateStudent376, Y=http://www.Department10.University0.edu, Z=UndergraduateStudent376@Department10.University0.edu}, {X=http://www.Department10.University0.edu/UndergraduateStudent21, Y=http://www.Department10.University0.edu, Z=UndergraduateStudent21@Department10.University0.edu}, {X=http://www.Department10.University0.edu/UndergraduateStudent218, Y=http://www.Department10.University0.edu, Z=UndergraduateStudent218@Department10.University0.edu}, {X=http://www.Department10.University0.edu/UndergraduateStudent293, Y=http://www.Department10.University0.edu, Z=UndergraduateStudent293@Department10.University0.edu}, {X=http://www.Department10.University0.edu/UndergraduateStudent31, Y=http://www.Department10.University0.edu, Z=UndergraduateStudent31@Department10.University0.edu}, {X=http://www.Department10.University0.edu/GraduateStudent111, Y=http://www.Department10.University0.edu, Z=GraduateStudent111@Department10.University0.edu}, {X=http://www.Department10.University0.edu/UndergraduateStudent314, Y=http://www.Department10.University0.edu, Z=UndergraduateStudent314@Department10.University0.edu}, {X=http://www.Department10.University0.edu/GraduateStudent78, Y=http://www.Department10.University0.edu, Z=GraduateStudent78@Department10.University0.edu}, {X=http://www.Department10.University0.edu/UndergraduateStudent332, Y=http://www.Department10.University0.edu, Z=UndergraduateStudent332@Department10.University0.edu}, {X=http://www.Department10.University0.edu/UndergraduateStudent284, Y=http://www.Department10.University0.edu, Z=UndergraduateStudent284@Department10.University0.edu}, {X=http://www.Department10.University0.edu/UndergraduateStudent397, Y=http://www.Department10.University0.edu, Z=UndergraduateStudent397@Department10.University0.edu}, {X=http://www.Department10.University0.edu/UndergraduateStudent51, Y=http://www.Department10.University0.edu, Z=UndergraduateStudent51@Department10.University0.edu}, {X=http://www.Department10.University0.edu/GraduateStudent77, Y=http://www.Department10.University0.edu, Z=GraduateStudent77@Department10.University0.edu}, {X=http://www.Department10.University0.edu/UndergraduateStudent104, Y=http://www.Department10.University0.edu, Z=UndergraduateStudent104@Department10.University0.edu}, {X=http://www.Department10.University0.edu/GraduateStudent103, Y=http://www.Department10.University0.edu, Z=GraduateStudent103@Department10.University0.edu}, {X=http://www.Department10.University0.edu/UndergraduateStudent323, Y=http://www.Department10.University0.edu, Z=UndergraduateStudent323@Department10.University0.edu}, {X=http://www.Department10.University0.edu/GraduateStudent135, Y=http://www.Department10.University0.edu, Z=GraduateStudent135@Department10.University0.edu}, {X=http://www.Department10.University0.edu/UndergraduateStudent317, Y=http://www.Department10.University0.edu, Z=UndergraduateStudent317@Department10.University0.edu}, {X=http://www.Department10.University0.edu/GraduateStudent126, Y=http://www.Department10.University0.edu, Z=GraduateStudent126@Department10.University0.edu}, {X=http://www.Department10.University0.edu/UndergraduateStudent24, Y=http://www.Department10.University0.edu, Z=UndergraduateStudent24@Department10.University0.edu}, {X=http://www.Department10.University0.edu/UndergraduateStudent64, Y=http://www.Department10.University0.edu, Z=UndergraduateStudent64@Department10.University0.edu}, {X=http://www.Department10.University0.edu/GraduateStudent59, Y=http://www.Department10.University0.edu, Z=GraduateStudent59@Department10.University0.edu}, {X=http://www.Department10.University0.edu/UndergraduateStudent46, Y=http://www.Department10.University0.edu, Z=UndergraduateStudent46@Department10.University0.edu}, {X=http://www.Department10.University0.edu/UndergraduateStudent266, Y=http://www.Department10.University0.edu, Z=UndergraduateStudent266@Department10.University0.edu}, {X=http://www.Department10.University0.edu/GraduateStudent3, Y=http://www.Department10.University0.edu, Z=GraduateStudent3@Department10.University0.edu}, {X=http://www.Department10.University0.edu/UndergraduateStudent256, Y=http://www.Department10.University0.edu, Z=UndergraduateStudent256@Department10.University0.edu}, {X=http://www.Department10.University0.edu/GraduateStudent6, Y=http://www.Department10.University0.edu, Z=GraduateStudent6@Department10.University0.edu}, {X=http://www.Department10.University0.edu/UndergraduateStudent222, Y=http://www.Department10.University0.edu, Z=UndergraduateStudent222@Department10.University0.edu}, {X=http://www.Department10.University0.edu/UndergraduateStudent347, Y=http://www.Department10.University0.edu, Z=UndergraduateStudent347@Department10.University0.edu}, {X=http://www.Department10.University0.edu/UndergraduateStudent275, Y=http://www.Department10.University0.edu, Z=UndergraduateStudent275@Department10.University0.edu}, {X=http://www.Department10.University0.edu/UndergraduateStudent205, Y=http://www.Department10.University0.edu, Z=UndergraduateStudent205@Department10.University0.edu}, {X=http://www.Department10.University0.edu/UndergraduateStudent381, Y=http://www.Department10.University0.edu, Z=UndergraduateStudent381@Department10.University0.edu}, {X=http://www.Department10.University0.edu/UndergraduateStudent291, Y=http://www.Department10.University0.edu, Z=UndergraduateStudent291@Department10.University0.edu}, {X=http://www.Department10.University0.edu/GraduateStudent107, Y=http://www.Department10.University0.edu, Z=GraduateStudent107@Department10.University0.edu}, {X=http://www.Department10.University0.edu/UndergraduateStudent145, Y=http://www.Department10.University0.edu, Z=UndergraduateStudent145@Department10.University0.edu}, {X=http://www.Department10.University0.edu/UndergraduateStudent237, Y=http://www.Department10.University0.edu, Z=UndergraduateStudent237@Department10.University0.edu}, {X=http://www.Department10.University0.edu/UndergraduateStudent124, Y=http://www.Department10.University0.edu, Z=UndergraduateStudent124@Department10.University0.edu}, {X=http://www.Department10.University0.edu/UndergraduateStudent242, Y=http://www.Department10.University0.edu, Z=UndergraduateStudent242@Department10.University0.edu}, {X=http://www.Department10.University0.edu/UndergraduateStudent197, Y=http://www.Department10.University0.edu, Z=UndergraduateStudent197@Department10.University0.edu}, {X=http://www.Department10.University0.edu/UndergraduateStudent372, Y=http://www.Department10.University0.edu, Z=UndergraduateStudent372@Department10.University0.edu}, {X=http://www.Department10.University0.edu/UndergraduateStudent177, Y=http://www.Department10.University0.edu, Z=UndergraduateStudent177@Department10.University0.edu}, {X=http://www.Department10.University0.edu/GraduateStudent102, Y=http://www.Department10.University0.edu, Z=GraduateStudent102@Department10.University0.edu}, {X=http://www.Department10.University0.edu/GraduateStudent38, Y=http://www.Department10.University0.edu, Z=GraduateStudent38@Department10.University0.edu}, {X=http://www.Department10.University0.edu/UndergraduateStudent43, Y=http://www.Department10.University0.edu, Z=UndergraduateStudent43@Department10.University0.edu}, {X=http://www.Department10.University0.edu/UndergraduateStudent392, Y=http://www.Department10.University0.edu, Z=UndergraduateStudent392@Department10.University0.edu}, {X=http://www.Department10.University0.edu/UndergraduateStudent98, Y=http://www.Department10.University0.edu, Z=UndergraduateStudent98@Department10.University0.edu}, {X=http://www.Department10.University0.edu/GraduateStudent56, Y=http://www.Department10.University0.edu, Z=GraduateStudent56@Department10.University0.edu}, {X=http://www.Department10.University0.edu/UndergraduateStudent223, Y=http://www.Department10.University0.edu, Z=UndergraduateStudent223@Department10.University0.edu}, {X=http://www.Department10.University0.edu/UndergraduateStudent32, Y=http://www.Department10.University0.edu, Z=UndergraduateStudent32@Department10.University0.edu}, {X=http://www.Department10.University0.edu/UndergraduateStudent319, Y=http://www.Department10.University0.edu, Z=UndergraduateStudent319@Department10.University0.edu}, {X=http://www.Department10.University0.edu/UndergraduateStudent112, Y=http://www.Department10.University0.edu, Z=UndergraduateStudent112@Department10.University0.edu}, {X=http://www.Department10.University0.edu/UndergraduateStudent44, Y=http://www.Department10.University0.edu, Z=UndergraduateStudent44@Department10.University0.edu}, {X=http://www.Department10.University0.edu/UndergraduateStudent117, Y=http://www.Department10.University0.edu, Z=UndergraduateStudent117@Department10.University0.edu}, {X=http://www.Department10.University0.edu/UndergraduateStudent371, Y=http://www.Department10.University0.edu, Z=UndergraduateStudent371@Department10.University0.edu}, {X=http://www.Department10.University0.edu/UndergraduateStudent289, Y=http://www.Department10.University0.edu, Z=UndergraduateStudent289@Department10.University0.edu}, {X=http://www.Department10.University0.edu/UndergraduateStudent263, Y=http://www.Department10.University0.edu, Z=UndergraduateStudent263@Department10.University0.edu}, {X=http://www.Department10.University0.edu/UndergraduateStudent19, Y=http://www.Department10.University0.edu, Z=UndergraduateStudent19@Department10.University0.edu}, {X=http://www.Department10.University0.edu/UndergraduateStudent390, Y=http://www.Department10.University0.edu, Z=UndergraduateStudent390@Department10.University0.edu}, {X=http://www.Department10.University0.edu/UndergraduateStudent307, Y=http://www.Department10.University0.edu, Z=UndergraduateStudent307@Department10.University0.edu}, {X=http://www.Department10.University0.edu/UndergraduateStudent1, Y=http://www.Department10.University0.edu, Z=UndergraduateStudent1@Department10.University0.edu}, {X=http://www.Department10.University0.edu/UndergraduateStudent95, Y=http://www.Department10.University0.edu, Z=UndergraduateStudent95@Department10.University0.edu}, {X=http://www.Department10.University0.edu/GraduateStudent50, Y=http://www.Department10.University0.edu, Z=GraduateStudent50@Department10.University0.edu}, {X=http://www.Department10.University0.edu/UndergraduateStudent288, Y=http://www.Department10.University0.edu, Z=UndergraduateStudent288@Department10.University0.edu}, {X=http://www.Department10.University0.edu/GraduateStudent28, Y=http://www.Department10.University0.edu, Z=GraduateStudent28@Department10.University0.edu}, {X=http://www.Department10.University0.edu/GraduateStudent47, Y=http://www.Department10.University0.edu, Z=GraduateStudent47@Department10.University0.edu}, {X=http://www.Department10.University0.edu/GraduateStudent24, Y=http://www.Department10.University0.edu, Z=GraduateStudent24@Department10.University0.edu}, {X=http://www.Department10.University0.edu/GraduateStudent95, Y=http://www.Department10.University0.edu, Z=GraduateStudent95@Department10.University0.edu}, {X=http://www.Department10.University0.edu/UndergraduateStudent393, Y=http://www.Department10.University0.edu, Z=UndergraduateStudent393@Department10.University0.edu}, {X=http://www.Department10.University0.edu/UndergraduateStudent208, Y=http://www.Department10.University0.edu, Z=UndergraduateStudent208@Department10.University0.edu}, {X=http://www.Department10.University0.edu/UndergraduateStudent68, Y=http://www.Department10.University0.edu, Z=UndergraduateStudent68@Department10.University0.edu}, {X=http://www.Department10.University0.edu/UndergraduateStudent186, Y=http://www.Department10.University0.edu, Z=UndergraduateStudent186@Department10.University0.edu}, {X=http://www.Department10.University0.edu/UndergraduateStudent114, Y=http://www.Department10.University0.edu, Z=UndergraduateStudent114@Department10.University0.edu}, {X=http://www.Department10.University0.edu/UndergraduateStudent278, Y=http://www.Department10.University0.edu, Z=UndergraduateStudent278@Department10.University0.edu}, {X=http://www.Department10.University0.edu/UndergraduateStudent232, Y=http://www.Department10.University0.edu, Z=UndergraduateStudent232@Department10.University0.edu}, {X=http://www.Department10.University0.edu/UndergraduateStudent360, Y=http://www.Department10.University0.edu, Z=UndergraduateStudent360@Department10.University0.edu}, {X=http://www.Department10.University0.edu/UndergraduateStudent179, Y=http://www.Department10.University0.edu, Z=UndergraduateStudent179@Department10.University0.edu}, {X=http://www.Department10.University0.edu/UndergraduateStudent287, Y=http://www.Department10.University0.edu, Z=UndergraduateStudent287@Department10.University0.edu}, {X=http://www.Department10.University0.edu/GraduateStudent106, Y=http://www.Department10.University0.edu, Z=GraduateStudent106@Department10.University0.edu}, {X=http://www.Department10.University0.edu/UndergraduateStudent274, Y=http://www.Department10.University0.edu, Z=UndergraduateStudent274@Department10.University0.edu}, {X=http://www.Department10.University0.edu/UndergraduateStudent89, Y=http://www.Department10.University0.edu, Z=UndergraduateStudent89@Department10.University0.edu}, {X=http://www.Department10.University0.edu/GraduateStudent133, Y=http://www.Department10.University0.edu, Z=GraduateStudent133@Department10.University0.edu}, {X=http://www.Department10.University0.edu/UndergraduateStudent285, Y=http://www.Department10.University0.edu, Z=UndergraduateStudent285@Department10.University0.edu}, {X=http://www.Department10.University0.edu/UndergraduateStudent224, Y=http://www.Department10.University0.edu, Z=UndergraduateStudent224@Department10.University0.edu}, {X=http://www.Department10.University0.edu/UndergraduateStudent387, Y=http://www.Department10.University0.edu, Z=UndergraduateStudent387@Department10.University0.edu}, {X=http://www.Department10.University0.edu/UndergraduateStudent345, Y=http://www.Department10.University0.edu, Z=UndergraduateStudent345@Department10.University0.edu}, {X=http://www.Department10.University0.edu/UndergraduateStudent364, Y=http://www.Department10.University0.edu, Z=UndergraduateStudent364@Department10.University0.edu}, {X=http://www.Department10.University0.edu/UndergraduateStudent375, Y=http://www.Department10.University0.edu, Z=UndergraduateStudent375@Department10.University0.edu}, {X=http://www.Department10.University0.edu/UndergraduateStudent156, Y=http://www.Department10.University0.edu, Z=UndergraduateStudent156@Department10.University0.edu}, {X=http://www.Department10.University0.edu/UndergraduateStudent337, Y=http://www.Department10.University0.edu, Z=UndergraduateStudent337@Department10.University0.edu}, {X=http://www.Department10.University0.edu/GraduateStudent32, Y=http://www.Department10.University0.edu, Z=GraduateStudent32@Department10.University0.edu}, {X=http://www.Department10.University0.edu/UndergraduateStudent111, Y=http://www.Department10.University0.edu, Z=UndergraduateStudent111@Department10.University0.edu}, {X=http://www.Department10.University0.edu/GraduateStudent92, Y=http://www.Department10.University0.edu, Z=GraduateStudent92@Department10.University0.edu}, {X=http://www.Department10.University0.edu/UndergraduateStudent55, Y=http://www.Department10.University0.edu, Z=UndergraduateStudent55@Department10.University0.edu}, {X=http://www.Department10.University0.edu/GraduateStudent90, Y=http://www.Department10.University0.edu, Z=GraduateStudent90@Department10.University0.edu}, {X=http://www.Department10.University0.edu/GraduateStudent51, Y=http://www.Department10.University0.edu, Z=GraduateStudent51@Department10.University0.edu}, {X=http://www.Department10.University0.edu/UndergraduateStudent193, Y=http://www.Department10.University0.edu, Z=UndergraduateStudent193@Department10.University0.edu}, {X=http://www.Department10.University0.edu/UndergraduateStudent400, Y=http://www.Department10.University0.edu, Z=UndergraduateStudent400@Department10.University0.edu}, {X=http://www.Department10.University0.edu/UndergraduateStudent108, Y=http://www.Department10.University0.edu, Z=UndergraduateStudent108@Department10.University0.edu}, {X=http://www.Department10.University0.edu/UndergraduateStudent69, Y=http://www.Department10.University0.edu, Z=UndergraduateStudent69@Department10.University0.edu}, {X=http://www.Department10.University0.edu/UndergraduateStudent132, Y=http://www.Department10.University0.edu, Z=UndergraduateStudent132@Department10.University0.edu}, {X=http://www.Department10.University0.edu/UndergraduateStudent99, Y=http://www.Department10.University0.edu, Z=UndergraduateStudent99@Department10.University0.edu}, {X=http://www.Department10.University0.edu/UndergraduateStudent226, Y=http://www.Department10.University0.edu, Z=UndergraduateStudent226@Department10.University0.edu}, {X=http://www.Department10.University0.edu/UndergraduateStudent362, Y=http://www.Department10.University0.edu, Z=UndergraduateStudent362@Department10.University0.edu}, {X=http://www.Department10.University0.edu/UndergraduateStudent81, Y=http://www.Department10.University0.edu, Z=UndergraduateStudent81@Department10.University0.edu}, {X=http://www.Department10.University0.edu/UndergraduateStudent203, Y=http://www.Department10.University0.edu, Z=UndergraduateStudent203@Department10.University0.edu}, {X=http://www.Department10.University0.edu/UndergraduateStudent334, Y=http://www.Department10.University0.edu, Z=UndergraduateStudent334@Department10.University0.edu}, {X=http://www.Department10.University0.edu/GraduateStudent122, Y=http://www.Department10.University0.edu, Z=GraduateStudent122@Department10.University0.edu}, {X=http://www.Department10.University0.edu/GraduateStudent1, Y=http://www.Department10.University0.edu, Z=GraduateStudent1@Department10.University0.edu}, {X=http://www.Department10.University0.edu/GraduateStudent114, Y=http://www.Department10.University0.edu, Z=GraduateStudent114@Department10.University0.edu}, {X=http://www.Department10.University0.edu/UndergraduateStudent378, Y=http://www.Department10.University0.edu, Z=UndergraduateStudent378@Department10.University0.edu}, {X=http://www.Department10.University0.edu/UndergraduateStudent264, Y=http://www.Department10.University0.edu, Z=UndergraduateStudent264@Department10.University0.edu}, {X=http://www.Department10.University0.edu/UndergraduateStudent338, Y=http://www.Department10.University0.edu, Z=UndergraduateStudent338@Department10.University0.edu}, {X=http://www.Department10.University0.edu/GraduateStudent88, Y=http://www.Department10.University0.edu, Z=GraduateStudent88@Department10.University0.edu}, {X=http://www.Department10.University0.edu/GraduateStudent15, Y=http://www.Department10.University0.edu, Z=GraduateStudent15@Department10.University0.edu}, {X=http://www.Department10.University0.edu/UndergraduateStudent176, Y=http://www.Department10.University0.edu, Z=UndergraduateStudent176@Department10.University0.edu}, {X=http://www.Department10.University0.edu/UndergraduateStudent45, Y=http://www.Department10.University0.edu, Z=UndergraduateStudent45@Department10.University0.edu}, {X=http://www.Department10.University0.edu/UndergraduateStudent86, Y=http://www.Department10.University0.edu, Z=UndergraduateStudent86@Department10.University0.edu}, {X=http://www.Department10.University0.edu/GraduateStudent127, Y=http://www.Department10.University0.edu, Z=GraduateStudent127@Department10.University0.edu}, {X=http://www.Department10.University0.edu/UndergraduateStudent165, Y=http://www.Department10.University0.edu, Z=UndergraduateStudent165@Department10.University0.edu}, {X=http://www.Department10.University0.edu/UndergraduateStudent172, Y=http://www.Department10.University0.edu, Z=UndergraduateStudent172@Department10.University0.edu}, {X=http://www.Department10.University0.edu/UndergraduateStudent268, Y=http://www.Department10.University0.edu, Z=UndergraduateStudent268@Department10.University0.edu}, {X=http://www.Department10.University0.edu/UndergraduateStudent251, Y=http://www.Department10.University0.edu, Z=UndergraduateStudent251@Department10.University0.edu}, {X=http://www.Department10.University0.edu/GraduateStudent66, Y=http://www.Department10.University0.edu, Z=GraduateStudent66@Department10.University0.edu}, {X=http://www.Department10.University0.edu/UndergraduateStudent254, Y=http://www.Department10.University0.edu, Z=UndergraduateStudent254@Department10.University0.edu}, {X=http://www.Department10.University0.edu/UndergraduateStudent190, Y=http://www.Department10.University0.edu, Z=UndergraduateStudent190@Department10.University0.edu}, {X=http://www.Department10.University0.edu/UndergraduateStudent408, Y=http://www.Department10.University0.edu, Z=UndergraduateStudent408@Department10.University0.edu}, {X=http://www.Department10.University0.edu/GraduateStudent2, Y=http://www.Department10.University0.edu, Z=GraduateStudent2@Department10.University0.edu}, {X=http://www.Department10.University0.edu/UndergraduateStudent118, Y=http://www.Department10.University0.edu, Z=UndergraduateStudent118@Department10.University0.edu}, {X=http://www.Department10.University0.edu/UndergraduateStudent367, Y=http://www.Department10.University0.edu, Z=UndergraduateStudent367@Department10.University0.edu}, {X=http://www.Department10.University0.edu/UndergraduateStudent77, Y=http://www.Department10.University0.edu, Z=UndergraduateStudent77@Department10.University0.edu}, {X=http://www.Department10.University0.edu/UndergraduateStudent374, Y=http://www.Department10.University0.edu, Z=UndergraduateStudent374@Department10.University0.edu}, {X=http://www.Department10.University0.edu/UndergraduateStudent398, Y=http://www.Department10.University0.edu, Z=UndergraduateStudent398@Department10.University0.edu}, {X=http://www.Department10.University0.edu/UndergraduateStudent135, Y=http://www.Department10.University0.edu, Z=UndergraduateStudent135@Department10.University0.edu}, {X=http://www.Department10.University0.edu/UndergraduateStudent58, Y=http://www.Department10.University0.edu, Z=UndergraduateStudent58@Department10.University0.edu}, {X=http://www.Department10.University0.edu/UndergraduateStudent306, Y=http://www.Department10.University0.edu, Z=UndergraduateStudent306@Department10.University0.edu}, {X=http://www.Department10.University0.edu/GraduateStudent0, Y=http://www.Department10.University0.edu, Z=GraduateStudent0@Department10.University0.edu}, {X=http://www.Department10.University0.edu/UndergraduateStudent71, Y=http://www.Department10.University0.edu, Z=UndergraduateStudent71@Department10.University0.edu}, {X=http://www.Department10.University0.edu/UndergraduateStudent157, Y=http://www.Department10.University0.edu, Z=UndergraduateStudent157@Department10.University0.edu}, {X=http://www.Department10.University0.edu/UndergraduateStudent119, Y=http://www.Department10.University0.edu, Z=UndergraduateStudent119@Department10.University0.edu}, {X=http://www.Department10.University0.edu/UndergraduateStudent235, Y=http://www.Department10.University0.edu, Z=UndergraduateStudent235@Department10.University0.edu}, {X=http://www.Department10.University0.edu/UndergraduateStudent25, Y=http://www.Department10.University0.edu, Z=UndergraduateStudent25@Department10.University0.edu}, {X=http://www.Department10.University0.edu/UndergraduateStudent325, Y=http://www.Department10.University0.edu, Z=UndergraduateStudent325@Department10.University0.edu}, {X=http://www.Department10.University0.edu/GraduateStudent21, Y=http://www.Department10.University0.edu, Z=GraduateStudent21@Department10.University0.edu}, {X=http://www.Department10.University0.edu/UndergraduateStudent236, Y=http://www.Department10.University0.edu, Z=UndergraduateStudent236@Department10.University0.edu}, {X=http://www.Department10.University0.edu/UndergraduateStudent96, Y=http://www.Department10.University0.edu, Z=UndergraduateStudent96@Department10.University0.edu}, {X=http://www.Department10.University0.edu/UndergraduateStudent255, Y=http://www.Department10.University0.edu, Z=UndergraduateStudent255@Department10.University0.edu}, {X=http://www.Department10.University0.edu/UndergraduateStudent0, Y=http://www.Department10.University0.edu, Z=UndergraduateStudent0@Department10.University0.edu}, {X=http://www.Department10.University0.edu/UndergraduateStudent313, Y=http://www.Department10.University0.edu, Z=UndergraduateStudent313@Department10.University0.edu}, {X=http://www.Department10.University0.edu/UndergraduateStudent399, Y=http://www.Department10.University0.edu, Z=UndergraduateStudent399@Department10.University0.edu}, {X=http://www.Department10.University0.edu/UndergraduateStudent267, Y=http://www.Department10.University0.edu, Z=UndergraduateStudent267@Department10.University0.edu}, {X=http://www.Department10.University0.edu/UndergraduateStudent38, Y=http://www.Department10.University0.edu, Z=UndergraduateStudent38@Department10.University0.edu}, {X=http://www.Department10.University0.edu/GraduateStudent57, Y=http://www.Department10.University0.edu, Z=GraduateStudent57@Department10.University0.edu}, {X=http://www.Department10.University0.edu/UndergraduateStudent180, Y=http://www.Department10.University0.edu, Z=UndergraduateStudent180@Department10.University0.edu}, {X=http://www.Department10.University0.edu/UndergraduateStudent143, Y=http://www.Department10.University0.edu, Z=UndergraduateStudent143@Department10.University0.edu}, {X=http://www.Department10.University0.edu/UndergraduateStudent76, Y=http://www.Department10.University0.edu, Z=UndergraduateStudent76@Department10.University0.edu}, {X=http://www.Department10.University0.edu/UndergraduateStudent101, Y=http://www.Department10.University0.edu, Z=UndergraduateStudent101@Department10.University0.edu}, {X=http://www.Department10.University0.edu/UndergraduateStudent342, Y=http://www.Department10.University0.edu, Z=UndergraduateStudent342@Department10.University0.edu}, {X=http://www.Department10.University0.edu/UndergraduateStudent168, Y=http://www.Department10.University0.edu, Z=UndergraduateStudent168@Department10.University0.edu}, {X=http://www.Department10.University0.edu/UndergraduateStudent6, Y=http://www.Department10.University0.edu, Z=UndergraduateStudent6@Department10.University0.edu}, {X=http://www.Department10.University0.edu/UndergraduateStudent144, Y=http://www.Department10.University0.edu, Z=UndergraduateStudent144@Department10.University0.edu}, {X=http://www.Department10.University0.edu/UndergraduateStudent311, Y=http://www.Department10.University0.edu, Z=UndergraduateStudent311@Department10.University0.edu}, {X=http://www.Department10.University0.edu/GraduateStudent44, Y=http://www.Department10.University0.edu, Z=GraduateStudent44@Department10.University0.edu}, {X=http://www.Department10.University0.edu/GraduateStudent30, Y=http://www.Department10.University0.edu, Z=GraduateStudent30@Department10.University0.edu}, {X=http://www.Department10.University0.edu/UndergraduateStudent152, Y=http://www.Department10.University0.edu, Z=UndergraduateStudent152@Department10.University0.edu}, {X=http://www.Department10.University0.edu/UndergraduateStudent72, Y=http://www.Department10.University0.edu, Z=UndergraduateStudent72@Department10.University0.edu}, {X=http://www.Department10.University0.edu/UndergraduateStudent341, Y=http://www.Department10.University0.edu, Z=UndergraduateStudent341@Department10.University0.edu}, {X=http://www.Department10.University0.edu/GraduateStudent46, Y=http://www.Department10.University0.edu, Z=GraduateStudent46@Department10.University0.edu}, {X=http://www.Department10.University0.edu/UndergraduateStudent336, Y=http://www.Department10.University0.edu, Z=UndergraduateStudent336@Department10.University0.edu}, {X=http://www.Department10.University0.edu/UndergraduateStudent350, Y=http://www.Department10.University0.edu, Z=UndergraduateStudent350@Department10.University0.edu}, {X=http://www.Department10.University0.edu/GraduateStudent76, Y=http://www.Department10.University0.edu, Z=GraduateStudent76@Department10.University0.edu}, {X=http://www.Department10.University0.edu/GraduateStudent40, Y=http://www.Department10.University0.edu, Z=GraduateStudent40@Department10.University0.edu}, {X=http://www.Department10.University0.edu/UndergraduateStudent162, Y=http://www.Department10.University0.edu, Z=UndergraduateStudent162@Department10.University0.edu}, {X=http://www.Department10.University0.edu/GraduateStudent97, Y=http://www.Department10.University0.edu, Z=GraduateStudent97@Department10.University0.edu}, {X=http://www.Department10.University0.edu/UndergraduateStudent159, Y=http://www.Department10.University0.edu, Z=UndergraduateStudent159@Department10.University0.edu}, {X=http://www.Department10.University0.edu/UndergraduateStudent109, Y=http://www.Department10.University0.edu, Z=UndergraduateStudent109@Department10.University0.edu}, {X=http://www.Department10.University0.edu/GraduateStudent99, Y=http://www.Department10.University0.edu, Z=GraduateStudent99@Department10.University0.edu}, {X=http://www.Department10.University0.edu/UndergraduateStudent365, Y=http://www.Department10.University0.edu, Z=UndergraduateStudent365@Department10.University0.edu}, {X=http://www.Department10.University0.edu/UndergraduateStudent4, Y=http://www.Department10.University0.edu, Z=UndergraduateStudent4@Department10.University0.edu}, {X=http://www.Department10.University0.edu/GraduateStudent62, Y=http://www.Department10.University0.edu, Z=GraduateStudent62@Department10.University0.edu}, {X=http://www.Department10.University0.edu/GraduateStudent12, Y=http://www.Department10.University0.edu, Z=GraduateStudent12@Department10.University0.edu}, {X=http://www.Department10.University0.edu/UndergraduateStudent379, Y=http://www.Department10.University0.edu, Z=UndergraduateStudent379@Department10.University0.edu}, {X=http://www.Department10.University0.edu/GraduateStudent61, Y=http://www.Department10.University0.edu, Z=GraduateStudent61@Department10.University0.edu}, {X=http://www.Department10.University0.edu/GraduateStudent124, Y=http://www.Department10.University0.edu, Z=GraduateStudent124@Department10.University0.edu}, {X=http://www.Department10.University0.edu/UndergraduateStudent384, Y=http://www.Department10.University0.edu, Z=UndergraduateStudent384@Department10.University0.edu}, {X=http://www.Department10.University0.edu/UndergraduateStudent28, Y=http://www.Department10.University0.edu, Z=UndergraduateStudent28@Department10.University0.edu}, {X=http://www.Department10.University0.edu/UndergraduateStudent192, Y=http://www.Department10.University0.edu, Z=UndergraduateStudent192@Department10.University0.edu}, {X=http://www.Department10.University0.edu/UndergraduateStudent42, Y=http://www.Department10.University0.edu, Z=UndergraduateStudent42@Department10.University0.edu}, {X=http://www.Department10.University0.edu/UndergraduateStudent153, Y=http://www.Department10.University0.edu, Z=UndergraduateStudent153@Department10.University0.edu}, {X=http://www.Department10.University0.edu/UndergraduateStudent160, Y=http://www.Department10.University0.edu, Z=UndergraduateStudent160@Department10.University0.edu}, {X=http://www.Department10.University0.edu/UndergraduateStudent154, Y=http://www.Department10.University0.edu, Z=UndergraduateStudent154@Department10.University0.edu}, {X=http://www.Department10.University0.edu/GraduateStudent29, Y=http://www.Department10.University0.edu, Z=GraduateStudent29@Department10.University0.edu}, {X=http://www.Department10.University0.edu/GraduateStudent118, Y=http://www.Department10.University0.edu, Z=GraduateStudent118@Department10.University0.edu}, {X=http://www.Department10.University0.edu/GraduateStudent80, Y=http://www.Department10.University0.edu, Z=GraduateStudent80@Department10.University0.edu}, {X=http://www.Department10.University0.edu/UndergraduateStudent18, Y=http://www.Department10.University0.edu, Z=UndergraduateStudent18@Department10.University0.edu}, {X=http://www.Department10.University0.edu/UndergraduateStudent328, Y=http://www.Department10.University0.edu, Z=UndergraduateStudent328@Department10.University0.edu}, {X=http://www.Department10.University0.edu/GraduateStudent60, Y=http://www.Department10.University0.edu, Z=GraduateStudent60@Department10.University0.edu}, {X=http://www.Department10.University0.edu/UndergraduateStudent315, Y=http://www.Department10.University0.edu, Z=UndergraduateStudent315@Department10.University0.edu}, {X=http://www.Department10.University0.edu/GraduateStudent113, Y=http://www.Department10.University0.edu, Z=GraduateStudent113@Department10.University0.edu}, {X=http://www.Department10.University0.edu/UndergraduateStudent130, Y=http://www.Department10.University0.edu, Z=UndergraduateStudent130@Department10.University0.edu}, {X=http://www.Department10.University0.edu/UndergraduateStudent34, Y=http://www.Department10.University0.edu, Z=UndergraduateStudent34@Department10.University0.edu}, {X=http://www.Department10.University0.edu/UndergraduateStudent231, Y=http://www.Department10.University0.edu, Z=UndergraduateStudent231@Department10.University0.edu}, {X=http://www.Department10.University0.edu/GraduateStudent86, Y=http://www.Department10.University0.edu, Z=GraduateStudent86@Department10.University0.edu}, {X=http://www.Department10.University0.edu/UndergraduateStudent229, Y=http://www.Department10.University0.edu, Z=UndergraduateStudent229@Department10.University0.edu}, {X=http://www.Department10.University0.edu/UndergraduateStudent303, Y=http://www.Department10.University0.edu, Z=UndergraduateStudent303@Department10.University0.edu}, {X=http://www.Department10.University0.edu/UndergraduateStudent171, Y=http://www.Department10.University0.edu, Z=UndergraduateStudent171@Department10.University0.edu}, {X=http://www.Department10.University0.edu/UndergraduateStudent47, Y=http://www.Department10.University0.edu, Z=UndergraduateStudent47@Department10.University0.edu}, {X=http://www.Department10.University0.edu/UndergraduateStudent94, Y=http://www.Department10.University0.edu, Z=UndergraduateStudent94@Department10.University0.edu}, {X=http://www.Department10.University0.edu/GraduateStudent45, Y=http://www.Department10.University0.edu, Z=GraduateStudent45@Department10.University0.edu}, {X=http://www.Department10.University0.edu/UndergraduateStudent318, Y=http://www.Department10.University0.edu, Z=UndergraduateStudent318@Department10.University0.edu}, {X=http://www.Department10.University0.edu/GraduateStudent23, Y=http://www.Department10.University0.edu, Z=GraduateStudent23@Department10.University0.edu}, {X=http://www.Department10.University0.edu/UndergraduateStudent35, Y=http://www.Department10.University0.edu, Z=UndergraduateStudent35@Department10.University0.edu}, {X=http://www.Department10.University0.edu/UndergraduateStudent320, Y=http://www.Department10.University0.edu, Z=UndergraduateStudent320@Department10.University0.edu}, {X=http://www.Department10.University0.edu/UndergraduateStudent113, Y=http://www.Department10.University0.edu, Z=UndergraduateStudent113@Department10.University0.edu}, {X=http://www.Department10.University0.edu/UndergraduateStudent9, Y=http://www.Department10.University0.edu, Z=UndergraduateStudent9@Department10.University0.edu}, {X=http://www.Department10.University0.edu/UndergraduateStudent127, Y=http://www.Department10.University0.edu, Z=UndergraduateStudent127@Department10.University0.edu}, {X=http://www.Department10.University0.edu/UndergraduateStudent258, Y=http://www.Department10.University0.edu, Z=UndergraduateStudent258@Department10.University0.edu}, {X=http://www.Department10.University0.edu/GraduateStudent70, Y=http://www.Department10.University0.edu, Z=GraduateStudent70@Department10.University0.edu}, {X=http://www.Department10.University0.edu/UndergraduateStudent78, Y=http://www.Department10.University0.edu, Z=UndergraduateStudent78@Department10.University0.edu}, {X=http://www.Department10.University0.edu/UndergraduateStudent373, Y=http://www.Department10.University0.edu, Z=UndergraduateStudent373@Department10.University0.edu}, {X=http://www.Department10.University0.edu/GraduateStudent72, Y=http://www.Department10.University0.edu, Z=GraduateStudent72@Department10.University0.edu}, {X=http://www.Department10.University0.edu/UndergraduateStudent238, Y=http://www.Department10.University0.edu, Z=UndergraduateStudent238@Department10.University0.edu}, {X=http://www.Department10.University0.edu/UndergraduateStudent331, Y=http://www.Department10.University0.edu, Z=UndergraduateStudent331@Department10.University0.edu}, {X=http://www.Department10.University0.edu/UndergraduateStudent209, Y=http://www.Department10.University0.edu, Z=UndergraduateStudent209@Department10.University0.edu}, {X=http://www.Department10.University0.edu/UndergraduateStudent221, Y=http://www.Department10.University0.edu, Z=UndergraduateStudent221@Department10.University0.edu}, {X=http://www.Department10.University0.edu/UndergraduateStudent326, Y=http://www.Department10.University0.edu, Z=UndergraduateStudent326@Department10.University0.edu}, {X=http://www.Department10.University0.edu/UndergraduateStudent8, Y=http://www.Department10.University0.edu, Z=UndergraduateStudent8@Department10.University0.edu}, {X=http://www.Department10.University0.edu/UndergraduateStudent87, Y=http://www.Department10.University0.edu, Z=UndergraduateStudent87@Department10.University0.edu}, {X=http://www.Department10.University0.edu/UndergraduateStudent244, Y=http://www.Department10.University0.edu, Z=UndergraduateStudent244@Department10.University0.edu}, {X=http://www.Department10.University0.edu/UndergraduateStudent300, Y=http://www.Department10.University0.edu, Z=UndergraduateStudent300@Department10.University0.edu}, {X=http://www.Department10.University0.edu/UndergraduateStudent262, Y=http://www.Department10.University0.edu, Z=UndergraduateStudent262@Department10.University0.edu}, {X=http://www.Department10.University0.edu/UndergraduateStudent10, Y=http://www.Department10.University0.edu, Z=UndergraduateStudent10@Department10.University0.edu}, {X=http://www.Department10.University0.edu/UndergraduateStudent356, Y=http://www.Department10.University0.edu, Z=UndergraduateStudent356@Department10.University0.edu}, {X=http://www.Department10.University0.edu/UndergraduateStudent391, Y=http://www.Department10.University0.edu, Z=UndergraduateStudent391@Department10.University0.edu}, {X=http://www.Department10.University0.edu/UndergraduateStudent346, Y=http://www.Department10.University0.edu, Z=UndergraduateStudent346@Department10.University0.edu}, {X=http://www.Department10.University0.edu/GraduateStudent121, Y=http://www.Department10.University0.edu, Z=GraduateStudent121@Department10.University0.edu}, {X=http://www.Department10.University0.edu/UndergraduateStudent185, Y=http://www.Department10.University0.edu, Z=UndergraduateStudent185@Department10.University0.edu}, {X=http://www.Department10.University0.edu/UndergraduateStudent301, Y=http://www.Department10.University0.edu, Z=UndergraduateStudent301@Department10.University0.edu}, {X=http://www.Department10.University0.edu/GraduateStudent43, Y=http://www.Department10.University0.edu, Z=GraduateStudent43@Department10.University0.edu}, {X=http://www.Department10.University0.edu/UndergraduateStudent404, Y=http://www.Department10.University0.edu, Z=UndergraduateStudent404@Department10.University0.edu}, {X=http://www.Department10.University0.edu/UndergraduateStudent11, Y=http://www.Department10.University0.edu, Z=UndergraduateStudent11@Department10.University0.edu}, {X=http://www.Department10.University0.edu/UndergraduateStudent316, Y=http://www.Department10.University0.edu, Z=UndergraduateStudent316@Department10.University0.edu}, {X=http://www.Department10.University0.edu/UndergraduateStudent75, Y=http://www.Department10.University0.edu, Z=UndergraduateStudent75@Department10.University0.edu}, {X=http://www.Department10.University0.edu/UndergraduateStudent93, Y=http://www.Department10.University0.edu, Z=UndergraduateStudent93@Department10.University0.edu}, {X=http://www.Department10.University0.edu/GraduateStudent89, Y=http://www.Department10.University0.edu, Z=GraduateStudent89@Department10.University0.edu}, {X=http://www.Department10.University0.edu/GraduateStudent136, Y=http://www.Department10.University0.edu, Z=GraduateStudent136@Department10.University0.edu}, {X=http://www.Department10.University0.edu/UndergraduateStudent52, Y=http://www.Department10.University0.edu, Z=UndergraduateStudent52@Department10.University0.edu}, {X=http://www.Department10.University0.edu/UndergraduateStudent40, Y=http://www.Department10.University0.edu, Z=UndergraduateStudent40@Department10.University0.edu}, {X=http://www.Department10.University0.edu/UndergraduateStudent358, Y=http://www.Department10.University0.edu, Z=UndergraduateStudent358@Department10.University0.edu}, {X=http://www.Department10.University0.edu/UndergraduateStudent37, Y=http://www.Department10.University0.edu, Z=UndergraduateStudent37@Department10.University0.edu}, {X=http://www.Department10.University0.edu/UndergraduateStudent196, Y=http://www.Department10.University0.edu, Z=UndergraduateStudent196@Department10.University0.edu}, {X=http://www.Department10.University0.edu/UndergraduateStudent164, Y=http://www.Department10.University0.edu, Z=UndergraduateStudent164@Department10.University0.edu}, {X=http://www.Department10.University0.edu/UndergraduateStudent16, Y=http://www.Department10.University0.edu, Z=UndergraduateStudent16@Department10.University0.edu}, {X=http://www.Department10.University0.edu/UndergraduateStudent17, Y=http://www.Department10.University0.edu, Z=UndergraduateStudent17@Department10.University0.edu}, {X=http://www.Department10.University0.edu/GraduateStudent84, Y=http://www.Department10.University0.edu, Z=GraduateStudent84@Department10.University0.edu}, {X=http://www.Department10.University0.edu/GraduateStudent132, Y=http://www.Department10.University0.edu, Z=GraduateStudent132@Department10.University0.edu}, {X=http://www.Department10.University0.edu/UndergraduateStudent20, Y=http://www.Department10.University0.edu, Z=UndergraduateStudent20@Department10.University0.edu}, {X=http://www.Department10.University0.edu/UndergraduateStudent294, Y=http://www.Department10.University0.edu, Z=UndergraduateStudent294@Department10.University0.edu}, {X=http://www.Department10.University0.edu/UndergraduateStudent282, Y=http://www.Department10.University0.edu, Z=UndergraduateStudent282@Department10.University0.edu}, {X=http://www.Department10.University0.edu/UndergraduateStudent388, Y=http://www.Department10.University0.edu, Z=UndergraduateStudent388@Department10.University0.edu}, {X=http://www.Department10.University0.edu/UndergraduateStudent370, Y=http://www.Department10.University0.edu, Z=UndergraduateStudent370@Department10.University0.edu}, {X=http://www.Department10.University0.edu/UndergraduateStudent216, Y=http://www.Department10.University0.edu, Z=UndergraduateStudent216@Department10.University0.edu}, {X=http://www.Department10.University0.edu/GraduateStudent112, Y=http://www.Department10.University0.edu, Z=GraduateStudent112@Department10.University0.edu}, {X=http://www.Department10.University0.edu/UndergraduateStudent292, Y=http://www.Department10.University0.edu, Z=UndergraduateStudent292@Department10.University0.edu}, {X=http://www.Department10.University0.edu/UndergraduateStudent270, Y=http://www.Department10.University0.edu, Z=UndergraduateStudent270@Department10.University0.edu}, {X=http://www.Department10.University0.edu/UndergraduateStudent340, Y=http://www.Department10.University0.edu, Z=UndergraduateStudent340@Department10.University0.edu}, {X=http://www.Department10.University0.edu/UndergraduateStudent309, Y=http://www.Department10.University0.edu, Z=UndergraduateStudent309@Department10.University0.edu}, {X=http://www.Department10.University0.edu/UndergraduateStudent142, Y=http://www.Department10.University0.edu, Z=UndergraduateStudent142@Department10.University0.edu}, {X=http://www.Department10.University0.edu/UndergraduateStudent310, Y=http://www.Department10.University0.edu, Z=UndergraduateStudent310@Department10.University0.edu}, {X=http://www.Department10.University0.edu/UndergraduateStudent129, Y=http://www.Department10.University0.edu, Z=UndergraduateStudent129@Department10.University0.edu}, {X=http://www.Department10.University0.edu/UndergraduateStudent249, Y=http://www.Department10.University0.edu, Z=UndergraduateStudent249@Department10.University0.edu}, {X=http://www.Department10.University0.edu/UndergraduateStudent410, Y=http://www.Department10.University0.edu, Z=UndergraduateStudent410@Department10.University0.edu}, {X=http://www.Department10.University0.edu/UndergraduateStudent147, Y=http://www.Department10.University0.edu, Z=UndergraduateStudent147@Department10.University0.edu}, {X=http://www.Department10.University0.edu/UndergraduateStudent59, Y=http://www.Department10.University0.edu, Z=UndergraduateStudent59@Department10.University0.edu}, {X=http://www.Department10.University0.edu/UndergraduateStudent181, Y=http://www.Department10.University0.edu, Z=UndergraduateStudent181@Department10.University0.edu}, {X=http://www.Department10.University0.edu/UndergraduateStudent213, Y=http://www.Department10.University0.edu, Z=UndergraduateStudent213@Department10.University0.edu}, {X=http://www.Department10.University0.edu/UndergraduateStudent386, Y=http://www.Department10.University0.edu, Z=UndergraduateStudent386@Department10.University0.edu}, {X=http://www.Department10.University0.edu/GraduateStudent109, Y=http://www.Department10.University0.edu, Z=GraduateStudent109@Department10.University0.edu}, {X=http://www.Department10.University0.edu/UndergraduateStudent295, Y=http://www.Department10.University0.edu, Z=UndergraduateStudent295@Department10.University0.edu}, {X=http://www.Department10.University0.edu/GraduateStudent105, Y=http://www.Department10.University0.edu, Z=GraduateStudent105@Department10.University0.edu}, {X=http://www.Department10.University0.edu/UndergraduateStudent396, Y=http://www.Department10.University0.edu, Z=UndergraduateStudent396@Department10.University0.edu}, {X=http://www.Department10.University0.edu/UndergraduateStudent121, Y=http://www.Department10.University0.edu, Z=UndergraduateStudent121@Department10.University0.edu}, {X=http://www.Department10.University0.edu/GraduateStudent14, Y=http://www.Department10.University0.edu, Z=GraduateStudent14@Department10.University0.edu}, {X=http://www.Department10.University0.edu/UndergraduateStudent212, Y=http://www.Department10.University0.edu, Z=UndergraduateStudent212@Department10.University0.edu}, {X=http://www.Department10.University0.edu/GraduateStudent20, Y=http://www.Department10.University0.edu, Z=GraduateStudent20@Department10.University0.edu}, {X=http://www.Department10.University0.edu/UndergraduateStudent66, Y=http://www.Department10.University0.edu, Z=UndergraduateStudent66@Department10.University0.edu}, {X=http://www.Department10.University0.edu/UndergraduateStudent61, Y=http://www.Department10.University0.edu, Z=UndergraduateStudent61@Department10.University0.edu}, {X=http://www.Department10.University0.edu/GraduateStudent64, Y=http://www.Department10.University0.edu, Z=GraduateStudent64@Department10.University0.edu}, {X=http://www.Department10.University0.edu/UndergraduateStudent279, Y=http://www.Department10.University0.edu, Z=UndergraduateStudent279@Department10.University0.edu}, {X=http://www.Department10.University0.edu/UndergraduateStudent74, Y=http://www.Department10.University0.edu, Z=UndergraduateStudent74@Department10.University0.edu}, {X=http://www.Department10.University0.edu/UndergraduateStudent198, Y=http://www.Department10.University0.edu, Z=UndergraduateStudent198@Department10.University0.edu}, {X=http://www.Department10.University0.edu/UndergraduateStudent277, Y=http://www.Department10.University0.edu, Z=UndergraduateStudent277@Department10.University0.edu}, {X=http://www.Department10.University0.edu/UndergraduateStudent240, Y=http://www.Department10.University0.edu, Z=UndergraduateStudent240@Department10.University0.edu}, {X=http://www.Department10.University0.edu/UndergraduateStudent304, Y=http://www.Department10.University0.edu, Z=UndergraduateStudent304@Department10.University0.edu}, {X=http://www.Department10.University0.edu/UndergraduateStudent252, Y=http://www.Department10.University0.edu, Z=UndergraduateStudent252@Department10.University0.edu}, {X=http://www.Department10.University0.edu/UndergraduateStudent204, Y=http://www.Department10.University0.edu, Z=UndergraduateStudent204@Department10.University0.edu}, {X=http://www.Department10.University0.edu/UndergraduateStudent214, Y=http://www.Department10.University0.edu, Z=UndergraduateStudent214@Department10.University0.edu}, {X=http://www.Department10.University0.edu/UndergraduateStudent149, Y=http://www.Department10.University0.edu, Z=UndergraduateStudent149@Department10.University0.edu}, {X=http://www.Department10.University0.edu/GraduateStudent116, Y=http://www.Department10.University0.edu, Z=GraduateStudent116@Department10.University0.edu}, {X=http://www.Department10.University0.edu/UndergraduateStudent116, Y=http://www.Department10.University0.edu, Z=UndergraduateStudent116@Department10.University0.edu}, {X=http://www.Department10.University0.edu/UndergraduateStudent299, Y=http://www.Department10.University0.edu, Z=UndergraduateStudent299@Department10.University0.edu}, {X=http://www.Department10.University0.edu/UndergraduateStudent3, Y=http://www.Department10.University0.edu, Z=UndergraduateStudent3@Department10.University0.edu}, {X=http://www.Department10.University0.edu/UndergraduateStudent15, Y=http://www.Department10.University0.edu, Z=UndergraduateStudent15@Department10.University0.edu}, {X=http://www.Department10.University0.edu/UndergraduateStudent261, Y=http://www.Department10.University0.edu, Z=UndergraduateStudent261@Department10.University0.edu}, {X=http://www.Department10.University0.edu/GraduateStudent100, Y=http://www.Department10.University0.edu, Z=GraduateStudent100@Department10.University0.edu}, {X=http://www.Department10.University0.edu/UndergraduateStudent80, Y=http://www.Department10.University0.edu, Z=UndergraduateStudent80@Department10.University0.edu}, {X=http://www.Department10.University0.edu/UndergraduateStudent406, Y=http://www.Department10.University0.edu, Z=UndergraduateStudent406@Department10.University0.edu}, {X=http://www.Department10.University0.edu/UndergraduateStudent369, Y=http://www.Department10.University0.edu, Z=UndergraduateStudent369@Department10.University0.edu}, {X=http://www.Department10.University0.edu/UndergraduateStudent175, Y=http://www.Department10.University0.edu, Z=UndergraduateStudent175@Department10.University0.edu}, {X=http://www.Department10.University0.edu/UndergraduateStudent148, Y=http://www.Department10.University0.edu, Z=UndergraduateStudent148@Department10.University0.edu}, {X=http://www.Department10.University0.edu/GraduateStudent129, Y=http://www.Department10.University0.edu, Z=GraduateStudent129@Department10.University0.edu}, {X=http://www.Department10.University0.edu/UndergraduateStudent122, Y=http://www.Department10.University0.edu, Z=UndergraduateStudent122@Department10.University0.edu}, {X=http://www.Department10.University0.edu/UndergraduateStudent228, Y=http://www.Department10.University0.edu, Z=UndergraduateStudent228@Department10.University0.edu}, {X=http://www.Department10.University0.edu/UndergraduateStudent102, Y=http://www.Department10.University0.edu, Z=UndergraduateStudent102@Department10.University0.edu}, {X=http://www.Department10.University0.edu/GraduateStudent115, Y=http://www.Department10.University0.edu, Z=GraduateStudent115@Department10.University0.edu}, {X=http://www.Department10.University0.edu/UndergraduateStudent354, Y=http://www.Department10.University0.edu, Z=UndergraduateStudent354@Department10.University0.edu}, {X=http://www.Department10.University0.edu/UndergraduateStudent174, Y=http://www.Department10.University0.edu, Z=UndergraduateStudent174@Department10.University0.edu}, {X=http://www.Department10.University0.edu/UndergraduateStudent155, Y=http://www.Department10.University0.edu, Z=UndergraduateStudent155@Department10.University0.edu}, {X=http://www.Department10.University0.edu/UndergraduateStudent349, Y=http://www.Department10.University0.edu, Z=UndergraduateStudent349@Department10.University0.edu}, {X=http://www.Department10.University0.edu/GraduateStudent82, Y=http://www.Department10.University0.edu, Z=GraduateStudent82@Department10.University0.edu}, {X=http://www.Department10.University0.edu/UndergraduateStudent219, Y=http://www.Department10.University0.edu, Z=UndergraduateStudent219@Department10.University0.edu}, {X=http://www.Department10.University0.edu/UndergraduateStudent243, Y=http://www.Department10.University0.edu, Z=UndergraduateStudent243@Department10.University0.edu}, {X=http://www.Department10.University0.edu/UndergraduateStudent26, Y=http://www.Department10.University0.edu, Z=UndergraduateStudent26@Department10.University0.edu}, {X=http://www.Department10.University0.edu/GraduateStudent9, Y=http://www.Department10.University0.edu, Z=GraduateStudent9@Department10.University0.edu}, {X=http://www.Department10.University0.edu/UndergraduateStudent247, Y=http://www.Department10.University0.edu, Z=UndergraduateStudent247@Department10.University0.edu}, {X=http://www.Department10.University0.edu/GraduateStudent49, Y=http://www.Department10.University0.edu, Z=GraduateStudent49@Department10.University0.edu}, {X=http://www.Department10.University0.edu/GraduateStudent108, Y=http://www.Department10.University0.edu, Z=GraduateStudent108@Department10.University0.edu}, {X=http://www.Department10.University0.edu/UndergraduateStudent272, Y=http://www.Department10.University0.edu, Z=UndergraduateStudent272@Department10.University0.edu}, {X=http://www.Department10.University0.edu/GraduateStudent81, Y=http://www.Department10.University0.edu, Z=GraduateStudent81@Department10.University0.edu}, {X=http://www.Department10.University0.edu/UndergraduateStudent239, Y=http://www.Department10.University0.edu, Z=UndergraduateStudent239@Department10.University0.edu}, {X=http://www.Department10.University0.edu/UndergraduateStudent13, Y=http://www.Department10.University0.edu, Z=UndergraduateStudent13@Department10.University0.edu}, {X=http://www.Department10.University0.edu/UndergraduateStudent195, Y=http://www.Department10.University0.edu, Z=UndergraduateStudent195@Department10.University0.edu}, {X=http://www.Department10.University0.edu/GraduateStudent94, Y=http://www.Department10.University0.edu, Z=GraduateStudent94@Department10.University0.edu}, {X=http://www.Department10.University0.edu/UndergraduateStudent183, Y=http://www.Department10.University0.edu, Z=UndergraduateStudent183@Department10.University0.edu}, {X=http://www.Department10.University0.edu/UndergraduateStudent163, Y=http://www.Department10.University0.edu, Z=UndergraduateStudent163@Department10.University0.edu}, {X=http://www.Department10.University0.edu/GraduateStudent65, Y=http://www.Department10.University0.edu, Z=GraduateStudent65@Department10.University0.edu}, {X=http://www.Department10.University0.edu/UndergraduateStudent27, Y=http://www.Department10.University0.edu, Z=UndergraduateStudent27@Department10.University0.edu}, {X=http://www.Department10.University0.edu/UndergraduateStudent30, Y=http://www.Department10.University0.edu, Z=UndergraduateStudent30@Department10.University0.edu}, {X=http://www.Department10.University0.edu/UndergraduateStudent125, Y=http://www.Department10.University0.edu, Z=UndergraduateStudent125@Department10.University0.edu}, {X=http://www.Department10.University0.edu/UndergraduateStudent14, Y=http://www.Department10.University0.edu, Z=UndergraduateStudent14@Department10.University0.edu}, {X=http://www.Department10.University0.edu/UndergraduateStudent70, Y=http://www.Department10.University0.edu, Z=UndergraduateStudent70@Department10.University0.edu}, {X=http://www.Department10.University0.edu/UndergraduateStudent53, Y=http://www.Department10.University0.edu, Z=UndergraduateStudent53@Department10.University0.edu}, {X=http://www.Department10.University0.edu/UndergraduateStudent329, Y=http://www.Department10.University0.edu, Z=UndergraduateStudent329@Department10.University0.edu}, {X=http://www.Department10.University0.edu/UndergraduateStudent139, Y=http://www.Department10.University0.edu, Z=UndergraduateStudent139@Department10.University0.edu}, {X=http://www.Department10.University0.edu/GraduateStudent18, Y=http://www.Department10.University0.edu, Z=GraduateStudent18@Department10.University0.edu}, {X=http://www.Department10.University0.edu/UndergraduateStudent333, Y=http://www.Department10.University0.edu, Z=UndergraduateStudent333@Department10.University0.edu}, {X=http://www.Department10.University0.edu/UndergraduateStudent359, Y=http://www.Department10.University0.edu, Z=UndergraduateStudent359@Department10.University0.edu}, {X=http://www.Department10.University0.edu/GraduateStudent19, Y=http://www.Department10.University0.edu, Z=GraduateStudent19@Department10.University0.edu}, {X=http://www.Department10.University0.edu/UndergraduateStudent187, Y=http://www.Department10.University0.edu, Z=UndergraduateStudent187@Department10.University0.edu}, {X=http://www.Department10.University0.edu/UndergraduateStudent202, Y=http://www.Department10.University0.edu, Z=UndergraduateStudent202@Department10.University0.edu}, {X=http://www.Department10.University0.edu/GraduateStudent91, Y=http://www.Department10.University0.edu, Z=GraduateStudent91@Department10.University0.edu}, {X=http://www.Department10.University0.edu/UndergraduateStudent385, Y=http://www.Department10.University0.edu, Z=UndergraduateStudent385@Department10.University0.edu}, {X=http://www.Department10.University0.edu/UndergraduateStudent286, Y=http://www.Department10.University0.edu, Z=UndergraduateStudent286@Department10.University0.edu}, {X=http://www.Department10.University0.edu/UndergraduateStudent206, Y=http://www.Department10.University0.edu, Z=UndergraduateStudent206@Department10.University0.edu}, {X=http://www.Department10.University0.edu/UndergraduateStudent225, Y=http://www.Department10.University0.edu, Z=UndergraduateStudent225@Department10.University0.edu}, {X=http://www.Department10.University0.edu/UndergraduateStudent182, Y=http://www.Department10.University0.edu, Z=UndergraduateStudent182@Department10.University0.edu}, {X=http://www.Department10.University0.edu/UndergraduateStudent283, Y=http://www.Department10.University0.edu, Z=UndergraduateStudent283@Department10.University0.edu}, {X=http://www.Department10.University0.edu/UndergraduateStudent161, Y=http://www.Department10.University0.edu, Z=UndergraduateStudent161@Department10.University0.edu}, {X=http://www.Department10.University0.edu/UndergraduateStudent23, Y=http://www.Department10.University0.edu, Z=UndergraduateStudent23@Department10.University0.edu}, {X=http://www.Department10.University0.edu/UndergraduateStudent401, Y=http://www.Department10.University0.edu, Z=UndergraduateStudent401@Department10.University0.edu}, {X=http://www.Department10.University0.edu/GraduateStudent54, Y=http://www.Department10.University0.edu, Z=GraduateStudent54@Department10.University0.edu}, {X=http://www.Department10.University0.edu/UndergraduateStudent321, Y=http://www.Department10.University0.edu, Z=UndergraduateStudent321@Department10.University0.edu}, {X=http://www.Department10.University0.edu/UndergraduateStudent296, Y=http://www.Department10.University0.edu, Z=UndergraduateStudent296@Department10.University0.edu}, {X=http://www.Department10.University0.edu/UndergraduateStudent178, Y=http://www.Department10.University0.edu, Z=UndergraduateStudent178@Department10.University0.edu}, {X=http://www.Department10.University0.edu/UndergraduateStudent344, Y=http://www.Department10.University0.edu, Z=UndergraduateStudent344@Department10.University0.edu}, {X=http://www.Department10.University0.edu/GraduateStudent25, Y=http://www.Department10.University0.edu, Z=GraduateStudent25@Department10.University0.edu}, {X=http://www.Department10.University0.edu/UndergraduateStudent257, Y=http://www.Department10.University0.edu, Z=UndergraduateStudent257@Department10.University0.edu}, {X=http://www.Department10.University0.edu/UndergraduateStudent383, Y=http://www.Department10.University0.edu, Z=UndergraduateStudent383@Department10.University0.edu}, {X=http://www.Department10.University0.edu/UndergraduateStudent63, Y=http://www.Department10.University0.edu, Z=UndergraduateStudent63@Department10.University0.edu}, {X=http://www.Department10.University0.edu/UndergraduateStudent57, Y=http://www.Department10.University0.edu, Z=UndergraduateStudent57@Department10.University0.edu}, {X=http://www.Department10.University0.edu/GraduateStudent104, Y=http://www.Department10.University0.edu, Z=GraduateStudent104@Department10.University0.edu}, {X=http://www.Department10.University0.edu/UndergraduateStudent335, Y=http://www.Department10.University0.edu, Z=UndergraduateStudent335@Department10.University0.edu}, {X=http://www.Department10.University0.edu/UndergraduateStudent207, Y=http://www.Department10.University0.edu, Z=UndergraduateStudent207@Department10.University0.edu}, {X=http://www.Department10.University0.edu/UndergraduateStudent248, Y=http://www.Department10.University0.edu, Z=UndergraduateStudent248@Department10.University0.edu}, {X=http://www.Department10.University0.edu/GraduateStudent11, Y=http://www.Department10.University0.edu, Z=GraduateStudent11@Department10.University0.edu}, {X=http://www.Department10.University0.edu/UndergraduateStudent298, Y=http://www.Department10.University0.edu, Z=UndergraduateStudent298@Department10.University0.edu}, {X=http://www.Department10.University0.edu/GraduateStudent13, Y=http://www.Department10.University0.edu, Z=GraduateStudent13@Department10.University0.edu}, {X=http://www.Department10.University0.edu/UndergraduateStudent90, Y=http://www.Department10.University0.edu, Z=UndergraduateStudent90@Department10.University0.edu}, {X=http://www.Department10.University0.edu/UndergraduateStudent194, Y=http://www.Department10.University0.edu, Z=UndergraduateStudent194@Department10.University0.edu}, {X=http://www.Department10.University0.edu/GraduateStudent68, Y=http://www.Department10.University0.edu, Z=GraduateStudent68@Department10.University0.edu}, {X=http://www.Department10.University0.edu/GraduateStudent10, Y=http://www.Department10.University0.edu, Z=GraduateStudent10@Department10.University0.edu}, {X=http://www.Department10.University0.edu/UndergraduateStudent173, Y=http://www.Department10.University0.edu, Z=UndergraduateStudent173@Department10.University0.edu}, {X=http://www.Department10.University0.edu/UndergraduateStudent39, Y=http://www.Department10.University0.edu, Z=UndergraduateStudent39@Department10.University0.edu}, {X=http://www.Department10.University0.edu/UndergraduateStudent217, Y=http://www.Department10.University0.edu, Z=UndergraduateStudent217@Department10.University0.edu}, {X=http://www.Department10.University0.edu/UndergraduateStudent158, Y=http://www.Department10.University0.edu, Z=UndergraduateStudent158@Department10.University0.edu}, {X=http://www.Department10.University0.edu/GraduateStudent93, Y=http://www.Department10.University0.edu, Z=GraduateStudent93@Department10.University0.edu}, {X=http://www.Department10.University0.edu/UndergraduateStudent211, Y=http://www.Department10.University0.edu, Z=UndergraduateStudent211@Department10.University0.edu}, {X=http://www.Department10.University0.edu/UndergraduateStudent382, Y=http://www.Department10.University0.edu, Z=UndergraduateStudent382@Department10.University0.edu}, {X=http://www.Department10.University0.edu/GraduateStudent39, Y=http://www.Department10.University0.edu, Z=GraduateStudent39@Department10.University0.edu}, {X=http://www.Department10.University0.edu/UndergraduateStudent201, Y=http://www.Department10.University0.edu, Z=UndergraduateStudent201@Department10.University0.edu}, {X=http://www.Department10.University0.edu/GraduateStudent63, Y=http://www.Department10.University0.edu, Z=GraduateStudent63@Department10.University0.edu}, {X=http://www.Department10.University0.edu/GraduateStudent52, Y=http://www.Department10.University0.edu, Z=GraduateStudent52@Department10.University0.edu}, {X=http://www.Department10.University0.edu/UndergraduateStudent353, Y=http://www.Department10.University0.edu, Z=UndergraduateStudent353@Department10.University0.edu}, {X=http://www.Department10.University0.edu/GraduateStudent101, Y=http://www.Department10.University0.edu, Z=GraduateStudent101@Department10.University0.edu}, {X=http://www.Department10.University0.edu/GraduateStudent125, Y=http://www.Department10.University0.edu, Z=GraduateStudent125@Department10.University0.edu}, {X=http://www.Department10.University0.edu/UndergraduateStudent2, Y=http://www.Department10.University0.edu, Z=UndergraduateStudent2@Department10.University0.edu}, {X=http://www.Department10.University0.edu/UndergraduateStudent62, Y=http://www.Department10.University0.edu, Z=UndergraduateStudent62@Department10.University0.edu}, {X=http://www.Department10.University0.edu/UndergraduateStudent22, Y=http://www.Department10.University0.edu, Z=UndergraduateStudent22@Department10.University0.edu}, {X=http://www.Department10.University0.edu/UndergraduateStudent234, Y=http://www.Department10.University0.edu, Z=UndergraduateStudent234@Department10.University0.edu}, {X=http://www.Department10.University0.edu/UndergraduateStudent308, Y=http://www.Department10.University0.edu, Z=UndergraduateStudent308@Department10.University0.edu}, {X=http://www.Department10.University0.edu/UndergraduateStudent97, Y=http://www.Department10.University0.edu, Z=UndergraduateStudent97@Department10.University0.edu}, {X=http://www.Department10.University0.edu/GraduateStudent4, Y=http://www.Department10.University0.edu, Z=GraduateStudent4@Department10.University0.edu}, {X=http://www.Department10.University0.edu/UndergraduateStudent377, Y=http://www.Department10.University0.edu, Z=UndergraduateStudent377@Department10.University0.edu}, {X=http://www.Department10.University0.edu/UndergraduateStudent41, Y=http://www.Department10.University0.edu, Z=UndergraduateStudent41@Department10.University0.edu}, {X=http://www.Department10.University0.edu/UndergraduateStudent250, Y=http://www.Department10.University0.edu, Z=UndergraduateStudent250@Department10.University0.edu}, {X=http://www.Department10.University0.edu/UndergraduateStudent330, Y=http://www.Department10.University0.edu, Z=UndergraduateStudent330@Department10.University0.edu}, {X=http://www.Department10.University0.edu/UndergraduateStudent227, Y=http://www.Department10.University0.edu, Z=UndergraduateStudent227@Department10.University0.edu}, {X=http://www.Department10.University0.edu/GraduateStudent96, Y=http://www.Department10.University0.edu, Z=GraduateStudent96@Department10.University0.edu}, {X=http://www.Department10.University0.edu/UndergraduateStudent199, Y=http://www.Department10.University0.edu, Z=UndergraduateStudent199@Department10.University0.edu}, {X=http://www.Department10.University0.edu/GraduateStudent131, Y=http://www.Department10.University0.edu, Z=GraduateStudent131@Department10.University0.edu}, {X=http://www.Department10.University0.edu/UndergraduateStudent265, Y=http://www.Department10.University0.edu, Z=UndergraduateStudent265@Department10.University0.edu}, {X=http://www.Department10.University0.edu/UndergraduateStudent131, Y=http://www.Department10.University0.edu, Z=UndergraduateStudent131@Department10.University0.edu}, {X=http://www.Department10.University0.edu/UndergraduateStudent48, Y=http://www.Department10.University0.edu, Z=UndergraduateStudent48@Department10.University0.edu}, {X=http://www.Department10.University0.edu/GraduateStudent33, Y=http://www.Department10.University0.edu, Z=GraduateStudent33@Department10.University0.edu}, {X=http://www.Department10.University0.edu/UndergraduateStudent137, Y=http://www.Department10.University0.edu, Z=UndergraduateStudent137@Department10.University0.edu}, {X=http://www.Department10.University0.edu/UndergraduateStudent281, Y=http://www.Department10.University0.edu, Z=UndergraduateStudent281@Department10.University0.edu}, {X=http://www.Department10.University0.edu/UndergraduateStudent166, Y=http://www.Department10.University0.edu, Z=UndergraduateStudent166@Department10.University0.edu}, {X=http://www.Department10.University0.edu/UndergraduateStudent233, Y=http://www.Department10.University0.edu, Z=UndergraduateStudent233@Department10.University0.edu}, {X=http://www.Department10.University0.edu/GraduateStudent98, Y=http://www.Department10.University0.edu, Z=GraduateStudent98@Department10.University0.edu}, {X=http://www.Department10.University0.edu/UndergraduateStudent67, Y=http://www.Department10.University0.edu, Z=UndergraduateStudent67@Department10.University0.edu}, {X=http://www.Department10.University0.edu/UndergraduateStudent85, Y=http://www.Department10.University0.edu, Z=UndergraduateStudent85@Department10.University0.edu}, {X=http://www.Department10.University0.edu/UndergraduateStudent88, Y=http://www.Department10.University0.edu, Z=UndergraduateStudent88@Department10.University0.edu}, {X=http://www.Department10.University0.edu/UndergraduateStudent120, Y=http://www.Department10.University0.edu, Z=UndergraduateStudent120@Department10.University0.edu}, {X=http://www.Department10.University0.edu/GraduateStudent123, Y=http://www.Department10.University0.edu, Z=GraduateStudent123@Department10.University0.edu}, {X=http://www.Department10.University0.edu/GraduateStudent110, Y=http://www.Department10.University0.edu, Z=GraduateStudent110@Department10.University0.edu}, {X=http://www.Department10.University0.edu/UndergraduateStudent36, Y=http://www.Department10.University0.edu, Z=UndergraduateStudent36@Department10.University0.edu}, {X=http://www.Department10.University0.edu/UndergraduateStudent151, Y=http://www.Department10.University0.edu, Z=UndergraduateStudent151@Department10.University0.edu}, {X=http://www.Department10.University0.edu/GraduateStudent31, Y=http://www.Department10.University0.edu, Z=GraduateStudent31@Department10.University0.edu}, {X=http://www.Department10.University0.edu/UndergraduateStudent82, Y=http://www.Department10.University0.edu, Z=UndergraduateStudent82@Department10.University0.edu}, {X=http://www.Department10.University0.edu/GraduateStudent35, Y=http://www.Department10.University0.edu, Z=GraduateStudent35@Department10.University0.edu}, {X=http://www.Department10.University0.edu/UndergraduateStudent241, Y=http://www.Department10.University0.edu, Z=UndergraduateStudent241@Department10.University0.edu}, {X=http://www.Department10.University0.edu/GraduateStudent34, Y=http://www.Department10.University0.edu, Z=GraduateStudent34@Department10.University0.edu}, {X=http://www.Department10.University0.edu/UndergraduateStudent126, Y=http://www.Department10.University0.edu, Z=UndergraduateStudent126@Department10.University0.edu}, {X=http://www.Department10.University0.edu/UndergraduateStudent184, Y=http://www.Department10.University0.edu, Z=UndergraduateStudent184@Department10.University0.edu}, {X=http://www.Department10.University0.edu/UndergraduateStudent169, Y=http://www.Department10.University0.edu, Z=UndergraduateStudent169@Department10.University0.edu}, {X=http://www.Department10.University0.edu/UndergraduateStudent12, Y=http://www.Department10.University0.edu, Z=UndergraduateStudent12@Department10.University0.edu}, {X=http://www.Department10.University0.edu/UndergraduateStudent133, Y=http://www.Department10.University0.edu, Z=UndergraduateStudent133@Department10.University0.edu}, {X=http://www.Department10.University0.edu/UndergraduateStudent84, Y=http://www.Department10.University0.edu, Z=UndergraduateStudent84@Department10.University0.edu}, {X=http://www.Department10.University0.edu/GraduateStudent8, Y=http://www.Department10.University0.edu, Z=GraduateStudent8@Department10.University0.edu}, {X=http://www.Department10.University0.edu/UndergraduateStudent403, Y=http://www.Department10.University0.edu, Z=UndergraduateStudent403@Department10.University0.edu}, {X=http://www.Department10.University0.edu/UndergraduateStudent60, Y=http://www.Department10.University0.edu, Z=UndergraduateStudent60@Department10.University0.edu}, {X=http://www.Department10.University0.edu/GraduateStudent26, Y=http://www.Department10.University0.edu, Z=GraduateStudent26@Department10.University0.edu}, {X=http://www.Department10.University0.edu/UndergraduateStudent402, Y=http://www.Department10.University0.edu, Z=UndergraduateStudent402@Department10.University0.edu}, {X=http://www.Department10.University0.edu/UndergraduateStudent210, Y=http://www.Department10.University0.edu, Z=UndergraduateStudent210@Department10.University0.edu}, {X=http://www.Department10.University0.edu/GraduateStudent69, Y=http://www.Department10.University0.edu, Z=GraduateStudent69@Department10.University0.edu}, {X=http://www.Department10.University0.edu/UndergraduateStudent123, Y=http://www.Department10.University0.edu, Z=UndergraduateStudent123@Department10.University0.edu}, {X=http://www.Department10.University0.edu/UndergraduateStudent167, Y=http://www.Department10.University0.edu, Z=UndergraduateStudent167@Department10.University0.edu}, {X=http://www.Department10.University0.edu/UndergraduateStudent361, Y=http://www.Department10.University0.edu, Z=UndergraduateStudent361@Department10.University0.edu}, {X=http://www.Department10.University0.edu/GraduateStudent5, Y=http://www.Department10.University0.edu, Z=GraduateStudent5@Department10.University0.edu}, {X=http://www.Department10.University0.edu/GraduateStudent55, Y=http://www.Department10.University0.edu, Z=GraduateStudent55@Department10.University0.edu}, {X=http://www.Department10.University0.edu/GraduateStudent134, Y=http://www.Department10.University0.edu, Z=GraduateStudent134@Department10.University0.edu}, {X=http://www.Department10.University0.edu/UndergraduateStudent200, Y=http://www.Department10.University0.edu, Z=UndergraduateStudent200@Department10.University0.edu}, {X=http://www.Department10.University0.edu/UndergraduateStudent29, Y=http://www.Department10.University0.edu, Z=UndergraduateStudent29@Department10.University0.edu}, {X=http://www.Department10.University0.edu/GraduateStudent16, Y=http://www.Department10.University0.edu, Z=GraduateStudent16@Department10.University0.edu}, {X=http://www.Department10.University0.edu/UndergraduateStudent271, Y=http://www.Department10.University0.edu, Z=UndergraduateStudent271@Department10.University0.edu}, {X=http://www.Department10.University0.edu/UndergraduateStudent322, Y=http://www.Department10.University0.edu, Z=UndergraduateStudent322@Department10.University0.edu}, {X=http://www.Department10.University0.edu/UndergraduateStudent33, Y=http://www.Department10.University0.edu, Z=UndergraduateStudent33@Department10.University0.edu}, {X=http://www.Department10.University0.edu/UndergraduateStudent405, Y=http://www.Department10.University0.edu, Z=UndergraduateStudent405@Department10.University0.edu}, {X=http://www.Department10.University0.edu/UndergraduateStudent146, Y=http://www.Department10.University0.edu, Z=UndergraduateStudent146@Department10.University0.edu}, {X=http://www.Department10.University0.edu/UndergraduateStudent56, Y=http://www.Department10.University0.edu, Z=UndergraduateStudent56@Department10.University0.edu}, {X=http://www.Department10.University0.edu/UndergraduateStudent107, Y=http://www.Department10.University0.edu, Z=UndergraduateStudent107@Department10.University0.edu}, {X=http://www.Department10.University0.edu/UndergraduateStudent170, Y=http://www.Department10.University0.edu, Z=UndergraduateStudent170@Department10.University0.edu}, {X=http://www.Department10.University0.edu/UndergraduateStudent395, Y=http://www.Department10.University0.edu, Z=UndergraduateStudent395@Department10.University0.edu}, {X=http://www.Department10.University0.edu/UndergraduateStudent230, Y=http://www.Department10.University0.edu, Z=UndergraduateStudent230@Department10.University0.edu}, {X=http://www.Department10.University0.edu/GraduateStudent36, Y=http://www.Department10.University0.edu, Z=GraduateStudent36@Department10.University0.edu}, {X=http://www.Department10.University0.edu/UndergraduateStudent352, Y=http://www.Department10.University0.edu, Z=UndergraduateStudent352@Department10.University0.edu}, {X=http://www.Department10.University0.edu/UndergraduateStudent110, Y=http://www.Department10.University0.edu, Z=UndergraduateStudent110@Department10.University0.edu}, {X=http://www.Department10.University0.edu/GraduateStudent74, Y=http://www.Department10.University0.edu, Z=GraduateStudent74@Department10.University0.edu}, {X=http://www.Department10.University0.edu/GraduateStudent120, Y=http://www.Department10.University0.edu, Z=GraduateStudent120@Department10.University0.edu}, {X=http://www.Department10.University0.edu/GraduateStudent83, Y=http://www.Department10.University0.edu, Z=GraduateStudent83@Department10.University0.edu}, {X=http://www.Department10.University0.edu/UndergraduateStudent312, Y=http://www.Department10.University0.edu, Z=UndergraduateStudent312@Department10.University0.edu}, {X=http://www.Department10.University0.edu/UndergraduateStudent141, Y=http://www.Department10.University0.edu, Z=UndergraduateStudent141@Department10.University0.edu}, {X=http://www.Department10.University0.edu/GraduateStudent137, Y=http://www.Department10.University0.edu, Z=GraduateStudent137@Department10.University0.edu}, {X=http://www.Department10.University0.edu/GraduateStudent75, Y=http://www.Department10.University0.edu, Z=GraduateStudent75@Department10.University0.edu}, {X=http://www.Department10.University0.edu/UndergraduateStudent380, Y=http://www.Department10.University0.edu, Z=UndergraduateStudent380@Department10.University0.edu}, {X=http://www.Department10.University0.edu/GraduateStudent117, Y=http://www.Department10.University0.edu, Z=GraduateStudent117@Department10.University0.edu}, {X=http://www.Department10.University0.edu/GraduateStudent27, Y=http://www.Department10.University0.edu, Z=GraduateStudent27@Department10.University0.edu}, {X=http://www.Department10.University0.edu/UndergraduateStudent363, Y=http://www.Department10.University0.edu, Z=UndergraduateStudent363@Department10.University0.edu}, {X=http://www.Department10.University0.edu/UndergraduateStudent389, Y=http://www.Department10.University0.edu, Z=UndergraduateStudent389@Department10.University0.edu}, {X=http://www.Department10.University0.edu/UndergraduateStudent105, Y=http://www.Department10.University0.edu, Z=UndergraduateStudent105@Department10.University0.edu}, {X=http://www.Department10.University0.edu/GraduateStudent73, Y=http://www.Department10.University0.edu, Z=GraduateStudent73@Department10.University0.edu}, {X=http://www.Department10.University0.edu/UndergraduateStudent280, Y=http://www.Department10.University0.edu, Z=UndergraduateStudent280@Department10.University0.edu}, {X=http://www.Department10.University0.edu/UndergraduateStudent115, Y=http://www.Department10.University0.edu, Z=UndergraduateStudent115@Department10.University0.edu}, {X=http://www.Department10.University0.edu/GraduateStudent58, Y=http://www.Department10.University0.edu, Z=GraduateStudent58@Department10.University0.edu}, {X=http://www.Department10.University0.edu/UndergraduateStudent191, Y=http://www.Department10.University0.edu, Z=UndergraduateStudent191@Department10.University0.edu}, {X=http://www.Department10.University0.edu/UndergraduateStudent79, Y=http://www.Department10.University0.edu, Z=UndergraduateStudent79@Department10.University0.edu}, {X=http://www.Department10.University0.edu/UndergraduateStudent259, Y=http://www.Department10.University0.edu, Z=UndergraduateStudent259@Department10.University0.edu}, {X=http://www.Department10.University0.edu/UndergraduateStudent324, Y=http://www.Department10.University0.edu, Z=UndergraduateStudent324@Department10.University0.edu}, {X=http://www.Department10.University0.edu/UndergraduateStudent188, Y=http://www.Department10.University0.edu, Z=UndergraduateStudent188@Department10.University0.edu}, {X=http://www.Department10.University0.edu/UndergraduateStudent100, Y=http://www.Department10.University0.edu, Z=UndergraduateStudent100@Department10.University0.edu}, {X=http://www.Department10.University0.edu/UndergraduateStudent50, Y=http://www.Department10.University0.edu, Z=UndergraduateStudent50@Department10.University0.edu}, {X=http://www.Department10.University0.edu/UndergraduateStudent65, Y=http://www.Department10.University0.edu, Z=UndergraduateStudent65@Department10.University0.edu}, {X=http://www.Department10.University0.edu/UndergraduateStudent49, Y=http://www.Department10.University0.edu, Z=UndergraduateStudent49@Department10.University0.edu}, {X=http://www.Department10.University0.edu/UndergraduateStudent189, Y=http://www.Department10.University0.edu, Z=UndergraduateStudent189@Department10.University0.edu}, {X=http://www.Department10.University0.edu/UndergraduateStudent140, Y=http://www.Department10.University0.edu, Z=UndergraduateStudent140@Department10.University0.edu}, {X=http://www.Department10.University0.edu/GraduateStudent17, Y=http://www.Department10.University0.edu, Z=GraduateStudent17@Department10.University0.edu}, {X=http://www.Department10.University0.edu/GraduateStudent85, Y=http://www.Department10.University0.edu, Z=GraduateStudent85@Department10.University0.edu}, {X=http://www.Department10.University0.edu/UndergraduateStudent366, Y=http://www.Department10.University0.edu, Z=UndergraduateStudent366@Department10.University0.edu}, {X=http://www.Department10.University0.edu/UndergraduateStudent136, Y=http://www.Department10.University0.edu, Z=UndergraduateStudent136@Department10.University0.edu}, {X=http://www.Department10.University0.edu/UndergraduateStudent138, Y=http://www.Department10.University0.edu, Z=UndergraduateStudent138@Department10.University0.edu}, {X=http://www.Department10.University0.edu/UndergraduateStudent327, Y=http://www.Department10.University0.edu, Z=UndergraduateStudent327@Department10.University0.edu}, {X=http://www.Department10.University0.edu/GraduateStudent119, Y=http://www.Department10.University0.edu, Z=GraduateStudent119@Department10.University0.edu}, {X=http://www.Department10.University0.edu/UndergraduateStudent269, Y=http://www.Department10.University0.edu, Z=UndergraduateStudent269@Department10.University0.edu}, {X=http://www.Department10.University0.edu/UndergraduateStudent73, Y=http://www.Department10.University0.edu, Z=UndergraduateStudent73@Department10.University0.edu}, {X=http://www.Department10.University0.edu/UndergraduateStudent103, Y=http://www.Department10.University0.edu, Z=UndergraduateStudent103@Department10.University0.edu}, {X=http://www.Department10.University0.edu/UndergraduateStudent54, Y=http://www.Department10.University0.edu, Z=UndergraduateStudent54@Department10.University0.edu}, {X=http://www.Department10.University0.edu/GraduateStudent128, Y=http://www.Department10.University0.edu, Z=GraduateStudent128@Department10.University0.edu}, {X=http://www.Department10.University0.edu/GraduateStudent130, Y=http://www.Department10.University0.edu, Z=GraduateStudent130@Department10.University0.edu}, {X=http://www.Department10.University0.edu/UndergraduateStudent368, Y=http://www.Department10.University0.edu, Z=UndergraduateStudent368@Department10.University0.edu}, {X=http://www.Department10.University0.edu/GraduateStudent87, Y=http://www.Department10.University0.edu, Z=GraduateStudent87@Department10.University0.edu}, {X=http://www.Department10.University0.edu/UndergraduateStudent215, Y=http://www.Department10.University0.edu, Z=UndergraduateStudent215@Department10.University0.edu}, {X=http://www.Department10.University0.edu/UndergraduateStudent351, Y=http://www.Department10.University0.edu, Z=UndergraduateStudent351@Department10.University0.edu}, {X=http://www.Department10.University0.edu/GraduateStudent37, Y=http://www.Department10.University0.edu, Z=GraduateStudent37@Department10.University0.edu}, {X=http://www.Department10.University0.edu/GraduateStudent79, Y=http://www.Department10.University0.edu, Z=GraduateStudent79@Department10.University0.edu}, {X=http://www.Department10.University0.edu/UndergraduateStudent5, Y=http://www.Department10.University0.edu, Z=UndergraduateStudent5@Department10.University0.edu}, {X=http://www.Department10.University0.edu/GraduateStudent67, Y=http://www.Department10.University0.edu, Z=GraduateStudent67@Department10.University0.edu}, {X=http://www.Department10.University0.edu/GraduateStudent41, Y=http://www.Department10.University0.edu, Z=GraduateStudent41@Department10.University0.edu}, {X=http://www.Department10.University0.edu/UndergraduateStudent134, Y=http://www.Department10.University0.edu, Z=UndergraduateStudent134@Department10.University0.edu}, {X=http://www.Department10.University0.edu/UndergraduateStudent276, Y=http://www.Department10.University0.edu, Z=UndergraduateStudent276@Department10.University0.edu}, {X=http://www.Department10.University0.edu/GraduateStudent42, Y=http://www.Department10.University0.edu, Z=GraduateStudent42@Department10.University0.edu}, {X=http://www.Department10.University0.edu/UndergraduateStudent253, Y=http://www.Department10.University0.edu, Z=UndergraduateStudent253@Department10.University0.edu}, {X=http://www.Department10.University0.edu/GraduateStudent22, Y=http://www.Department10.University0.edu, Z=GraduateStudent22@Department10.University0.edu}, {X=http://www.Department10.University0.edu/UndergraduateStudent91, Y=http://www.Department10.University0.edu, Z=UndergraduateStudent91@Department10.University0.edu}, {X=http://www.Department10.University0.edu/UndergraduateStudent355, Y=http://www.Department10.University0.edu, Z=UndergraduateStudent355@Department10.University0.edu}, {X=http://www.Department10.University0.edu/UndergraduateStudent245, Y=http://www.Department10.University0.edu, Z=UndergraduateStudent245@Department10.University0.edu}, {X=http://www.Department10.University0.edu/UndergraduateStudent260, Y=http://www.Department10.University0.edu, Z=UndergraduateStudent260@Department10.University0.edu}, {X=http://www.Department10.University0.edu/UndergraduateStudent357, Y=http://www.Department10.University0.edu, Z=UndergraduateStudent357@Department10.University0.edu}, {X=http://www.Department10.University0.edu/UndergraduateStudent150, Y=http://www.Department10.University0.edu, Z=UndergraduateStudent150@Department10.University0.edu}, {X=http://www.Department10.University0.edu/UndergraduateStudent106, Y=http://www.Department10.University0.edu, Z=UndergraduateStudent106@Department10.University0.edu}, {X=http://www.Department10.University0.edu/GraduateStudent48, Y=http://www.Department10.University0.edu, Z=GraduateStudent48@Department10.University0.edu}, {X=http://www.Department10.University0.edu/UndergraduateStudent305, Y=http://www.Department10.University0.edu, Z=UndergraduateStudent305@Department10.University0.edu}, {X=http://www.Department10.University0.edu/GraduateStudent7, Y=http://www.Department10.University0.edu, Z=GraduateStudent7@Department10.University0.edu}, {X=http://www.Department10.University0.edu/UndergraduateStudent290, Y=http://www.Department10.University0.edu, Z=UndergraduateStudent290@Department10.University0.edu}, {X=http://www.Department10.University0.edu/UndergraduateStudent343, Y=http://www.Department10.University0.edu, Z=UndergraduateStudent343@Department10.University0.edu}, {X=http://www.Department10.University0.edu/UndergraduateStudent246, Y=http://www.Department10.University0.edu, Z=UndergraduateStudent246@Department10.University0.edu}, {X=http://www.Department10.University0.edu/UndergraduateStudent302, Y=http://www.Department10.University0.edu, Z=UndergraduateStudent302@Department10.University0.edu}, {X=http://www.Department10.University0.edu/UndergraduateStudent407, Y=http://www.Department10.University0.edu, Z=UndergraduateStudent407@Department10.University0.edu}, {X=http://www.Department10.University0.edu/UndergraduateStudent348, Y=http://www.Department10.University0.edu, Z=UndergraduateStudent348@Department10.University0.edu}, {X=http://www.Department10.University0.edu/UndergraduateStudent273, Y=http://www.Department10.University0.edu, Z=UndergraduateStudent273@Department10.University0.edu}, {X=http://www.Department10.University0.edu/UndergraduateStudent128, Y=http://www.Department10.University0.edu, Z=UndergraduateStudent128@Department10.University0.edu}, {X=http://www.Department10.University0.edu/UndergraduateStudent92, Y=http://www.Department10.University0.edu, Z=UndergraduateStudent92@Department10.University0.edu}, {X=http://www.Department10.University0.edu/GraduateStudent71, Y=http://www.Department10.University0.edu, Z=GraduateStudent71@Department10.University0.edu}, {X=http://www.Department10.University0.edu/GraduateStudent53, Y=http://www.Department10.University0.edu, Z=GraduateStudent53@Department10.University0.edu}, {X=http://www.Department10.University0.edu/UndergraduateStudent7, Y=http://www.Department10.University0.edu, Z=UndergraduateStudent7@Department10.University0.edu}, {X=http://www.Department10.University0.edu/UndergraduateStudent220, Y=http://www.Department10.University0.edu, Z=UndergraduateStudent220@Department10.University0.edu}, {X=http://www.Department10.University0.edu/UndergraduateStudent409, Y=http://www.Department10.University0.edu, Z=UndergraduateStudent409@Department10.University0.edu}, {X=http://www.Department10.University0.edu/UndergraduateStudent297, Y=http://www.Department10.University0.edu, Z=UndergraduateStudent297@Department10.University0.edu}, {X=http://www.Department10.University0.edu/UndergraduateStudent339, Y=http://www.Department10.University0.edu, Z=UndergraduateStudent339@Department10.University0.edu}, {X=http://www.Department10.University0.edu/UndergraduateStudent83, Y=http://www.Department10.University0.edu, Z=UndergraduateStudent83@Department10.University0.edu}, {X=http://www.Department10.University0.edu/UndergraduateStudent394, Y=http://www.Department10.University0.edu, Z=UndergraduateStudent394@Department10.University0.edu}, {X=http://www.Department10.University0.edu/UndergraduateStudent376, Y=http://www.Department10.University0.edu, Z=UndergraduateStudent376@Department10.University0.edu}, {X=http://www.Department10.University0.edu/UndergraduateStudent21, Y=http://www.Department10.University0.edu, Z=UndergraduateStudent21@Department10.University0.edu}, {X=http://www.Department10.University0.edu/UndergraduateStudent218, Y=http://www.Department10.University0.edu, Z=UndergraduateStudent218@Department10.University0.edu}, {X=http://www.Department10.University0.edu/UndergraduateStudent293, Y=http://www.Department10.University0.edu, Z=UndergraduateStudent293@Department10.University0.edu}, {X=http://www.Department10.University0.edu/UndergraduateStudent31, Y=http://www.Department10.University0.edu, Z=UndergraduateStudent31@Department10.University0.edu}, {X=http://www.Department10.University0.edu/GraduateStudent111, Y=http://www.Department10.University0.edu, Z=GraduateStudent111@Department10.University0.edu}, {X=http://www.Department10.University0.edu/UndergraduateStudent314, Y=http://www.Department10.University0.edu, Z=UndergraduateStudent314@Department10.University0.edu}, {X=http://www.Department10.University0.edu/GraduateStudent78, Y=http://www.Department10.University0.edu, Z=GraduateStudent78@Department10.University0.edu}, {X=http://www.Department10.University0.edu/UndergraduateStudent332, Y=http://www.Department10.University0.edu, Z=UndergraduateStudent332@Department10.University0.edu}, {X=http://www.Department10.University0.edu/UndergraduateStudent284, Y=http://www.Department10.University0.edu, Z=UndergraduateStudent284@Department10.University0.edu}, {X=http://www.Department10.University0.edu/UndergraduateStudent397, Y=http://www.Department10.University0.edu, Z=UndergraduateStudent397@Department10.University0.edu}, {X=http://www.Department10.University0.edu/UndergraduateStudent51, Y=http://www.Department10.University0.edu, Z=UndergraduateStudent51@Department10.University0.edu}, {X=http://www.Department10.University0.edu/GraduateStudent77, Y=http://www.Department10.University0.edu, Z=GraduateStudent77@Department10.University0.edu}, {X=http://www.Department10.University0.edu/UndergraduateStudent104, Y=http://www.Department10.University0.edu, Z=UndergraduateStudent104@Department10.University0.edu}, {X=http://www.Department10.University0.edu/GraduateStudent103, Y=http://www.Department10.University0.edu, Z=GraduateStudent103@Department10.University0.edu}, {X=http://www.Department10.University0.edu/UndergraduateStudent323, Y=http://www.Department10.University0.edu, Z=UndergraduateStudent323@Department10.University0.edu}, {X=http://www.Department10.University0.edu/GraduateStudent135, Y=http://www.Department10.University0.edu, Z=GraduateStudent135@Department10.University0.edu}, {X=http://www.Department10.University0.edu/UndergraduateStudent317, Y=http://www.Department10.University0.edu, Z=UndergraduateStudent317@Department10.University0.edu}, {X=http://www.Department10.University0.edu/GraduateStudent126, Y=http://www.Department10.University0.edu, Z=GraduateStudent126@Department10.University0.edu}, {X=http://www.Department10.University0.edu/UndergraduateStudent24, Y=http://www.Department10.University0.edu, Z=UndergraduateStudent24@Department10.University0.edu}, {X=http://www.Department10.University0.edu/UndergraduateStudent64, Y=http://www.Department10.University0.edu, Z=UndergraduateStudent64@Department10.University0.edu}, {X=http://www.Department10.University0.edu/GraduateStudent59, Y=http://www.Department10.University0.edu, Z=GraduateStudent59@Department10.University0.edu}, {X=http://www.Department10.University0.edu/UndergraduateStudent46, Y=http://www.Department10.University0.edu, Z=UndergraduateStudent46@Department10.University0.edu}, {X=http://www.Department10.University0.edu/UndergraduateStudent266, Y=http://www.Department10.University0.edu, Z=UndergraduateStudent266@Department10.University0.edu}, {X=http://www.Department10.University0.edu/GraduateStudent3, Y=http://www.Department10.University0.edu, Z=GraduateStudent3@Department10.University0.edu}, {X=http://www.Department10.University0.edu/UndergraduateStudent256, Y=http://www.Department10.University0.edu, Z=UndergraduateStudent256@Department10.University0.edu}, {X=http://www.Department10.University0.edu/GraduateStudent6, Y=http://www.Department10.University0.edu, Z=GraduateStudent6@Department10.University0.edu}, {X=http://www.Department10.University0.edu/UndergraduateStudent222, Y=http://www.Department10.University0.edu, Z=UndergraduateStudent222@Department10.University0.edu}, {X=http://www.Department10.University0.edu/UndergraduateStudent347, Y=http://www.Department10.University0.edu, Z=UndergraduateStudent347@Department10.University0.edu}, {X=http://www.Department10.University0.edu/UndergraduateStudent275, Y=http://www.Department10.University0.edu, Z=UndergraduateStudent275@Department10.University0.edu}, {X=http://www.Department10.University0.edu/UndergraduateStudent205, Y=http://www.Department10.University0.edu, Z=UndergraduateStudent205@Department10.University0.edu}, {X=http://www.Department10.University0.edu/UndergraduateStudent381, Y=http://www.Department10.University0.edu, Z=UndergraduateStudent381@Department10.University0.edu}, {X=http://www.Department10.University0.edu/UndergraduateStudent291, Y=http://www.Department10.University0.edu, Z=UndergraduateStudent291@Department10.University0.edu}, {X=http://www.Department10.University0.edu/GraduateStudent107, Y=http://www.Department10.University0.edu, Z=GraduateStudent107@Department10.University0.edu}, {X=http://www.Department10.University0.edu/UndergraduateStudent145, Y=http://www.Department10.University0.edu, Z=UndergraduateStudent145@Department10.University0.edu}, {X=http://www.Department10.University0.edu/UndergraduateStudent237, Y=http://www.Department10.University0.edu, Z=UndergraduateStudent237@Department10.University0.edu}, {X=http://www.Department10.University0.edu/UndergraduateStudent124, Y=http://www.Department10.University0.edu, Z=UndergraduateStudent124@Department10.University0.edu}, {X=http://www.Department10.University0.edu/UndergraduateStudent242, Y=http://www.Department10.University0.edu, Z=UndergraduateStudent242@Department10.University0.edu}, {X=http://www.Department10.University0.edu/UndergraduateStudent197, Y=http://www.Department10.University0.edu, Z=UndergraduateStudent197@Department10.University0.edu}, {X=http://www.Department10.University0.edu/UndergraduateStudent372, Y=http://www.Department10.University0.edu, Z=UndergraduateStudent372@Department10.University0.edu}, {X=http://www.Department10.University0.edu/UndergraduateStudent177, Y=http://www.Department10.University0.edu, Z=UndergraduateStudent177@Department10.University0.edu}, {X=http://www.Department10.University0.edu/GraduateStudent102, Y=http://www.Department10.University0.edu, Z=GraduateStudent102@Department10.University0.edu}, {X=http://www.Department10.University0.edu/GraduateStudent38, Y=http://www.Department10.University0.edu, Z=GraduateStudent38@Department10.University0.edu}, {X=http://www.Department10.University0.edu/UndergraduateStudent43, Y=http://www.Department10.University0.edu, Z=UndergraduateStudent43@Department10.University0.edu}, {X=http://www.Department10.University0.edu/UndergraduateStudent392, Y=http://www.Department10.University0.edu, Z=UndergraduateStudent392@Department10.University0.edu}, {X=http://www.Department10.University0.edu/UndergraduateStudent98, Y=http://www.Department10.University0.edu, Z=UndergraduateStudent98@Department10.University0.edu}, {X=http://www.Department10.University0.edu/GraduateStudent56, Y=http://www.Department10.University0.edu, Z=GraduateStudent56@Department10.University0.edu}, {X=http://www.Department10.University0.edu/UndergraduateStudent223, Y=http://www.Department10.University0.edu, Z=UndergraduateStudent223@Department10.University0.edu}, {X=http://www.Department10.University0.edu/UndergraduateStudent32, Y=http://www.Department10.University0.edu, Z=UndergraduateStudent32@Department10.University0.edu}, {X=http://www.Department10.University0.edu/UndergraduateStudent319, Y=http://www.Department10.University0.edu, Z=UndergraduateStudent319@Department10.University0.edu}, {X=http://www.Department10.University0.edu/UndergraduateStudent112, Y=http://www.Department10.University0.edu, Z=UndergraduateStudent112@Department10.University0.edu}, {X=http://www.Department10.University0.edu/UndergraduateStudent44, Y=http://www.Department10.University0.edu, Z=UndergraduateStudent44@Department10.University0.edu}, {X=http://www.Department10.University0.edu/UndergraduateStudent117, Y=http://www.Department10.University0.edu, Z=UndergraduateStudent117@Department10.University0.edu}, {X=http://www.Department10.University0.edu/UndergraduateStudent371, Y=http://www.Department10.University0.edu, Z=UndergraduateStudent371@Department10.University0.edu}, {X=http://www.Department10.University0.edu/UndergraduateStudent289, Y=http://www.Department10.University0.edu, Z=UndergraduateStudent289@Department10.University0.edu}, {X=http://www.Department10.University0.edu/UndergraduateStudent263, Y=http://www.Department10.University0.edu, Z=UndergraduateStudent263@Department10.University0.edu}, {X=http://www.Department10.University0.edu/UndergraduateStudent19, Y=http://www.Department10.University0.edu, Z=UndergraduateStudent19@Department10.University0.edu}, {X=http://www.Department10.University0.edu/UndergraduateStudent390, Y=http://www.Department10.University0.edu, Z=UndergraduateStudent390@Department10.University0.edu}, {X=http://www.Department10.University0.edu/UndergraduateStudent307, Y=http://www.Department10.University0.edu, Z=UndergraduateStudent307@Department10.University0.edu}, {X=http://www.Department10.University0.edu/UndergraduateStudent1, Y=http://www.Department10.University0.edu, Z=UndergraduateStudent1@Department10.University0.edu}, {X=http://www.Department10.University0.edu/UndergraduateStudent95, Y=http://www.Department10.University0.edu, Z=UndergraduateStudent95@Department10.University0.edu}, {X=http://www.Department10.University0.edu/GraduateStudent50, Y=http://www.Department10.University0.edu, Z=GraduateStudent50@Department10.University0.edu}, {X=http://www.Department10.University0.edu/UndergraduateStudent288, Y=http://www.Department10.University0.edu, Z=UndergraduateStudent288@Department10.University0.edu}, {X=http://www.Department10.University0.edu/GraduateStudent28, Y=http://www.Department10.University0.edu, Z=GraduateStudent28@Department10.University0.edu}, {X=http://www.Department10.University0.edu/GraduateStudent47, Y=http://www.Department10.University0.edu, Z=GraduateStudent47@Department10.University0.edu}, {X=http://www.Department10.University0.edu/GraduateStudent24, Y=http://www.Department10.University0.edu, Z=GraduateStudent24@Department10.University0.edu}, {X=http://www.Department10.University0.edu/GraduateStudent95, Y=http://www.Department10.University0.edu, Z=GraduateStudent95@Department10.University0.edu}, {X=http://www.Department10.University0.edu/UndergraduateStudent393, Y=http://www.Department10.University0.edu, Z=UndergraduateStudent393@Department10.University0.edu}, {X=http://www.Department10.University0.edu/UndergraduateStudent208, Y=http://www.Department10.University0.edu, Z=UndergraduateStudent208@Department10.University0.edu}, {X=http://www.Department10.University0.edu/UndergraduateStudent68, Y=http://www.Department10.University0.edu, Z=UndergraduateStudent68@Department10.University0.edu}, {X=http://www.Department10.University0.edu/UndergraduateStudent186, Y=http://www.Department10.University0.edu, Z=UndergraduateStudent186@Department10.University0.edu}, {X=http://www.Department10.University0.edu/UndergraduateStudent114, Y=http://www.Department10.University0.edu, Z=UndergraduateStudent114@Department10.University0.edu}, {X=http://www.Department10.University0.edu/UndergraduateStudent278, Y=http://www.Department10.University0.edu, Z=UndergraduateStudent278@Department10.University0.edu}, {X=http://www.Department10.University0.edu/UndergraduateStudent232, Y=http://www.Department10.University0.edu, Z=UndergraduateStudent232@Department10.University0.edu}, {X=http://www.Department10.University0.edu/UndergraduateStudent360, Y=http://www.Department10.University0.edu, Z=UndergraduateStudent360@Department10.University0.edu}, {X=http://www.Department10.University0.edu/UndergraduateStudent179, Y=http://www.Department10.University0.edu, Z=UndergraduateStudent179@Department10.University0.edu}, {X=http://www.Department10.University0.edu/UndergraduateStudent287, Y=http://www.Department10.University0.edu, Z=UndergraduateStudent287@Department10.University0.edu}, {X=http://www.Department10.University0.edu/GraduateStudent106, Y=http://www.Department10.University0.edu, Z=GraduateStudent106@Department10.University0.edu}, {X=http://www.Department10.University0.edu/UndergraduateStudent274, Y=http://www.Department10.University0.edu, Z=UndergraduateStudent274@Department10.University0.edu}, {X=http://www.Department10.University0.edu/UndergraduateStudent89, Y=http://www.Department10.University0.edu, Z=UndergraduateStudent89@Department10.University0.edu}, {X=http://www.Department10.University0.edu/GraduateStudent133, Y=http://www.Department10.University0.edu, Z=GraduateStudent133@Department10.University0.edu}, {X=http://www.Department10.University0.edu/UndergraduateStudent285, Y=http://www.Department10.University0.edu, Z=UndergraduateStudent285@Department10.University0.edu}, {X=http://www.Department10.University0.edu/UndergraduateStudent224, Y=http://www.Department10.University0.edu, Z=UndergraduateStudent224@Department10.University0.edu}, {X=http://www.Department10.University0.edu/UndergraduateStudent387, Y=http://www.Department10.University0.edu, Z=UndergraduateStudent387@Department10.University0.edu}, {X=http://www.Department10.University0.edu/UndergraduateStudent345, Y=http://www.Department10.University0.edu, Z=UndergraduateStudent345@Department10.University0.edu}, {X=http://www.Department10.University0.edu/UndergraduateStudent364, Y=http://www.Department10.University0.edu, Z=UndergraduateStudent364@Department10.University0.edu}, {X=http://www.Department10.University0.edu/UndergraduateStudent375, Y=http://www.Department10.University0.edu, Z=UndergraduateStudent375@Department10.University0.edu}, {X=http://www.Department10.University0.edu/UndergraduateStudent156, Y=http://www.Department10.University0.edu, Z=UndergraduateStudent156@Department10.University0.edu}, {X=http://www.Department10.University0.edu/UndergraduateStudent337, Y=http://www.Department10.University0.edu, Z=UndergraduateStudent337@Department10.University0.edu}, {X=http://www.Department10.University0.edu/GraduateStudent32, Y=http://www.Department10.University0.edu, Z=GraduateStudent32@Department10.University0.edu}, {X=http://www.Department10.University0.edu/UndergraduateStudent111, Y=http://www.Department10.University0.edu, Z=UndergraduateStudent111@Department10.University0.edu}, {X=http://www.Department10.University0.edu/GraduateStudent92, Y=http://www.Department10.University0.edu, Z=GraduateStudent92@Department10.University0.edu}, {X=http://www.Department10.University0.edu/UndergraduateStudent55, Y=http://www.Department10.University0.edu, Z=UndergraduateStudent55@Department10.University0.edu}, {X=http://www.Department10.University0.edu/GraduateStudent90, Y=http://www.Department10.University0.edu, Z=GraduateStudent90@Department10.University0.edu}, {X=http://www.Department10.University0.edu/GraduateStudent51, Y=http://www.Department10.University0.edu, Z=GraduateStudent51@Department10.University0.edu}, {X=http://www.Department10.University0.edu/UndergraduateStudent193, Y=http://www.Department10.University0.edu, Z=UndergraduateStudent193@Department10.University0.edu}, {X=http://www.Department10.University0.edu/UndergraduateStudent400, Y=http://www.Department10.University0.edu, Z=UndergraduateStudent400@Department10.University0.edu}, {X=http://www.Department10.University0.edu/UndergraduateStudent108, Y=http://www.Department10.University0.edu, Z=UndergraduateStudent108@Department10.University0.edu}, {X=http://www.Department10.University0.edu/UndergraduateStudent69, Y=http://www.Department10.University0.edu, Z=UndergraduateStudent69@Department10.University0.edu}, {X=http://www.Department10.University0.edu/UndergraduateStudent132, Y=http://www.Department10.University0.edu, Z=UndergraduateStudent132@Department10.University0.edu}, {X=http://www.Department10.University0.edu/UndergraduateStudent99, Y=http://www.Department10.University0.edu, Z=UndergraduateStudent99@Department10.University0.edu}, {X=http://www.Department10.University0.edu/UndergraduateStudent226, Y=http://www.Department10.University0.edu, Z=UndergraduateStudent226@Department10.University0.edu}, {X=http://www.Department10.University0.edu/UndergraduateStudent362, Y=http://www.Department10.University0.edu, Z=UndergraduateStudent362@Department10.University0.edu}, {X=http://www.Department10.University0.edu/UndergraduateStudent81, Y=http://www.Department10.University0.edu, Z=UndergraduateStudent81@Department10.University0.edu}, {X=http://www.Department10.University0.edu/UndergraduateStudent203, Y=http://www.Department10.University0.edu, Z=UndergraduateStudent203@Department10.University0.edu}, {X=http://www.Department10.University0.edu/UndergraduateStudent334, Y=http://www.Department10.University0.edu, Z=UndergraduateStudent334@Department10.University0.edu}, {X=http://www.Department10.University0.edu/GraduateStudent122, Y=http://www.Department10.University0.edu, Z=GraduateStudent122@Department10.University0.edu}, {X=http://www.Department10.University0.edu/GraduateStudent1, Y=http://www.Department10.University0.edu, Z=GraduateStudent1@Department10.University0.edu}, {X=http://www.Department10.University0.edu/GraduateStudent114, Y=http://www.Department10.University0.edu, Z=GraduateStudent114@Department10.University0.edu}, {X=http://www.Department10.University0.edu/UndergraduateStudent378, Y=http://www.Department10.University0.edu, Z=UndergraduateStudent378@Department10.University0.edu}, {X=http://www.Department10.University0.edu/UndergraduateStudent264, Y=http://www.Department10.University0.edu, Z=UndergraduateStudent264@Department10.University0.edu}, {X=http://www.Department10.University0.edu/UndergraduateStudent338, Y=http://www.Department10.University0.edu, Z=UndergraduateStudent338@Department10.University0.edu}, {X=http://www.Department10.University0.edu/GraduateStudent88, Y=http://www.Department10.University0.edu, Z=GraduateStudent88@Department10.University0.edu}, {X=http://www.Department10.University0.edu/GraduateStudent15, Y=http://www.Department10.University0.edu, Z=GraduateStudent15@Department10.University0.edu}, {X=http://www.Department10.University0.edu/UndergraduateStudent176, Y=http://www.Department10.University0.edu, Z=UndergraduateStudent176@Department10.University0.edu}, {X=http://www.Department10.University0.edu/UndergraduateStudent45, Y=http://www.Department10.University0.edu, Z=UndergraduateStudent45@Department10.University0.edu}, {X=http://www.Department10.University0.edu/UndergraduateStudent86, Y=http://www.Department10.University0.edu, Z=UndergraduateStudent86@Department10.University0.edu}, {X=http://www.Department10.University0.edu/GraduateStudent127, Y=http://www.Department10.University0.edu, Z=GraduateStudent127@Department10.University0.edu}, {X=http://www.Department10.University0.edu/UndergraduateStudent165, Y=http://www.Department10.University0.edu, Z=UndergraduateStudent165@Department10.University0.edu}, {X=http://www.Department10.University0.edu/UndergraduateStudent172, Y=http://www.Department10.University0.edu, Z=UndergraduateStudent172@Department10.University0.edu}, {X=http://www.Department10.University0.edu/UndergraduateStudent268, Y=http://www.Department10.University0.edu, Z=UndergraduateStudent268@Department10.University0.edu}, {X=http://www.Department10.University0.edu/UndergraduateStudent251, Y=http://www.Department10.University0.edu, Z=UndergraduateStudent251@Department10.University0.edu}, {X=http://www.Department10.University0.edu/GraduateStudent66, Y=http://www.Department10.University0.edu, Z=GraduateStudent66@Department10.University0.edu}, {X=http://www.Department10.University0.edu/UndergraduateStudent254, Y=http://www.Department10.University0.edu, Z=UndergraduateStudent254@Department10.University0.edu}, {X=http://www.Department10.University0.edu/UndergraduateStudent190, Y=http://www.Department10.University0.edu, Z=UndergraduateStudent190@Department10.University0.edu}, {X=http://www.Department10.University0.edu/UndergraduateStudent408, Y=http://www.Department10.University0.edu, Z=UndergraduateStudent408@Department10.University0.edu}, {X=http://www.Department10.University0.edu/GraduateStudent2, Y=http://www.Department10.University0.edu, Z=GraduateStudent2@Department10.University0.edu}, {X=http://www.Department10.University0.edu/UndergraduateStudent118, Y=http://www.Department10.University0.edu, Z=UndergraduateStudent118@Department10.University0.edu}, {X=http://www.Department10.University0.edu/UndergraduateStudent367, Y=http://www.Department10.University0.edu, Z=UndergraduateStudent367@Department10.University0.edu}, {X=http://www.Department10.University0.edu/UndergraduateStudent77, Y=http://www.Department10.University0.edu, Z=UndergraduateStudent77@Department10.University0.edu}, {X=http://www.Department10.University0.edu/UndergraduateStudent374, Y=http://www.Department10.University0.edu, Z=UndergraduateStudent374@Department10.University0.edu}, {X=http://www.Department10.University0.edu/UndergraduateStudent398, Y=http://www.Department10.University0.edu, Z=UndergraduateStudent398@Department10.University0.edu}, {X=http://www.Department10.University0.edu/UndergraduateStudent135, Y=http://www.Department10.University0.edu, Z=UndergraduateStudent135@Department10.University0.edu}, {X=http://www.Department10.University0.edu/UndergraduateStudent58, Y=http://www.Department10.University0.edu, Z=UndergraduateStudent58@Department10.University0.edu}, {X=http://www.Department10.University0.edu/UndergraduateStudent306, Y=http://www.Department10.University0.edu, Z=UndergraduateStudent306@Department10.University0.edu}, {X=http://www.Department10.University0.edu/GraduateStudent0, Y=http://www.Department10.University0.edu, Z=GraduateStudent0@Department10.University0.edu}, {X=http://www.Department10.University0.edu/UndergraduateStudent71, Y=http://www.Department10.University0.edu, Z=UndergraduateStudent71@Department10.University0.edu}, {X=http://www.Department10.University0.edu/UndergraduateStudent157, Y=http://www.Department10.University0.edu, Z=UndergraduateStudent157@Department10.University0.edu}, {X=http://www.Department10.University0.edu/UndergraduateStudent119, Y=http://www.Department10.University0.edu, Z=UndergraduateStudent119@Department10.University0.edu}, {X=http://www.Department10.University0.edu/UndergraduateStudent235, Y=http://www.Department10.University0.edu, Z=UndergraduateStudent235@Department10.University0.edu}, {X=http://www.Department10.University0.edu/UndergraduateStudent25, Y=http://www.Department10.University0.edu, Z=UndergraduateStudent25@Department10.University0.edu}, {X=http://www.Department10.University0.edu/UndergraduateStudent325, Y=http://www.Department10.University0.edu, Z=UndergraduateStudent325@Department10.University0.edu}, {X=http://www.Department10.University0.edu/GraduateStudent21, Y=http://www.Department10.University0.edu, Z=GraduateStudent21@Department10.University0.edu}, {X=http://www.Department10.University0.edu/UndergraduateStudent236, Y=http://www.Department10.University0.edu, Z=UndergraduateStudent236@Department10.University0.edu}, {X=http://www.Department10.University0.edu/UndergraduateStudent96, Y=http://www.Department10.University0.edu, Z=UndergraduateStudent96@Department10.University0.edu}, {X=http://www.Department10.University0.edu/UndergraduateStudent255, Y=http://www.Department10.University0.edu, Z=UndergraduateStudent255@Department10.University0.edu}, {X=http://www.Department10.University0.edu/UndergraduateStudent0, Y=http://www.Department10.University0.edu, Z=UndergraduateStudent0@Department10.University0.edu}, {X=http://www.Department10.University0.edu/UndergraduateStudent313, Y=http://www.Department10.University0.edu, Z=UndergraduateStudent313@Department10.University0.edu}, {X=http://www.Department10.University0.edu/UndergraduateStudent399, Y=http://www.Department10.University0.edu, Z=UndergraduateStudent399@Department10.University0.edu}, {X=http://www.Department10.University0.edu/UndergraduateStudent267, Y=http://www.Department10.University0.edu, Z=UndergraduateStudent267@Department10.University0.edu}, {X=http://www.Department10.University0.edu/UndergraduateStudent38, Y=http://www.Department10.University0.edu, Z=UndergraduateStudent38@Department10.University0.edu}, {X=http://www.Department10.University0.edu/GraduateStudent57, Y=http://www.Department10.University0.edu, Z=GraduateStudent57@Department10.University0.edu}, {X=http://www.Department10.University0.edu/UndergraduateStudent180, Y=http://www.Department10.University0.edu, Z=UndergraduateStudent180@Department10.University0.edu}, {X=http://www.Department10.University0.edu/UndergraduateStudent143, Y=http://www.Department10.University0.edu, Z=UndergraduateStudent143@Department10.University0.edu}, {X=http://www.Department10.University0.edu/UndergraduateStudent76, Y=http://www.Department10.University0.edu, Z=UndergraduateStudent76@Department10.University0.edu}, {X=http://www.Department10.University0.edu/UndergraduateStudent101, Y=http://www.Department10.University0.edu, Z=UndergraduateStudent101@Department10.University0.edu}, {X=http://www.Department10.University0.edu/UndergraduateStudent342, Y=http://www.Department10.University0.edu, Z=UndergraduateStudent342@Department10.University0.edu}, {X=http://www.Department10.University0.edu/UndergraduateStudent168, Y=http://www.Department10.University0.edu, Z=UndergraduateStudent168@Department10.University0.edu}, {X=http://www.Department10.University0.edu/UndergraduateStudent6, Y=http://www.Department10.University0.edu, Z=UndergraduateStudent6@Department10.University0.edu}, {X=http://www.Department10.University0.edu/UndergraduateStudent144, Y=http://www.Department10.University0.edu, Z=UndergraduateStudent144@Department10.University0.edu}, {X=http://www.Department10.University0.edu/UndergraduateStudent311, Y=http://www.Department10.University0.edu, Z=UndergraduateStudent311@Department10.University0.edu}, {X=http://www.Department10.University0.edu/GraduateStudent44, Y=http://www.Department10.University0.edu, Z=GraduateStudent44@Department10.University0.edu}, {X=http://www.Department10.University0.edu/GraduateStudent30, Y=http://www.Department10.University0.edu, Z=GraduateStudent30@Department10.University0.edu}, {X=http://www.Department10.University0.edu/UndergraduateStudent152, Y=http://www.Department10.University0.edu, Z=UndergraduateStudent152@Department10.University0.edu}, {X=http://www.Department10.University0.edu/UndergraduateStudent72, Y=http://www.Department10.University0.edu, Z=UndergraduateStudent72@Department10.University0.edu}, {X=http://www.Department10.University0.edu/UndergraduateStudent341, Y=http://www.Department10.University0.edu, Z=UndergraduateStudent341@Department10.University0.edu}, {X=http://www.Department10.University0.edu/GraduateStudent46, Y=http://www.Department10.University0.edu, Z=GraduateStudent46@Department10.University0.edu}, {X=http://www.Department10.University0.edu/UndergraduateStudent336, Y=http://www.Department10.University0.edu, Z=UndergraduateStudent336@Department10.University0.edu}, {X=http://www.Department10.University0.edu/UndergraduateStudent350, Y=http://www.Department10.University0.edu, Z=UndergraduateStudent350@Department10.University0.edu}, {X=http://www.Department10.University0.edu/GraduateStudent76, Y=http://www.Department10.University0.edu, Z=GraduateStudent76@Department10.University0.edu}, {X=http://www.Department10.University0.edu/GraduateStudent40, Y=http://www.Department10.University0.edu, Z=GraduateStudent40@Department10.University0.edu}, {X=http://www.Department10.University0.edu/UndergraduateStudent162, Y=http://www.Department10.University0.edu, Z=UndergraduateStudent162@Department10.University0.edu}, {X=http://www.Department10.University0.edu/GraduateStudent97, Y=http://www.Department10.University0.edu, Z=GraduateStudent97@Department10.University0.edu}, {X=http://www.Department10.University0.edu/UndergraduateStudent159, Y=http://www.Department10.University0.edu, Z=UndergraduateStudent159@Department10.University0.edu}, {X=http://www.Department10.University0.edu/UndergraduateStudent109, Y=http://www.Department10.University0.edu, Z=UndergraduateStudent109@Department10.University0.edu}, {X=http://www.Department10.University0.edu/GraduateStudent99, Y=http://www.Department10.University0.edu, Z=GraduateStudent99@Department10.University0.edu}, {X=http://www.Department10.University0.edu/UndergraduateStudent365, Y=http://www.Department10.University0.edu, Z=UndergraduateStudent365@Department10.University0.edu}, {X=http://www.Department10.University0.edu/UndergraduateStudent4, Y=http://www.Department10.University0.edu, Z=UndergraduateStudent4@Department10.University0.edu}, {X=http://www.Department10.University0.edu/GraduateStudent62, Y=http://www.Department10.University0.edu, Z=GraduateStudent62@Department10.University0.edu}, {X=http://www.Department10.University0.edu/GraduateStudent12, Y=http://www.Department10.University0.edu, Z=GraduateStudent12@Department10.University0.edu}, {X=http://www.Department10.University0.edu/UndergraduateStudent379, Y=http://www.Department10.University0.edu, Z=UndergraduateStudent379@Department10.University0.edu}, {X=http://www.Department10.University0.edu/GraduateStudent61, Y=http://www.Department10.University0.edu, Z=GraduateStudent61@Department10.University0.edu}, {X=http://www.Department10.University0.edu/GraduateStudent124, Y=http://www.Department10.University0.edu, Z=GraduateStudent124@Department10.University0.edu}, {X=http://www.Department10.University0.edu/UndergraduateStudent384, Y=http://www.Department10.University0.edu, Z=UndergraduateStudent384@Department10.University0.edu}, {X=http://www.Department10.University0.edu/UndergraduateStudent28, Y=http://www.Department10.University0.edu, Z=UndergraduateStudent28@Department10.University0.edu}, {X=http://www.Department10.University0.edu/UndergraduateStudent192, Y=http://www.Department10.University0.edu, Z=UndergraduateStudent192@Department10.University0.edu}, {X=http://www.Department10.University0.edu/UndergraduateStudent42, Y=http://www.Department10.University0.edu, Z=UndergraduateStudent42@Department10.University0.edu}, {X=http://www.Department10.University0.edu/UndergraduateStudent153, Y=http://www.Department10.University0.edu, Z=UndergraduateStudent153@Department10.University0.edu}, {X=http://www.Department10.University0.edu/UndergraduateStudent160, Y=http://www.Department10.University0.edu, Z=UndergraduateStudent160@Department10.University0.edu}, {X=http://www.Department10.University0.edu/UndergraduateStudent154, Y=http://www.Department10.University0.edu, Z=UndergraduateStudent154@Department10.University0.edu}, {X=http://www.Department10.University0.edu/GraduateStudent29, Y=http://www.Department10.University0.edu, Z=GraduateStudent29@Department10.University0.edu}, {X=http://www.Department10.University0.edu/GraduateStudent118, Y=http://www.Department10.University0.edu, Z=GraduateStudent118@Department10.University0.edu}, {X=http://www.Department10.University0.edu/GraduateStudent80, Y=http://www.Department10.University0.edu, Z=GraduateStudent80@Department10.University0.edu}, {X=http://www.Department10.University0.edu/UndergraduateStudent18, Y=http://www.Department10.University0.edu, Z=UndergraduateStudent18@Department10.University0.edu}, {X=http://www.Department10.University0.edu/UndergraduateStudent328, Y=http://www.Department10.University0.edu, Z=UndergraduateStudent328@Department10.University0.edu}, {X=http://www.Department10.University0.edu/GraduateStudent60, Y=http://www.Department10.University0.edu, Z=GraduateStudent60@Department10.University0.edu}, {X=http://www.Department10.University0.edu/UndergraduateStudent315, Y=http://www.Department10.University0.edu, Z=UndergraduateStudent315@Department10.University0.edu}, {X=http://www.Department10.University0.edu/GraduateStudent113, Y=http://www.Department10.University0.edu, Z=GraduateStudent113@Department10.University0.edu}, {X=http://www.Department10.University0.edu/UndergraduateStudent130, Y=http://www.Department10.University0.edu, Z=UndergraduateStudent130@Department10.University0.edu}, {X=http://www.Department10.University0.edu/UndergraduateStudent34, Y=http://www.Department10.University0.edu, Z=UndergraduateStudent34@Department10.University0.edu}, {X=http://www.Department10.University0.edu/UndergraduateStudent231, Y=http://www.Department10.University0.edu, Z=UndergraduateStudent231@Department10.University0.edu}, {X=http://www.Department10.University0.edu/GraduateStudent86, Y=http://www.Department10.University0.edu, Z=GraduateStudent86@Department10.University0.edu}, {X=http://www.Department10.University0.edu/UndergraduateStudent229, Y=http://www.Department10.University0.edu, Z=UndergraduateStudent229@Department10.University0.edu}, {X=http://www.Department10.University0.edu/UndergraduateStudent303, Y=http://www.Department10.University0.edu, Z=UndergraduateStudent303@Department10.University0.edu}, {X=http://www.Department10.University0.edu/UndergraduateStudent171, Y=http://www.Department10.University0.edu, Z=UndergraduateStudent171@Department10.University0.edu}, {X=http://www.Department10.University0.edu/UndergraduateStudent47, Y=http://www.Department10.University0.edu, Z=UndergraduateStudent47@Department10.University0.edu}, {X=http://www.Department10.University0.edu/UndergraduateStudent94, Y=http://www.Department10.University0.edu, Z=UndergraduateStudent94@Department10.University0.edu}, {X=http://www.Department10.University0.edu/GraduateStudent45, Y=http://www.Department10.University0.edu, Z=GraduateStudent45@Department10.University0.edu}, {X=http://www.Department10.University0.edu/UndergraduateStudent318, Y=http://www.Department10.University0.edu, Z=UndergraduateStudent318@Department10.University0.edu}, {X=http://www.Department10.University0.edu/GraduateStudent23, Y=http://www.Department10.University0.edu, Z=GraduateStudent23@Department10.University0.edu}, {X=http://www.Department10.University0.edu/UndergraduateStudent35, Y=http://www.Department10.University0.edu, Z=UndergraduateStudent35@Department10.University0.edu}, {X=http://www.Department10.University0.edu/UndergraduateStudent320, Y=http://www.Department10.University0.edu, Z=UndergraduateStudent320@Department10.University0.edu}, {X=http://www.Department10.University0.edu/UndergraduateStudent113, Y=http://www.Department10.University0.edu, Z=UndergraduateStudent113@Department10.University0.edu}, {X=http://www.Department10.University0.edu/UndergraduateStudent9, Y=http://www.Department10.University0.edu, Z=UndergraduateStudent9@Department10.University0.edu}, {X=http://www.Department10.University0.edu/UndergraduateStudent127, Y=http://www.Department10.University0.edu, Z=UndergraduateStudent127@Department10.University0.edu}, {X=http://www.Department10.University0.edu/UndergraduateStudent258, Y=http://www.Department10.University0.edu, Z=UndergraduateStudent258@Department10.University0.edu}, {X=http://www.Department10.University0.edu/GraduateStudent70, Y=http://www.Department10.University0.edu, Z=GraduateStudent70@Department10.University0.edu}, {X=http://www.Department10.University0.edu/UndergraduateStudent78, Y=http://www.Department10.University0.edu, Z=UndergraduateStudent78@Department10.University0.edu}, {X=http://www.Department10.University0.edu/UndergraduateStudent373, Y=http://www.Department10.University0.edu, Z=UndergraduateStudent373@Department10.University0.edu}, {X=http://www.Department10.University0.edu/GraduateStudent72, Y=http://www.Department10.University0.edu, Z=GraduateStudent72@Department10.University0.edu}, {X=http://www.Department10.University0.edu/UndergraduateStudent238, Y=http://www.Department10.University0.edu, Z=UndergraduateStudent238@Department10.University0.edu}, {X=http://www.Department10.University0.edu/UndergraduateStudent331, Y=http://www.Department10.University0.edu, Z=UndergraduateStudent331@Department10.University0.edu}, {X=http://www.Department10.University0.edu/UndergraduateStudent209, Y=http://www.Department10.University0.edu, Z=UndergraduateStudent209@Department10.University0.edu}, {X=http://www.Department10.University0.edu/UndergraduateStudent221, Y=http://www.Department10.University0.edu, Z=UndergraduateStudent221@Department10.University0.edu}, {X=http://www.Department10.University0.edu/UndergraduateStudent326, Y=http://www.Department10.University0.edu, Z=UndergraduateStudent326@Department10.University0.edu}, {X=http://www.Department10.University0.edu/UndergraduateStudent8, Y=http://www.Department10.University0.edu, Z=UndergraduateStudent8@Department10.University0.edu}, {X=http://www.Department10.University0.edu/UndergraduateStudent87, Y=http://www.Department10.University0.edu, Z=UndergraduateStudent87@Department10.University0.edu}, {X=http://www.Department10.University0.edu/UndergraduateStudent244, Y=http://www.Department10.University0.edu, Z=UndergraduateStudent244@Department10.University0.edu}, {X=http://www.Department10.University0.edu/UndergraduateStudent300, Y=http://www.Department10.University0.edu, Z=UndergraduateStudent300@Department10.University0.edu}, {X=http://www.Department10.University0.edu/UndergraduateStudent262, Y=http://www.Department10.University0.edu, Z=UndergraduateStudent262@Department10.University0.edu}, {X=http://www.Department10.University0.edu/UndergraduateStudent10, Y=http://www.Department10.University0.edu, Z=UndergraduateStudent10@Department10.University0.edu}, {X=http://www.Department10.University0.edu/UndergraduateStudent356, Y=http://www.Department10.University0.edu, Z=UndergraduateStudent356@Department10.University0.edu}, {X=http://www.Department10.University0.edu/UndergraduateStudent391, Y=http://www.Department10.University0.edu, Z=UndergraduateStudent391@Department10.University0.edu}, {X=http://www.Department10.University0.edu/UndergraduateStudent346, Y=http://www.Department10.University0.edu, Z=UndergraduateStudent346@Department10.University0.edu}, {X=http://www.Department10.University0.edu/GraduateStudent121, Y=http://www.Department10.University0.edu, Z=GraduateStudent121@Department10.University0.edu}, {X=http://www.Department10.University0.edu/UndergraduateStudent185, Y=http://www.Department10.University0.edu, Z=UndergraduateStudent185@Department10.University0.edu}, {X=http://www.Department10.University0.edu/UndergraduateStudent301, Y=http://www.Department10.University0.edu, Z=UndergraduateStudent301@Department10.University0.edu}, {X=http://www.Department10.University0.edu/GraduateStudent43, Y=http://www.Department10.University0.edu, Z=GraduateStudent43@Department10.University0.edu}, {X=http://www.Department10.University0.edu/UndergraduateStudent404, Y=http://www.Department10.University0.edu, Z=UndergraduateStudent404@Department10.University0.edu}, {X=http://www.Department10.University0.edu/UndergraduateStudent11, Y=http://www.Department10.University0.edu, Z=UndergraduateStudent11@Department10.University0.edu}, {X=http://www.Department10.University0.edu/UndergraduateStudent316, Y=http://www.Department10.University0.edu, Z=UndergraduateStudent316@Department10.University0.edu}, {X=http://www.Department10.University0.edu/UndergraduateStudent75, Y=http://www.Department10.University0.edu, Z=UndergraduateStudent75@Department10.University0.edu}, {X=http://www.Department10.University0.edu/UndergraduateStudent93, Y=http://www.Department10.University0.edu, Z=UndergraduateStudent93@Department10.University0.edu}, {X=http://www.Department10.University0.edu/GraduateStudent89, Y=http://www.Department10.University0.edu, Z=GraduateStudent89@Department10.University0.edu}, {X=http://www.Department10.University0.edu/GraduateStudent136, Y=http://www.Department10.University0.edu, Z=GraduateStudent136@Department10.University0.edu}, {X=http://www.Department10.University0.edu/UndergraduateStudent52, Y=http://www.Department10.University0.edu, Z=UndergraduateStudent52@Department10.University0.edu}, {X=http://www.Department10.University0.edu/UndergraduateStudent40, Y=http://www.Department10.University0.edu, Z=UndergraduateStudent40@Department10.University0.edu}, {X=http://www.Department10.University0.edu/UndergraduateStudent358, Y=http://www.Department10.University0.edu, Z=UndergraduateStudent358@Department10.University0.edu}, {X=http://www.Department10.University0.edu/UndergraduateStudent37, Y=http://www.Department10.University0.edu, Z=UndergraduateStudent37@Department10.University0.edu}, {X=http://www.Department10.University0.edu/UndergraduateStudent196, Y=http://www.Department10.University0.edu, Z=UndergraduateStudent196@Department10.University0.edu}, {X=http://www.Department10.University0.edu/UndergraduateStudent164, Y=http://www.Department10.University0.edu, Z=UndergraduateStudent164@Department10.University0.edu}, {X=http://www.Department10.University0.edu/UndergraduateStudent16, Y=http://www.Department10.University0.edu, Z=UndergraduateStudent16@Department10.University0.edu}, {X=http://www.Department10.University0.edu/UndergraduateStudent17, Y=http://www.Department10.University0.edu, Z=UndergraduateStudent17@Department10.University0.edu}, {X=http://www.Department10.University0.edu/GraduateStudent84, Y=http://www.Department10.University0.edu, Z=GraduateStudent84@Department10.University0.edu}, {X=http://www.Department10.University0.edu/GraduateStudent132, Y=http://www.Department10.University0.edu, Z=GraduateStudent132@Department10.University0.edu}, {X=http://www.Department10.University0.edu/UndergraduateStudent20, Y=http://www.Department10.University0.edu, Z=UndergraduateStudent20@Department10.University0.edu}, {X=http://www.Department10.University0.edu/UndergraduateStudent294, Y=http://www.Department10.University0.edu, Z=UndergraduateStudent294@Department10.University0.edu}, {X=http://www.Department10.University0.edu/UndergraduateStudent282, Y=http://www.Department10.University0.edu, Z=UndergraduateStudent282@Department10.University0.edu}, {X=http://www.Department10.University0.edu/UndergraduateStudent388, Y=http://www.Department10.University0.edu, Z=UndergraduateStudent388@Department10.University0.edu}, {X=http://www.Department10.University0.edu/UndergraduateStudent370, Y=http://www.Department10.University0.edu, Z=UndergraduateStudent370@Department10.University0.edu}, {X=http://www.Department10.University0.edu/UndergraduateStudent216, Y=http://www.Department10.University0.edu, Z=UndergraduateStudent216@Department10.University0.edu}, {X=http://www.Department10.University0.edu/GraduateStudent112, Y=http://www.Department10.University0.edu, Z=GraduateStudent112@Department10.University0.edu}, {X=http://www.Department10.University0.edu/UndergraduateStudent292, Y=http://www.Department10.University0.edu, Z=UndergraduateStudent292@Department10.University0.edu}, {X=http://www.Department10.University0.edu/UndergraduateStudent270, Y=http://www.Department10.University0.edu, Z=UndergraduateStudent270@Department10.University0.edu}, {X=http://www.Department10.University0.edu/UndergraduateStudent340, Y=http://www.Department10.University0.edu, Z=UndergraduateStudent340@Department10.University0.edu}, {X=http://www.Department10.University0.edu/UndergraduateStudent309, Y=http://www.Department10.University0.edu, Z=UndergraduateStudent309@Department10.University0.edu}, {X=http://www.Department10.University0.edu/UndergraduateStudent142, Y=http://www.Department10.University0.edu, Z=UndergraduateStudent142@Department10.University0.edu}, {X=http://www.Department10.University0.edu/UndergraduateStudent310, Y=http://www.Department10.University0.edu, Z=UndergraduateStudent310@Department10.University0.edu}, {X=http://www.Department10.University0.edu/UndergraduateStudent129, Y=http://www.Department10.University0.edu, Z=UndergraduateStudent129@Department10.University0.edu}, {X=http://www.Department10.University0.edu/UndergraduateStudent249, Y=http://www.Department10.University0.edu, Z=UndergraduateStudent249@Department10.University0.edu}, {X=http://www.Department10.University0.edu/UndergraduateStudent410, Y=http://www.Department10.University0.edu, Z=UndergraduateStudent410@Department10.University0.edu}, {X=http://www.Department10.University0.edu/UndergraduateStudent147, Y=http://www.Department10.University0.edu, Z=UndergraduateStudent147@Department10.University0.edu}, {X=http://www.Department10.University0.edu/UndergraduateStudent59, Y=http://www.Department10.University0.edu, Z=UndergraduateStudent59@Department10.University0.edu}, {X=http://www.Department10.University0.edu/UndergraduateStudent181, Y=http://www.Department10.University0.edu, Z=UndergraduateStudent181@Department10.University0.edu}, {X=http://www.Department10.University0.edu/UndergraduateStudent213, Y=http://www.Department10.University0.edu, Z=UndergraduateStudent213@Department10.University0.edu}, {X=http://www.Department10.University0.edu/UndergraduateStudent386, Y=http://www.Department10.University0.edu, Z=UndergraduateStudent386@Department10.University0.edu}, {X=http://www.Department10.University0.edu/GraduateStudent109, Y=http://www.Department10.University0.edu, Z=GraduateStudent109@Department10.University0.edu}, {X=http://www.Department10.University0.edu/UndergraduateStudent295, Y=http://www.Department10.University0.edu, Z=UndergraduateStudent295@Department10.University0.edu}, {X=http://www.Department10.University0.edu/GraduateStudent105, Y=http://www.Department10.University0.edu, Z=GraduateStudent105@Department10.University0.edu}, {X=http://www.Department10.University0.edu/UndergraduateStudent396, Y=http://www.Department10.University0.edu, Z=UndergraduateStudent396@Department10.University0.edu}, {X=http://www.Department10.University0.edu/UndergraduateStudent121, Y=http://www.Department10.University0.edu, Z=UndergraduateStudent121@Department10.University0.edu}, {X=http://www.Department10.University0.edu/GraduateStudent14, Y=http://www.Department10.University0.edu, Z=GraduateStudent14@Department10.University0.edu}, {X=http://www.Department10.University0.edu/UndergraduateStudent212, Y=http://www.Department10.University0.edu, Z=UndergraduateStudent212@Department10.University0.edu}, {X=http://www.Department10.University0.edu/GraduateStudent20, Y=http://www.Department10.University0.edu, Z=GraduateStudent20@Department10.University0.edu}, {X=http://www.Department10.University0.edu/UndergraduateStudent66, Y=http://www.Department10.University0.edu, Z=UndergraduateStudent66@Department10.University0.edu}, {X=http://www.Department10.University0.edu/UndergraduateStudent61, Y=http://www.Department10.University0.edu, Z=UndergraduateStudent61@Department10.University0.edu}, {X=http://www.Department10.University0.edu/GraduateStudent64, Y=http://www.Department10.University0.edu, Z=GraduateStudent64@Department10.University0.edu}, {X=http://www.Department10.University0.edu/UndergraduateStudent279, Y=http://www.Department10.University0.edu, Z=UndergraduateStudent279@Department10.University0.edu}, {X=http://www.Department10.University0.edu/UndergraduateStudent74, Y=http://www.Department10.University0.edu, Z=UndergraduateStudent74@Department10.University0.edu}, {X=http://www.Department10.University0.edu/UndergraduateStudent198, Y=http://www.Department10.University0.edu, Z=UndergraduateStudent198@Department10.University0.edu}, {X=http://www.Department10.University0.edu/UndergraduateStudent277, Y=http://www.Department10.University0.edu, Z=UndergraduateStudent277@Department10.University0.edu}, {X=http://www.Department10.University0.edu/UndergraduateStudent240, Y=http://www.Department10.University0.edu, Z=UndergraduateStudent240@Department10.University0.edu}, {X=http://www.Department10.University0.edu/UndergraduateStudent304, Y=http://www.Department10.University0.edu, Z=UndergraduateStudent304@Department10.University0.edu}, {X=http://www.Department10.University0.edu/UndergraduateStudent252, Y=http://www.Department10.University0.edu, Z=UndergraduateStudent252@Department10.University0.edu}, {X=http://www.Department10.University0.edu/UndergraduateStudent204, Y=http://www.Department10.University0.edu, Z=UndergraduateStudent204@Department10.University0.edu}, {X=http://www.Department10.University0.edu/UndergraduateStudent214, Y=http://www.Department10.University0.edu, Z=UndergraduateStudent214@Department10.University0.edu}, {X=http://www.Department10.University0.edu/UndergraduateStudent149, Y=http://www.Department10.University0.edu, Z=UndergraduateStudent149@Department10.University0.edu}, {X=http://www.Department10.University0.edu/GraduateStudent116, Y=http://www.Department10.University0.edu, Z=GraduateStudent116@Department10.University0.edu}, {X=http://www.Department10.University0.edu/UndergraduateStudent116, Y=http://www.Department10.University0.edu, Z=UndergraduateStudent116@Department10.University0.edu}, {X=http://www.Department10.University0.edu/UndergraduateStudent299, Y=http://www.Department10.University0.edu, Z=UndergraduateStudent299@Department10.University0.edu}, {X=http://www.Department10.University0.edu/UndergraduateStudent3, Y=http://www.Department10.University0.edu, Z=UndergraduateStudent3@Department10.University0.edu}, {X=http://www.Department10.University0.edu/UndergraduateStudent15, Y=http://www.Department10.University0.edu, Z=UndergraduateStudent15@Department10.University0.edu}, {X=http://www.Department10.University0.edu/UndergraduateStudent261, Y=http://www.Department10.University0.edu, Z=UndergraduateStudent261@Department10.University0.edu}, {X=http://www.Department10.University0.edu/GraduateStudent100, Y=http://www.Department10.University0.edu, Z=GraduateStudent100@Department10.University0.edu}, {X=http://www.Department10.University0.edu/UndergraduateStudent80, Y=http://www.Department10.University0.edu, Z=UndergraduateStudent80@Department10.University0.edu}, {X=http://www.Department10.University0.edu/UndergraduateStudent406, Y=http://www.Department10.University0.edu, Z=UndergraduateStudent406@Department10.University0.edu}, {X=http://www.Department10.University0.edu/UndergraduateStudent369, Y=http://www.Department10.University0.edu, Z=UndergraduateStudent369@Department10.University0.edu}, {X=http://www.Department10.University0.edu/UndergraduateStudent175, Y=http://www.Department10.University0.edu, Z=UndergraduateStudent175@Department10.University0.edu}, {X=http://www.Department10.University0.edu/UndergraduateStudent148, Y=http://www.Department10.University0.edu, Z=UndergraduateStudent148@Department10.University0.edu}, {X=http://www.Department10.University0.edu/GraduateStudent129, Y=http://www.Department10.University0.edu, Z=GraduateStudent129@Department10.University0.edu}, {X=http://www.Department10.University0.edu/UndergraduateStudent122, Y=http://www.Department10.University0.edu, Z=UndergraduateStudent122@Department10.University0.edu}, {X=http://www.Department10.University0.edu/UndergraduateStudent228, Y=http://www.Department10.University0.edu, Z=UndergraduateStudent228@Department10.University0.edu}, {X=http://www.Department10.University0.edu/UndergraduateStudent102, Y=http://www.Department10.University0.edu, Z=UndergraduateStudent102@Department10.University0.edu}, {X=http://www.Department10.University0.edu/GraduateStudent115, Y=http://www.Department10.University0.edu, Z=GraduateStudent115@Department10.University0.edu}, {X=http://www.Department10.University0.edu/UndergraduateStudent354, Y=http://www.Department10.University0.edu, Z=UndergraduateStudent354@Department10.University0.edu}, {X=http://www.Department10.University0.edu/UndergraduateStudent174, Y=http://www.Department10.University0.edu, Z=UndergraduateStudent174@Department10.University0.edu}, {X=http://www.Department10.University0.edu/UndergraduateStudent155, Y=http://www.Department10.University0.edu, Z=UndergraduateStudent155@Department10.University0.edu}, {X=http://www.Department10.University0.edu/UndergraduateStudent349, Y=http://www.Department10.University0.edu, Z=UndergraduateStudent349@Department10.University0.edu}, {X=http://www.Department10.University0.edu/GraduateStudent82, Y=http://www.Department10.University0.edu, Z=GraduateStudent82@Department10.University0.edu}, {X=http://www.Department10.University0.edu/UndergraduateStudent219, Y=http://www.Department10.University0.edu, Z=UndergraduateStudent219@Department10.University0.edu}, {X=http://www.Department10.University0.edu/UndergraduateStudent243, Y=http://www.Department10.University0.edu, Z=UndergraduateStudent243@Department10.University0.edu}, {X=http://www.Department10.University0.edu/UndergraduateStudent26, Y=http://www.Department10.University0.edu, Z=UndergraduateStudent26@Department10.University0.edu}, {X=http://www.Department10.University0.edu/GraduateStudent9, Y=http://www.Department10.University0.edu, Z=GraduateStudent9@Department10.University0.edu}, {X=http://www.Department10.University0.edu/UndergraduateStudent247, Y=http://www.Department10.University0.edu, Z=UndergraduateStudent247@Department10.University0.edu}, {X=http://www.Department10.University0.edu/GraduateStudent49, Y=http://www.Department10.University0.edu, Z=GraduateStudent49@Department10.University0.edu}, {X=http://www.Department10.University0.edu/GraduateStudent108, Y=http://www.Department10.University0.edu, Z=GraduateStudent108@Department10.University0.edu}, {X=http://www.Department10.University0.edu/UndergraduateStudent272, Y=http://www.Department10.University0.edu, Z=UndergraduateStudent272@Department10.University0.edu}, {X=http://www.Department10.University0.edu/GraduateStudent81, Y=http://www.Department10.University0.edu, Z=GraduateStudent81@Department10.University0.edu}, {X=http://www.Department10.University0.edu/UndergraduateStudent239, Y=http://www.Department10.University0.edu, Z=UndergraduateStudent239@Department10.University0.edu}, {X=http://www.Department10.University0.edu/UndergraduateStudent13, Y=http://www.Department10.University0.edu, Z=UndergraduateStudent13@Department10.University0.edu}, {X=http://www.Department10.University0.edu/UndergraduateStudent195, Y=http://www.Department10.University0.edu, Z=UndergraduateStudent195@Department10.University0.edu}, {X=http://www.Department10.University0.edu/GraduateStudent94, Y=http://www.Department10.University0.edu, Z=GraduateStudent94@Department10.University0.edu}, {X=http://www.Department10.University0.edu/UndergraduateStudent183, Y=http://www.Department10.University0.edu, Z=UndergraduateStudent183@Department10.University0.edu}, {X=http://www.Department10.University0.edu/UndergraduateStudent163, Y=http://www.Department10.University0.edu, Z=UndergraduateStudent163@Department10.University0.edu}, {X=http://www.Department10.University0.edu/GraduateStudent65, Y=http://www.Department10.University0.edu, Z=GraduateStudent65@Department10.University0.edu}, {X=http://www.Department10.University0.edu/UndergraduateStudent27, Y=http://www.Department10.University0.edu, Z=UndergraduateStudent27@Department10.University0.edu}, {X=http://www.Department10.University0.edu/UndergraduateStudent30, Y=http://www.Department10.University0.edu, Z=UndergraduateStudent30@Department10.University0.edu}, {X=http://www.Department10.University0.edu/UndergraduateStudent125, Y=http://www.Department10.University0.edu, Z=UndergraduateStudent125@Department10.University0.edu}, {X=http://www.Department10.University0.edu/UndergraduateStudent14, Y=http://www.Department10.University0.edu, Z=UndergraduateStudent14@Department10.University0.edu}, {X=http://www.Department10.University0.edu/UndergraduateStudent70, Y=http://www.Department10.University0.edu, Z=UndergraduateStudent70@Department10.University0.edu}, {X=http://www.Department10.University0.edu/UndergraduateStudent53, Y=http://www.Department10.University0.edu, Z=UndergraduateStudent53@Department10.University0.edu}, {X=http://www.Department10.University0.edu/UndergraduateStudent329, Y=http://www.Department10.University0.edu, Z=UndergraduateStudent329@Department10.University0.edu}, {X=http://www.Department10.University0.edu/UndergraduateStudent139, Y=http://www.Department10.University0.edu, Z=UndergraduateStudent139@Department10.University0.edu}, {X=http://www.Department10.University0.edu/GraduateStudent18, Y=http://www.Department10.University0.edu, Z=GraduateStudent18@Department10.University0.edu}, {X=http://www.Department10.University0.edu/UndergraduateStudent333, Y=http://www.Department10.University0.edu, Z=UndergraduateStudent333@Department10.University0.edu}, {X=http://www.Department10.University0.edu/UndergraduateStudent359, Y=http://www.Department10.University0.edu, Z=UndergraduateStudent359@Department10.University0.edu}, {X=http://www.Department10.University0.edu/GraduateStudent19, Y=http://www.Department10.University0.edu, Z=GraduateStudent19@Department10.University0.edu}, {X=http://www.Department10.University0.edu/UndergraduateStudent187, Y=http://www.Department10.University0.edu, Z=UndergraduateStudent187@Department10.University0.edu}, {X=http://www.Department10.University0.edu/UndergraduateStudent202, Y=http://www.Department10.University0.edu, Z=UndergraduateStudent202@Department10.University0.edu}, {X=http://www.Department10.University0.edu/GraduateStudent91, Y=http://www.Department10.University0.edu, Z=GraduateStudent91@Department10.University0.edu}, {X=http://www.Department10.University0.edu/UndergraduateStudent385, Y=http://www.Department10.University0.edu, Z=UndergraduateStudent385@Department10.University0.edu}, {X=http://www.Department10.University0.edu/UndergraduateStudent286, Y=http://www.Department10.University0.edu, Z=UndergraduateStudent286@Department10.University0.edu}, {X=http://www.Department10.University0.edu/UndergraduateStudent206, Y=http://www.Department10.University0.edu, Z=UndergraduateStudent206@Department10.University0.edu}, {X=http://www.Department10.University0.edu/UndergraduateStudent225, Y=http://www.Department10.University0.edu, Z=UndergraduateStudent225@Department10.University0.edu}, {X=http://www.Department10.University0.edu/UndergraduateStudent182, Y=http://www.Department10.University0.edu, Z=UndergraduateStudent182@Department10.University0.edu}, {X=http://www.Department10.University0.edu/UndergraduateStudent283, Y=http://www.Department10.University0.edu, Z=UndergraduateStudent283@Department10.University0.edu}, {X=http://www.Department10.University0.edu/UndergraduateStudent161, Y=http://www.Department10.University0.edu, Z=UndergraduateStudent161@Department10.University0.edu}, {X=http://www.Department10.University0.edu/UndergraduateStudent23, Y=http://www.Department10.University0.edu, Z=UndergraduateStudent23@Department10.University0.edu}, {X=http://www.Department10.University0.edu/UndergraduateStudent401, Y=http://www.Department10.University0.edu, Z=UndergraduateStudent401@Department10.University0.edu}, {X=http://www.Department10.University0.edu/GraduateStudent54, Y=http://www.Department10.University0.edu, Z=GraduateStudent54@Department10.University0.edu}, {X=http://www.Department10.University0.edu/UndergraduateStudent321, Y=http://www.Department10.University0.edu, Z=UndergraduateStudent321@Department10.University0.edu}, {X=http://www.Department10.University0.edu/UndergraduateStudent296, Y=http://www.Department10.University0.edu, Z=UndergraduateStudent296@Department10.University0.edu}, {X=http://www.Department10.University0.edu/UndergraduateStudent178, Y=http://www.Department10.University0.edu, Z=UndergraduateStudent178@Department10.University0.edu}, {X=http://www.Department10.University0.edu/UndergraduateStudent344, Y=http://www.Department10.University0.edu, Z=UndergraduateStudent344@Department10.University0.edu}, {X=http://www.Department10.University0.edu/GraduateStudent25, Y=http://www.Department10.University0.edu, Z=GraduateStudent25@Department10.University0.edu}, {X=http://www.Department10.University0.edu/UndergraduateStudent257, Y=http://www.Department10.University0.edu, Z=UndergraduateStudent257@Department10.University0.edu}, {X=http://www.Department10.University0.edu/UndergraduateStudent383, Y=http://www.Department10.University0.edu, Z=UndergraduateStudent383@Department10.University0.edu}, {X=http://www.Department10.University0.edu/UndergraduateStudent63, Y=http://www.Department10.University0.edu, Z=UndergraduateStudent63@Department10.University0.edu}, {X=http://www.Department10.University0.edu/UndergraduateStudent57, Y=http://www.Department10.University0.edu, Z=UndergraduateStudent57@Department10.University0.edu}, {X=http://www.Department10.University0.edu/GraduateStudent104, Y=http://www.Department10.University0.edu, Z=GraduateStudent104@Department10.University0.edu}, {X=http://www.Department10.University0.edu/UndergraduateStudent335, Y=http://www.Department10.University0.edu, Z=UndergraduateStudent335@Department10.University0.edu}, {X=http://www.Department10.University0.edu/UndergraduateStudent207, Y=http://www.Department10.University0.edu, Z=UndergraduateStudent207@Department10.University0.edu}, {X=http://www.Department10.University0.edu/UndergraduateStudent248, Y=http://www.Department10.University0.edu, Z=UndergraduateStudent248@Department10.University0.edu}, {X=http://www.Department10.University0.edu/GraduateStudent11, Y=http://www.Department10.University0.edu, Z=GraduateStudent11@Department10.University0.edu}, {X=http://www.Department10.University0.edu/UndergraduateStudent298, Y=http://www.Department10.University0.edu, Z=UndergraduateStudent298@Department10.University0.edu}, {X=http://www.Department10.University0.edu/GraduateStudent13, Y=http://www.Department10.University0.edu, Z=GraduateStudent13@Department10.University0.edu}, {X=http://www.Department10.University0.edu/UndergraduateStudent90, Y=http://www.Department10.University0.edu, Z=UndergraduateStudent90@Department10.University0.edu}, {X=http://www.Department10.University0.edu/UndergraduateStudent194, Y=http://www.Department10.University0.edu, Z=UndergraduateStudent194@Department10.University0.edu}, {X=http://www.Department10.University0.edu/GraduateStudent68, Y=http://www.Department10.University0.edu, Z=GraduateStudent68@Department10.University0.edu}, {X=http://www.Department10.University0.edu/GraduateStudent10, Y=http://www.Department10.University0.edu, Z=GraduateStudent10@Department10.University0.edu}, {X=http://www.Department10.University0.edu/UndergraduateStudent173, Y=http://www.Department10.University0.edu, Z=UndergraduateStudent173@Department10.University0.edu}, {X=http://www.Department10.University0.edu/UndergraduateStudent39, Y=http://www.Department10.University0.edu, Z=UndergraduateStudent39@Department10.University0.edu}, {X=http://www.Department10.University0.edu/UndergraduateStudent217, Y=http://www.Department10.University0.edu, Z=UndergraduateStudent217@Department10.University0.edu}, {X=http://www.Department10.University0.edu/UndergraduateStudent158, Y=http://www.Department10.University0.edu, Z=UndergraduateStudent158@Department10.University0.edu}, {X=http://www.Department10.University0.edu/GraduateStudent93, Y=http://www.Department10.University0.edu, Z=GraduateStudent93@Department10.University0.edu}, {X=http://www.Department10.University0.edu/UndergraduateStudent211, Y=http://www.Department10.University0.edu, Z=UndergraduateStudent211@Department10.University0.edu}, {X=http://www.Department10.University0.edu/UndergraduateStudent382, Y=http://www.Department10.University0.edu, Z=UndergraduateStudent382@Department10.University0.edu}, {X=http://www.Department10.University0.edu/GraduateStudent39, Y=http://www.Department10.University0.edu, Z=GraduateStudent39@Department10.University0.edu}, {X=http://www.Department10.University0.edu/UndergraduateStudent201, Y=http://www.Department10.University0.edu, Z=UndergraduateStudent201@Department10.University0.edu}, {X=http://www.Department10.University0.edu/GraduateStudent63, Y=http://www.Department10.University0.edu, Z=GraduateStudent63@Department10.University0.edu}, {X=http://www.Department10.University0.edu/GraduateStudent52, Y=http://www.Department10.University0.edu, Z=GraduateStudent52@Department10.University0.edu}, {X=http://www.Department10.University0.edu/UndergraduateStudent353, Y=http://www.Department10.University0.edu, Z=UndergraduateStudent353@Department10.University0.edu}, {X=http://www.Department10.University0.edu/GraduateStudent101, Y=http://www.Department10.University0.edu, Z=GraduateStudent101@Department10.University0.edu}, {X=http://www.Department10.University0.edu/GraduateStudent125, Y=http://www.Department10.University0.edu, Z=GraduateStudent125@Department10.University0.edu}, {X=http://www.Department10.University0.edu/UndergraduateStudent2, Y=http://www.Department10.University0.edu, Z=UndergraduateStudent2@Department10.University0.edu}, {X=http://www.Department10.University0.edu/UndergraduateStudent62, Y=http://www.Department10.University0.edu, Z=UndergraduateStudent62@Department10.University0.edu}, {X=http://www.Department10.University0.edu/UndergraduateStudent22, Y=http://www.Department10.University0.edu, Z=UndergraduateStudent22@Department10.University0.edu}, {X=http://www.Department10.University0.edu/UndergraduateStudent234, Y=http://www.Department10.University0.edu, Z=UndergraduateStudent234@Department10.University0.edu}, {X=http://www.Department10.University0.edu/UndergraduateStudent308, Y=http://www.Department10.University0.edu, Z=UndergraduateStudent308@Department10.University0.edu}, {X=http://www.Department10.University0.edu/UndergraduateStudent97, Y=http://www.Department10.University0.edu, Z=UndergraduateStudent97@Department10.University0.edu}, {X=http://www.Department10.University0.edu/GraduateStudent4, Y=http://www.Department10.University0.edu, Z=GraduateStudent4@Department10.University0.edu}, {X=http://www.Department10.University0.edu/UndergraduateStudent377, Y=http://www.Department10.University0.edu, Z=UndergraduateStudent377@Department10.University0.edu}, {X=http://www.Department10.University0.edu/UndergraduateStudent41, Y=http://www.Department10.University0.edu, Z=UndergraduateStudent41@Department10.University0.edu}, {X=http://www.Department10.University0.edu/UndergraduateStudent250, Y=http://www.Department10.University0.edu, Z=UndergraduateStudent250@Department10.University0.edu}, {X=http://www.Department10.University0.edu/UndergraduateStudent330, Y=http://www.Department10.University0.edu, Z=UndergraduateStudent330@Department10.University0.edu}, {X=http://www.Department10.University0.edu/UndergraduateStudent227, Y=http://www.Department10.University0.edu, Z=UndergraduateStudent227@Department10.University0.edu}, {X=http://www.Department10.University0.edu/GraduateStudent96, Y=http://www.Department10.University0.edu, Z=GraduateStudent96@Department10.University0.edu}, {X=http://www.Department10.University0.edu/UndergraduateStudent199, Y=http://www.Department10.University0.edu, Z=UndergraduateStudent199@Department10.University0.edu}, {X=http://www.Department10.University0.edu/GraduateStudent131, Y=http://www.Department10.University0.edu, Z=GraduateStudent131@Department10.University0.edu}, {X=http://www.Department10.University0.edu/UndergraduateStudent265, Y=http://www.Department10.University0.edu, Z=UndergraduateStudent265@Department10.University0.edu}, {X=http://www.Department10.University0.edu/UndergraduateStudent131, Y=http://www.Department10.University0.edu, Z=UndergraduateStudent131@Department10.University0.edu}, {X=http://www.Department10.University0.edu/UndergraduateStudent48, Y=http://www.Department10.University0.edu, Z=UndergraduateStudent48@Department10.University0.edu}, {X=http://www.Department10.University0.edu/GraduateStudent33, Y=http://www.Department10.University0.edu, Z=GraduateStudent33@Department10.University0.edu}, {X=http://www.Department10.University0.edu/UndergraduateStudent137, Y=http://www.Department10.University0.edu, Z=UndergraduateStudent137@Department10.University0.edu}, {X=http://www.Department10.University0.edu/UndergraduateStudent281, Y=http://www.Department10.University0.edu, Z=UndergraduateStudent281@Department10.University0.edu}, {X=http://www.Department10.University0.edu/UndergraduateStudent166, Y=http://www.Department10.University0.edu, Z=UndergraduateStudent166@Department10.University0.edu}, {X=http://www.Department10.University0.edu/UndergraduateStudent233, Y=http://www.Department10.University0.edu, Z=UndergraduateStudent233@Department10.University0.edu}, {X=http://www.Department10.University0.edu/GraduateStudent98, Y=http://www.Department10.University0.edu, Z=GraduateStudent98@Department10.University0.edu}, {X=http://www.Department10.University0.edu/UndergraduateStudent67, Y=http://www.Department10.University0.edu, Z=UndergraduateStudent67@Department10.University0.edu}, {X=http://www.Department10.University0.edu/UndergraduateStudent85, Y=http://www.Department10.University0.edu, Z=UndergraduateStudent85@Department10.University0.edu}, {X=http://www.Department10.University0.edu/UndergraduateStudent88, Y=http://www.Department10.University0.edu, Z=UndergraduateStudent88@Department10.University0.edu}, {X=http://www.Department10.University0.edu/UndergraduateStudent120, Y=http://www.Department10.University0.edu, Z=UndergraduateStudent120@Department10.University0.edu}, {X=http://www.Department10.University0.edu/GraduateStudent123, Y=http://www.Department10.University0.edu, Z=GraduateStudent123@Department10.University0.edu}, {X=http://www.Department10.University0.edu/GraduateStudent110, Y=http://www.Department10.University0.edu, Z=GraduateStudent110@Department10.University0.edu}, {X=http://www.Department10.University0.edu/UndergraduateStudent36, Y=http://www.Department10.University0.edu, Z=UndergraduateStudent36@Department10.University0.edu}, {X=http://www.Department10.University0.edu/UndergraduateStudent151, Y=http://www.Department10.University0.edu, Z=UndergraduateStudent151@Department10.University0.edu}, {X=http://www.Department10.University0.edu/GraduateStudent31, Y=http://www.Department10.University0.edu, Z=GraduateStudent31@Department10.University0.edu}, {X=http://www.Department10.University0.edu/UndergraduateStudent82, Y=http://www.Department10.University0.edu, Z=UndergraduateStudent82@Department10.University0.edu}, {X=http://www.Department10.University0.edu/GraduateStudent35, Y=http://www.Department10.University0.edu, Z=GraduateStudent35@Department10.University0.edu}, {X=http://www.Department10.University0.edu/UndergraduateStudent241, Y=http://www.Department10.University0.edu, Z=UndergraduateStudent241@Department10.University0.edu}, {X=http://www.Department10.University0.edu/GraduateStudent34, Y=http://www.Department10.University0.edu, Z=GraduateStudent34@Department10.University0.edu}, {X=http://www.Department10.University0.edu/UndergraduateStudent126, Y=http://www.Department10.University0.edu, Z=UndergraduateStudent126@Department10.University0.edu}, {X=http://www.Department10.University0.edu/UndergraduateStudent184, Y=http://www.Department10.University0.edu, Z=UndergraduateStudent184@Department10.University0.edu}, {X=http://www.Department10.University0.edu/UndergraduateStudent169, Y=http://www.Department10.University0.edu, Z=UndergraduateStudent169@Department10.University0.edu}, {X=http://www.Department10.University0.edu/UndergraduateStudent12, Y=http://www.Department10.University0.edu, Z=UndergraduateStudent12@Department10.University0.edu}, {X=http://www.Department10.University0.edu/UndergraduateStudent133, Y=http://www.Department10.University0.edu, Z=UndergraduateStudent133@Department10.University0.edu}, {X=http://www.Department10.University0.edu/UndergraduateStudent84, Y=http://www.Department10.University0.edu, Z=UndergraduateStudent84@Department10.University0.edu}, {X=http://www.Department10.University0.edu/GraduateStudent8, Y=http://www.Department10.University0.edu, Z=GraduateStudent8@Department10.University0.edu}, {X=http://www.Department10.University0.edu/UndergraduateStudent403, Y=http://www.Department10.University0.edu, Z=UndergraduateStudent403@Department10.University0.edu}, {X=http://www.Department10.University0.edu/UndergraduateStudent60, Y=http://www.Department10.University0.edu, Z=UndergraduateStudent60@Department10.University0.edu}, {X=http://www.Department10.University0.edu/GraduateStudent26, Y=http://www.Department10.University0.edu, Z=GraduateStudent26@Department10.University0.edu}, {X=http://www.Department10.University0.edu/UndergraduateStudent402, Y=http://www.Department10.University0.edu, Z=UndergraduateStudent402@Department10.University0.edu}, {X=http://www.Department10.University0.edu/UndergraduateStudent210, Y=http://www.Department10.University0.edu, Z=UndergraduateStudent210@Department10.University0.edu}, {X=http://www.Department10.University0.edu/GraduateStudent69, Y=http://www.Department10.University0.edu, Z=GraduateStudent69@Department10.University0.edu}, {X=http://www.Department10.University0.edu/UndergraduateStudent123, Y=http://www.Department10.University0.edu, Z=UndergraduateStudent123@Department10.University0.edu}, {X=http://www.Department10.University0.edu/UndergraduateStudent167, Y=http://www.Department10.University0.edu, Z=UndergraduateStudent167@Department10.University0.edu}, {X=http://www.Department10.University0.edu/UndergraduateStudent361, Y=http://www.Department10.University0.edu, Z=UndergraduateStudent361@Department10.University0.edu}, {X=http://www.Department10.University0.edu/GraduateStudent5, Y=http://www.Department10.University0.edu, Z=GraduateStudent5@Department10.University0.edu}, {X=http://www.Department10.University0.edu/GraduateStudent55, Y=http://www.Department10.University0.edu, Z=GraduateStudent55@Department10.University0.edu}, {X=http://www.Department10.University0.edu/GraduateStudent134, Y=http://www.Department10.University0.edu, Z=GraduateStudent134@Department10.University0.edu}, {X=http://www.Department10.University0.edu/UndergraduateStudent200, Y=http://www.Department10.University0.edu, Z=UndergraduateStudent200@Department10.University0.edu}, {X=http://www.Department10.University0.edu/UndergraduateStudent29, Y=http://www.Department10.University0.edu, Z=UndergraduateStudent29@Department10.University0.edu}, {X=http://www.Department10.University0.edu/GraduateStudent16, Y=http://www.Department10.University0.edu, Z=GraduateStudent16@Department10.University0.edu}, {X=http://www.Department10.University0.edu/UndergraduateStudent271, Y=http://www.Department10.University0.edu, Z=UndergraduateStudent271@Department10.University0.edu}, {X=http://www.Department10.University0.edu/UndergraduateStudent322, Y=http://www.Department10.University0.edu, Z=UndergraduateStudent322@Department10.University0.edu}, {X=http://www.Department10.University0.edu/UndergraduateStudent33, Y=http://www.Department10.University0.edu, Z=UndergraduateStudent33@Department10.University0.edu}, {X=http://www.Department10.University0.edu/UndergraduateStudent405, Y=http://www.Department10.University0.edu, Z=UndergraduateStudent405@Department10.University0.edu}, {X=http://www.Department10.University0.edu/UndergraduateStudent146, Y=http://www.Department10.University0.edu, Z=UndergraduateStudent146@Department10.University0.edu}, {X=http://www.Department10.University0.edu/UndergraduateStudent56, Y=http://www.Department10.University0.edu, Z=UndergraduateStudent56@Department10.University0.edu}, {X=http://www.Department10.University0.edu/UndergraduateStudent107, Y=http://www.Department10.University0.edu, Z=UndergraduateStudent107@Department10.University0.edu}, {X=http://www.Department10.University0.edu/UndergraduateStudent170, Y=http://www.Department10.University0.edu, Z=UndergraduateStudent170@Department10.University0.edu}, {X=http://www.Department10.University0.edu/UndergraduateStudent395, Y=http://www.Department10.University0.edu, Z=UndergraduateStudent395@Department10.University0.edu}, {X=http://www.Department10.University0.edu/UndergraduateStudent230, Y=http://www.Department10.University0.edu, Z=UndergraduateStudent230@Department10.University0.edu}, {X=http://www.Department10.University0.edu/GraduateStudent36, Y=http://www.Department10.University0.edu, Z=GraduateStudent36@Department10.University0.edu}, {X=http://www.Department10.University0.edu/UndergraduateStudent352, Y=http://www.Department10.University0.edu, Z=UndergraduateStudent352@Department10.University0.edu}, {X=http://www.Department10.University0.edu/UndergraduateStudent110, Y=http://www.Department10.University0.edu, Z=UndergraduateStudent110@Department10.University0.edu}, {X=http://www.Department10.University0.edu/GraduateStudent74, Y=http://www.Department10.University0.edu, Z=GraduateStudent74@Department10.University0.edu}, {X=http://www.Department10.University0.edu/GraduateStudent120, Y=http://www.Department10.University0.edu, Z=GraduateStudent120@Department10.University0.edu}, {X=http://www.Department10.University0.edu/GraduateStudent83, Y=http://www.Department10.University0.edu, Z=GraduateStudent83@Department10.University0.edu}, {X=http://www.Department10.University0.edu/UndergraduateStudent312, Y=http://www.Department10.University0.edu, Z=UndergraduateStudent312@Department10.University0.edu}, {X=http://www.Department10.University0.edu/UndergraduateStudent141, Y=http://www.Department10.University0.edu, Z=UndergraduateStudent141@Department10.University0.edu}, {X=http://www.Department10.University0.edu/GraduateStudent137, Y=http://www.Department10.University0.edu, Z=GraduateStudent137@Department10.University0.edu}, {X=http://www.Department10.University0.edu/GraduateStudent75, Y=http://www.Department10.University0.edu, Z=GraduateStudent75@Department10.University0.edu}, {X=http://www.Department10.University0.edu/UndergraduateStudent380, Y=http://www.Department10.University0.edu, Z=UndergraduateStudent380@Department10.University0.edu}, {X=http://www.Department10.University0.edu/GraduateStudent117, Y=http://www.Department10.University0.edu, Z=GraduateStudent117@Department10.University0.edu}, {X=http://www.Department10.University0.edu/GraduateStudent27, Y=http://www.Department10.University0.edu, Z=GraduateStudent27@Department10.University0.edu}, {X=http://www.Department10.University0.edu/UndergraduateStudent363, Y=http://www.Department10.University0.edu, Z=UndergraduateStudent363@Department10.University0.edu}, {X=http://www.Department10.University0.edu/UndergraduateStudent389, Y=http://www.Department10.University0.edu, Z=UndergraduateStudent389@Department10.University0.edu}, {X=http://www.Department10.University0.edu/UndergraduateStudent105, Y=http://www.Department10.University0.edu, Z=UndergraduateStudent105@Department10.University0.edu}, {X=http://www.Department10.University0.edu/GraduateStudent73, Y=http://www.Department10.University0.edu, Z=GraduateStudent73@Department10.University0.edu}, {X=http://www.Department10.University0.edu/UndergraduateStudent280, Y=http://www.Department10.University0.edu, Z=UndergraduateStudent280@Department10.University0.edu}, {X=http://www.Department10.University0.edu/UndergraduateStudent115, Y=http://www.Department10.University0.edu, Z=UndergraduateStudent115@Department10.University0.edu}, {X=http://www.Department10.University0.edu/GraduateStudent58, Y=http://www.Department10.University0.edu, Z=GraduateStudent58@Department10.University0.edu}, {X=http://www.Department10.University0.edu/UndergraduateStudent191, Y=http://www.Department10.University0.edu, Z=UndergraduateStudent191@Department10.University0.edu}, {X=http://www.Department10.University0.edu/UndergraduateStudent79, Y=http://www.Department10.University0.edu, Z=UndergraduateStudent79@Department10.University0.edu}, {X=http://www.Department10.University0.edu/UndergraduateStudent259, Y=http://www.Department10.University0.edu, Z=UndergraduateStudent259@Department10.University0.edu}, {X=http://www.Department10.University0.edu/UndergraduateStudent324, Y=http://www.Department10.University0.edu, Z=UndergraduateStudent324@Department10.University0.edu}, {X=http://www.Department10.University0.edu/UndergraduateStudent188, Y=http://www.Department10.University0.edu, Z=UndergraduateStudent188@Department10.University0.edu}, {X=http://www.Department10.University0.edu/UndergraduateStudent100, Y=http://www.Department10.University0.edu, Z=UndergraduateStudent100@Department10.University0.edu}, {X=http://www.Department10.University0.edu/UndergraduateStudent50, Y=http://www.Department10.University0.edu, Z=UndergraduateStudent50@Department10.University0.edu}, {X=http://www.Department10.University0.edu/UndergraduateStudent65, Y=http://www.Department10.University0.edu, Z=UndergraduateStudent65@Department10.University0.edu}, {X=http://www.Department10.University0.edu/UndergraduateStudent49, Y=http://www.Department10.University0.edu, Z=UndergraduateStudent49@Department10.University0.edu}, {X=http://www.Department10.University0.edu/UndergraduateStudent189, Y=http://www.Department10.University0.edu, Z=UndergraduateStudent189@Department10.University0.edu}, {X=http://www.Department10.University0.edu/UndergraduateStudent140, Y=http://www.Department10.University0.edu, Z=UndergraduateStudent140@Department10.University0.edu}, {X=http://www.Department10.University0.edu/GraduateStudent17, Y=http://www.Department10.University0.edu, Z=GraduateStudent17@Department10.University0.edu}, {X=http://www.Department10.University0.edu/GraduateStudent85, Y=http://www.Department10.University0.edu, Z=GraduateStudent85@Department10.University0.edu}, {X=http://www.Department10.University0.edu/UndergraduateStudent366, Y=http://www.Department10.University0.edu, Z=UndergraduateStudent366@Department10.University0.edu}, {X=http://www.Department10.University0.edu/UndergraduateStudent136, Y=http://www.Department10.University0.edu, Z=UndergraduateStudent136@Department10.University0.edu}, {X=http://www.Department10.University0.edu/UndergraduateStudent138, Y=http://www.Department10.University0.edu, Z=UndergraduateStudent138@Department10.University0.edu}, {X=http://www.Department10.University0.edu/UndergraduateStudent327, Y=http://www.Department10.University0.edu, Z=UndergraduateStudent327@Department10.University0.edu}, {X=http://www.Department10.University0.edu/GraduateStudent119, Y=http://www.Department10.University0.edu, Z=GraduateStudent119@Department10.University0.edu}, {X=http://www.Department10.University0.edu/UndergraduateStudent269, Y=http://www.Department10.University0.edu, Z=UndergraduateStudent269@Department10.University0.edu}, {X=http://www.Department10.University0.edu/UndergraduateStudent73, Y=http://www.Department10.University0.edu, Z=UndergraduateStudent73@Department10.University0.edu}, {X=http://www.Department10.University0.edu/UndergraduateStudent103, Y=http://www.Department10.University0.edu, Z=UndergraduateStudent103@Department10.University0.edu}, {X=http://www.Department10.University0.edu/UndergraduateStudent54, Y=http://www.Department10.University0.edu, Z=UndergraduateStudent54@Department10.University0.edu}, {X=http://www.Department10.University0.edu/GraduateStudent128, Y=http://www.Department10.University0.edu, Z=GraduateStudent128@Department10.University0.edu}, {X=http://www.Department10.University0.edu/GraduateStudent130, Y=http://www.Department10.University0.edu, Z=GraduateStudent130@Department10.University0.edu}, {X=http://www.Department10.University0.edu/UndergraduateStudent368, Y=http://www.Department10.University0.edu, Z=UndergraduateStudent368@Department10.University0.edu}, {X=http://www.Department10.University0.edu/GraduateStudent87, Y=http://www.Department10.University0.edu, Z=GraduateStudent87@Department10.University0.edu}, {X=http://www.Department10.University0.edu/UndergraduateStudent215, Y=http://www.Department10.University0.edu, Z=UndergraduateStudent215@Department10.University0.edu}, {X=http://www.Department10.University0.edu/UndergraduateStudent351, Y=http://www.Department10.University0.edu, Z=UndergraduateStudent351@Department10.University0.edu}, {X=http://www.Department10.University0.edu/GraduateStudent37, Y=http://www.Department10.University0.edu, Z=GraduateStudent37@Department10.University0.edu}, {X=http://www.Department10.University0.edu/GraduateStudent79, Y=http://www.Department10.University0.edu, Z=GraduateStudent79@Department10.University0.edu}, {X=http://www.Department10.University0.edu/UndergraduateStudent5, Y=http://www.Department10.University0.edu, Z=UndergraduateStudent5@Department10.University0.edu}, {X=http://www.Department10.University0.edu/GraduateStudent67, Y=http://www.Department10.University0.edu, Z=GraduateStudent67@Department10.University0.edu}, {X=http://www.Department10.University0.edu/GraduateStudent41, Y=http://www.Department10.University0.edu, Z=GraduateStudent41@Department10.University0.edu}, {X=http://www.Department10.University0.edu/UndergraduateStudent134, Y=http://www.Department10.University0.edu, Z=UndergraduateStudent134@Department10.University0.edu}, {X=http://www.Department10.University0.edu/UndergraduateStudent276, Y=http://www.Department10.University0.edu, Z=UndergraduateStudent276@Department10.University0.edu}, {X=http://www.Department10.University0.edu/GraduateStudent42, Y=http://www.Department10.University0.edu, Z=GraduateStudent42@Department10.University0.edu}, {X=http://www.Department10.University0.edu/UndergraduateStudent253, Y=http://www.Department10.University0.edu, Z=UndergraduateStudent253@Department10.University0.edu}, {X=http://www.Department10.University0.edu/GraduateStudent22, Y=http://www.Department10.University0.edu, Z=GraduateStudent22@Department10.University0.edu}, {X=http://www.Department10.University0.edu/UndergraduateStudent91, Y=http://www.Department10.University0.edu, Z=UndergraduateStudent91@Department10.University0.edu}, {X=http://www.Department10.University0.edu/UndergraduateStudent355, Y=http://www.Department10.University0.edu, Z=UndergraduateStudent355@Department10.University0.edu}, {X=http://www.Department10.University0.edu/UndergraduateStudent245, Y=http://www.Department10.University0.edu, Z=UndergraduateStudent245@Department10.University0.edu}, {X=http://www.Department10.University0.edu/UndergraduateStudent260, Y=http://www.Department10.University0.edu, Z=UndergraduateStudent260@Department10.University0.edu}, {X=http://www.Department10.University0.edu/UndergraduateStudent357, Y=http://www.Department10.University0.edu, Z=UndergraduateStudent357@Department10.University0.edu}, {X=http://www.Department10.University0.edu/UndergraduateStudent150, Y=http://www.Department10.University0.edu, Z=UndergraduateStudent150@Department10.University0.edu}, {X=http://www.Department10.University0.edu/UndergraduateStudent106, Y=http://www.Department10.University0.edu, Z=UndergraduateStudent106@Department10.University0.edu}, {X=http://www.Department10.University0.edu/GraduateStudent48, Y=http://www.Department10.University0.edu, Z=GraduateStudent48@Department10.University0.edu}, {X=http://www.Department10.University0.edu/UndergraduateStudent305, Y=http://www.Department10.University0.edu, Z=UndergraduateStudent305@Department10.University0.edu}, {X=http://www.Department10.University0.edu/GraduateStudent7, Y=http://www.Department10.University0.edu, Z=GraduateStudent7@Department10.University0.edu}, {X=http://www.Department10.University0.edu/UndergraduateStudent290, Y=http://www.Department10.University0.edu, Z=UndergraduateStudent290@Department10.University0.edu}, {X=http://www.Department10.University0.edu/UndergraduateStudent343, Y=http://www.Department10.University0.edu, Z=UndergraduateStudent343@Department10.University0.edu}, {X=http://www.Department10.University0.edu/UndergraduateStudent246, Y=http://www.Department10.University0.edu, Z=UndergraduateStudent246@Department10.University0.edu}, {X=http://www.Department10.University0.edu/UndergraduateStudent302, Y=http://www.Department10.University0.edu, Z=UndergraduateStudent302@Department10.University0.edu}, {X=http://www.Department10.University0.edu/UndergraduateStudent407, Y=http://www.Department10.University0.edu, Z=UndergraduateStudent407@Department10.University0.edu}, {X=http://www.Department10.University0.edu/UndergraduateStudent348, Y=http://www.Department10.University0.edu, Z=UndergraduateStudent348@Department10.University0.edu}, {X=http://www.Department10.University0.edu/UndergraduateStudent273, Y=http://www.Department10.University0.edu, Z=UndergraduateStudent273@Department10.University0.edu}, {X=http://www.Department10.University0.edu/UndergraduateStudent128, Y=http://www.Department10.University0.edu, Z=UndergraduateStudent128@Department10.University0.edu}, {X=http://www.Department10.University0.edu/UndergraduateStudent92, Y=http://www.Department10.University0.edu, Z=UndergraduateStudent92@Department10.University0.edu}, {X=http://www.Department10.University0.edu/GraduateStudent71, Y=http://www.Department10.University0.edu, Z=GraduateStudent71@Department10.University0.edu}, {X=http://www.Department10.University0.edu/GraduateStudent53, Y=http://www.Department10.University0.edu, Z=GraduateStudent53@Department10.University0.edu}, {X=http://www.Department10.University0.edu/UndergraduateStudent7, Y=http://www.Department10.University0.edu, Z=UndergraduateStudent7@Department10.University0.edu}, {X=http://www.Department10.University0.edu/UndergraduateStudent220, Y=http://www.Department10.University0.edu, Z=UndergraduateStudent220@Department10.University0.edu}, {X=http://www.Department10.University0.edu/UndergraduateStudent409, Y=http://www.Department10.University0.edu, Z=UndergraduateStudent409@Department10.University0.edu}, {X=http://www.Department10.University0.edu/UndergraduateStudent297, Y=http://www.Department10.University0.edu, Z=UndergraduateStudent297@Department10.University0.edu}, {X=http://www.Department10.University0.edu/UndergraduateStudent339, Y=http://www.Department10.University0.edu, Z=UndergraduateStudent339@Department10.University0.edu}, {X=http://www.Department10.University0.edu/UndergraduateStudent83, Y=http://www.Department10.University0.edu, Z=UndergraduateStudent83@Department10.University0.edu}, {X=http://www.Department10.University0.edu/UndergraduateStudent394, Y=http://www.Department10.University0.edu, Z=UndergraduateStudent394@Department10.University0.edu}, {X=http://www.Department10.University0.edu/UndergraduateStudent376, Y=http://www.Department10.University0.edu, Z=UndergraduateStudent376@Department10.University0.edu}, {X=http://www.Department10.University0.edu/UndergraduateStudent21, Y=http://www.Department10.University0.edu, Z=UndergraduateStudent21@Department10.University0.edu}, {X=http://www.Department10.University0.edu/UndergraduateStudent218, Y=http://www.Department10.University0.edu, Z=UndergraduateStudent218@Department10.University0.edu}, {X=http://www.Department10.University0.edu/UndergraduateStudent293, Y=http://www.Department10.University0.edu, Z=UndergraduateStudent293@Department10.University0.edu}, {X=http://www.Department10.University0.edu/UndergraduateStudent31, Y=http://www.Department10.University0.edu, Z=UndergraduateStudent31@Department10.University0.edu}, {X=http://www.Department10.University0.edu/GraduateStudent111, Y=http://www.Department10.University0.edu, Z=GraduateStudent111@Department10.University0.edu}, {X=http://www.Department10.University0.edu/UndergraduateStudent314, Y=http://www.Department10.University0.edu, Z=UndergraduateStudent314@Department10.University0.edu}, {X=http://www.Department10.University0.edu/GraduateStudent78, Y=http://www.Department10.University0.edu, Z=GraduateStudent78@Department10.University0.edu}, {X=http://www.Department10.University0.edu/UndergraduateStudent332, Y=http://www.Department10.University0.edu, Z=UndergraduateStudent332@Department10.University0.edu}, {X=http://www.Department10.University0.edu/UndergraduateStudent284, Y=http://www.Department10.University0.edu, Z=UndergraduateStudent284@Department10.University0.edu}, {X=http://www.Department10.University0.edu/UndergraduateStudent397, Y=http://www.Department10.University0.edu, Z=UndergraduateStudent397@Department10.University0.edu}, {X=http://www.Department10.University0.edu/UndergraduateStudent51, Y=http://www.Department10.University0.edu, Z=UndergraduateStudent51@Department10.University0.edu}, {X=http://www.Department10.University0.edu/GraduateStudent77, Y=http://www.Department10.University0.edu, Z=GraduateStudent77@Department10.University0.edu}, {X=http://www.Department10.University0.edu/UndergraduateStudent104, Y=http://www.Department10.University0.edu, Z=UndergraduateStudent104@Department10.University0.edu}, {X=http://www.Department10.University0.edu/GraduateStudent103, Y=http://www.Department10.University0.edu, Z=GraduateStudent103@Department10.University0.edu}, {X=http://www.Department10.University0.edu/UndergraduateStudent323, Y=http://www.Department10.University0.edu, Z=UndergraduateStudent323@Department10.University0.edu}, {X=http://www.Department10.University0.edu/GraduateStudent135, Y=http://www.Department10.University0.edu, Z=GraduateStudent135@Department10.University0.edu}, {X=http://www.Department10.University0.edu/UndergraduateStudent317, Y=http://www.Department10.University0.edu, Z=UndergraduateStudent317@Department10.University0.edu}, {X=http://www.Department10.University0.edu/GraduateStudent126, Y=http://www.Department10.University0.edu, Z=GraduateStudent126@Department10.University0.edu}, {X=http://www.Department10.University0.edu/UndergraduateStudent24, Y=http://www.Department10.University0.edu, Z=UndergraduateStudent24@Department10.University0.edu}, {X=http://www.Department10.University0.edu/UndergraduateStudent64, Y=http://www.Department10.University0.edu, Z=UndergraduateStudent64@Department10.University0.edu}, {X=http://www.Department10.University0.edu/GraduateStudent59, Y=http://www.Department10.University0.edu, Z=GraduateStudent59@Department10.University0.edu}, {X=http://www.Department10.University0.edu/UndergraduateStudent46, Y=http://www.Department10.University0.edu, Z=UndergraduateStudent46@Department10.University0.edu}, {X=http://www.Department10.University0.edu/UndergraduateStudent266, Y=http://www.Department10.University0.edu, Z=UndergraduateStudent266@Department10.University0.edu}, {X=http://www.Department10.University0.edu/GraduateStudent3, Y=http://www.Department10.University0.edu, Z=GraduateStudent3@Department10.University0.edu}, {X=http://www.Department10.University0.edu/UndergraduateStudent256, Y=http://www.Department10.University0.edu, Z=UndergraduateStudent256@Department10.University0.edu}, {X=http://www.Department10.University0.edu/GraduateStudent6, Y=http://www.Department10.University0.edu, Z=GraduateStudent6@Department10.University0.edu}, {X=http://www.Department10.University0.edu/UndergraduateStudent222, Y=http://www.Department10.University0.edu, Z=UndergraduateStudent222@Department10.University0.edu}, {X=http://www.Department10.University0.edu/UndergraduateStudent347, Y=http://www.Department10.University0.edu, Z=UndergraduateStudent347@Department10.University0.edu}, {X=http://www.Department10.University0.edu/UndergraduateStudent275, Y=http://www.Department10.University0.edu, Z=UndergraduateStudent275@Department10.University0.edu}, {X=http://www.Department10.University0.edu/UndergraduateStudent205, Y=http://www.Department10.University0.edu, Z=UndergraduateStudent205@Department10.University0.edu}, {X=http://www.Department10.University0.edu/UndergraduateStudent381, Y=http://www.Department10.University0.edu, Z=UndergraduateStudent381@Department10.University0.edu}, {X=http://www.Department10.University0.edu/UndergraduateStudent291, Y=http://www.Department10.University0.edu, Z=UndergraduateStudent291@Department10.University0.edu}, {X=http://www.Department10.University0.edu/GraduateStudent107, Y=http://www.Department10.University0.edu, Z=GraduateStudent107@Department10.University0.edu}, {X=http://www.Department10.University0.edu/UndergraduateStudent145, Y=http://www.Department10.University0.edu, Z=UndergraduateStudent145@Department10.University0.edu}, {X=http://www.Department10.University0.edu/UndergraduateStudent237, Y=http://www.Department10.University0.edu, Z=UndergraduateStudent237@Department10.University0.edu}, {X=http://www.Department10.University0.edu/UndergraduateStudent124, Y=http://www.Department10.University0.edu, Z=UndergraduateStudent124@Department10.University0.edu}, {X=http://www.Department10.University0.edu/UndergraduateStudent242, Y=http://www.Department10.University0.edu, Z=UndergraduateStudent242@Department10.University0.edu}, {X=http://www.Department10.University0.edu/UndergraduateStudent197, Y=http://www.Department10.University0.edu, Z=UndergraduateStudent197@Department10.University0.edu}, {X=http://www.Department10.University0.edu/UndergraduateStudent372, Y=http://www.Department10.University0.edu, Z=UndergraduateStudent372@Department10.University0.edu}, {X=http://www.Department10.University0.edu/UndergraduateStudent177, Y=http://www.Department10.University0.edu, Z=UndergraduateStudent177@Department10.University0.edu}, {X=http://www.Department10.University0.edu/GraduateStudent102, Y=http://www.Department10.University0.edu, Z=GraduateStudent102@Department10.University0.edu}, {X=http://www.Department10.University0.edu/GraduateStudent38, Y=http://www.Department10.University0.edu, Z=GraduateStudent38@Department10.University0.edu}, {X=http://www.Department10.University0.edu/UndergraduateStudent43, Y=http://www.Department10.University0.edu, Z=UndergraduateStudent43@Department10.University0.edu}, {X=http://www.Department10.University0.edu/UndergraduateStudent392, Y=http://www.Department10.University0.edu, Z=UndergraduateStudent392@Department10.University0.edu}, {X=http://www.Department10.University0.edu/UndergraduateStudent98, Y=http://www.Department10.University0.edu, Z=UndergraduateStudent98@Department10.University0.edu}, {X=http://www.Department10.University0.edu/GraduateStudent56, Y=http://www.Department10.University0.edu, Z=GraduateStudent56@Department10.University0.edu}, {X=http://www.Department10.University0.edu/UndergraduateStudent223, Y=http://www.Department10.University0.edu, Z=UndergraduateStudent223@Department10.University0.edu}, {X=http://www.Department10.University0.edu/UndergraduateStudent32, Y=http://www.Department10.University0.edu, Z=UndergraduateStudent32@Department10.University0.edu}, {X=http://www.Department10.University0.edu/UndergraduateStudent319, Y=http://www.Department10.University0.edu, Z=UndergraduateStudent319@Department10.University0.edu}, {X=http://www.Department10.University0.edu/UndergraduateStudent112, Y=http://www.Department10.University0.edu, Z=UndergraduateStudent112@Department10.University0.edu}, {X=http://www.Department10.University0.edu/UndergraduateStudent44, Y=http://www.Department10.University0.edu, Z=UndergraduateStudent44@Department10.University0.edu}, {X=http://www.Department10.University0.edu/UndergraduateStudent117, Y=http://www.Department10.University0.edu, Z=UndergraduateStudent117@Department10.University0.edu}, {X=http://www.Department10.University0.edu/UndergraduateStudent371, Y=http://www.Department10.University0.edu, Z=UndergraduateStudent371@Department10.University0.edu}, {X=http://www.Department10.University0.edu/UndergraduateStudent289, Y=http://www.Department10.University0.edu, Z=UndergraduateStudent289@Department10.University0.edu}, {X=http://www.Department10.University0.edu/UndergraduateStudent263, Y=http://www.Department10.University0.edu, Z=UndergraduateStudent263@Department10.University0.edu}, {X=http://www.Department10.University0.edu/UndergraduateStudent19, Y=http://www.Department10.University0.edu, Z=UndergraduateStudent19@Department10.University0.edu}, {X=http://www.Department10.University0.edu/UndergraduateStudent390, Y=http://www.Department10.University0.edu, Z=UndergraduateStudent390@Department10.University0.edu}, {X=http://www.Department10.University0.edu/UndergraduateStudent307, Y=http://www.Department10.University0.edu, Z=UndergraduateStudent307@Department10.University0.edu}, {X=http://www.Department10.University0.edu/UndergraduateStudent1, Y=http://www.Department10.University0.edu, Z=UndergraduateStudent1@Department10.University0.edu}, {X=http://www.Department10.University0.edu/UndergraduateStudent95, Y=http://www.Department10.University0.edu, Z=UndergraduateStudent95@Department10.University0.edu}, {X=http://www.Department10.University0.edu/GraduateStudent50, Y=http://www.Department10.University0.edu, Z=GraduateStudent50@Department10.University0.edu}, {X=http://www.Department10.University0.edu/UndergraduateStudent288, Y=http://www.Department10.University0.edu, Z=UndergraduateStudent288@Department10.University0.edu}, {X=http://www.Department10.University0.edu/GraduateStudent28, Y=http://www.Department10.University0.edu, Z=GraduateStudent28@Department10.University0.edu}, {X=http://www.Department10.University0.edu/GraduateStudent47, Y=http://www.Department10.University0.edu, Z=GraduateStudent47@Department10.University0.edu}, {X=http://www.Department10.University0.edu/GraduateStudent24, Y=http://www.Department10.University0.edu, Z=GraduateStudent24@Department10.University0.edu}, {X=http://www.Department10.University0.edu/GraduateStudent95, Y=http://www.Department10.University0.edu, Z=GraduateStudent95@Department10.University0.edu}, {X=http://www.Department10.University0.edu/UndergraduateStudent393, Y=http://www.Department10.University0.edu, Z=UndergraduateStudent393@Department10.University0.edu}, {X=http://www.Department10.University0.edu/UndergraduateStudent208, Y=http://www.Department10.University0.edu, Z=UndergraduateStudent208@Department10.University0.edu}, {X=http://www.Department10.University0.edu/UndergraduateStudent68, Y=http://www.Department10.University0.edu, Z=UndergraduateStudent68@Department10.University0.edu}, {X=http://www.Department10.University0.edu/UndergraduateStudent186, Y=http://www.Department10.University0.edu, Z=UndergraduateStudent186@Department10.University0.edu}, {X=http://www.Department10.University0.edu/UndergraduateStudent114, Y=http://www.Department10.University0.edu, Z=UndergraduateStudent114@Department10.University0.edu}, {X=http://www.Department10.University0.edu/UndergraduateStudent278, Y=http://www.Department10.University0.edu, Z=UndergraduateStudent278@Department10.University0.edu}, {X=http://www.Department10.University0.edu/UndergraduateStudent232, Y=http://www.Department10.University0.edu, Z=UndergraduateStudent232@Department10.University0.edu}, {X=http://www.Department10.University0.edu/UndergraduateStudent360, Y=http://www.Department10.University0.edu, Z=UndergraduateStudent360@Department10.University0.edu}, {X=http://www.Department10.University0.edu/UndergraduateStudent179, Y=http://www.Department10.University0.edu, Z=UndergraduateStudent179@Department10.University0.edu}, {X=http://www.Department10.University0.edu/UndergraduateStudent287, Y=http://www.Department10.University0.edu, Z=UndergraduateStudent287@Department10.University0.edu}, {X=http://www.Department10.University0.edu/GraduateStudent106, Y=http://www.Department10.University0.edu, Z=GraduateStudent106@Department10.University0.edu}, {X=http://www.Department10.University0.edu/UndergraduateStudent274, Y=http://www.Department10.University0.edu, Z=UndergraduateStudent274@Department10.University0.edu}, {X=http://www.Department10.University0.edu/UndergraduateStudent89, Y=http://www.Department10.University0.edu, Z=UndergraduateStudent89@Department10.University0.edu}, {X=http://www.Department10.University0.edu/GraduateStudent133, Y=http://www.Department10.University0.edu, Z=GraduateStudent133@Department10.University0.edu}, {X=http://www.Department10.University0.edu/UndergraduateStudent285, Y=http://www.Department10.University0.edu, Z=UndergraduateStudent285@Department10.University0.edu}, {X=http://www.Department10.University0.edu/UndergraduateStudent224, Y=http://www.Department10.University0.edu, Z=UndergraduateStudent224@Department10.University0.edu}, {X=http://www.Department10.University0.edu/UndergraduateStudent387, Y=http://www.Department10.University0.edu, Z=UndergraduateStudent387@Department10.University0.edu}, {X=http://www.Department10.University0.edu/UndergraduateStudent345, Y=http://www.Department10.University0.edu, Z=UndergraduateStudent345@Department10.University0.edu}, {X=http://www.Department10.University0.edu/UndergraduateStudent364, Y=http://www.Department10.University0.edu, Z=UndergraduateStudent364@Department10.University0.edu}, {X=http://www.Department10.University0.edu/UndergraduateStudent375, Y=http://www.Department10.University0.edu, Z=UndergraduateStudent375@Department10.University0.edu}, {X=http://www.Department10.University0.edu/UndergraduateStudent156, Y=http://www.Department10.University0.edu, Z=UndergraduateStudent156@Department10.University0.edu}, {X=http://www.Department10.University0.edu/UndergraduateStudent337, Y=http://www.Department10.University0.edu, Z=UndergraduateStudent337@Department10.University0.edu}, {X=http://www.Department10.University0.edu/GraduateStudent32, Y=http://www.Department10.University0.edu, Z=GraduateStudent32@Department10.University0.edu}, {X=http://www.Department10.University0.edu/UndergraduateStudent111, Y=http://www.Department10.University0.edu, Z=UndergraduateStudent111@Department10.University0.edu}, {X=http://www.Department10.University0.edu/GraduateStudent92, Y=http://www.Department10.University0.edu, Z=GraduateStudent92@Department10.University0.edu}, {X=http://www.Department10.University0.edu/UndergraduateStudent55, Y=http://www.Department10.University0.edu, Z=UndergraduateStudent55@Department10.University0.edu}, {X=http://www.Department10.University0.edu/GraduateStudent90, Y=http://www.Department10.University0.edu, Z=GraduateStudent90@Department10.University0.edu}, {X=http://www.Department10.University0.edu/GraduateStudent51, Y=http://www.Department10.University0.edu, Z=GraduateStudent51@Department10.University0.edu}, {X=http://www.Department10.University0.edu/UndergraduateStudent193, Y=http://www.Department10.University0.edu, Z=UndergraduateStudent193@Department10.University0.edu}, {X=http://www.Department10.University0.edu/UndergraduateStudent400, Y=http://www.Department10.University0.edu, Z=UndergraduateStudent400@Department10.University0.edu}, {X=http://www.Department10.University0.edu/UndergraduateStudent108, Y=http://www.Department10.University0.edu, Z=UndergraduateStudent108@Department10.University0.edu}, {X=http://www.Department10.University0.edu/UndergraduateStudent69, Y=http://www.Department10.University0.edu, Z=UndergraduateStudent69@Department10.University0.edu}, {X=http://www.Department10.University0.edu/UndergraduateStudent132, Y=http://www.Department10.University0.edu, Z=UndergraduateStudent132@Department10.University0.edu}, {X=http://www.Department10.University0.edu/UndergraduateStudent99, Y=http://www.Department10.University0.edu, Z=UndergraduateStudent99@Department10.University0.edu}, {X=http://www.Department10.University0.edu/UndergraduateStudent226, Y=http://www.Department10.University0.edu, Z=UndergraduateStudent226@Department10.University0.edu}, {X=http://www.Department10.University0.edu/UndergraduateStudent362, Y=http://www.Department10.University0.edu, Z=UndergraduateStudent362@Department10.University0.edu}, {X=http://www.Department10.University0.edu/UndergraduateStudent81, Y=http://www.Department10.University0.edu, Z=UndergraduateStudent81@Department10.University0.edu}, {X=http://www.Department10.University0.edu/UndergraduateStudent203, Y=http://www.Department10.University0.edu, Z=UndergraduateStudent203@Department10.University0.edu}, {X=http://www.Department10.University0.edu/UndergraduateStudent334, Y=http://www.Department10.University0.edu, Z=UndergraduateStudent334@Department10.University0.edu}, {X=http://www.Department10.University0.edu/GraduateStudent122, Y=http://www.Department10.University0.edu, Z=GraduateStudent122@Department10.University0.edu}, {X=http://www.Department10.University0.edu/GraduateStudent1, Y=http://www.Department10.University0.edu, Z=GraduateStudent1@Department10.University0.edu}, {X=http://www.Department10.University0.edu/GraduateStudent114, Y=http://www.Department10.University0.edu, Z=GraduateStudent114@Department10.University0.edu}, {X=http://www.Department10.University0.edu/UndergraduateStudent378, Y=http://www.Department10.University0.edu, Z=UndergraduateStudent378@Department10.University0.edu}, {X=http://www.Department10.University0.edu/UndergraduateStudent264, Y=http://www.Department10.University0.edu, Z=UndergraduateStudent264@Department10.University0.edu}, {X=http://www.Department10.University0.edu/UndergraduateStudent338, Y=http://www.Department10.University0.edu, Z=UndergraduateStudent338@Department10.University0.edu}, {X=http://www.Department10.University0.edu/GraduateStudent88, Y=http://www.Department10.University0.edu, Z=GraduateStudent88@Department10.University0.edu}, {X=http://www.Department10.University0.edu/GraduateStudent15, Y=http://www.Department10.University0.edu, Z=GraduateStudent15@Department10.University0.edu}, {X=http://www.Department10.University0.edu/UndergraduateStudent176, Y=http://www.Department10.University0.edu, Z=UndergraduateStudent176@Department10.University0.edu}, {X=http://www.Department10.University0.edu/UndergraduateStudent45, Y=http://www.Department10.University0.edu, Z=UndergraduateStudent45@Department10.University0.edu}, {X=http://www.Department10.University0.edu/UndergraduateStudent86, Y=http://www.Department10.University0.edu, Z=UndergraduateStudent86@Department10.University0.edu}, {X=http://www.Department10.University0.edu/GraduateStudent127, Y=http://www.Department10.University0.edu, Z=GraduateStudent127@Department10.University0.edu}, {X=http://www.Department10.University0.edu/UndergraduateStudent165, Y=http://www.Department10.University0.edu, Z=UndergraduateStudent165@Department10.University0.edu}, {X=http://www.Department10.University0.edu/UndergraduateStudent172, Y=http://www.Department10.University0.edu, Z=UndergraduateStudent172@Department10.University0.edu}, {X=http://www.Department10.University0.edu/UndergraduateStudent268, Y=http://www.Department10.University0.edu, Z=UndergraduateStudent268@Department10.University0.edu}, {X=http://www.Department10.University0.edu/UndergraduateStudent251, Y=http://www.Department10.University0.edu, Z=UndergraduateStudent251@Department10.University0.edu}, {X=http://www.Department10.University0.edu/GraduateStudent66, Y=http://www.Department10.University0.edu, Z=GraduateStudent66@Department10.University0.edu}, {X=http://www.Department10.University0.edu/UndergraduateStudent254, Y=http://www.Department10.University0.edu, Z=UndergraduateStudent254@Department10.University0.edu}, {X=http://www.Department10.University0.edu/UndergraduateStudent190, Y=http://www.Department10.University0.edu, Z=UndergraduateStudent190@Department10.University0.edu}, {X=http://www.Department10.University0.edu/UndergraduateStudent408, Y=http://www.Department10.University0.edu, Z=UndergraduateStudent408@Department10.University0.edu}, {X=http://www.Department10.University0.edu/GraduateStudent2, Y=http://www.Department10.University0.edu, Z=GraduateStudent2@Department10.University0.edu}, {X=http://www.Department10.University0.edu/UndergraduateStudent118, Y=http://www.Department10.University0.edu, Z=UndergraduateStudent118@Department10.University0.edu}, {X=http://www.Department10.University0.edu/UndergraduateStudent367, Y=http://www.Department10.University0.edu, Z=UndergraduateStudent367@Department10.University0.edu}, {X=http://www.Department10.University0.edu/UndergraduateStudent77, Y=http://www.Department10.University0.edu, Z=UndergraduateStudent77@Department10.University0.edu}, {X=http://www.Department10.University0.edu/UndergraduateStudent374, Y=http://www.Department10.University0.edu, Z=UndergraduateStudent374@Department10.University0.edu}, {X=http://www.Department10.University0.edu/UndergraduateStudent398, Y=http://www.Department10.University0.edu, Z=UndergraduateStudent398@Department10.University0.edu}, {X=http://www.Department10.University0.edu/UndergraduateStudent135, Y=http://www.Department10.University0.edu, Z=UndergraduateStudent135@Department10.University0.edu}, {X=http://www.Department10.University0.edu/UndergraduateStudent58, Y=http://www.Department10.University0.edu, Z=UndergraduateStudent58@Department10.University0.edu}, {X=http://www.Department10.University0.edu/UndergraduateStudent306, Y=http://www.Department10.University0.edu, Z=UndergraduateStudent306@Department10.University0.edu}, {X=http://www.Department10.University0.edu/GraduateStudent0, Y=http://www.Department10.University0.edu, Z=GraduateStudent0@Department10.University0.edu}, {X=http://www.Department10.University0.edu/UndergraduateStudent71, Y=http://www.Department10.University0.edu, Z=UndergraduateStudent71@Department10.University0.edu}, {X=http://www.Department10.University0.edu/UndergraduateStudent157, Y=http://www.Department10.University0.edu, Z=UndergraduateStudent157@Department10.University0.edu}, {X=http://www.Department10.University0.edu/UndergraduateStudent119, Y=http://www.Department10.University0.edu, Z=UndergraduateStudent119@Department10.University0.edu}, {X=http://www.Department10.University0.edu/UndergraduateStudent235, Y=http://www.Department10.University0.edu, Z=UndergraduateStudent235@Department10.University0.edu}, {X=http://www.Department10.University0.edu/UndergraduateStudent25, Y=http://www.Department10.University0.edu, Z=UndergraduateStudent25@Department10.University0.edu}, {X=http://www.Department10.University0.edu/UndergraduateStudent325, Y=http://www.Department10.University0.edu, Z=UndergraduateStudent325@Department10.University0.edu}, {X=http://www.Department10.University0.edu/GraduateStudent21, Y=http://www.Department10.University0.edu, Z=GraduateStudent21@Department10.University0.edu}, {X=http://www.Department10.University0.edu/UndergraduateStudent236, Y=http://www.Department10.University0.edu, Z=UndergraduateStudent236@Department10.University0.edu}, {X=http://www.Department10.University0.edu/UndergraduateStudent96, Y=http://www.Department10.University0.edu, Z=UndergraduateStudent96@Department10.University0.edu}, {X=http://www.Department10.University0.edu/UndergraduateStudent255, Y=http://www.Department10.University0.edu, Z=UndergraduateStudent255@Department10.University0.edu}, {X=http://www.Department10.University0.edu/UndergraduateStudent0, Y=http://www.Department10.University0.edu, Z=UndergraduateStudent0@Department10.University0.edu}, {X=http://www.Department10.University0.edu/UndergraduateStudent313, Y=http://www.Department10.University0.edu, Z=UndergraduateStudent313@Department10.University0.edu}, {X=http://www.Department10.University0.edu/UndergraduateStudent399, Y=http://www.Department10.University0.edu, Z=UndergraduateStudent399@Department10.University0.edu}, {X=http://www.Department10.University0.edu/UndergraduateStudent267, Y=http://www.Department10.University0.edu, Z=UndergraduateStudent267@Department10.University0.edu}, {X=http://www.Department10.University0.edu/UndergraduateStudent38, Y=http://www.Department10.University0.edu, Z=UndergraduateStudent38@Department10.University0.edu}, {X=http://www.Department10.University0.edu/GraduateStudent57, Y=http://www.Department10.University0.edu, Z=GraduateStudent57@Department10.University0.edu}, {X=http://www.Department10.University0.edu/UndergraduateStudent180, Y=http://www.Department10.University0.edu, Z=UndergraduateStudent180@Department10.University0.edu}, {X=http://www.Department10.University0.edu/UndergraduateStudent143, Y=http://www.Department10.University0.edu, Z=UndergraduateStudent143@Department10.University0.edu}, {X=http://www.Department10.University0.edu/UndergraduateStudent76, Y=http://www.Department10.University0.edu, Z=UndergraduateStudent76@Department10.University0.edu}, {X=http://www.Department10.University0.edu/UndergraduateStudent101, Y=http://www.Department10.University0.edu, Z=UndergraduateStudent101@Department10.University0.edu}, {X=http://www.Department10.University0.edu/UndergraduateStudent342, Y=http://www.Department10.University0.edu, Z=UndergraduateStudent342@Department10.University0.edu}, {X=http://www.Department10.University0.edu/UndergraduateStudent168, Y=http://www.Department10.University0.edu, Z=UndergraduateStudent168@Department10.University0.edu}, {X=http://www.Department10.University0.edu/UndergraduateStudent6, Y=http://www.Department10.University0.edu, Z=UndergraduateStudent6@Department10.University0.edu}, {X=http://www.Department10.University0.edu/UndergraduateStudent144, Y=http://www.Department10.University0.edu, Z=UndergraduateStudent144@Department10.University0.edu}, {X=http://www.Department10.University0.edu/UndergraduateStudent311, Y=http://www.Department10.University0.edu, Z=UndergraduateStudent311@Department10.University0.edu}, {X=http://www.Department10.University0.edu/GraduateStudent44, Y=http://www.Department10.University0.edu, Z=GraduateStudent44@Department10.University0.edu}, {X=http://www.Department10.University0.edu/GraduateStudent30, Y=http://www.Department10.University0.edu, Z=GraduateStudent30@Department10.University0.edu}, {X=http://www.Department10.University0.edu/UndergraduateStudent152, Y=http://www.Department10.University0.edu, Z=UndergraduateStudent152@Department10.University0.edu}, {X=http://www.Department10.University0.edu/UndergraduateStudent72, Y=http://www.Department10.University0.edu, Z=UndergraduateStudent72@Department10.University0.edu}, {X=http://www.Department10.University0.edu/UndergraduateStudent341, Y=http://www.Department10.University0.edu, Z=UndergraduateStudent341@Department10.University0.edu}, {X=http://www.Department10.University0.edu/GraduateStudent46, Y=http://www.Department10.University0.edu, Z=GraduateStudent46@Department10.University0.edu}, {X=http://www.Department10.University0.edu/UndergraduateStudent336, Y=http://www.Department10.University0.edu, Z=UndergraduateStudent336@Department10.University0.edu}, {X=http://www.Department10.University0.edu/UndergraduateStudent350, Y=http://www.Department10.University0.edu, Z=UndergraduateStudent350@Department10.University0.edu}, {X=http://www.Department10.University0.edu/GraduateStudent76, Y=http://www.Department10.University0.edu, Z=GraduateStudent76@Department10.University0.edu}, {X=http://www.Department10.University0.edu/GraduateStudent40, Y=http://www.Department10.University0.edu, Z=GraduateStudent40@Department10.University0.edu}, {X=http://www.Department10.University0.edu/UndergraduateStudent162, Y=http://www.Department10.University0.edu, Z=UndergraduateStudent162@Department10.University0.edu}, {X=http://www.Department10.University0.edu/GraduateStudent97, Y=http://www.Department10.University0.edu, Z=GraduateStudent97@Department10.University0.edu}, {X=http://www.Department10.University0.edu/UndergraduateStudent159, Y=http://www.Department10.University0.edu, Z=UndergraduateStudent159@Department10.University0.edu}, {X=http://www.Department10.University0.edu/UndergraduateStudent109, Y=http://www.Department10.University0.edu, Z=UndergraduateStudent109@Department10.University0.edu}, {X=http://www.Department10.University0.edu/GraduateStudent99, Y=http://www.Department10.University0.edu, Z=GraduateStudent99@Department10.University0.edu}, {X=http://www.Department10.University0.edu/UndergraduateStudent365, Y=http://www.Department10.University0.edu, Z=UndergraduateStudent365@Department10.University0.edu}, {X=http://www.Department10.University0.edu/UndergraduateStudent4, Y=http://www.Department10.University0.edu, Z=UndergraduateStudent4@Department10.University0.edu}, {X=http://www.Department10.University0.edu/GraduateStudent62, Y=http://www.Department10.University0.edu, Z=GraduateStudent62@Department10.University0.edu}, {X=http://www.Department10.University0.edu/GraduateStudent12, Y=http://www.Department10.University0.edu, Z=GraduateStudent12@Department10.University0.edu}, {X=http://www.Department10.University0.edu/UndergraduateStudent379, Y=http://www.Department10.University0.edu, Z=UndergraduateStudent379@Department10.University0.edu}, {X=http://www.Department10.University0.edu/GraduateStudent61, Y=http://www.Department10.University0.edu, Z=GraduateStudent61@Department10.University0.edu}, {X=http://www.Department10.University0.edu/GraduateStudent124, Y=http://www.Department10.University0.edu, Z=GraduateStudent124@Department10.University0.edu}, {X=http://www.Department10.University0.edu/UndergraduateStudent384, Y=http://www.Department10.University0.edu, Z=UndergraduateStudent384@Department10.University0.edu}, {X=http://www.Department10.University0.edu/UndergraduateStudent28, Y=http://www.Department10.University0.edu, Z=UndergraduateStudent28@Department10.University0.edu}, {X=http://www.Department10.University0.edu/UndergraduateStudent192, Y=http://www.Department10.University0.edu, Z=UndergraduateStudent192@Department10.University0.edu}, {X=http://www.Department10.University0.edu/UndergraduateStudent42, Y=http://www.Department10.University0.edu, Z=UndergraduateStudent42@Department10.University0.edu}, {X=http://www.Department10.University0.edu/UndergraduateStudent153, Y=http://www.Department10.University0.edu, Z=UndergraduateStudent153@Department10.University0.edu}, {X=http://www.Department10.University0.edu/UndergraduateStudent160, Y=http://www.Department10.University0.edu, Z=UndergraduateStudent160@Department10.University0.edu}, {X=http://www.Department10.University0.edu/UndergraduateStudent154, Y=http://www.Department10.University0.edu, Z=UndergraduateStudent154@Department10.University0.edu}, {X=http://www.Department10.University0.edu/GraduateStudent29, Y=http://www.Department10.University0.edu, Z=GraduateStudent29@Department10.University0.edu}, {X=http://www.Department10.University0.edu/GraduateStudent118, Y=http://www.Department10.University0.edu, Z=GraduateStudent118@Department10.University0.edu}, {X=http://www.Department10.University0.edu/GraduateStudent80, Y=http://www.Department10.University0.edu, Z=GraduateStudent80@Department10.University0.edu}, {X=http://www.Department10.University0.edu/UndergraduateStudent18, Y=http://www.Department10.University0.edu, Z=UndergraduateStudent18@Department10.University0.edu}, {X=http://www.Department10.University0.edu/UndergraduateStudent328, Y=http://www.Department10.University0.edu, Z=UndergraduateStudent328@Department10.University0.edu}, {X=http://www.Department10.University0.edu/GraduateStudent60, Y=http://www.Department10.University0.edu, Z=GraduateStudent60@Department10.University0.edu}, {X=http://www.Department10.University0.edu/UndergraduateStudent315, Y=http://www.Department10.University0.edu, Z=UndergraduateStudent315@Department10.University0.edu}, {X=http://www.Department10.University0.edu/GraduateStudent113, Y=http://www.Department10.University0.edu, Z=GraduateStudent113@Department10.University0.edu}, {X=http://www.Department10.University0.edu/UndergraduateStudent130, Y=http://www.Department10.University0.edu, Z=UndergraduateStudent130@Department10.University0.edu}, {X=http://www.Department10.University0.edu/UndergraduateStudent34, Y=http://www.Department10.University0.edu, Z=UndergraduateStudent34@Department10.University0.edu}, {X=http://www.Department10.University0.edu/UndergraduateStudent231, Y=http://www.Department10.University0.edu, Z=UndergraduateStudent231@Department10.University0.edu}, {X=http://www.Department10.University0.edu/GraduateStudent86, Y=http://www.Department10.University0.edu, Z=GraduateStudent86@Department10.University0.edu}, {X=http://www.Department10.University0.edu/UndergraduateStudent229, Y=http://www.Department10.University0.edu, Z=UndergraduateStudent229@Department10.University0.edu}, {X=http://www.Department10.University0.edu/UndergraduateStudent303, Y=http://www.Department10.University0.edu, Z=UndergraduateStudent303@Department10.University0.edu}, {X=http://www.Department10.University0.edu/UndergraduateStudent171, Y=http://www.Department10.University0.edu, Z=UndergraduateStudent171@Department10.University0.edu}, {X=http://www.Department10.University0.edu/UndergraduateStudent47, Y=http://www.Department10.University0.edu, Z=UndergraduateStudent47@Department10.University0.edu}, {X=http://www.Department10.University0.edu/UndergraduateStudent94, Y=http://www.Department10.University0.edu, Z=UndergraduateStudent94@Department10.University0.edu}, {X=http://www.Department10.University0.edu/GraduateStudent45, Y=http://www.Department10.University0.edu, Z=GraduateStudent45@Department10.University0.edu}, {X=http://www.Department10.University0.edu/UndergraduateStudent318, Y=http://www.Department10.University0.edu, Z=UndergraduateStudent318@Department10.University0.edu}, {X=http://www.Department10.University0.edu/GraduateStudent23, Y=http://www.Department10.University0.edu, Z=GraduateStudent23@Department10.University0.edu}, {X=http://www.Department10.University0.edu/UndergraduateStudent35, Y=http://www.Department10.University0.edu, Z=UndergraduateStudent35@Department10.University0.edu}, {X=http://www.Department10.University0.edu/UndergraduateStudent320, Y=http://www.Department10.University0.edu, Z=UndergraduateStudent320@Department10.University0.edu}, {X=http://www.Department10.University0.edu/UndergraduateStudent113, Y=http://www.Department10.University0.edu, Z=UndergraduateStudent113@Department10.University0.edu}, {X=http://www.Department10.University0.edu/UndergraduateStudent9, Y=http://www.Department10.University0.edu, Z=UndergraduateStudent9@Department10.University0.edu}, {X=http://www.Department10.University0.edu/UndergraduateStudent127, Y=http://www.Department10.University0.edu, Z=UndergraduateStudent127@Department10.University0.edu}, {X=http://www.Department10.University0.edu/UndergraduateStudent258, Y=http://www.Department10.University0.edu, Z=UndergraduateStudent258@Department10.University0.edu}, {X=http://www.Department10.University0.edu/GraduateStudent70, Y=http://www.Department10.University0.edu, Z=GraduateStudent70@Department10.University0.edu}, {X=http://www.Department10.University0.edu/UndergraduateStudent78, Y=http://www.Department10.University0.edu, Z=UndergraduateStudent78@Department10.University0.edu}, {X=http://www.Department10.University0.edu/UndergraduateStudent373, Y=http://www.Department10.University0.edu, Z=UndergraduateStudent373@Department10.University0.edu}, {X=http://www.Department10.University0.edu/GraduateStudent72, Y=http://www.Department10.University0.edu, Z=GraduateStudent72@Department10.University0.edu}, {X=http://www.Department10.University0.edu/UndergraduateStudent238, Y=http://www.Department10.University0.edu, Z=UndergraduateStudent238@Department10.University0.edu}, {X=http://www.Department10.University0.edu/UndergraduateStudent331, Y=http://www.Department10.University0.edu, Z=UndergraduateStudent331@Department10.University0.edu}, {X=http://www.Department10.University0.edu/UndergraduateStudent209, Y=http://www.Department10.University0.edu, Z=UndergraduateStudent209@Department10.University0.edu}, {X=http://www.Department10.University0.edu/UndergraduateStudent221, Y=http://www.Department10.University0.edu, Z=UndergraduateStudent221@Department10.University0.edu}, {X=http://www.Department10.University0.edu/UndergraduateStudent326, Y=http://www.Department10.University0.edu, Z=UndergraduateStudent326@Department10.University0.edu}, {X=http://www.Department10.University0.edu/UndergraduateStudent8, Y=http://www.Department10.University0.edu, Z=UndergraduateStudent8@Department10.University0.edu}, {X=http://www.Department10.University0.edu/UndergraduateStudent87, Y=http://www.Department10.University0.edu, Z=UndergraduateStudent87@Department10.University0.edu}, {X=http://www.Department10.University0.edu/UndergraduateStudent244, Y=http://www.Department10.University0.edu, Z=UndergraduateStudent244@Department10.University0.edu}, {X=http://www.Department10.University0.edu/UndergraduateStudent300, Y=http://www.Department10.University0.edu, Z=UndergraduateStudent300@Department10.University0.edu}, {X=http://www.Department10.University0.edu/UndergraduateStudent262, Y=http://www.Department10.University0.edu, Z=UndergraduateStudent262@Department10.University0.edu}, {X=http://www.Department10.University0.edu/UndergraduateStudent10, Y=http://www.Department10.University0.edu, Z=UndergraduateStudent10@Department10.University0.edu}, {X=http://www.Department10.University0.edu/UndergraduateStudent356, Y=http://www.Department10.University0.edu, Z=UndergraduateStudent356@Department10.University0.edu}, {X=http://www.Department10.University0.edu/UndergraduateStudent391, Y=http://www.Department10.University0.edu, Z=UndergraduateStudent391@Department10.University0.edu}, {X=http://www.Department10.University0.edu/UndergraduateStudent346, Y=http://www.Department10.University0.edu, Z=UndergraduateStudent346@Department10.University0.edu}, {X=http://www.Department10.University0.edu/GraduateStudent121, Y=http://www.Department10.University0.edu, Z=GraduateStudent121@Department10.University0.edu}, {X=http://www.Department10.University0.edu/UndergraduateStudent185, Y=http://www.Department10.University0.edu, Z=UndergraduateStudent185@Department10.University0.edu}, {X=http://www.Department10.University0.edu/UndergraduateStudent301, Y=http://www.Department10.University0.edu, Z=UndergraduateStudent301@Department10.University0.edu}, {X=http://www.Department10.University0.edu/GraduateStudent43, Y=http://www.Department10.University0.edu, Z=GraduateStudent43@Department10.University0.edu}, {X=http://www.Department10.University0.edu/UndergraduateStudent404, Y=http://www.Department10.University0.edu, Z=UndergraduateStudent404@Department10.University0.edu}, {X=http://www.Department10.University0.edu/UndergraduateStudent11, Y=http://www.Department10.University0.edu, Z=UndergraduateStudent11@Department10.University0.edu}, {X=http://www.Department10.University0.edu/UndergraduateStudent316, Y=http://www.Department10.University0.edu, Z=UndergraduateStudent316@Department10.University0.edu}, {X=http://www.Department10.University0.edu/UndergraduateStudent75, Y=http://www.Department10.University0.edu, Z=UndergraduateStudent75@Department10.University0.edu}, {X=http://www.Department10.University0.edu/UndergraduateStudent93, Y=http://www.Department10.University0.edu, Z=UndergraduateStudent93@Department10.University0.edu}, {X=http://www.Department10.University0.edu/GraduateStudent89, Y=http://www.Department10.University0.edu, Z=GraduateStudent89@Department10.University0.edu}, {X=http://www.Department10.University0.edu/GraduateStudent136, Y=http://www.Department10.University0.edu, Z=GraduateStudent136@Department10.University0.edu}, {X=http://www.Department10.University0.edu/UndergraduateStudent52, Y=http://www.Department10.University0.edu, Z=UndergraduateStudent52@Department10.University0.edu}, {X=http://www.Department10.University0.edu/UndergraduateStudent40, Y=http://www.Department10.University0.edu, Z=UndergraduateStudent40@Department10.University0.edu}, {X=http://www.Department10.University0.edu/UndergraduateStudent358, Y=http://www.Department10.University0.edu, Z=UndergraduateStudent358@Department10.University0.edu}, {X=http://www.Department10.University0.edu/UndergraduateStudent37, Y=http://www.Department10.University0.edu, Z=UndergraduateStudent37@Department10.University0.edu}, {X=http://www.Department10.University0.edu/UndergraduateStudent196, Y=http://www.Department10.University0.edu, Z=UndergraduateStudent196@Department10.University0.edu}, {X=http://www.Department10.University0.edu/UndergraduateStudent164, Y=http://www.Department10.University0.edu, Z=UndergraduateStudent164@Department10.University0.edu}, {X=http://www.Department10.University0.edu/UndergraduateStudent16, Y=http://www.Department10.University0.edu, Z=UndergraduateStudent16@Department10.University0.edu}, {X=http://www.Department10.University0.edu/UndergraduateStudent17, Y=http://www.Department10.University0.edu, Z=UndergraduateStudent17@Department10.University0.edu}, {X=http://www.Department10.University0.edu/GraduateStudent84, Y=http://www.Department10.University0.edu, Z=GraduateStudent84@Department10.University0.edu}, {X=http://www.Department10.University0.edu/GraduateStudent132, Y=http://www.Department10.University0.edu, Z=GraduateStudent132@Department10.University0.edu}, {X=http://www.Department10.University0.edu/UndergraduateStudent20, Y=http://www.Department10.University0.edu, Z=UndergraduateStudent20@Department10.University0.edu}, {X=http://www.Department10.University0.edu/UndergraduateStudent294, Y=http://www.Department10.University0.edu, Z=UndergraduateStudent294@Department10.University0.edu}, {X=http://www.Department10.University0.edu/UndergraduateStudent282, Y=http://www.Department10.University0.edu, Z=UndergraduateStudent282@Department10.University0.edu}, {X=http://www.Department10.University0.edu/UndergraduateStudent388, Y=http://www.Department10.University0.edu, Z=UndergraduateStudent388@Department10.University0.edu}, {X=http://www.Department10.University0.edu/UndergraduateStudent370, Y=http://www.Department10.University0.edu, Z=UndergraduateStudent370@Department10.University0.edu}, {X=http://www.Department10.University0.edu/UndergraduateStudent216, Y=http://www.Department10.University0.edu, Z=UndergraduateStudent216@Department10.University0.edu}, {X=http://www.Department10.University0.edu/GraduateStudent112, Y=http://www.Department10.University0.edu, Z=GraduateStudent112@Department10.University0.edu}, {X=http://www.Department10.University0.edu/UndergraduateStudent292, Y=http://www.Department10.University0.edu, Z=UndergraduateStudent292@Department10.University0.edu}, {X=http://www.Department10.University0.edu/UndergraduateStudent270, Y=http://www.Department10.University0.edu, Z=UndergraduateStudent270@Department10.University0.edu}, {X=http://www.Department10.University0.edu/UndergraduateStudent340, Y=http://www.Department10.University0.edu, Z=UndergraduateStudent340@Department10.University0.edu}, {X=http://www.Department10.University0.edu/UndergraduateStudent309, Y=http://www.Department10.University0.edu, Z=UndergraduateStudent309@Department10.University0.edu}, {X=http://www.Department10.University0.edu/UndergraduateStudent142, Y=http://www.Department10.University0.edu, Z=UndergraduateStudent142@Department10.University0.edu}, {X=http://www.Department10.University0.edu/UndergraduateStudent310, Y=http://www.Department10.University0.edu, Z=UndergraduateStudent310@Department10.University0.edu}, {X=http://www.Department10.University0.edu/UndergraduateStudent129, Y=http://www.Department10.University0.edu, Z=UndergraduateStudent129@Department10.University0.edu}, {X=http://www.Department10.University0.edu/UndergraduateStudent249, Y=http://www.Department10.University0.edu, Z=UndergraduateStudent249@Department10.University0.edu}, {X=http://www.Department10.University0.edu/UndergraduateStudent410, Y=http://www.Department10.University0.edu, Z=UndergraduateStudent410@Department10.University0.edu}, {X=http://www.Department10.University0.edu/UndergraduateStudent147, Y=http://www.Department10.University0.edu, Z=UndergraduateStudent147@Department10.University0.edu}, {X=http://www.Department10.University0.edu/UndergraduateStudent59, Y=http://www.Department10.University0.edu, Z=UndergraduateStudent59@Department10.University0.edu}, {X=http://www.Department10.University0.edu/UndergraduateStudent181, Y=http://www.Department10.University0.edu, Z=UndergraduateStudent181@Department10.University0.edu}, {X=http://www.Department10.University0.edu/UndergraduateStudent213, Y=http://www.Department10.University0.edu, Z=UndergraduateStudent213@Department10.University0.edu}, {X=http://www.Department10.University0.edu/UndergraduateStudent386, Y=http://www.Department10.University0.edu, Z=UndergraduateStudent386@Department10.University0.edu}, {X=http://www.Department10.University0.edu/GraduateStudent109, Y=http://www.Department10.University0.edu, Z=GraduateStudent109@Department10.University0.edu}, {X=http://www.Department10.University0.edu/UndergraduateStudent295, Y=http://www.Department10.University0.edu, Z=UndergraduateStudent295@Department10.University0.edu}, {X=http://www.Department10.University0.edu/GraduateStudent105, Y=http://www.Department10.University0.edu, Z=GraduateStudent105@Department10.University0.edu}, {X=http://www.Department10.University0.edu/UndergraduateStudent396, Y=http://www.Department10.University0.edu, Z=UndergraduateStudent396@Department10.University0.edu}, {X=http://www.Department10.University0.edu/UndergraduateStudent121, Y=http://www.Department10.University0.edu, Z=UndergraduateStudent121@Department10.University0.edu}, {X=http://www.Department10.University0.edu/GraduateStudent14, Y=http://www.Department10.University0.edu, Z=GraduateStudent14@Department10.University0.edu}, {X=http://www.Department10.University0.edu/UndergraduateStudent212, Y=http://www.Department10.University0.edu, Z=UndergraduateStudent212@Department10.University0.edu}, {X=http://www.Department10.University0.edu/GraduateStudent20, Y=http://www.Department10.University0.edu, Z=GraduateStudent20@Department10.University0.edu}, {X=http://www.Department10.University0.edu/UndergraduateStudent66, Y=http://www.Department10.University0.edu, Z=UndergraduateStudent66@Department10.University0.edu}, {X=http://www.Department10.University0.edu/UndergraduateStudent61, Y=http://www.Department10.University0.edu, Z=UndergraduateStudent61@Department10.University0.edu}, {X=http://www.Department10.University0.edu/GraduateStudent64, Y=http://www.Department10.University0.edu, Z=GraduateStudent64@Department10.University0.edu}, {X=http://www.Department10.University0.edu/UndergraduateStudent279, Y=http://www.Department10.University0.edu, Z=UndergraduateStudent279@Department10.University0.edu}, {X=http://www.Department10.University0.edu/UndergraduateStudent74, Y=http://www.Department10.University0.edu, Z=UndergraduateStudent74@Department10.University0.edu}, {X=http://www.Department10.University0.edu/UndergraduateStudent198, Y=http://www.Department10.University0.edu, Z=UndergraduateStudent198@Department10.University0.edu}, {X=http://www.Department10.University0.edu/UndergraduateStudent277, Y=http://www.Department10.University0.edu, Z=UndergraduateStudent277@Department10.University0.edu}, {X=http://www.Department10.University0.edu/UndergraduateStudent240, Y=http://www.Department10.University0.edu, Z=UndergraduateStudent240@Department10.University0.edu}, {X=http://www.Department10.University0.edu/UndergraduateStudent304, Y=http://www.Department10.University0.edu, Z=UndergraduateStudent304@Department10.University0.edu}, {X=http://www.Department10.University0.edu/UndergraduateStudent252, Y=http://www.Department10.University0.edu, Z=UndergraduateStudent252@Department10.University0.edu}, {X=http://www.Department10.University0.edu/UndergraduateStudent204, Y=http://www.Department10.University0.edu, Z=UndergraduateStudent204@Department10.University0.edu}, {X=http://www.Department10.University0.edu/UndergraduateStudent214, Y=http://www.Department10.University0.edu, Z=UndergraduateStudent214@Department10.University0.edu}, {X=http://www.Department10.University0.edu/UndergraduateStudent149, Y=http://www.Department10.University0.edu, Z=UndergraduateStudent149@Department10.University0.edu}, {X=http://www.Department10.University0.edu/GraduateStudent116, Y=http://www.Department10.University0.edu, Z=GraduateStudent116@Department10.University0.edu}, {X=http://www.Department10.University0.edu/UndergraduateStudent116, Y=http://www.Department10.University0.edu, Z=UndergraduateStudent116@Department10.University0.edu}, {X=http://www.Department10.University0.edu/UndergraduateStudent299, Y=http://www.Department10.University0.edu, Z=UndergraduateStudent299@Department10.University0.edu}, {X=http://www.Department10.University0.edu/UndergraduateStudent3, Y=http://www.Department10.University0.edu, Z=UndergraduateStudent3@Department10.University0.edu}, {X=http://www.Department10.University0.edu/UndergraduateStudent15, Y=http://www.Department10.University0.edu, Z=UndergraduateStudent15@Department10.University0.edu}, {X=http://www.Department10.University0.edu/UndergraduateStudent261, Y=http://www.Department10.University0.edu, Z=UndergraduateStudent261@Department10.University0.edu}, {X=http://www.Department10.University0.edu/GraduateStudent100, Y=http://www.Department10.University0.edu, Z=GraduateStudent100@Department10.University0.edu}, {X=http://www.Department10.University0.edu/UndergraduateStudent80, Y=http://www.Department10.University0.edu, Z=UndergraduateStudent80@Department10.University0.edu}, {X=http://www.Department10.University0.edu/UndergraduateStudent406, Y=http://www.Department10.University0.edu, Z=UndergraduateStudent406@Department10.University0.edu}, {X=http://www.Department10.University0.edu/UndergraduateStudent369, Y=http://www.Department10.University0.edu, Z=UndergraduateStudent369@Department10.University0.edu}, {X=http://www.Department10.University0.edu/UndergraduateStudent175, Y=http://www.Department10.University0.edu, Z=UndergraduateStudent175@Department10.University0.edu}, {X=http://www.Department10.University0.edu/UndergraduateStudent148, Y=http://www.Department10.University0.edu, Z=UndergraduateStudent148@Department10.University0.edu}, {X=http://www.Department10.University0.edu/GraduateStudent129, Y=http://www.Department10.University0.edu, Z=GraduateStudent129@Department10.University0.edu}, {X=http://www.Department10.University0.edu/UndergraduateStudent122, Y=http://www.Department10.University0.edu, Z=UndergraduateStudent122@Department10.University0.edu}, {X=http://www.Department10.University0.edu/UndergraduateStudent228, Y=http://www.Department10.University0.edu, Z=UndergraduateStudent228@Department10.University0.edu}, {X=http://www.Department10.University0.edu/UndergraduateStudent102, Y=http://www.Department10.University0.edu, Z=UndergraduateStudent102@Department10.University0.edu}, {X=http://www.Department10.University0.edu/GraduateStudent115, Y=http://www.Department10.University0.edu, Z=GraduateStudent115@Department10.University0.edu}, {X=http://www.Department10.University0.edu/UndergraduateStudent354, Y=http://www.Department10.University0.edu, Z=UndergraduateStudent354@Department10.University0.edu}, {X=http://www.Department10.University0.edu/UndergraduateStudent174, Y=http://www.Department10.University0.edu, Z=UndergraduateStudent174@Department10.University0.edu}, {X=http://www.Department10.University0.edu/UndergraduateStudent155, Y=http://www.Department10.University0.edu, Z=UndergraduateStudent155@Department10.University0.edu}, {X=http://www.Department10.University0.edu/UndergraduateStudent349, Y=http://www.Department10.University0.edu, Z=UndergraduateStudent349@Department10.University0.edu}, {X=http://www.Department10.University0.edu/GraduateStudent82, Y=http://www.Department10.University0.edu, Z=GraduateStudent82@Department10.University0.edu}, {X=http://www.Department10.University0.edu/UndergraduateStudent219, Y=http://www.Department10.University0.edu, Z=UndergraduateStudent219@Department10.University0.edu}, {X=http://www.Department10.University0.edu/UndergraduateStudent243, Y=http://www.Department10.University0.edu, Z=UndergraduateStudent243@Department10.University0.edu}, {X=http://www.Department10.University0.edu/UndergraduateStudent26, Y=http://www.Department10.University0.edu, Z=UndergraduateStudent26@Department10.University0.edu}, {X=http://www.Department10.University0.edu/GraduateStudent9, Y=http://www.Department10.University0.edu, Z=GraduateStudent9@Department10.University0.edu}, {X=http://www.Department10.University0.edu/UndergraduateStudent247, Y=http://www.Department10.University0.edu, Z=UndergraduateStudent247@Department10.University0.edu}, {X=http://www.Department10.University0.edu/GraduateStudent49, Y=http://www.Department10.University0.edu, Z=GraduateStudent49@Department10.University0.edu}, {X=http://www.Department10.University0.edu/GraduateStudent108, Y=http://www.Department10.University0.edu, Z=GraduateStudent108@Department10.University0.edu}, {X=http://www.Department10.University0.edu/UndergraduateStudent272, Y=http://www.Department10.University0.edu, Z=UndergraduateStudent272@Department10.University0.edu}, {X=http://www.Department10.University0.edu/GraduateStudent81, Y=http://www.Department10.University0.edu, Z=GraduateStudent81@Department10.University0.edu}, {X=http://www.Department10.University0.edu/UndergraduateStudent239, Y=http://www.Department10.University0.edu, Z=UndergraduateStudent239@Department10.University0.edu}, {X=http://www.Department10.University0.edu/UndergraduateStudent13, Y=http://www.Department10.University0.edu, Z=UndergraduateStudent13@Department10.University0.edu}, {X=http://www.Department10.University0.edu/UndergraduateStudent195, Y=http://www.Department10.University0.edu, Z=UndergraduateStudent195@Department10.University0.edu}, {X=http://www.Department10.University0.edu/GraduateStudent94, Y=http://www.Department10.University0.edu, Z=GraduateStudent94@Department10.University0.edu}, {X=http://www.Department10.University0.edu/UndergraduateStudent183, Y=http://www.Department10.University0.edu, Z=UndergraduateStudent183@Department10.University0.edu}, {X=http://www.Department10.University0.edu/UndergraduateStudent163, Y=http://www.Department10.University0.edu, Z=UndergraduateStudent163@Department10.University0.edu}, {X=http://www.Department10.University0.edu/GraduateStudent65, Y=http://www.Department10.University0.edu, Z=GraduateStudent65@Department10.University0.edu}, {X=http://www.Department10.University0.edu/UndergraduateStudent27, Y=http://www.Department10.University0.edu, Z=UndergraduateStudent27@Department10.University0.edu}, {X=http://www.Department10.University0.edu/UndergraduateStudent30, Y=http://www.Department10.University0.edu, Z=UndergraduateStudent30@Department10.University0.edu}, {X=http://www.Department10.University0.edu/UndergraduateStudent125, Y=http://www.Department10.University0.edu, Z=UndergraduateStudent125@Department10.University0.edu}, {X=http://www.Department10.University0.edu/UndergraduateStudent14, Y=http://www.Department10.University0.edu, Z=UndergraduateStudent14@Department10.University0.edu}, {X=http://www.Department10.University0.edu/UndergraduateStudent70, Y=http://www.Department10.University0.edu, Z=UndergraduateStudent70@Department10.University0.edu}, {X=http://www.Department10.University0.edu/UndergraduateStudent53, Y=http://www.Department10.University0.edu, Z=UndergraduateStudent53@Department10.University0.edu}, {X=http://www.Department10.University0.edu/UndergraduateStudent329, Y=http://www.Department10.University0.edu, Z=UndergraduateStudent329@Department10.University0.edu}, {X=http://www.Department10.University0.edu/UndergraduateStudent139, Y=http://www.Department10.University0.edu, Z=UndergraduateStudent139@Department10.University0.edu}, {X=http://www.Department10.University0.edu/GraduateStudent18, Y=http://www.Department10.University0.edu, Z=GraduateStudent18@Department10.University0.edu}, {X=http://www.Department10.University0.edu/UndergraduateStudent333, Y=http://www.Department10.University0.edu, Z=UndergraduateStudent333@Department10.University0.edu}, {X=http://www.Department10.University0.edu/UndergraduateStudent359, Y=http://www.Department10.University0.edu, Z=UndergraduateStudent359@Department10.University0.edu}, {X=http://www.Department10.University0.edu/GraduateStudent19, Y=http://www.Department10.University0.edu, Z=GraduateStudent19@Department10.University0.edu}, {X=http://www.Department10.University0.edu/UndergraduateStudent187, Y=http://www.Department10.University0.edu, Z=UndergraduateStudent187@Department10.University0.edu}, {X=http://www.Department10.University0.edu/UndergraduateStudent202, Y=http://www.Department10.University0.edu, Z=UndergraduateStudent202@Department10.University0.edu}, {X=http://www.Department10.University0.edu/GraduateStudent91, Y=http://www.Department10.University0.edu, Z=GraduateStudent91@Department10.University0.edu}, {X=http://www.Department10.University0.edu/UndergraduateStudent385, Y=http://www.Department10.University0.edu, Z=UndergraduateStudent385@Department10.University0.edu}, {X=http://www.Department10.University0.edu/UndergraduateStudent286, Y=http://www.Department10.University0.edu, Z=UndergraduateStudent286@Department10.University0.edu}, {X=http://www.Department10.University0.edu/UndergraduateStudent206, Y=http://www.Department10.University0.edu, Z=UndergraduateStudent206@Department10.University0.edu}, {X=http://www.Department10.University0.edu/UndergraduateStudent225, Y=http://www.Department10.University0.edu, Z=UndergraduateStudent225@Department10.University0.edu}, {X=http://www.Department10.University0.edu/UndergraduateStudent182, Y=http://www.Department10.University0.edu, Z=UndergraduateStudent182@Department10.University0.edu}, {X=http://www.Department10.University0.edu/UndergraduateStudent283, Y=http://www.Department10.University0.edu, Z=UndergraduateStudent283@Department10.University0.edu}, {X=http://www.Department10.University0.edu/UndergraduateStudent161, Y=http://www.Department10.University0.edu, Z=UndergraduateStudent161@Department10.University0.edu}, {X=http://www.Department10.University0.edu/UndergraduateStudent23, Y=http://www.Department10.University0.edu, Z=UndergraduateStudent23@Department10.University0.edu}, {X=http://www.Department10.University0.edu/UndergraduateStudent401, Y=http://www.Department10.University0.edu, Z=UndergraduateStudent401@Department10.University0.edu}, {X=http://www.Department10.University0.edu/GraduateStudent54, Y=http://www.Department10.University0.edu, Z=GraduateStudent54@Department10.University0.edu}, {X=http://www.Department10.University0.edu/UndergraduateStudent321, Y=http://www.Department10.University0.edu, Z=UndergraduateStudent321@Department10.University0.edu}, {X=http://www.Department10.University0.edu/UndergraduateStudent296, Y=http://www.Department10.University0.edu, Z=UndergraduateStudent296@Department10.University0.edu}, {X=http://www.Department10.University0.edu/UndergraduateStudent178, Y=http://www.Department10.University0.edu, Z=UndergraduateStudent178@Department10.University0.edu}, {X=http://www.Department10.University0.edu/UndergraduateStudent344, Y=http://www.Department10.University0.edu, Z=UndergraduateStudent344@Department10.University0.edu}, {X=http://www.Department10.University0.edu/GraduateStudent25, Y=http://www.Department10.University0.edu, Z=GraduateStudent25@Department10.University0.edu}, {X=http://www.Department10.University0.edu/UndergraduateStudent257, Y=http://www.Department10.University0.edu, Z=UndergraduateStudent257@Department10.University0.edu}, {X=http://www.Department10.University0.edu/UndergraduateStudent383, Y=http://www.Department10.University0.edu, Z=UndergraduateStudent383@Department10.University0.edu}, {X=http://www.Department10.University0.edu/UndergraduateStudent63, Y=http://www.Department10.University0.edu, Z=UndergraduateStudent63@Department10.University0.edu}, {X=http://www.Department10.University0.edu/UndergraduateStudent57, Y=http://www.Department10.University0.edu, Z=UndergraduateStudent57@Department10.University0.edu}, {X=http://www.Department10.University0.edu/GraduateStudent104, Y=http://www.Department10.University0.edu, Z=GraduateStudent104@Department10.University0.edu}, {X=http://www.Department10.University0.edu/UndergraduateStudent335, Y=http://www.Department10.University0.edu, Z=UndergraduateStudent335@Department10.University0.edu}, {X=http://www.Department10.University0.edu/UndergraduateStudent207, Y=http://www.Department10.University0.edu, Z=UndergraduateStudent207@Department10.University0.edu}, {X=http://www.Department10.University0.edu/UndergraduateStudent248, Y=http://www.Department10.University0.edu, Z=UndergraduateStudent248@Department10.University0.edu}, {X=http://www.Department10.University0.edu/GraduateStudent11, Y=http://www.Department10.University0.edu, Z=GraduateStudent11@Department10.University0.edu}, {X=http://www.Department10.University0.edu/UndergraduateStudent298, Y=http://www.Department10.University0.edu, Z=UndergraduateStudent298@Department10.University0.edu}, {X=http://www.Department10.University0.edu/GraduateStudent13, Y=http://www.Department10.University0.edu, Z=GraduateStudent13@Department10.University0.edu}, {X=http://www.Department10.University0.edu/UndergraduateStudent90, Y=http://www.Department10.University0.edu, Z=UndergraduateStudent90@Department10.University0.edu}, {X=http://www.Department10.University0.edu/UndergraduateStudent194, Y=http://www.Department10.University0.edu, Z=UndergraduateStudent194@Department10.University0.edu}, {X=http://www.Department10.University0.edu/GraduateStudent68, Y=http://www.Department10.University0.edu, Z=GraduateStudent68@Department10.University0.edu}, {X=http://www.Department10.University0.edu/GraduateStudent10, Y=http://www.Department10.University0.edu, Z=GraduateStudent10@Department10.University0.edu}, {X=http://www.Department10.University0.edu/UndergraduateStudent173, Y=http://www.Department10.University0.edu, Z=UndergraduateStudent173@Department10.University0.edu}, {X=http://www.Department10.University0.edu/UndergraduateStudent39, Y=http://www.Department10.University0.edu, Z=UndergraduateStudent39@Department10.University0.edu}, {X=http://www.Department10.University0.edu/UndergraduateStudent217, Y=http://www.Department10.University0.edu, Z=UndergraduateStudent217@Department10.University0.edu}, {X=http://www.Department10.University0.edu/UndergraduateStudent158, Y=http://www.Department10.University0.edu, Z=UndergraduateStudent158@Department10.University0.edu}, {X=http://www.Department10.University0.edu/GraduateStudent93, Y=http://www.Department10.University0.edu, Z=GraduateStudent93@Department10.University0.edu}, {X=http://www.Department10.University0.edu/UndergraduateStudent211, Y=http://www.Department10.University0.edu, Z=UndergraduateStudent211@Department10.University0.edu}, {X=http://www.Department10.University0.edu/UndergraduateStudent382, Y=http://www.Department10.University0.edu, Z=UndergraduateStudent382@Department10.University0.edu}, {X=http://www.Department10.University0.edu/GraduateStudent39, Y=http://www.Department10.University0.edu, Z=GraduateStudent39@Department10.University0.edu}, {X=http://www.Department10.University0.edu/UndergraduateStudent201, Y=http://www.Department10.University0.edu, Z=UndergraduateStudent201@Department10.University0.edu}, {X=http://www.Department10.University0.edu/GraduateStudent63, Y=http://www.Department10.University0.edu, Z=GraduateStudent63@Department10.University0.edu}, {X=http://www.Department10.University0.edu/GraduateStudent52, Y=http://www.Department10.University0.edu, Z=GraduateStudent52@Department10.University0.edu}, {X=http://www.Department10.University0.edu/UndergraduateStudent353, Y=http://www.Department10.University0.edu, Z=UndergraduateStudent353@Department10.University0.edu}, {X=http://www.Department10.University0.edu/GraduateStudent101, Y=http://www.Department10.University0.edu, Z=GraduateStudent101@Department10.University0.edu}, {X=http://www.Department10.University0.edu/GraduateStudent125, Y=http://www.Department10.University0.edu, Z=GraduateStudent125@Department10.University0.edu}, {X=http://www.Department10.University0.edu/UndergraduateStudent2, Y=http://www.Department10.University0.edu, Z=UndergraduateStudent2@Department10.University0.edu}, {X=http://www.Department10.University0.edu/UndergraduateStudent62, Y=http://www.Department10.University0.edu, Z=UndergraduateStudent62@Department10.University0.edu}, {X=http://www.Department10.University0.edu/UndergraduateStudent22, Y=http://www.Department10.University0.edu, Z=UndergraduateStudent22@Department10.University0.edu}, {X=http://www.Department10.University0.edu/UndergraduateStudent234, Y=http://www.Department10.University0.edu, Z=UndergraduateStudent234@Department10.University0.edu}, {X=http://www.Department10.University0.edu/UndergraduateStudent308, Y=http://www.Department10.University0.edu, Z=UndergraduateStudent308@Department10.University0.edu}, {X=http://www.Department10.University0.edu/UndergraduateStudent97, Y=http://www.Department10.University0.edu, Z=UndergraduateStudent97@Department10.University0.edu}, {X=http://www.Department10.University0.edu/GraduateStudent4, Y=http://www.Department10.University0.edu, Z=GraduateStudent4@Department10.University0.edu}, {X=http://www.Department10.University0.edu/UndergraduateStudent377, Y=http://www.Department10.University0.edu, Z=UndergraduateStudent377@Department10.University0.edu}, {X=http://www.Department10.University0.edu/UndergraduateStudent41, Y=http://www.Department10.University0.edu, Z=UndergraduateStudent41@Department10.University0.edu}, {X=http://www.Department10.University0.edu/UndergraduateStudent250, Y=http://www.Department10.University0.edu, Z=UndergraduateStudent250@Department10.University0.edu}, {X=http://www.Department10.University0.edu/UndergraduateStudent330, Y=http://www.Department10.University0.edu, Z=UndergraduateStudent330@Department10.University0.edu}, {X=http://www.Department10.University0.edu/UndergraduateStudent227, Y=http://www.Department10.University0.edu, Z=UndergraduateStudent227@Department10.University0.edu}, {X=http://www.Department10.University0.edu/GraduateStudent96, Y=http://www.Department10.University0.edu, Z=GraduateStudent96@Department10.University0.edu}, {X=http://www.Department10.University0.edu/UndergraduateStudent199, Y=http://www.Department10.University0.edu, Z=UndergraduateStudent199@Department10.University0.edu}, {X=http://www.Department10.University0.edu/GraduateStudent131, Y=http://www.Department10.University0.edu, Z=GraduateStudent131@Department10.University0.edu}, {X=http://www.Department10.University0.edu/UndergraduateStudent265, Y=http://www.Department10.University0.edu, Z=UndergraduateStudent265@Department10.University0.edu}, {X=http://www.Department10.University0.edu/UndergraduateStudent131, Y=http://www.Department10.University0.edu, Z=UndergraduateStudent131@Department10.University0.edu}, {X=http://www.Department10.University0.edu/UndergraduateStudent48, Y=http://www.Department10.University0.edu, Z=UndergraduateStudent48@Department10.University0.edu}, {X=http://www.Department10.University0.edu/GraduateStudent33, Y=http://www.Department10.University0.edu, Z=GraduateStudent33@Department10.University0.edu}, {X=http://www.Department10.University0.edu/UndergraduateStudent137, Y=http://www.Department10.University0.edu, Z=UndergraduateStudent137@Department10.University0.edu}, {X=http://www.Department10.University0.edu/UndergraduateStudent281, Y=http://www.Department10.University0.edu, Z=UndergraduateStudent281@Department10.University0.edu}, {X=http://www.Department10.University0.edu/UndergraduateStudent166, Y=http://www.Department10.University0.edu, Z=UndergraduateStudent166@Department10.University0.edu}, {X=http://www.Department10.University0.edu/UndergraduateStudent233, Y=http://www.Department10.University0.edu, Z=UndergraduateStudent233@Department10.University0.edu}, {X=http://www.Department10.University0.edu/GraduateStudent98, Y=http://www.Department10.University0.edu, Z=GraduateStudent98@Department10.University0.edu}, {X=http://www.Department10.University0.edu/UndergraduateStudent67, Y=http://www.Department10.University0.edu, Z=UndergraduateStudent67@Department10.University0.edu}, {X=http://www.Department10.University0.edu/UndergraduateStudent85, Y=http://www.Department10.University0.edu, Z=UndergraduateStudent85@Department10.University0.edu}, {X=http://www.Department10.University0.edu/UndergraduateStudent88, Y=http://www.Department10.University0.edu, Z=UndergraduateStudent88@Department10.University0.edu}, {X=http://www.Department10.University0.edu/UndergraduateStudent120, Y=http://www.Department10.University0.edu, Z=UndergraduateStudent120@Department10.University0.edu}, {X=http://www.Department10.University0.edu/GraduateStudent123, Y=http://www.Department10.University0.edu, Z=GraduateStudent123@Department10.University0.edu}, {X=http://www.Department10.University0.edu/GraduateStudent110, Y=http://www.Department10.University0.edu, Z=GraduateStudent110@Department10.University0.edu}, {X=http://www.Department10.University0.edu/UndergraduateStudent36, Y=http://www.Department10.University0.edu, Z=UndergraduateStudent36@Department10.University0.edu}, {X=http://www.Department10.University0.edu/UndergraduateStudent151, Y=http://www.Department10.University0.edu, Z=UndergraduateStudent151@Department10.University0.edu}, {X=http://www.Department10.University0.edu/GraduateStudent31, Y=http://www.Department10.University0.edu, Z=GraduateStudent31@Department10.University0.edu}, {X=http://www.Department10.University0.edu/UndergraduateStudent82, Y=http://www.Department10.University0.edu, Z=UndergraduateStudent82@Department10.University0.edu}, {X=http://www.Department10.University0.edu/GraduateStudent35, Y=http://www.Department10.University0.edu, Z=GraduateStudent35@Department10.University0.edu}, {X=http://www.Department10.University0.edu/UndergraduateStudent241, Y=http://www.Department10.University0.edu, Z=UndergraduateStudent241@Department10.University0.edu}, {X=http://www.Department10.University0.edu/GraduateStudent34, Y=http://www.Department10.University0.edu, Z=GraduateStudent34@Department10.University0.edu}, {X=http://www.Department10.University0.edu/UndergraduateStudent126, Y=http://www.Department10.University0.edu, Z=UndergraduateStudent126@Department10.University0.edu}, {X=http://www.Department10.University0.edu/UndergraduateStudent184, Y=http://www.Department10.University0.edu, Z=UndergraduateStudent184@Department10.University0.edu}, {X=http://www.Department10.University0.edu/UndergraduateStudent169, Y=http://www.Department10.University0.edu, Z=UndergraduateStudent169@Department10.University0.edu}, {X=http://www.Department10.University0.edu/UndergraduateStudent12, Y=http://www.Department10.University0.edu, Z=UndergraduateStudent12@Department10.University0.edu}, {X=http://www.Department10.University0.edu/UndergraduateStudent133, Y=http://www.Department10.University0.edu, Z=UndergraduateStudent133@Department10.University0.edu}, {X=http://www.Department10.University0.edu/UndergraduateStudent84, Y=http://www.Department10.University0.edu, Z=UndergraduateStudent84@Department10.University0.edu}, {X=http://www.Department10.University0.edu/GraduateStudent8, Y=http://www.Department10.University0.edu, Z=GraduateStudent8@Department10.University0.edu}, {X=http://www.Department10.University0.edu/UndergraduateStudent403, Y=http://www.Department10.University0.edu, Z=UndergraduateStudent403@Department10.University0.edu}, {X=http://www.Department10.University0.edu/UndergraduateStudent60, Y=http://www.Department10.University0.edu, Z=UndergraduateStudent60@Department10.University0.edu}, {X=http://www.Department10.University0.edu/GraduateStudent26, Y=http://www.Department10.University0.edu, Z=GraduateStudent26@Department10.University0.edu}, {X=http://www.Department10.University0.edu/UndergraduateStudent402, Y=http://www.Department10.University0.edu, Z=UndergraduateStudent402@Department10.University0.edu}, {X=http://www.Department10.University0.edu/UndergraduateStudent210, Y=http://www.Department10.University0.edu, Z=UndergraduateStudent210@Department10.University0.edu}, {X=http://www.Department10.University0.edu/GraduateStudent69, Y=http://www.Department10.University0.edu, Z=GraduateStudent69@Department10.University0.edu}, {X=http://www.Department10.University0.edu/UndergraduateStudent123, Y=http://www.Department10.University0.edu, Z=UndergraduateStudent123@Department10.University0.edu}, {X=http://www.Department10.University0.edu/UndergraduateStudent167, Y=http://www.Department10.University0.edu, Z=UndergraduateStudent167@Department10.University0.edu}, {X=http://www.Department10.University0.edu/UndergraduateStudent361, Y=http://www.Department10.University0.edu, Z=UndergraduateStudent361@Department10.University0.edu}, {X=http://www.Department10.University0.edu/GraduateStudent5, Y=http://www.Department10.University0.edu, Z=GraduateStudent5@Department10.University0.edu}, {X=http://www.Department10.University0.edu/GraduateStudent55, Y=http://www.Department10.University0.edu, Z=GraduateStudent55@Department10.University0.edu}, {X=http://www.Department10.University0.edu/GraduateStudent134, Y=http://www.Department10.University0.edu, Z=GraduateStudent134@Department10.University0.edu}, {X=http://www.Department10.University0.edu/UndergraduateStudent200, Y=http://www.Department10.University0.edu, Z=UndergraduateStudent200@Department10.University0.edu}, {X=http://www.Department10.University0.edu/UndergraduateStudent29, Y=http://www.Department10.University0.edu, Z=UndergraduateStudent29@Department10.University0.edu}, {X=http://www.Department10.University0.edu/GraduateStudent16, Y=http://www.Department10.University0.edu, Z=GraduateStudent16@Department10.University0.edu}, {X=http://www.Department10.University0.edu/UndergraduateStudent271, Y=http://www.Department10.University0.edu, Z=UndergraduateStudent271@Department10.University0.edu}, {X=http://www.Department10.University0.edu/UndergraduateStudent322, Y=http://www.Department10.University0.edu, Z=UndergraduateStudent322@Department10.University0.edu}, {X=http://www.Department10.University0.edu/UndergraduateStudent33, Y=http://www.Department10.University0.edu, Z=UndergraduateStudent33@Department10.University0.edu}, {X=http://www.Department10.University0.edu/UndergraduateStudent405, Y=http://www.Department10.University0.edu, Z=UndergraduateStudent405@Department10.University0.edu}, {X=http://www.Department10.University0.edu/UndergraduateStudent146, Y=http://www.Department10.University0.edu, Z=UndergraduateStudent146@Department10.University0.edu}, {X=http://www.Department10.University0.edu/UndergraduateStudent56, Y=http://www.Department10.University0.edu, Z=UndergraduateStudent56@Department10.University0.edu}, {X=http://www.Department10.University0.edu/UndergraduateStudent107, Y=http://www.Department10.University0.edu, Z=UndergraduateStudent107@Department10.University0.edu}, {X=http://www.Department10.University0.edu/UndergraduateStudent170, Y=http://www.Department10.University0.edu, Z=UndergraduateStudent170@Department10.University0.edu}, {X=http://www.Department10.University0.edu/UndergraduateStudent395, Y=http://www.Department10.University0.edu, Z=UndergraduateStudent395@Department10.University0.edu}, {X=http://www.Department10.University0.edu/UndergraduateStudent230, Y=http://www.Department10.University0.edu, Z=UndergraduateStudent230@Department10.University0.edu}, {X=http://www.Department10.University0.edu/GraduateStudent36, Y=http://www.Department10.University0.edu, Z=GraduateStudent36@Department10.University0.edu}, {X=http://www.Department10.University0.edu/UndergraduateStudent352, Y=http://www.Department10.University0.edu, Z=UndergraduateStudent352@Department10.University0.edu}, {X=http://www.Department10.University0.edu/UndergraduateStudent110, Y=http://www.Department10.University0.edu, Z=UndergraduateStudent110@Department10.University0.edu}, {X=http://www.Department10.University0.edu/GraduateStudent74, Y=http://www.Department10.University0.edu, Z=GraduateStudent74@Department10.University0.edu}, {X=http://www.Department10.University0.edu/GraduateStudent120, Y=http://www.Department10.University0.edu, Z=GraduateStudent120@Department10.University0.edu}, {X=http://www.Department10.University0.edu/GraduateStudent83, Y=http://www.Department10.University0.edu, Z=GraduateStudent83@Department10.University0.edu}, {X=http://www.Department10.University0.edu/UndergraduateStudent312, Y=http://www.Department10.University0.edu, Z=UndergraduateStudent312@Department10.University0.edu}, {X=http://www.Department10.University0.edu/UndergraduateStudent141, Y=http://www.Department10.University0.edu, Z=UndergraduateStudent141@Department10.University0.edu}, {X=http://www.Department10.University0.edu/GraduateStudent137, Y=http://www.Department10.University0.edu, Z=GraduateStudent137@Department10.University0.edu}, {X=http://www.Department10.University0.edu/GraduateStudent75, Y=http://www.Department10.University0.edu, Z=GraduateStudent75@Department10.University0.edu}, {X=http://www.Department10.University0.edu/UndergraduateStudent380, Y=http://www.Department10.University0.edu, Z=UndergraduateStudent380@Department10.University0.edu}, {X=http://www.Department10.University0.edu/GraduateStudent117, Y=http://www.Department10.University0.edu, Z=GraduateStudent117@Department10.University0.edu}, {X=http://www.Department10.University0.edu/GraduateStudent27, Y=http://www.Department10.University0.edu, Z=GraduateStudent27@Department10.University0.edu}, {X=http://www.Department10.University0.edu/UndergraduateStudent363, Y=http://www.Department10.University0.edu, Z=UndergraduateStudent363@Department10.University0.edu}, {X=http://www.Department10.University0.edu/UndergraduateStudent389, Y=http://www.Department10.University0.edu, Z=UndergraduateStudent389@Department10.University0.edu}, {X=http://www.Department10.University0.edu/UndergraduateStudent105, Y=http://www.Department10.University0.edu, Z=UndergraduateStudent105@Department10.University0.edu}, {X=http://www.Department10.University0.edu/GraduateStudent73, Y=http://www.Department10.University0.edu, Z=GraduateStudent73@Department10.University0.edu}, {X=http://www.Department10.University0.edu/UndergraduateStudent280, Y=http://www.Department10.University0.edu, Z=UndergraduateStudent280@Department10.University0.edu}, {X=http://www.Department10.University0.edu/UndergraduateStudent115, Y=http://www.Department10.University0.edu, Z=UndergraduateStudent115@Department10.University0.edu}, {X=http://www.Department10.University0.edu/GraduateStudent58, Y=http://www.Department10.University0.edu, Z=GraduateStudent58@Department10.University0.edu}, {X=http://www.Department10.University0.edu/UndergraduateStudent191, Y=http://www.Department10.University0.edu, Z=UndergraduateStudent191@Department10.University0.edu}, {X=http://www.Department10.University0.edu/UndergraduateStudent79, Y=http://www.Department10.University0.edu, Z=UndergraduateStudent79@Department10.University0.edu}, {X=http://www.Department10.University0.edu/UndergraduateStudent259, Y=http://www.Department10.University0.edu, Z=UndergraduateStudent259@Department10.University0.edu}, {X=http://www.Department10.University0.edu/UndergraduateStudent324, Y=http://www.Department10.University0.edu, Z=UndergraduateStudent324@Department10.University0.edu}, {X=http://www.Department10.University0.edu/UndergraduateStudent188, Y=http://www.Department10.University0.edu, Z=UndergraduateStudent188@Department10.University0.edu}, {X=http://www.Department10.University0.edu/UndergraduateStudent100, Y=http://www.Department10.University0.edu, Z=UndergraduateStudent100@Department10.University0.edu}, {X=http://www.Department10.University0.edu/UndergraduateStudent50, Y=http://www.Department10.University0.edu, Z=UndergraduateStudent50@Department10.University0.edu}, {X=http://www.Department10.University0.edu/UndergraduateStudent65, Y=http://www.Department10.University0.edu, Z=UndergraduateStudent65@Department10.University0.edu}, {X=http://www.Department10.University0.edu/UndergraduateStudent49, Y=http://www.Department10.University0.edu, Z=UndergraduateStudent49@Department10.University0.edu}, {X=http://www.Department10.University0.edu/UndergraduateStudent189, Y=http://www.Department10.University0.edu, Z=UndergraduateStudent189@Department10.University0.edu}, {X=http://www.Department10.University0.edu/UndergraduateStudent140, Y=http://www.Department10.University0.edu, Z=UndergraduateStudent140@Department10.University0.edu}, {X=http://www.Department10.University0.edu/GraduateStudent17, Y=http://www.Department10.University0.edu, Z=GraduateStudent17@Department10.University0.edu}, {X=http://www.Department10.University0.edu/GraduateStudent85, Y=http://www.Department10.University0.edu, Z=GraduateStudent85@Department10.University0.edu}, {X=http://www.Department10.University0.edu/UndergraduateStudent366, Y=http://www.Department10.University0.edu, Z=UndergraduateStudent366@Department10.University0.edu}, {X=http://www.Department10.University0.edu/UndergraduateStudent136, Y=http://www.Department10.University0.edu, Z=UndergraduateStudent136@Department10.University0.edu}, {X=http://www.Department10.University0.edu/UndergraduateStudent138, Y=http://www.Department10.University0.edu, Z=UndergraduateStudent138@Department10.University0.edu}, {X=http://www.Department10.University0.edu/UndergraduateStudent327, Y=http://www.Department10.University0.edu, Z=UndergraduateStudent327@Department10.University0.edu}, {X=http://www.Department10.University0.edu/GraduateStudent119, Y=http://www.Department10.University0.edu, Z=GraduateStudent119@Department10.University0.edu}, {X=http://www.Department10.University0.edu/UndergraduateStudent269, Y=http://www.Department10.University0.edu, Z=UndergraduateStudent269@Department10.University0.edu}, {X=http://www.Department10.University0.edu/UndergraduateStudent73, Y=http://www.Department10.University0.edu, Z=UndergraduateStudent73@Department10.University0.edu}, {X=http://www.Department10.University0.edu/UndergraduateStudent103, Y=http://www.Department10.University0.edu, Z=UndergraduateStudent103@Department10.University0.edu}, {X=http://www.Department10.University0.edu/UndergraduateStudent54, Y=http://www.Department10.University0.edu, Z=UndergraduateStudent54@Department10.University0.edu}, {X=http://www.Department10.University0.edu/GraduateStudent128, Y=http://www.Department10.University0.edu, Z=GraduateStudent128@Department10.University0.edu}, {X=http://www.Department10.University0.edu/GraduateStudent130, Y=http://www.Department10.University0.edu, Z=GraduateStudent130@Department10.University0.edu}, {X=http://www.Department10.University0.edu/UndergraduateStudent368, Y=http://www.Department10.University0.edu, Z=UndergraduateStudent368@Department10.University0.edu}, {X=http://www.Department10.University0.edu/GraduateStudent87, Y=http://www.Department10.University0.edu, Z=GraduateStudent87@Department10.University0.edu}, {X=http://www.Department10.University0.edu/UndergraduateStudent215, Y=http://www.Department10.University0.edu, Z=UndergraduateStudent215@Department10.University0.edu}, {X=http://www.Department10.University0.edu/UndergraduateStudent351, Y=http://www.Department10.University0.edu, Z=UndergraduateStudent351@Department10.University0.edu}, {X=http://www.Department10.University0.edu/GraduateStudent37, Y=http://www.Department10.University0.edu, Z=GraduateStudent37@Department10.University0.edu}, {X=http://www.Department10.University0.edu/GraduateStudent79, Y=http://www.Department10.University0.edu, Z=GraduateStudent79@Department10.University0.edu}, {X=http://www.Department10.University0.edu/UndergraduateStudent5, Y=http://www.Department10.University0.edu, Z=UndergraduateStudent5@Department10.University0.edu}, {X=http://www.Department10.University0.edu/GraduateStudent67, Y=http://www.Department10.University0.edu, Z=GraduateStudent67@Department10.University0.edu}, {X=http://www.Department10.University0.edu/GraduateStudent41, Y=http://www.Department10.University0.edu, Z=GraduateStudent41@Department10.University0.edu}, {X=http://www.Department10.University0.edu/UndergraduateStudent134, Y=http://www.Department10.University0.edu, Z=UndergraduateStudent134@Department10.University0.edu}, {X=http://www.Department10.University0.edu/UndergraduateStudent276, Y=http://www.Department10.University0.edu, Z=UndergraduateStudent276@Department10.University0.edu}, {X=http://www.Department10.University0.edu/GraduateStudent42, Y=http://www.Department10.University0.edu, Z=GraduateStudent42@Department10.University0.edu}, {X=http://www.Department10.University0.edu/UndergraduateStudent253, Y=http://www.Department10.University0.edu, Z=UndergraduateStudent253@Department10.University0.edu}, {X=http://www.Department10.University0.edu/GraduateStudent22, Y=http://www.Department10.University0.edu, Z=GraduateStudent22@Department10.University0.edu}, {X=http://www.Department10.University0.edu/UndergraduateStudent91, Y=http://www.Department10.University0.edu, Z=UndergraduateStudent91@Department10.University0.edu}, {X=http://www.Department10.University0.edu/UndergraduateStudent355, Y=http://www.Department10.University0.edu, Z=UndergraduateStudent355@Department10.University0.edu}, {X=http://www.Department10.University0.edu/UndergraduateStudent245, Y=http://www.Department10.University0.edu, Z=UndergraduateStudent245@Department10.University0.edu}, {X=http://www.Department10.University0.edu/UndergraduateStudent260, Y=http://www.Department10.University0.edu, Z=UndergraduateStudent260@Department10.University0.edu}, {X=http://www.Department10.University0.edu/UndergraduateStudent357, Y=http://www.Department10.University0.edu, Z=UndergraduateStudent357@Department10.University0.edu}, {X=http://www.Department10.University0.edu/UndergraduateStudent150, Y=http://www.Department10.University0.edu, Z=UndergraduateStudent150@Department10.University0.edu}, {X=http://www.Department10.University0.edu/UndergraduateStudent106, Y=http://www.Department10.University0.edu, Z=UndergraduateStudent106@Department10.University0.edu}, {X=http://www.Department10.University0.edu/GraduateStudent48, Y=http://www.Department10.University0.edu, Z=GraduateStudent48@Department10.University0.edu}, {X=http://www.Department10.University0.edu/UndergraduateStudent305, Y=http://www.Department10.University0.edu, Z=UndergraduateStudent305@Department10.University0.edu}, {X=http://www.Department10.University0.edu/GraduateStudent7, Y=http://www.Department10.University0.edu, Z=GraduateStudent7@Department10.University0.edu}, {X=http://www.Department10.University0.edu/UndergraduateStudent290, Y=http://www.Department10.University0.edu, Z=UndergraduateStudent290@Department10.University0.edu}, {X=http://www.Department10.University0.edu/UndergraduateStudent343, Y=http://www.Department10.University0.edu, Z=UndergraduateStudent343@Department10.University0.edu}, {X=http://www.Department10.University0.edu/UndergraduateStudent246, Y=http://www.Department10.University0.edu, Z=UndergraduateStudent246@Department10.University0.edu}, {X=http://www.Department10.University0.edu/UndergraduateStudent302, Y=http://www.Department10.University0.edu, Z=UndergraduateStudent302@Department10.University0.edu}, {X=http://www.Department10.University0.edu/UndergraduateStudent407, Y=http://www.Department10.University0.edu, Z=UndergraduateStudent407@Department10.University0.edu}, {X=http://www.Department10.University0.edu/UndergraduateStudent348, Y=http://www.Department10.University0.edu, Z=UndergraduateStudent348@Department10.University0.edu}, {X=http://www.Department10.University0.edu/UndergraduateStudent273, Y=http://www.Department10.University0.edu, Z=UndergraduateStudent273@Department10.University0.edu}, {X=http://www.Department10.University0.edu/UndergraduateStudent128, Y=http://www.Department10.University0.edu, Z=UndergraduateStudent128@Department10.University0.edu}, {X=http://www.Department10.University0.edu/UndergraduateStudent92, Y=http://www.Department10.University0.edu, Z=UndergraduateStudent92@Department10.University0.edu}, {X=http://www.Department10.University0.edu/GraduateStudent71, Y=http://www.Department10.University0.edu, Z=GraduateStudent71@Department10.University0.edu}, {X=http://www.Department10.University0.edu/GraduateStudent53, Y=http://www.Department10.University0.edu, Z=GraduateStudent53@Department10.University0.edu}, {X=http://www.Department10.University0.edu/UndergraduateStudent7, Y=http://www.Department10.University0.edu, Z=UndergraduateStudent7@Department10.University0.edu}, {X=http://www.Department10.University0.edu/UndergraduateStudent220, Y=http://www.Department10.University0.edu, Z=UndergraduateStudent220@Department10.University0.edu}, {X=http://www.Department10.University0.edu/UndergraduateStudent409, Y=http://www.Department10.University0.edu, Z=UndergraduateStudent409@Department10.University0.edu}, {X=http://www.Department10.University0.edu/UndergraduateStudent297, Y=http://www.Department10.University0.edu, Z=UndergraduateStudent297@Department10.University0.edu}, {X=http://www.Department10.University0.edu/UndergraduateStudent339, Y=http://www.Department10.University0.edu, Z=UndergraduateStudent339@Department10.University0.edu}, {X=http://www.Department10.University0.edu/UndergraduateStudent83, Y=http://www.Department10.University0.edu, Z=UndergraduateStudent83@Department10.University0.edu}, {X=http://www.Department10.University0.edu/UndergraduateStudent394, Y=http://www.Department10.University0.edu, Z=UndergraduateStudent394@Department10.University0.edu}, {X=http://www.Department10.University0.edu/UndergraduateStudent376, Y=http://www.Department10.University0.edu, Z=UndergraduateStudent376@Department10.University0.edu}, {X=http://www.Department10.University0.edu/UndergraduateStudent21, Y=http://www.Department10.University0.edu, Z=UndergraduateStudent21@Department10.University0.edu}, {X=http://www.Department10.University0.edu/UndergraduateStudent218, Y=http://www.Department10.University0.edu, Z=UndergraduateStudent218@Department10.University0.edu}, {X=http://www.Department10.University0.edu/UndergraduateStudent293, Y=http://www.Department10.University0.edu, Z=UndergraduateStudent293@Department10.University0.edu}, {X=http://www.Department10.University0.edu/UndergraduateStudent31, Y=http://www.Department10.University0.edu, Z=UndergraduateStudent31@Department10.University0.edu}, {X=http://www.Department10.University0.edu/GraduateStudent111, Y=http://www.Department10.University0.edu, Z=GraduateStudent111@Department10.University0.edu}, {X=http://www.Department10.University0.edu/UndergraduateStudent314, Y=http://www.Department10.University0.edu, Z=UndergraduateStudent314@Department10.University0.edu}, {X=http://www.Department10.University0.edu/GraduateStudent78, Y=http://www.Department10.University0.edu, Z=GraduateStudent78@Department10.University0.edu}, {X=http://www.Department10.University0.edu/UndergraduateStudent332, Y=http://www.Department10.University0.edu, Z=UndergraduateStudent332@Department10.University0.edu}, {X=http://www.Department10.University0.edu/UndergraduateStudent284, Y=http://www.Department10.University0.edu, Z=UndergraduateStudent284@Department10.University0.edu}, {X=http://www.Department10.University0.edu/UndergraduateStudent397, Y=http://www.Department10.University0.edu, Z=UndergraduateStudent397@Department10.University0.edu}, {X=http://www.Department10.University0.edu/UndergraduateStudent51, Y=http://www.Department10.University0.edu, Z=UndergraduateStudent51@Department10.University0.edu}, {X=http://www.Department10.University0.edu/GraduateStudent77, Y=http://www.Department10.University0.edu, Z=GraduateStudent77@Department10.University0.edu}, {X=http://www.Department10.University0.edu/UndergraduateStudent104, Y=http://www.Department10.University0.edu, Z=UndergraduateStudent104@Department10.University0.edu}, {X=http://www.Department10.University0.edu/GraduateStudent103, Y=http://www.Department10.University0.edu, Z=GraduateStudent103@Department10.University0.edu}, {X=http://www.Department10.University0.edu/UndergraduateStudent323, Y=http://www.Department10.University0.edu, Z=UndergraduateStudent323@Department10.University0.edu}, {X=http://www.Department10.University0.edu/GraduateStudent135, Y=http://www.Department10.University0.edu, Z=GraduateStudent135@Department10.University0.edu}, {X=http://www.Department10.University0.edu/UndergraduateStudent317, Y=http://www.Department10.University0.edu, Z=UndergraduateStudent317@Department10.University0.edu}, {X=http://www.Department10.University0.edu/GraduateStudent126, Y=http://www.Department10.University0.edu, Z=GraduateStudent126@Department10.University0.edu}, {X=http://www.Department10.University0.edu/UndergraduateStudent24, Y=http://www.Department10.University0.edu, Z=UndergraduateStudent24@Department10.University0.edu}, {X=http://www.Department10.University0.edu/UndergraduateStudent64, Y=http://www.Department10.University0.edu, Z=UndergraduateStudent64@Department10.University0.edu}, {X=http://www.Department10.University0.edu/GraduateStudent59, Y=http://www.Department10.University0.edu, Z=GraduateStudent59@Department10.University0.edu}, {X=http://www.Department10.University0.edu/UndergraduateStudent46, Y=http://www.Department10.University0.edu, Z=UndergraduateStudent46@Department10.University0.edu}, {X=http://www.Department10.University0.edu/UndergraduateStudent266, Y=http://www.Department10.University0.edu, Z=UndergraduateStudent266@Department10.University0.edu}, {X=http://www.Department10.University0.edu/GraduateStudent3, Y=http://www.Department10.University0.edu, Z=GraduateStudent3@Department10.University0.edu}, {X=http://www.Department10.University0.edu/UndergraduateStudent256, Y=http://www.Department10.University0.edu, Z=UndergraduateStudent256@Department10.University0.edu}, {X=http://www.Department10.University0.edu/GraduateStudent6, Y=http://www.Department10.University0.edu, Z=GraduateStudent6@Department10.University0.edu}, {X=http://www.Department10.University0.edu/UndergraduateStudent222, Y=http://www.Department10.University0.edu, Z=UndergraduateStudent222@Department10.University0.edu}, {X=http://www.Department10.University0.edu/UndergraduateStudent347, Y=http://www.Department10.University0.edu, Z=UndergraduateStudent347@Department10.University0.edu}, {X=http://www.Department10.University0.edu/UndergraduateStudent275, Y=http://www.Department10.University0.edu, Z=UndergraduateStudent275@Department10.University0.edu}, {X=http://www.Department10.University0.edu/UndergraduateStudent205, Y=http://www.Department10.University0.edu, Z=UndergraduateStudent205@Department10.University0.edu}, {X=http://www.Department10.University0.edu/UndergraduateStudent381, Y=http://www.Department10.University0.edu, Z=UndergraduateStudent381@Department10.University0.edu}, {X=http://www.Department10.University0.edu/UndergraduateStudent291, Y=http://www.Department10.University0.edu, Z=UndergraduateStudent291@Department10.University0.edu}, {X=http://www.Department10.University0.edu/GraduateStudent107, Y=http://www.Department10.University0.edu, Z=GraduateStudent107@Department10.University0.edu}, {X=http://www.Department10.University0.edu/UndergraduateStudent145, Y=http://www.Department10.University0.edu, Z=UndergraduateStudent145@Department10.University0.edu}, {X=http://www.Department10.University0.edu/UndergraduateStudent237, Y=http://www.Department10.University0.edu, Z=UndergraduateStudent237@Department10.University0.edu}, {X=http://www.Department10.University0.edu/UndergraduateStudent124, Y=http://www.Department10.University0.edu, Z=UndergraduateStudent124@Department10.University0.edu}, {X=http://www.Department10.University0.edu/UndergraduateStudent242, Y=http://www.Department10.University0.edu, Z=UndergraduateStudent242@Department10.University0.edu}, {X=http://www.Department10.University0.edu/UndergraduateStudent197, Y=http://www.Department10.University0.edu, Z=UndergraduateStudent197@Department10.University0.edu}, {X=http://www.Department10.University0.edu/UndergraduateStudent372, Y=http://www.Department10.University0.edu, Z=UndergraduateStudent372@Department10.University0.edu}, {X=http://www.Department10.University0.edu/UndergraduateStudent177, Y=http://www.Department10.University0.edu, Z=UndergraduateStudent177@Department10.University0.edu}, {X=http://www.Department10.University0.edu/GraduateStudent102, Y=http://www.Department10.University0.edu, Z=GraduateStudent102@Department10.University0.edu}, {X=http://www.Department10.University0.edu/GraduateStudent38, Y=http://www.Department10.University0.edu, Z=GraduateStudent38@Department10.University0.edu}, {X=http://www.Department10.University0.edu/UndergraduateStudent43, Y=http://www.Department10.University0.edu, Z=UndergraduateStudent43@Department10.University0.edu}, {X=http://www.Department10.University0.edu/UndergraduateStudent392, Y=http://www.Department10.University0.edu, Z=UndergraduateStudent392@Department10.University0.edu}, {X=http://www.Department10.University0.edu/UndergraduateStudent98, Y=http://www.Department10.University0.edu, Z=UndergraduateStudent98@Department10.University0.edu}, {X=http://www.Department10.University0.edu/GraduateStudent56, Y=http://www.Department10.University0.edu, Z=GraduateStudent56@Department10.University0.edu}, {X=http://www.Department10.University0.edu/UndergraduateStudent223, Y=http://www.Department10.University0.edu, Z=UndergraduateStudent223@Department10.University0.edu}, {X=http://www.Department10.University0.edu/UndergraduateStudent32, Y=http://www.Department10.University0.edu, Z=UndergraduateStudent32@Department10.University0.edu}, {X=http://www.Department10.University0.edu/UndergraduateStudent319, Y=http://www.Department10.University0.edu, Z=UndergraduateStudent319@Department10.University0.edu}, {X=http://www.Department10.University0.edu/UndergraduateStudent112, Y=http://www.Department10.University0.edu, Z=UndergraduateStudent112@Department10.University0.edu}, {X=http://www.Department10.University0.edu/UndergraduateStudent44, Y=http://www.Department10.University0.edu, Z=UndergraduateStudent44@Department10.University0.edu}, {X=http://www.Department10.University0.edu/UndergraduateStudent117, Y=http://www.Department10.University0.edu, Z=UndergraduateStudent117@Department10.University0.edu}, {X=http://www.Department10.University0.edu/UndergraduateStudent371, Y=http://www.Department10.University0.edu, Z=UndergraduateStudent371@Department10.University0.edu}, {X=http://www.Department10.University0.edu/UndergraduateStudent289, Y=http://www.Department10.University0.edu, Z=UndergraduateStudent289@Department10.University0.edu}, {X=http://www.Department10.University0.edu/UndergraduateStudent263, Y=http://www.Department10.University0.edu, Z=UndergraduateStudent263@Department10.University0.edu}, {X=http://www.Department10.University0.edu/UndergraduateStudent19, Y=http://www.Department10.University0.edu, Z=UndergraduateStudent19@Department10.University0.edu}, {X=http://www.Department10.University0.edu/UndergraduateStudent390, Y=http://www.Department10.University0.edu, Z=UndergraduateStudent390@Department10.University0.edu}, {X=http://www.Department10.University0.edu/UndergraduateStudent307, Y=http://www.Department10.University0.edu, Z=UndergraduateStudent307@Department10.University0.edu}, {X=http://www.Department10.University0.edu/UndergraduateStudent1, Y=http://www.Department10.University0.edu, Z=UndergraduateStudent1@Department10.University0.edu}, {X=http://www.Department10.University0.edu/UndergraduateStudent95, Y=http://www.Department10.University0.edu, Z=UndergraduateStudent95@Department10.University0.edu}, {X=http://www.Department10.University0.edu/GraduateStudent50, Y=http://www.Department10.University0.edu, Z=GraduateStudent50@Department10.University0.edu}, {X=http://www.Department10.University0.edu/UndergraduateStudent288, Y=http://www.Department10.University0.edu, Z=UndergraduateStudent288@Department10.University0.edu}, {X=http://www.Department10.University0.edu/GraduateStudent28, Y=http://www.Department10.University0.edu, Z=GraduateStudent28@Department10.University0.edu}, {X=http://www.Department10.University0.edu/GraduateStudent47, Y=http://www.Department10.University0.edu, Z=GraduateStudent47@Department10.University0.edu}, {X=http://www.Department10.University0.edu/GraduateStudent24, Y=http://www.Department10.University0.edu, Z=GraduateStudent24@Department10.University0.edu}, {X=http://www.Department10.University0.edu/GraduateStudent95, Y=http://www.Department10.University0.edu, Z=GraduateStudent95@Department10.University0.edu}, {X=http://www.Department10.University0.edu/UndergraduateStudent393, Y=http://www.Department10.University0.edu, Z=UndergraduateStudent393@Department10.University0.edu}, {X=http://www.Department10.University0.edu/UndergraduateStudent208, Y=http://www.Department10.University0.edu, Z=UndergraduateStudent208@Department10.University0.edu}, {X=http://www.Department10.University0.edu/UndergraduateStudent68, Y=http://www.Department10.University0.edu, Z=UndergraduateStudent68@Department10.University0.edu}, {X=http://www.Department10.University0.edu/UndergraduateStudent186, Y=http://www.Department10.University0.edu, Z=UndergraduateStudent186@Department10.University0.edu}, {X=http://www.Department10.University0.edu/UndergraduateStudent114, Y=http://www.Department10.University0.edu, Z=UndergraduateStudent114@Department10.University0.edu}, {X=http://www.Department10.University0.edu/UndergraduateStudent278, Y=http://www.Department10.University0.edu, Z=UndergraduateStudent278@Department10.University0.edu}, {X=http://www.Department10.University0.edu/UndergraduateStudent232, Y=http://www.Department10.University0.edu, Z=UndergraduateStudent232@Department10.University0.edu}, {X=http://www.Department10.University0.edu/UndergraduateStudent360, Y=http://www.Department10.University0.edu, Z=UndergraduateStudent360@Department10.University0.edu}, {X=http://www.Department10.University0.edu/UndergraduateStudent179, Y=http://www.Department10.University0.edu, Z=UndergraduateStudent179@Department10.University0.edu}, {X=http://www.Department10.University0.edu/UndergraduateStudent287, Y=http://www.Department10.University0.edu, Z=UndergraduateStudent287@Department10.University0.edu}, {X=http://www.Department10.University0.edu/GraduateStudent106, Y=http://www.Department10.University0.edu, Z=GraduateStudent106@Department10.University0.edu}, {X=http://www.Department10.University0.edu/UndergraduateStudent274, Y=http://www.Department10.University0.edu, Z=UndergraduateStudent274@Department10.University0.edu}, {X=http://www.Department10.University0.edu/UndergraduateStudent89, Y=http://www.Department10.University0.edu, Z=UndergraduateStudent89@Department10.University0.edu}, {X=http://www.Department10.University0.edu/GraduateStudent133, Y=http://www.Department10.University0.edu, Z=GraduateStudent133@Department10.University0.edu}, {X=http://www.Department10.University0.edu/UndergraduateStudent285, Y=http://www.Department10.University0.edu, Z=UndergraduateStudent285@Department10.University0.edu}, {X=http://www.Department10.University0.edu/UndergraduateStudent224, Y=http://www.Department10.University0.edu, Z=UndergraduateStudent224@Department10.University0.edu}, {X=http://www.Department10.University0.edu/UndergraduateStudent387, Y=http://www.Department10.University0.edu, Z=UndergraduateStudent387@Department10.University0.edu}, {X=http://www.Department10.University0.edu/UndergraduateStudent345, Y=http://www.Department10.University0.edu, Z=UndergraduateStudent345@Department10.University0.edu}, {X=http://www.Department10.University0.edu/UndergraduateStudent364, Y=http://www.Department10.University0.edu, Z=UndergraduateStudent364@Department10.University0.edu}, {X=http://www.Department10.University0.edu/UndergraduateStudent375, Y=http://www.Department10.University0.edu, Z=UndergraduateStudent375@Department10.University0.edu}, {X=http://www.Department10.University0.edu/UndergraduateStudent156, Y=http://www.Department10.University0.edu, Z=UndergraduateStudent156@Department10.University0.edu}, {X=http://www.Department10.University0.edu/UndergraduateStudent337, Y=http://www.Department10.University0.edu, Z=UndergraduateStudent337@Department10.University0.edu}, {X=http://www.Department10.University0.edu/GraduateStudent32, Y=http://www.Department10.University0.edu, Z=GraduateStudent32@Department10.University0.edu}, {X=http://www.Department10.University0.edu/UndergraduateStudent111, Y=http://www.Department10.University0.edu, Z=UndergraduateStudent111@Department10.University0.edu}, {X=http://www.Department10.University0.edu/GraduateStudent92, Y=http://www.Department10.University0.edu, Z=GraduateStudent92@Department10.University0.edu}, {X=http://www.Department10.University0.edu/UndergraduateStudent55, Y=http://www.Department10.University0.edu, Z=UndergraduateStudent55@Department10.University0.edu}, {X=http://www.Department10.University0.edu/GraduateStudent90, Y=http://www.Department10.University0.edu, Z=GraduateStudent90@Department10.University0.edu}, {X=http://www.Department10.University0.edu/GraduateStudent51, Y=http://www.Department10.University0.edu, Z=GraduateStudent51@Department10.University0.edu}, {X=http://www.Department10.University0.edu/UndergraduateStudent193, Y=http://www.Department10.University0.edu, Z=UndergraduateStudent193@Department10.University0.edu}, {X=http://www.Department10.University0.edu/UndergraduateStudent400, Y=http://www.Department10.University0.edu, Z=UndergraduateStudent400@Department10.University0.edu}, {X=http://www.Department10.University0.edu/UndergraduateStudent108, Y=http://www.Department10.University0.edu, Z=UndergraduateStudent108@Department10.University0.edu}, {X=http://www.Department10.University0.edu/UndergraduateStudent69, Y=http://www.Department10.University0.edu, Z=UndergraduateStudent69@Department10.University0.edu}, {X=http://www.Department10.University0.edu/UndergraduateStudent132, Y=http://www.Department10.University0.edu, Z=UndergraduateStudent132@Department10.University0.edu}, {X=http://www.Department10.University0.edu/UndergraduateStudent99, Y=http://www.Department10.University0.edu, Z=UndergraduateStudent99@Department10.University0.edu}, {X=http://www.Department10.University0.edu/UndergraduateStudent226, Y=http://www.Department10.University0.edu, Z=UndergraduateStudent226@Department10.University0.edu}, {X=http://www.Department10.University0.edu/UndergraduateStudent362, Y=http://www.Department10.University0.edu, Z=UndergraduateStudent362@Department10.University0.edu}, {X=http://www.Department10.University0.edu/UndergraduateStudent81, Y=http://www.Department10.University0.edu, Z=UndergraduateStudent81@Department10.University0.edu}, {X=http://www.Department10.University0.edu/UndergraduateStudent203, Y=http://www.Department10.University0.edu, Z=UndergraduateStudent203@Department10.University0.edu}, {X=http://www.Department10.University0.edu/UndergraduateStudent334, Y=http://www.Department10.University0.edu, Z=UndergraduateStudent334@Department10.University0.edu}, {X=http://www.Department10.University0.edu/GraduateStudent122, Y=http://www.Department10.University0.edu, Z=GraduateStudent122@Department10.University0.edu}, {X=http://www.Department10.University0.edu/GraduateStudent1, Y=http://www.Department10.University0.edu, Z=GraduateStudent1@Department10.University0.edu}, {X=http://www.Department10.University0.edu/GraduateStudent114, Y=http://www.Department10.University0.edu, Z=GraduateStudent114@Department10.University0.edu}, {X=http://www.Department10.University0.edu/UndergraduateStudent378, Y=http://www.Department10.University0.edu, Z=UndergraduateStudent378@Department10.University0.edu}, {X=http://www.Department10.University0.edu/UndergraduateStudent264, Y=http://www.Department10.University0.edu, Z=UndergraduateStudent264@Department10.University0.edu}, {X=http://www.Department10.University0.edu/UndergraduateStudent338, Y=http://www.Department10.University0.edu, Z=UndergraduateStudent338@Department10.University0.edu}, {X=http://www.Department10.University0.edu/GraduateStudent88, Y=http://www.Department10.University0.edu, Z=GraduateStudent88@Department10.University0.edu}, {X=http://www.Department10.University0.edu/GraduateStudent15, Y=http://www.Department10.University0.edu, Z=GraduateStudent15@Department10.University0.edu}, {X=http://www.Department10.University0.edu/UndergraduateStudent176, Y=http://www.Department10.University0.edu, Z=UndergraduateStudent176@Department10.University0.edu}, {X=http://www.Department10.University0.edu/UndergraduateStudent45, Y=http://www.Department10.University0.edu, Z=UndergraduateStudent45@Department10.University0.edu}, {X=http://www.Department10.University0.edu/UndergraduateStudent86, Y=http://www.Department10.University0.edu, Z=UndergraduateStudent86@Department10.University0.edu}, {X=http://www.Department10.University0.edu/GraduateStudent127, Y=http://www.Department10.University0.edu, Z=GraduateStudent127@Department10.University0.edu}, {X=http://www.Department10.University0.edu/UndergraduateStudent165, Y=http://www.Department10.University0.edu, Z=UndergraduateStudent165@Department10.University0.edu}, {X=http://www.Department10.University0.edu/UndergraduateStudent172, Y=http://www.Department10.University0.edu, Z=UndergraduateStudent172@Department10.University0.edu}, {X=http://www.Department10.University0.edu/UndergraduateStudent268, Y=http://www.Department10.University0.edu, Z=UndergraduateStudent268@Department10.University0.edu}, {X=http://www.Department10.University0.edu/UndergraduateStudent251, Y=http://www.Department10.University0.edu, Z=UndergraduateStudent251@Department10.University0.edu}, {X=http://www.Department10.University0.edu/GraduateStudent66, Y=http://www.Department10.University0.edu, Z=GraduateStudent66@Department10.University0.edu}, {X=http://www.Department10.University0.edu/UndergraduateStudent254, Y=http://www.Department10.University0.edu, Z=UndergraduateStudent254@Department10.University0.edu}, {X=http://www.Department10.University0.edu/UndergraduateStudent190, Y=http://www.Department10.University0.edu, Z=UndergraduateStudent190@Department10.University0.edu}, {X=http://www.Department10.University0.edu/UndergraduateStudent408, Y=http://www.Department10.University0.edu, Z=UndergraduateStudent408@Department10.University0.edu}, {X=http://www.Department10.University0.edu/GraduateStudent2, Y=http://www.Department10.University0.edu, Z=GraduateStudent2@Department10.University0.edu}, {X=http://www.Department10.University0.edu/UndergraduateStudent118, Y=http://www.Department10.University0.edu, Z=UndergraduateStudent118@Department10.University0.edu}, {X=http://www.Department10.University0.edu/UndergraduateStudent367, Y=http://www.Department10.University0.edu, Z=UndergraduateStudent367@Department10.University0.edu}, {X=http://www.Department10.University0.edu/UndergraduateStudent77, Y=http://www.Department10.University0.edu, Z=UndergraduateStudent77@Department10.University0.edu}, {X=http://www.Department10.University0.edu/UndergraduateStudent374, Y=http://www.Department10.University0.edu, Z=UndergraduateStudent374@Department10.University0.edu}, {X=http://www.Department10.University0.edu/UndergraduateStudent398, Y=http://www.Department10.University0.edu, Z=UndergraduateStudent398@Department10.University0.edu}, {X=http://www.Department10.University0.edu/UndergraduateStudent135, Y=http://www.Department10.University0.edu, Z=UndergraduateStudent135@Department10.University0.edu}, {X=http://www.Department10.University0.edu/UndergraduateStudent58, Y=http://www.Department10.University0.edu, Z=UndergraduateStudent58@Department10.University0.edu}, {X=http://www.Department10.University0.edu/UndergraduateStudent306, Y=http://www.Department10.University0.edu, Z=UndergraduateStudent306@Department10.University0.edu}, {X=http://www.Department10.University0.edu/GraduateStudent0, Y=http://www.Department10.University0.edu, Z=GraduateStudent0@Department10.University0.edu}, {X=http://www.Department10.University0.edu/UndergraduateStudent71, Y=http://www.Department10.University0.edu, Z=UndergraduateStudent71@Department10.University0.edu}, {X=http://www.Department10.University0.edu/UndergraduateStudent157, Y=http://www.Department10.University0.edu, Z=UndergraduateStudent157@Department10.University0.edu}, {X=http://www.Department10.University0.edu/UndergraduateStudent119, Y=http://www.Department10.University0.edu, Z=UndergraduateStudent119@Department10.University0.edu}, {X=http://www.Department10.University0.edu/UndergraduateStudent235, Y=http://www.Department10.University0.edu, Z=UndergraduateStudent235@Department10.University0.edu}, {X=http://www.Department10.University0.edu/UndergraduateStudent25, Y=http://www.Department10.University0.edu, Z=UndergraduateStudent25@Department10.University0.edu}, {X=http://www.Department10.University0.edu/UndergraduateStudent325, Y=http://www.Department10.University0.edu, Z=UndergraduateStudent325@Department10.University0.edu}, {X=http://www.Department10.University0.edu/GraduateStudent21, Y=http://www.Department10.University0.edu, Z=GraduateStudent21@Department10.University0.edu}, {X=http://www.Department10.University0.edu/UndergraduateStudent236, Y=http://www.Department10.University0.edu, Z=UndergraduateStudent236@Department10.University0.edu}, {X=http://www.Department10.University0.edu/UndergraduateStudent96, Y=http://www.Department10.University0.edu, Z=UndergraduateStudent96@Department10.University0.edu}, {X=http://www.Department10.University0.edu/UndergraduateStudent255, Y=http://www.Department10.University0.edu, Z=UndergraduateStudent255@Department10.University0.edu}, {X=http://www.Department10.University0.edu/UndergraduateStudent0, Y=http://www.Department10.University0.edu, Z=UndergraduateStudent0@Department10.University0.edu}, {X=http://www.Department10.University0.edu/UndergraduateStudent313, Y=http://www.Department10.University0.edu, Z=UndergraduateStudent313@Department10.University0.edu}, {X=http://www.Department10.University0.edu/UndergraduateStudent399, Y=http://www.Department10.University0.edu, Z=UndergraduateStudent399@Department10.University0.edu}, {X=http://www.Department10.University0.edu/UndergraduateStudent267, Y=http://www.Department10.University0.edu, Z=UndergraduateStudent267@Department10.University0.edu}, {X=http://www.Department10.University0.edu/UndergraduateStudent38, Y=http://www.Department10.University0.edu, Z=UndergraduateStudent38@Department10.University0.edu}, {X=http://www.Department10.University0.edu/GraduateStudent57, Y=http://www.Department10.University0.edu, Z=GraduateStudent57@Department10.University0.edu}, {X=http://www.Department10.University0.edu/UndergraduateStudent180, Y=http://www.Department10.University0.edu, Z=UndergraduateStudent180@Department10.University0.edu}, {X=http://www.Department10.University0.edu/UndergraduateStudent143, Y=http://www.Department10.University0.edu, Z=UndergraduateStudent143@Department10.University0.edu}, {X=http://www.Department10.University0.edu/UndergraduateStudent76, Y=http://www.Department10.University0.edu, Z=UndergraduateStudent76@Department10.University0.edu}, {X=http://www.Department10.University0.edu/UndergraduateStudent101, Y=http://www.Department10.University0.edu, Z=UndergraduateStudent101@Department10.University0.edu}, {X=http://www.Department10.University0.edu/UndergraduateStudent342, Y=http://www.Department10.University0.edu, Z=UndergraduateStudent342@Department10.University0.edu}, {X=http://www.Department10.University0.edu/UndergraduateStudent168, Y=http://www.Department10.University0.edu, Z=UndergraduateStudent168@Department10.University0.edu}, {X=http://www.Department10.University0.edu/UndergraduateStudent6, Y=http://www.Department10.University0.edu, Z=UndergraduateStudent6@Department10.University0.edu}, {X=http://www.Department10.University0.edu/UndergraduateStudent144, Y=http://www.Department10.University0.edu, Z=UndergraduateStudent144@Department10.University0.edu}, {X=http://www.Department10.University0.edu/UndergraduateStudent311, Y=http://www.Department10.University0.edu, Z=UndergraduateStudent311@Department10.University0.edu}, {X=http://www.Department10.University0.edu/GraduateStudent44, Y=http://www.Department10.University0.edu, Z=GraduateStudent44@Department10.University0.edu}, {X=http://www.Department10.University0.edu/GraduateStudent30, Y=http://www.Department10.University0.edu, Z=GraduateStudent30@Department10.University0.edu}, {X=http://www.Department10.University0.edu/UndergraduateStudent152, Y=http://www.Department10.University0.edu, Z=UndergraduateStudent152@Department10.University0.edu}, {X=http://www.Department10.University0.edu/UndergraduateStudent72, Y=http://www.Department10.University0.edu, Z=UndergraduateStudent72@Department10.University0.edu}, {X=http://www.Department10.University0.edu/UndergraduateStudent341, Y=http://www.Department10.University0.edu, Z=UndergraduateStudent341@Department10.University0.edu}, {X=http://www.Department10.University0.edu/GraduateStudent46, Y=http://www.Department10.University0.edu, Z=GraduateStudent46@Department10.University0.edu}, {X=http://www.Department10.University0.edu/UndergraduateStudent336, Y=http://www.Department10.University0.edu, Z=UndergraduateStudent336@Department10.University0.edu}, {X=http://www.Department10.University0.edu/UndergraduateStudent350, Y=http://www.Department10.University0.edu, Z=UndergraduateStudent350@Department10.University0.edu}, {X=http://www.Department10.University0.edu/GraduateStudent76, Y=http://www.Department10.University0.edu, Z=GraduateStudent76@Department10.University0.edu}, {X=http://www.Department10.University0.edu/GraduateStudent40, Y=http://www.Department10.University0.edu, Z=GraduateStudent40@Department10.University0.edu}, {X=http://www.Department10.University0.edu/UndergraduateStudent162, Y=http://www.Department10.University0.edu, Z=UndergraduateStudent162@Department10.University0.edu}, {X=http://www.Department10.University0.edu/GraduateStudent97, Y=http://www.Department10.University0.edu, Z=GraduateStudent97@Department10.University0.edu}, {X=http://www.Department10.University0.edu/UndergraduateStudent159, Y=http://www.Department10.University0.edu, Z=UndergraduateStudent159@Department10.University0.edu}, {X=http://www.Department10.University0.edu/UndergraduateStudent109, Y=http://www.Department10.University0.edu, Z=UndergraduateStudent109@Department10.University0.edu}, {X=http://www.Department10.University0.edu/GraduateStudent99, Y=http://www.Department10.University0.edu, Z=GraduateStudent99@Department10.University0.edu}, {X=http://www.Department10.University0.edu/UndergraduateStudent365, Y=http://www.Department10.University0.edu, Z=UndergraduateStudent365@Department10.University0.edu}, {X=http://www.Department10.University0.edu/UndergraduateStudent4, Y=http://www.Department10.University0.edu, Z=UndergraduateStudent4@Department10.University0.edu}, {X=http://www.Department10.University0.edu/GraduateStudent62, Y=http://www.Department10.University0.edu, Z=GraduateStudent62@Department10.University0.edu}, {X=http://www.Department10.University0.edu/GraduateStudent12, Y=http://www.Department10.University0.edu, Z=GraduateStudent12@Department10.University0.edu}, {X=http://www.Department10.University0.edu/UndergraduateStudent379, Y=http://www.Department10.University0.edu, Z=UndergraduateStudent379@Department10.University0.edu}, {X=http://www.Department10.University0.edu/GraduateStudent61, Y=http://www.Department10.University0.edu, Z=GraduateStudent61@Department10.University0.edu}, {X=http://www.Department10.University0.edu/GraduateStudent124, Y=http://www.Department10.University0.edu, Z=GraduateStudent124@Department10.University0.edu}, {X=http://www.Department10.University0.edu/UndergraduateStudent384, Y=http://www.Department10.University0.edu, Z=UndergraduateStudent384@Department10.University0.edu}, {X=http://www.Department10.University0.edu/UndergraduateStudent28, Y=http://www.Department10.University0.edu, Z=UndergraduateStudent28@Department10.University0.edu}, {X=http://www.Department10.University0.edu/UndergraduateStudent192, Y=http://www.Department10.University0.edu, Z=UndergraduateStudent192@Department10.University0.edu}, {X=http://www.Department10.University0.edu/UndergraduateStudent42, Y=http://www.Department10.University0.edu, Z=UndergraduateStudent42@Department10.University0.edu}, {X=http://www.Department10.University0.edu/UndergraduateStudent153, Y=http://www.Department10.University0.edu, Z=UndergraduateStudent153@Department10.University0.edu}, {X=http://www.Department10.University0.edu/UndergraduateStudent160, Y=http://www.Department10.University0.edu, Z=UndergraduateStudent160@Department10.University0.edu}, {X=http://www.Department10.University0.edu/UndergraduateStudent154, Y=http://www.Department10.University0.edu, Z=UndergraduateStudent154@Department10.University0.edu}, {X=http://www.Department10.University0.edu/GraduateStudent29, Y=http://www.Department10.University0.edu, Z=GraduateStudent29@Department10.University0.edu}, {X=http://www.Department10.University0.edu/GraduateStudent118, Y=http://www.Department10.University0.edu, Z=GraduateStudent118@Department10.University0.edu}, {X=http://www.Department10.University0.edu/GraduateStudent80, Y=http://www.Department10.University0.edu, Z=GraduateStudent80@Department10.University0.edu}, {X=http://www.Department10.University0.edu/UndergraduateStudent18, Y=http://www.Department10.University0.edu, Z=UndergraduateStudent18@Department10.University0.edu}, {X=http://www.Department10.University0.edu/UndergraduateStudent328, Y=http://www.Department10.University0.edu, Z=UndergraduateStudent328@Department10.University0.edu}, {X=http://www.Department10.University0.edu/GraduateStudent60, Y=http://www.Department10.University0.edu, Z=GraduateStudent60@Department10.University0.edu}, {X=http://www.Department10.University0.edu/UndergraduateStudent315, Y=http://www.Department10.University0.edu, Z=UndergraduateStudent315@Department10.University0.edu}, {X=http://www.Department10.University0.edu/GraduateStudent113, Y=http://www.Department10.University0.edu, Z=GraduateStudent113@Department10.University0.edu}, {X=http://www.Department10.University0.edu/UndergraduateStudent130, Y=http://www.Department10.University0.edu, Z=UndergraduateStudent130@Department10.University0.edu}, {X=http://www.Department10.University0.edu/UndergraduateStudent34, Y=http://www.Department10.University0.edu, Z=UndergraduateStudent34@Department10.University0.edu}, {X=http://www.Department10.University0.edu/UndergraduateStudent231, Y=http://www.Department10.University0.edu, Z=UndergraduateStudent231@Department10.University0.edu}, {X=http://www.Department10.University0.edu/GraduateStudent86, Y=http://www.Department10.University0.edu, Z=GraduateStudent86@Department10.University0.edu}, {X=http://www.Department10.University0.edu/UndergraduateStudent229, Y=http://www.Department10.University0.edu, Z=UndergraduateStudent229@Department10.University0.edu}, {X=http://www.Department10.University0.edu/UndergraduateStudent303, Y=http://www.Department10.University0.edu, Z=UndergraduateStudent303@Department10.University0.edu}, {X=http://www.Department10.University0.edu/UndergraduateStudent171, Y=http://www.Department10.University0.edu, Z=UndergraduateStudent171@Department10.University0.edu}, {X=http://www.Department10.University0.edu/UndergraduateStudent47, Y=http://www.Department10.University0.edu, Z=UndergraduateStudent47@Department10.University0.edu}, {X=http://www.Department10.University0.edu/UndergraduateStudent94, Y=http://www.Department10.University0.edu, Z=UndergraduateStudent94@Department10.University0.edu}, {X=http://www.Department10.University0.edu/GraduateStudent45, Y=http://www.Department10.University0.edu, Z=GraduateStudent45@Department10.University0.edu}, {X=http://www.Department10.University0.edu/UndergraduateStudent318, Y=http://www.Department10.University0.edu, Z=UndergraduateStudent318@Department10.University0.edu}, {X=http://www.Department10.University0.edu/GraduateStudent23, Y=http://www.Department10.University0.edu, Z=GraduateStudent23@Department10.University0.edu}, {X=http://www.Department10.University0.edu/UndergraduateStudent35, Y=http://www.Department10.University0.edu, Z=UndergraduateStudent35@Department10.University0.edu}, {X=http://www.Department10.University0.edu/UndergraduateStudent320, Y=http://www.Department10.University0.edu, Z=UndergraduateStudent320@Department10.University0.edu}, {X=http://www.Department10.University0.edu/UndergraduateStudent113, Y=http://www.Department10.University0.edu, Z=UndergraduateStudent113@Department10.University0.edu}, {X=http://www.Department10.University0.edu/UndergraduateStudent9, Y=http://www.Department10.University0.edu, Z=UndergraduateStudent9@Department10.University0.edu}, {X=http://www.Department10.University0.edu/UndergraduateStudent127, Y=http://www.Department10.University0.edu, Z=UndergraduateStudent127@Department10.University0.edu}, {X=http://www.Department10.University0.edu/UndergraduateStudent258, Y=http://www.Department10.University0.edu, Z=UndergraduateStudent258@Department10.University0.edu}, {X=http://www.Department10.University0.edu/GraduateStudent70, Y=http://www.Department10.University0.edu, Z=GraduateStudent70@Department10.University0.edu}, {X=http://www.Department10.University0.edu/UndergraduateStudent78, Y=http://www.Department10.University0.edu, Z=UndergraduateStudent78@Department10.University0.edu}, {X=http://www.Department10.University0.edu/UndergraduateStudent373, Y=http://www.Department10.University0.edu, Z=UndergraduateStudent373@Department10.University0.edu}, {X=http://www.Department10.University0.edu/GraduateStudent72, Y=http://www.Department10.University0.edu, Z=GraduateStudent72@Department10.University0.edu}, {X=http://www.Department10.University0.edu/UndergraduateStudent238, Y=http://www.Department10.University0.edu, Z=UndergraduateStudent238@Department10.University0.edu}, {X=http://www.Department10.University0.edu/UndergraduateStudent331, Y=http://www.Department10.University0.edu, Z=UndergraduateStudent331@Department10.University0.edu}, {X=http://www.Department10.University0.edu/UndergraduateStudent209, Y=http://www.Department10.University0.edu, Z=UndergraduateStudent209@Department10.University0.edu}, {X=http://www.Department10.University0.edu/UndergraduateStudent221, Y=http://www.Department10.University0.edu, Z=UndergraduateStudent221@Department10.University0.edu}, {X=http://www.Department10.University0.edu/UndergraduateStudent326, Y=http://www.Department10.University0.edu, Z=UndergraduateStudent326@Department10.University0.edu}, {X=http://www.Department10.University0.edu/UndergraduateStudent8, Y=http://www.Department10.University0.edu, Z=UndergraduateStudent8@Department10.University0.edu}, {X=http://www.Department10.University0.edu/UndergraduateStudent87, Y=http://www.Department10.University0.edu, Z=UndergraduateStudent87@Department10.University0.edu}, {X=http://www.Department10.University0.edu/UndergraduateStudent244, Y=http://www.Department10.University0.edu, Z=UndergraduateStudent244@Department10.University0.edu}, {X=http://www.Department10.University0.edu/UndergraduateStudent300, Y=http://www.Department10.University0.edu, Z=UndergraduateStudent300@Department10.University0.edu}, {X=http://www.Department10.University0.edu/UndergraduateStudent262, Y=http://www.Department10.University0.edu, Z=UndergraduateStudent262@Department10.University0.edu}, {X=http://www.Department10.University0.edu/UndergraduateStudent10, Y=http://www.Department10.University0.edu, Z=UndergraduateStudent10@Department10.University0.edu}, {X=http://www.Department10.University0.edu/UndergraduateStudent356, Y=http://www.Department10.University0.edu, Z=UndergraduateStudent356@Department10.University0.edu}, {X=http://www.Department10.University0.edu/UndergraduateStudent391, Y=http://www.Department10.University0.edu, Z=UndergraduateStudent391@Department10.University0.edu}, {X=http://www.Department10.University0.edu/UndergraduateStudent346, Y=http://www.Department10.University0.edu, Z=UndergraduateStudent346@Department10.University0.edu}, {X=http://www.Department10.University0.edu/GraduateStudent121, Y=http://www.Department10.University0.edu, Z=GraduateStudent121@Department10.University0.edu}, {X=http://www.Department10.University0.edu/UndergraduateStudent185, Y=http://www.Department10.University0.edu, Z=UndergraduateStudent185@Department10.University0.edu}, {X=http://www.Department10.University0.edu/UndergraduateStudent301, Y=http://www.Department10.University0.edu, Z=UndergraduateStudent301@Department10.University0.edu}, {X=http://www.Department10.University0.edu/GraduateStudent43, Y=http://www.Department10.University0.edu, Z=GraduateStudent43@Department10.University0.edu}, {X=http://www.Department10.University0.edu/UndergraduateStudent404, Y=http://www.Department10.University0.edu, Z=UndergraduateStudent404@Department10.University0.edu}, {X=http://www.Department10.University0.edu/UndergraduateStudent11, Y=http://www.Department10.University0.edu, Z=UndergraduateStudent11@Department10.University0.edu}, {X=http://www.Department10.University0.edu/UndergraduateStudent316, Y=http://www.Department10.University0.edu, Z=UndergraduateStudent316@Department10.University0.edu}, {X=http://www.Department10.University0.edu/UndergraduateStudent75, Y=http://www.Department10.University0.edu, Z=UndergraduateStudent75@Department10.University0.edu}, {X=http://www.Department10.University0.edu/UndergraduateStudent93, Y=http://www.Department10.University0.edu, Z=UndergraduateStudent93@Department10.University0.edu}, {X=http://www.Department10.University0.edu/GraduateStudent89, Y=http://www.Department10.University0.edu, Z=GraduateStudent89@Department10.University0.edu}, {X=http://www.Department10.University0.edu/GraduateStudent136, Y=http://www.Department10.University0.edu, Z=GraduateStudent136@Department10.University0.edu}, {X=http://www.Department10.University0.edu/UndergraduateStudent52, Y=http://www.Department10.University0.edu, Z=UndergraduateStudent52@Department10.University0.edu}, {X=http://www.Department10.University0.edu/UndergraduateStudent40, Y=http://www.Department10.University0.edu, Z=UndergraduateStudent40@Department10.University0.edu}, {X=http://www.Department10.University0.edu/UndergraduateStudent358, Y=http://www.Department10.University0.edu, Z=UndergraduateStudent358@Department10.University0.edu}, {X=http://www.Department10.University0.edu/UndergraduateStudent37, Y=http://www.Department10.University0.edu, Z=UndergraduateStudent37@Department10.University0.edu}, {X=http://www.Department10.University0.edu/UndergraduateStudent196, Y=http://www.Department10.University0.edu, Z=UndergraduateStudent196@Department10.University0.edu}, {X=http://www.Department10.University0.edu/UndergraduateStudent164, Y=http://www.Department10.University0.edu, Z=UndergraduateStudent164@Department10.University0.edu}, {X=http://www.Department10.University0.edu/UndergraduateStudent16, Y=http://www.Department10.University0.edu, Z=UndergraduateStudent16@Department10.University0.edu}, {X=http://www.Department10.University0.edu/UndergraduateStudent17, Y=http://www.Department10.University0.edu, Z=UndergraduateStudent17@Department10.University0.edu}, {X=http://www.Department10.University0.edu/GraduateStudent84, Y=http://www.Department10.University0.edu, Z=GraduateStudent84@Department10.University0.edu}, {X=http://www.Department10.University0.edu/GraduateStudent132, Y=http://www.Department10.University0.edu, Z=GraduateStudent132@Department10.University0.edu}, {X=http://www.Department10.University0.edu/UndergraduateStudent20, Y=http://www.Department10.University0.edu, Z=UndergraduateStudent20@Department10.University0.edu}, {X=http://www.Department10.University0.edu/UndergraduateStudent294, Y=http://www.Department10.University0.edu, Z=UndergraduateStudent294@Department10.University0.edu}, {X=http://www.Department10.University0.edu/UndergraduateStudent282, Y=http://www.Department10.University0.edu, Z=UndergraduateStudent282@Department10.University0.edu}, {X=http://www.Department10.University0.edu/UndergraduateStudent388, Y=http://www.Department10.University0.edu, Z=UndergraduateStudent388@Department10.University0.edu}, {X=http://www.Department10.University0.edu/UndergraduateStudent370, Y=http://www.Department10.University0.edu, Z=UndergraduateStudent370@Department10.University0.edu}, {X=http://www.Department10.University0.edu/UndergraduateStudent216, Y=http://www.Department10.University0.edu, Z=UndergraduateStudent216@Department10.University0.edu}, {X=http://www.Department10.University0.edu/GraduateStudent112, Y=http://www.Department10.University0.edu, Z=GraduateStudent112@Department10.University0.edu}, {X=http://www.Department10.University0.edu/UndergraduateStudent292, Y=http://www.Department10.University0.edu, Z=UndergraduateStudent292@Department10.University0.edu}, {X=http://www.Department10.University0.edu/UndergraduateStudent270, Y=http://www.Department10.University0.edu, Z=UndergraduateStudent270@Department10.University0.edu}, {X=http://www.Department10.University0.edu/UndergraduateStudent340, Y=http://www.Department10.University0.edu, Z=UndergraduateStudent340@Department10.University0.edu}, {X=http://www.Department10.University0.edu/UndergraduateStudent309, Y=http://www.Department10.University0.edu, Z=UndergraduateStudent309@Department10.University0.edu}, {X=http://www.Department10.University0.edu/UndergraduateStudent142, Y=http://www.Department10.University0.edu, Z=UndergraduateStudent142@Department10.University0.edu}, {X=http://www.Department10.University0.edu/UndergraduateStudent310, Y=http://www.Department10.University0.edu, Z=UndergraduateStudent310@Department10.University0.edu}, {X=http://www.Department10.University0.edu/UndergraduateStudent129, Y=http://www.Department10.University0.edu, Z=UndergraduateStudent129@Department10.University0.edu}, {X=http://www.Department10.University0.edu/UndergraduateStudent249, Y=http://www.Department10.University0.edu, Z=UndergraduateStudent249@Department10.University0.edu}, {X=http://www.Department10.University0.edu/UndergraduateStudent410, Y=http://www.Department10.University0.edu, Z=UndergraduateStudent410@Department10.University0.edu}, {X=http://www.Department10.University0.edu/UndergraduateStudent147, Y=http://www.Department10.University0.edu, Z=UndergraduateStudent147@Department10.University0.edu}, {X=http://www.Department10.University0.edu/UndergraduateStudent59, Y=http://www.Department10.University0.edu, Z=UndergraduateStudent59@Department10.University0.edu}, {X=http://www.Department10.University0.edu/UndergraduateStudent181, Y=http://www.Department10.University0.edu, Z=UndergraduateStudent181@Department10.University0.edu}, {X=http://www.Department10.University0.edu/UndergraduateStudent213, Y=http://www.Department10.University0.edu, Z=UndergraduateStudent213@Department10.University0.edu}, {X=http://www.Department10.University0.edu/UndergraduateStudent386, Y=http://www.Department10.University0.edu, Z=UndergraduateStudent386@Department10.University0.edu}, {X=http://www.Department10.University0.edu/GraduateStudent109, Y=http://www.Department10.University0.edu, Z=GraduateStudent109@Department10.University0.edu}, {X=http://www.Department10.University0.edu/UndergraduateStudent295, Y=http://www.Department10.University0.edu, Z=UndergraduateStudent295@Department10.University0.edu}, {X=http://www.Department10.University0.edu/GraduateStudent105, Y=http://www.Department10.University0.edu, Z=GraduateStudent105@Department10.University0.edu}, {X=http://www.Department10.University0.edu/UndergraduateStudent396, Y=http://www.Department10.University0.edu, Z=UndergraduateStudent396@Department10.University0.edu}, {X=http://www.Department10.University0.edu/UndergraduateStudent121, Y=http://www.Department10.University0.edu, Z=UndergraduateStudent121@Department10.University0.edu}, {X=http://www.Department10.University0.edu/GraduateStudent14, Y=http://www.Department10.University0.edu, Z=GraduateStudent14@Department10.University0.edu}, {X=http://www.Department10.University0.edu/UndergraduateStudent212, Y=http://www.Department10.University0.edu, Z=UndergraduateStudent212@Department10.University0.edu}, {X=http://www.Department10.University0.edu/GraduateStudent20, Y=http://www.Department10.University0.edu, Z=GraduateStudent20@Department10.University0.edu}, {X=http://www.Department10.University0.edu/UndergraduateStudent66, Y=http://www.Department10.University0.edu, Z=UndergraduateStudent66@Department10.University0.edu}, {X=http://www.Department10.University0.edu/UndergraduateStudent61, Y=http://www.Department10.University0.edu, Z=UndergraduateStudent61@Department10.University0.edu}, {X=http://www.Department10.University0.edu/GraduateStudent64, Y=http://www.Department10.University0.edu, Z=GraduateStudent64@Department10.University0.edu}, {X=http://www.Department10.University0.edu/UndergraduateStudent279, Y=http://www.Department10.University0.edu, Z=UndergraduateStudent279@Department10.University0.edu}, {X=http://www.Department10.University0.edu/UndergraduateStudent74, Y=http://www.Department10.University0.edu, Z=UndergraduateStudent74@Department10.University0.edu}, {X=http://www.Department10.University0.edu/UndergraduateStudent198, Y=http://www.Department10.University0.edu, Z=UndergraduateStudent198@Department10.University0.edu}, {X=http://www.Department10.University0.edu/UndergraduateStudent277, Y=http://www.Department10.University0.edu, Z=UndergraduateStudent277@Department10.University0.edu}, {X=http://www.Department10.University0.edu/UndergraduateStudent240, Y=http://www.Department10.University0.edu, Z=UndergraduateStudent240@Department10.University0.edu}, {X=http://www.Department10.University0.edu/UndergraduateStudent304, Y=http://www.Department10.University0.edu, Z=UndergraduateStudent304@Department10.University0.edu}, {X=http://www.Department10.University0.edu/UndergraduateStudent252, Y=http://www.Department10.University0.edu, Z=UndergraduateStudent252@Department10.University0.edu}, {X=http://www.Department10.University0.edu/UndergraduateStudent204, Y=http://www.Department10.University0.edu, Z=UndergraduateStudent204@Department10.University0.edu}, {X=http://www.Department10.University0.edu/UndergraduateStudent214, Y=http://www.Department10.University0.edu, Z=UndergraduateStudent214@Department10.University0.edu}, {X=http://www.Department10.University0.edu/UndergraduateStudent149, Y=http://www.Department10.University0.edu, Z=UndergraduateStudent149@Department10.University0.edu}, {X=http://www.Department10.University0.edu/GraduateStudent116, Y=http://www.Department10.University0.edu, Z=GraduateStudent116@Department10.University0.edu}, {X=http://www.Department10.University0.edu/UndergraduateStudent116, Y=http://www.Department10.University0.edu, Z=UndergraduateStudent116@Department10.University0.edu}, {X=http://www.Department10.University0.edu/UndergraduateStudent299, Y=http://www.Department10.University0.edu, Z=UndergraduateStudent299@Department10.University0.edu}, {X=http://www.Department10.University0.edu/UndergraduateStudent3, Y=http://www.Department10.University0.edu, Z=UndergraduateStudent3@Department10.University0.edu}, {X=http://www.Department10.University0.edu/UndergraduateStudent15, Y=http://www.Department10.University0.edu, Z=UndergraduateStudent15@Department10.University0.edu}, {X=http://www.Department10.University0.edu/UndergraduateStudent261, Y=http://www.Department10.University0.edu, Z=UndergraduateStudent261@Department10.University0.edu}, {X=http://www.Department10.University0.edu/GraduateStudent100, Y=http://www.Department10.University0.edu, Z=GraduateStudent100@Department10.University0.edu}, {X=http://www.Department10.University0.edu/UndergraduateStudent80, Y=http://www.Department10.University0.edu, Z=UndergraduateStudent80@Department10.University0.edu}, {X=http://www.Department10.University0.edu/UndergraduateStudent406, Y=http://www.Department10.University0.edu, Z=UndergraduateStudent406@Department10.University0.edu}, {X=http://www.Department10.University0.edu/UndergraduateStudent369, Y=http://www.Department10.University0.edu, Z=UndergraduateStudent369@Department10.University0.edu}, {X=http://www.Department10.University0.edu/UndergraduateStudent175, Y=http://www.Department10.University0.edu, Z=UndergraduateStudent175@Department10.University0.edu}, {X=http://www.Department10.University0.edu/UndergraduateStudent148, Y=http://www.Department10.University0.edu, Z=UndergraduateStudent148@Department10.University0.edu}, {X=http://www.Department10.University0.edu/GraduateStudent129, Y=http://www.Department10.University0.edu, Z=GraduateStudent129@Department10.University0.edu}, {X=http://www.Department10.University0.edu/UndergraduateStudent122, Y=http://www.Department10.University0.edu, Z=UndergraduateStudent122@Department10.University0.edu}, {X=http://www.Department10.University0.edu/UndergraduateStudent228, Y=http://www.Department10.University0.edu, Z=UndergraduateStudent228@Department10.University0.edu}, {X=http://www.Department10.University0.edu/UndergraduateStudent102, Y=http://www.Department10.University0.edu, Z=UndergraduateStudent102@Department10.University0.edu}, {X=http://www.Department10.University0.edu/GraduateStudent115, Y=http://www.Department10.University0.edu, Z=GraduateStudent115@Department10.University0.edu}, {X=http://www.Department10.University0.edu/UndergraduateStudent354, Y=http://www.Department10.University0.edu, Z=UndergraduateStudent354@Department10.University0.edu}, {X=http://www.Department10.University0.edu/UndergraduateStudent174, Y=http://www.Department10.University0.edu, Z=UndergraduateStudent174@Department10.University0.edu}, {X=http://www.Department10.University0.edu/UndergraduateStudent155, Y=http://www.Department10.University0.edu, Z=UndergraduateStudent155@Department10.University0.edu}, {X=http://www.Department10.University0.edu/UndergraduateStudent349, Y=http://www.Department10.University0.edu, Z=UndergraduateStudent349@Department10.University0.edu}, {X=http://www.Department10.University0.edu/GraduateStudent82, Y=http://www.Department10.University0.edu, Z=GraduateStudent82@Department10.University0.edu}, {X=http://www.Department10.University0.edu/UndergraduateStudent219, Y=http://www.Department10.University0.edu, Z=UndergraduateStudent219@Department10.University0.edu}, {X=http://www.Department10.University0.edu/UndergraduateStudent243, Y=http://www.Department10.University0.edu, Z=UndergraduateStudent243@Department10.University0.edu}, {X=http://www.Department10.University0.edu/UndergraduateStudent26, Y=http://www.Department10.University0.edu, Z=UndergraduateStudent26@Department10.University0.edu}, {X=http://www.Department10.University0.edu/GraduateStudent9, Y=http://www.Department10.University0.edu, Z=GraduateStudent9@Department10.University0.edu}, {X=http://www.Department10.University0.edu/UndergraduateStudent247, Y=http://www.Department10.University0.edu, Z=UndergraduateStudent247@Department10.University0.edu}, {X=http://www.Department10.University0.edu/GraduateStudent49, Y=http://www.Department10.University0.edu, Z=GraduateStudent49@Department10.University0.edu}, {X=http://www.Department10.University0.edu/GraduateStudent108, Y=http://www.Department10.University0.edu, Z=GraduateStudent108@Department10.University0.edu}, {X=http://www.Department10.University0.edu/UndergraduateStudent272, Y=http://www.Department10.University0.edu, Z=UndergraduateStudent272@Department10.University0.edu}, {X=http://www.Department10.University0.edu/GraduateStudent81, Y=http://www.Department10.University0.edu, Z=GraduateStudent81@Department10.University0.edu}, {X=http://www.Department10.University0.edu/UndergraduateStudent239, Y=http://www.Department10.University0.edu, Z=UndergraduateStudent239@Department10.University0.edu}, {X=http://www.Department10.University0.edu/UndergraduateStudent13, Y=http://www.Department10.University0.edu, Z=UndergraduateStudent13@Department10.University0.edu}, {X=http://www.Department10.University0.edu/UndergraduateStudent195, Y=http://www.Department10.University0.edu, Z=UndergraduateStudent195@Department10.University0.edu}, {X=http://www.Department10.University0.edu/GraduateStudent94, Y=http://www.Department10.University0.edu, Z=GraduateStudent94@Department10.University0.edu}, {X=http://www.Department10.University0.edu/UndergraduateStudent183, Y=http://www.Department10.University0.edu, Z=UndergraduateStudent183@Department10.University0.edu}, {X=http://www.Department10.University0.edu/UndergraduateStudent163, Y=http://www.Department10.University0.edu, Z=UndergraduateStudent163@Department10.University0.edu}, {X=http://www.Department10.University0.edu/GraduateStudent65, Y=http://www.Department10.University0.edu, Z=GraduateStudent65@Department10.University0.edu}, {X=http://www.Department10.University0.edu/UndergraduateStudent27, Y=http://www.Department10.University0.edu, Z=UndergraduateStudent27@Department10.University0.edu}, {X=http://www.Department10.University0.edu/UndergraduateStudent30, Y=http://www.Department10.University0.edu, Z=UndergraduateStudent30@Department10.University0.edu}, {X=http://www.Department10.University0.edu/UndergraduateStudent125, Y=http://www.Department10.University0.edu, Z=UndergraduateStudent125@Department10.University0.edu}, {X=http://www.Department10.University0.edu/UndergraduateStudent14, Y=http://www.Department10.University0.edu, Z=UndergraduateStudent14@Department10.University0.edu}, {X=http://www.Department10.University0.edu/UndergraduateStudent70, Y=http://www.Department10.University0.edu, Z=UndergraduateStudent70@Department10.University0.edu}, {X=http://www.Department10.University0.edu/UndergraduateStudent53, Y=http://www.Department10.University0.edu, Z=UndergraduateStudent53@Department10.University0.edu}, {X=http://www.Department10.University0.edu/UndergraduateStudent329, Y=http://www.Department10.University0.edu, Z=UndergraduateStudent329@Department10.University0.edu}, {X=http://www.Department10.University0.edu/UndergraduateStudent139, Y=http://www.Department10.University0.edu, Z=UndergraduateStudent139@Department10.University0.edu}, {X=http://www.Department10.University0.edu/GraduateStudent18, Y=http://www.Department10.University0.edu, Z=GraduateStudent18@Department10.University0.edu}, {X=http://www.Department10.University0.edu/UndergraduateStudent333, Y=http://www.Department10.University0.edu, Z=UndergraduateStudent333@Department10.University0.edu}, {X=http://www.Department10.University0.edu/UndergraduateStudent359, Y=http://www.Department10.University0.edu, Z=UndergraduateStudent359@Department10.University0.edu}, {X=http://www.Department10.University0.edu/GraduateStudent19, Y=http://www.Department10.University0.edu, Z=GraduateStudent19@Department10.University0.edu}, {X=http://www.Department10.University0.edu/UndergraduateStudent187, Y=http://www.Department10.University0.edu, Z=UndergraduateStudent187@Department10.University0.edu}, {X=http://www.Department10.University0.edu/UndergraduateStudent202, Y=http://www.Department10.University0.edu, Z=UndergraduateStudent202@Department10.University0.edu}, {X=http://www.Department10.University0.edu/GraduateStudent91, Y=http://www.Department10.University0.edu, Z=GraduateStudent91@Department10.University0.edu}, {X=http://www.Department10.University0.edu/UndergraduateStudent385, Y=http://www.Department10.University0.edu, Z=UndergraduateStudent385@Department10.University0.edu}, {X=http://www.Department10.University0.edu/UndergraduateStudent286, Y=http://www.Department10.University0.edu, Z=UndergraduateStudent286@Department10.University0.edu}, {X=http://www.Department10.University0.edu/UndergraduateStudent206, Y=http://www.Department10.University0.edu, Z=UndergraduateStudent206@Department10.University0.edu}, {X=http://www.Department10.University0.edu/UndergraduateStudent225, Y=http://www.Department10.University0.edu, Z=UndergraduateStudent225@Department10.University0.edu}, {X=http://www.Department10.University0.edu/UndergraduateStudent182, Y=http://www.Department10.University0.edu, Z=UndergraduateStudent182@Department10.University0.edu}, {X=http://www.Department10.University0.edu/UndergraduateStudent283, Y=http://www.Department10.University0.edu, Z=UndergraduateStudent283@Department10.University0.edu}, {X=http://www.Department10.University0.edu/UndergraduateStudent161, Y=http://www.Department10.University0.edu, Z=UndergraduateStudent161@Department10.University0.edu}, {X=http://www.Department10.University0.edu/UndergraduateStudent23, Y=http://www.Department10.University0.edu, Z=UndergraduateStudent23@Department10.University0.edu}, {X=http://www.Department10.University0.edu/UndergraduateStudent401, Y=http://www.Department10.University0.edu, Z=UndergraduateStudent401@Department10.University0.edu}, {X=http://www.Department10.University0.edu/GraduateStudent54, Y=http://www.Department10.University0.edu, Z=GraduateStudent54@Department10.University0.edu}, {X=http://www.Department10.University0.edu/UndergraduateStudent321, Y=http://www.Department10.University0.edu, Z=UndergraduateStudent321@Department10.University0.edu}, {X=http://www.Department10.University0.edu/UndergraduateStudent296, Y=http://www.Department10.University0.edu, Z=UndergraduateStudent296@Department10.University0.edu}, {X=http://www.Department10.University0.edu/UndergraduateStudent178, Y=http://www.Department10.University0.edu, Z=UndergraduateStudent178@Department10.University0.edu}, {X=http://www.Department10.University0.edu/UndergraduateStudent344, Y=http://www.Department10.University0.edu, Z=UndergraduateStudent344@Department10.University0.edu}, {X=http://www.Department10.University0.edu/GraduateStudent25, Y=http://www.Department10.University0.edu, Z=GraduateStudent25@Department10.University0.edu}, {X=http://www.Department10.University0.edu/UndergraduateStudent257, Y=http://www.Department10.University0.edu, Z=UndergraduateStudent257@Department10.University0.edu}, {X=http://www.Department10.University0.edu/UndergraduateStudent383, Y=http://www.Department10.University0.edu, Z=UndergraduateStudent383@Department10.University0.edu}, {X=http://www.Department10.University0.edu/UndergraduateStudent63, Y=http://www.Department10.University0.edu, Z=UndergraduateStudent63@Department10.University0.edu}, {X=http://www.Department10.University0.edu/UndergraduateStudent57, Y=http://www.Department10.University0.edu, Z=UndergraduateStudent57@Department10.University0.edu}, {X=http://www.Department10.University0.edu/GraduateStudent104, Y=http://www.Department10.University0.edu, Z=GraduateStudent104@Department10.University0.edu}, {X=http://www.Department10.University0.edu/UndergraduateStudent335, Y=http://www.Department10.University0.edu, Z=UndergraduateStudent335@Department10.University0.edu}, {X=http://www.Department10.University0.edu/UndergraduateStudent207, Y=http://www.Department10.University0.edu, Z=UndergraduateStudent207@Department10.University0.edu}, {X=http://www.Department10.University0.edu/UndergraduateStudent248, Y=http://www.Department10.University0.edu, Z=UndergraduateStudent248@Department10.University0.edu}, {X=http://www.Department10.University0.edu/GraduateStudent11, Y=http://www.Department10.University0.edu, Z=GraduateStudent11@Department10.University0.edu}, {X=http://www.Department10.University0.edu/UndergraduateStudent298, Y=http://www.Department10.University0.edu, Z=UndergraduateStudent298@Department10.University0.edu}, {X=http://www.Department10.University0.edu/GraduateStudent13, Y=http://www.Department10.University0.edu, Z=GraduateStudent13@Department10.University0.edu}, {X=http://www.Department10.University0.edu/UndergraduateStudent90, Y=http://www.Department10.University0.edu, Z=UndergraduateStudent90@Department10.University0.edu}, {X=http://www.Department10.University0.edu/UndergraduateStudent194, Y=http://www.Department10.University0.edu, Z=UndergraduateStudent194@Department10.University0.edu}, {X=http://www.Department10.University0.edu/GraduateStudent68, Y=http://www.Department10.University0.edu, Z=GraduateStudent68@Department10.University0.edu}, {X=http://www.Department10.University0.edu/GraduateStudent10, Y=http://www.Department10.University0.edu, Z=GraduateStudent10@Department10.University0.edu}, {X=http://www.Department10.University0.edu/UndergraduateStudent173, Y=http://www.Department10.University0.edu, Z=UndergraduateStudent173@Department10.University0.edu}, {X=http://www.Department10.University0.edu/UndergraduateStudent39, Y=http://www.Department10.University0.edu, Z=UndergraduateStudent39@Department10.University0.edu}, {X=http://www.Department10.University0.edu/UndergraduateStudent217, Y=http://www.Department10.University0.edu, Z=UndergraduateStudent217@Department10.University0.edu}, {X=http://www.Department10.University0.edu/UndergraduateStudent158, Y=http://www.Department10.University0.edu, Z=UndergraduateStudent158@Department10.University0.edu}, {X=http://www.Department10.University0.edu/GraduateStudent93, Y=http://www.Department10.University0.edu, Z=GraduateStudent93@Department10.University0.edu}, {X=http://www.Department10.University0.edu/UndergraduateStudent211, Y=http://www.Department10.University0.edu, Z=UndergraduateStudent211@Department10.University0.edu}, {X=http://www.Department10.University0.edu/UndergraduateStudent382, Y=http://www.Department10.University0.edu, Z=UndergraduateStudent382@Department10.University0.edu}, {X=http://www.Department10.University0.edu/GraduateStudent39, Y=http://www.Department10.University0.edu, Z=GraduateStudent39@Department10.University0.edu}, {X=http://www.Department10.University0.edu/UndergraduateStudent201, Y=http://www.Department10.University0.edu, Z=UndergraduateStudent201@Department10.University0.edu}, {X=http://www.Department10.University0.edu/GraduateStudent63, Y=http://www.Department10.University0.edu, Z=GraduateStudent63@Department10.University0.edu}, {X=http://www.Department10.University0.edu/GraduateStudent52, Y=http://www.Department10.University0.edu, Z=GraduateStudent52@Department10.University0.edu}, {X=http://www.Department10.University0.edu/UndergraduateStudent353, Y=http://www.Department10.University0.edu, Z=UndergraduateStudent353@Department10.University0.edu}, {X=http://www.Department10.University0.edu/GraduateStudent101, Y=http://www.Department10.University0.edu, Z=GraduateStudent101@Department10.University0.edu}, {X=http://www.Department10.University0.edu/GraduateStudent125, Y=http://www.Department10.University0.edu, Z=GraduateStudent125@Department10.University0.edu}, {X=http://www.Department10.University0.edu/UndergraduateStudent2, Y=http://www.Department10.University0.edu, Z=UndergraduateStudent2@Department10.University0.edu}, {X=http://www.Department10.University0.edu/UndergraduateStudent62, Y=http://www.Department10.University0.edu, Z=UndergraduateStudent62@Department10.University0.edu}, {X=http://www.Department10.University0.edu/UndergraduateStudent22, Y=http://www.Department10.University0.edu, Z=UndergraduateStudent22@Department10.University0.edu}, {X=http://www.Department10.University0.edu/UndergraduateStudent234, Y=http://www.Department10.University0.edu, Z=UndergraduateStudent234@Department10.University0.edu}, {X=http://www.Department10.University0.edu/UndergraduateStudent308, Y=http://www.Department10.University0.edu, Z=UndergraduateStudent308@Department10.University0.edu}, {X=http://www.Department10.University0.edu/UndergraduateStudent97, Y=http://www.Department10.University0.edu, Z=UndergraduateStudent97@Department10.University0.edu}, {X=http://www.Department10.University0.edu/GraduateStudent4, Y=http://www.Department10.University0.edu, Z=GraduateStudent4@Department10.University0.edu}, {X=http://www.Department10.University0.edu/UndergraduateStudent377, Y=http://www.Department10.University0.edu, Z=UndergraduateStudent377@Department10.University0.edu}, {X=http://www.Department10.University0.edu/UndergraduateStudent41, Y=http://www.Department10.University0.edu, Z=UndergraduateStudent41@Department10.University0.edu}, {X=http://www.Department10.University0.edu/UndergraduateStudent250, Y=http://www.Department10.University0.edu, Z=UndergraduateStudent250@Department10.University0.edu}, {X=http://www.Department10.University0.edu/UndergraduateStudent330, Y=http://www.Department10.University0.edu, Z=UndergraduateStudent330@Department10.University0.edu}, {X=http://www.Department10.University0.edu/UndergraduateStudent227, Y=http://www.Department10.University0.edu, Z=UndergraduateStudent227@Department10.University0.edu}, {X=http://www.Department10.University0.edu/GraduateStudent96, Y=http://www.Department10.University0.edu, Z=GraduateStudent96@Department10.University0.edu}, {X=http://www.Department10.University0.edu/UndergraduateStudent199, Y=http://www.Department10.University0.edu, Z=UndergraduateStudent199@Department10.University0.edu}, {X=http://www.Department10.University0.edu/GraduateStudent131, Y=http://www.Department10.University0.edu, Z=GraduateStudent131@Department10.University0.edu}, {X=http://www.Department10.University0.edu/UndergraduateStudent265, Y=http://www.Department10.University0.edu, Z=UndergraduateStudent265@Department10.University0.edu}, {X=http://www.Department10.University0.edu/UndergraduateStudent131, Y=http://www.Department10.University0.edu, Z=UndergraduateStudent131@Department10.University0.edu}, {X=http://www.Department10.University0.edu/UndergraduateStudent48, Y=http://www.Department10.University0.edu, Z=UndergraduateStudent48@Department10.University0.edu}, {X=http://www.Department10.University0.edu/GraduateStudent33, Y=http://www.Department10.University0.edu, Z=GraduateStudent33@Department10.University0.edu}, {X=http://www.Department10.University0.edu/UndergraduateStudent137, Y=http://www.Department10.University0.edu, Z=UndergraduateStudent137@Department10.University0.edu}, {X=http://www.Department10.University0.edu/UndergraduateStudent281, Y=http://www.Department10.University0.edu, Z=UndergraduateStudent281@Department10.University0.edu}, {X=http://www.Department10.University0.edu/UndergraduateStudent166, Y=http://www.Department10.University0.edu, Z=UndergraduateStudent166@Department10.University0.edu}, {X=http://www.Department10.University0.edu/UndergraduateStudent233, Y=http://www.Department10.University0.edu, Z=UndergraduateStudent233@Department10.University0.edu}, {X=http://www.Department10.University0.edu/GraduateStudent98, Y=http://www.Department10.University0.edu, Z=GraduateStudent98@Department10.University0.edu}, {X=http://www.Department10.University0.edu/UndergraduateStudent67, Y=http://www.Department10.University0.edu, Z=UndergraduateStudent67@Department10.University0.edu}, {X=http://www.Department10.University0.edu/UndergraduateStudent85, Y=http://www.Department10.University0.edu, Z=UndergraduateStudent85@Department10.University0.edu}, {X=http://www.Department10.University0.edu/UndergraduateStudent88, Y=http://www.Department10.University0.edu, Z=UndergraduateStudent88@Department10.University0.edu}, {X=http://www.Department10.University0.edu/UndergraduateStudent120, Y=http://www.Department10.University0.edu, Z=UndergraduateStudent120@Department10.University0.edu}, {X=http://www.Department10.University0.edu/GraduateStudent123, Y=http://www.Department10.University0.edu, Z=GraduateStudent123@Department10.University0.edu}, {X=http://www.Department10.University0.edu/GraduateStudent110, Y=http://www.Department10.University0.edu, Z=GraduateStudent110@Department10.University0.edu}, {X=http://www.Department10.University0.edu/UndergraduateStudent36, Y=http://www.Department10.University0.edu, Z=UndergraduateStudent36@Department10.University0.edu}, {X=http://www.Department10.University0.edu/UndergraduateStudent151, Y=http://www.Department10.University0.edu, Z=UndergraduateStudent151@Department10.University0.edu}, {X=http://www.Department10.University0.edu/GraduateStudent31, Y=http://www.Department10.University0.edu, Z=GraduateStudent31@Department10.University0.edu}, {X=http://www.Department10.University0.edu/UndergraduateStudent82, Y=http://www.Department10.University0.edu, Z=UndergraduateStudent82@Department10.University0.edu}, {X=http://www.Department10.University0.edu/GraduateStudent35, Y=http://www.Department10.University0.edu, Z=GraduateStudent35@Department10.University0.edu}, {X=http://www.Department10.University0.edu/UndergraduateStudent241, Y=http://www.Department10.University0.edu, Z=UndergraduateStudent241@Department10.University0.edu}, {X=http://www.Department10.University0.edu/GraduateStudent34, Y=http://www.Department10.University0.edu, Z=GraduateStudent34@Department10.University0.edu}, {X=http://www.Department10.University0.edu/UndergraduateStudent126, Y=http://www.Department10.University0.edu, Z=UndergraduateStudent126@Department10.University0.edu}, {X=http://www.Department10.University0.edu/UndergraduateStudent184, Y=http://www.Department10.University0.edu, Z=UndergraduateStudent184@Department10.University0.edu}, {X=http://www.Department10.University0.edu/UndergraduateStudent169, Y=http://www.Department10.University0.edu, Z=UndergraduateStudent169@Department10.University0.edu}, {X=http://www.Department10.University0.edu/UndergraduateStudent12, Y=http://www.Department10.University0.edu, Z=UndergraduateStudent12@Department10.University0.edu}, {X=http://www.Department10.University0.edu/UndergraduateStudent133, Y=http://www.Department10.University0.edu, Z=UndergraduateStudent133@Department10.University0.edu}, {X=http://www.Department10.University0.edu/UndergraduateStudent84, Y=http://www.Department10.University0.edu, Z=UndergraduateStudent84@Department10.University0.edu}, {X=http://www.Department10.University0.edu/GraduateStudent8, Y=http://www.Department10.University0.edu, Z=GraduateStudent8@Department10.University0.edu}, {X=http://www.Department10.University0.edu/UndergraduateStudent403, Y=http://www.Department10.University0.edu, Z=UndergraduateStudent403@Department10.University0.edu}, {X=http://www.Department10.University0.edu/UndergraduateStudent60, Y=http://www.Department10.University0.edu, Z=UndergraduateStudent60@Department10.University0.edu}, {X=http://www.Department10.University0.edu/GraduateStudent26, Y=http://www.Department10.University0.edu, Z=GraduateStudent26@Department10.University0.edu}, {X=http://www.Department10.University0.edu/UndergraduateStudent402, Y=http://www.Department10.University0.edu, Z=UndergraduateStudent402@Department10.University0.edu}, {X=http://www.Department10.University0.edu/UndergraduateStudent210, Y=http://www.Department10.University0.edu, Z=UndergraduateStudent210@Department10.University0.edu}, {X=http://www.Department10.University0.edu/GraduateStudent69, Y=http://www.Department10.University0.edu, Z=GraduateStudent69@Department10.University0.edu}, {X=http://www.Department10.University0.edu/UndergraduateStudent123, Y=http://www.Department10.University0.edu, Z=UndergraduateStudent123@Department10.University0.edu}, {X=http://www.Department10.University0.edu/UndergraduateStudent167, Y=http://www.Department10.University0.edu, Z=UndergraduateStudent167@Department10.University0.edu}, {X=http://www.Department10.University0.edu/UndergraduateStudent361, Y=http://www.Department10.University0.edu, Z=UndergraduateStudent361@Department10.University0.edu}, {X=http://www.Department10.University0.edu/GraduateStudent5, Y=http://www.Department10.University0.edu, Z=GraduateStudent5@Department10.University0.edu}, {X=http://www.Department10.University0.edu/GraduateStudent55, Y=http://www.Department10.University0.edu, Z=GraduateStudent55@Department10.University0.edu}, {X=http://www.Department10.University0.edu/GraduateStudent134, Y=http://www.Department10.University0.edu, Z=GraduateStudent134@Department10.University0.edu}, {X=http://www.Department10.University0.edu/UndergraduateStudent200, Y=http://www.Department10.University0.edu, Z=UndergraduateStudent200@Department10.University0.edu}, {X=http://www.Department10.University0.edu/UndergraduateStudent29, Y=http://www.Department10.University0.edu, Z=UndergraduateStudent29@Department10.University0.edu}, {X=http://www.Department10.University0.edu/GraduateStudent16, Y=http://www.Department10.University0.edu, Z=GraduateStudent16@Department10.University0.edu}, {X=http://www.Department10.University0.edu/UndergraduateStudent271, Y=http://www.Department10.University0.edu, Z=UndergraduateStudent271@Department10.University0.edu}, {X=http://www.Department10.University0.edu/UndergraduateStudent322, Y=http://www.Department10.University0.edu, Z=UndergraduateStudent322@Department10.University0.edu}, {X=http://www.Department10.University0.edu/UndergraduateStudent33, Y=http://www.Department10.University0.edu, Z=UndergraduateStudent33@Department10.University0.edu}, {X=http://www.Department10.University0.edu/UndergraduateStudent405, Y=http://www.Department10.University0.edu, Z=UndergraduateStudent405@Department10.University0.edu}, {X=http://www.Department10.University0.edu/UndergraduateStudent146, Y=http://www.Department10.University0.edu, Z=UndergraduateStudent146@Department10.University0.edu}, {X=http://www.Department10.University0.edu/UndergraduateStudent56, Y=http://www.Department10.University0.edu, Z=UndergraduateStudent56@Department10.University0.edu}, {X=http://www.Department10.University0.edu/UndergraduateStudent107, Y=http://www.Department10.University0.edu, Z=UndergraduateStudent107@Department10.University0.edu}, {X=http://www.Department10.University0.edu/UndergraduateStudent170, Y=http://www.Department10.University0.edu, Z=UndergraduateStudent170@Department10.University0.edu}, {X=http://www.Department10.University0.edu/UndergraduateStudent395, Y=http://www.Department10.University0.edu, Z=UndergraduateStudent395@Department10.University0.edu}, {X=http://www.Department10.University0.edu/UndergraduateStudent230, Y=http://www.Department10.University0.edu, Z=UndergraduateStudent230@Department10.University0.edu}, {X=http://www.Department10.University0.edu/GraduateStudent36, Y=http://www.Department10.University0.edu, Z=GraduateStudent36@Department10.University0.edu}, {X=http://www.Department10.University0.edu/UndergraduateStudent352, Y=http://www.Department10.University0.edu, Z=UndergraduateStudent352@Department10.University0.edu}, {X=http://www.Department10.University0.edu/UndergraduateStudent110, Y=http://www.Department10.University0.edu, Z=UndergraduateStudent110@Department10.University0.edu}, {X=http://www.Department10.University0.edu/GraduateStudent74, Y=http://www.Department10.University0.edu, Z=GraduateStudent74@Department10.University0.edu}, {X=http://www.Department10.University0.edu/GraduateStudent120, Y=http://www.Department10.University0.edu, Z=GraduateStudent120@Department10.University0.edu}, {X=http://www.Department10.University0.edu/GraduateStudent83, Y=http://www.Department10.University0.edu, Z=GraduateStudent83@Department10.University0.edu}, {X=http://www.Department10.University0.edu/UndergraduateStudent312, Y=http://www.Department10.University0.edu, Z=UndergraduateStudent312@Department10.University0.edu}, {X=http://www.Department10.University0.edu/UndergraduateStudent141, Y=http://www.Department10.University0.edu, Z=UndergraduateStudent141@Department10.University0.edu}, {X=http://www.Department10.University0.edu/GraduateStudent137, Y=http://www.Department10.University0.edu, Z=GraduateStudent137@Department10.University0.edu}, {X=http://www.Department10.University0.edu/GraduateStudent75, Y=http://www.Department10.University0.edu, Z=GraduateStudent75@Department10.University0.edu}, {X=http://www.Department10.University0.edu/UndergraduateStudent380, Y=http://www.Department10.University0.edu, Z=UndergraduateStudent380@Department10.University0.edu}, {X=http://www.Department10.University0.edu/GraduateStudent117, Y=http://www.Department10.University0.edu, Z=GraduateStudent117@Department10.University0.edu}, {X=http://www.Department10.University0.edu/GraduateStudent27, Y=http://www.Department10.University0.edu, Z=GraduateStudent27@Department10.University0.edu}, {X=http://www.Department10.University0.edu/UndergraduateStudent363, Y=http://www.Department10.University0.edu, Z=UndergraduateStudent363@Department10.University0.edu}, {X=http://www.Department10.University0.edu/UndergraduateStudent389, Y=http://www.Department10.University0.edu, Z=UndergraduateStudent389@Department10.University0.edu}, {X=http://www.Department10.University0.edu/UndergraduateStudent105, Y=http://www.Department10.University0.edu, Z=UndergraduateStudent105@Department10.University0.edu}, {X=http://www.Department10.University0.edu/GraduateStudent73, Y=http://www.Department10.University0.edu, Z=GraduateStudent73@Department10.University0.edu}, {X=http://www.Department10.University0.edu/UndergraduateStudent280, Y=http://www.Department10.University0.edu, Z=UndergraduateStudent280@Department10.University0.edu}, {X=http://www.Department10.University0.edu/UndergraduateStudent115, Y=http://www.Department10.University0.edu, Z=UndergraduateStudent115@Department10.University0.edu}, {X=http://www.Department10.University0.edu/GraduateStudent58, Y=http://www.Department10.University0.edu, Z=GraduateStudent58@Department10.University0.edu}, {X=http://www.Department10.University0.edu/UndergraduateStudent191, Y=http://www.Department10.University0.edu, Z=UndergraduateStudent191@Department10.University0.edu}, {X=http://www.Department10.University0.edu/UndergraduateStudent79, Y=http://www.Department10.University0.edu, Z=UndergraduateStudent79@Department10.University0.edu}, {X=http://www.Department10.University0.edu/UndergraduateStudent259, Y=http://www.Department10.University0.edu, Z=UndergraduateStudent259@Department10.University0.edu}, {X=http://www.Department10.University0.edu/UndergraduateStudent324, Y=http://www.Department10.University0.edu, Z=UndergraduateStudent324@Department10.University0.edu}, {X=http://www.Department10.University0.edu/UndergraduateStudent188, Y=http://www.Department10.University0.edu, Z=UndergraduateStudent188@Department10.University0.edu}, {X=http://www.Department10.University0.edu/UndergraduateStudent100, Y=http://www.Department10.University0.edu, Z=UndergraduateStudent100@Department10.University0.edu}, {X=http://www.Department10.University0.edu/UndergraduateStudent50, Y=http://www.Department10.University0.edu, Z=UndergraduateStudent50@Department10.University0.edu}, {X=http://www.Department10.University0.edu/UndergraduateStudent65, Y=http://www.Department10.University0.edu, Z=UndergraduateStudent65@Department10.University0.edu}, {X=http://www.Department10.University0.edu/UndergraduateStudent49, Y=http://www.Department10.University0.edu, Z=UndergraduateStudent49@Department10.University0.edu}, {X=http://www.Department10.University0.edu/UndergraduateStudent189, Y=http://www.Department10.University0.edu, Z=UndergraduateStudent189@Department10.University0.edu}, {X=http://www.Department10.University0.edu/UndergraduateStudent140, Y=http://www.Department10.University0.edu, Z=UndergraduateStudent140@Department10.University0.edu}, {X=http://www.Department10.University0.edu/GraduateStudent17, Y=http://www.Department10.University0.edu, Z=GraduateStudent17@Department10.University0.edu}, {X=http://www.Department10.University0.edu/GraduateStudent85, Y=http://www.Department10.University0.edu, Z=GraduateStudent85@Department10.University0.edu}, {X=http://www.Department10.University0.edu/UndergraduateStudent366, Y=http://www.Department10.University0.edu, Z=UndergraduateStudent366@Department10.University0.edu}, {X=http://www.Department10.University0.edu/UndergraduateStudent136, Y=http://www.Department10.University0.edu, Z=UndergraduateStudent136@Department10.University0.edu}, {X=http://www.Department10.University0.edu/UndergraduateStudent138, Y=http://www.Department10.University0.edu, Z=UndergraduateStudent138@Department10.University0.edu}, {X=http://www.Department10.University0.edu/UndergraduateStudent327, Y=http://www.Department10.University0.edu, Z=UndergraduateStudent327@Department10.University0.edu}, {X=http://www.Department10.University0.edu/GraduateStudent119, Y=http://www.Department10.University0.edu, Z=GraduateStudent119@Department10.University0.edu}, {X=http://www.Department10.University0.edu/UndergraduateStudent269, Y=http://www.Department10.University0.edu, Z=UndergraduateStudent269@Department10.University0.edu}, {X=http://www.Department10.University0.edu/UndergraduateStudent73, Y=http://www.Department10.University0.edu, Z=UndergraduateStudent73@Department10.University0.edu}, {X=http://www.Department10.University0.edu/UndergraduateStudent103, Y=http://www.Department10.University0.edu, Z=UndergraduateStudent103@Department10.University0.edu}, {X=http://www.Department10.University0.edu/UndergraduateStudent54, Y=http://www.Department10.University0.edu, Z=UndergraduateStudent54@Department10.University0.edu}, {X=http://www.Department10.University0.edu/GraduateStudent128, Y=http://www.Department10.University0.edu, Z=GraduateStudent128@Department10.University0.edu}, {X=http://www.Department10.University0.edu/GraduateStudent130, Y=http://www.Department10.University0.edu, Z=GraduateStudent130@Department10.University0.edu}, {X=http://www.Department10.University0.edu/UndergraduateStudent368, Y=http://www.Department10.University0.edu, Z=UndergraduateStudent368@Department10.University0.edu}, {X=http://www.Department10.University0.edu/GraduateStudent87, Y=http://www.Department10.University0.edu, Z=GraduateStudent87@Department10.University0.edu}, {X=http://www.Department10.University0.edu/UndergraduateStudent215, Y=http://www.Department10.University0.edu, Z=UndergraduateStudent215@Department10.University0.edu}, {X=http://www.Department10.University0.edu/UndergraduateStudent351, Y=http://www.Department10.University0.edu, Z=UndergraduateStudent351@Department10.University0.edu}, {X=http://www.Department10.University0.edu/GraduateStudent37, Y=http://www.Department10.University0.edu, Z=GraduateStudent37@Department10.University0.edu}, {X=http://www.Department10.University0.edu/GraduateStudent79, Y=http://www.Department10.University0.edu, Z=GraduateStudent79@Department10.University0.edu}, {X=http://www.Department10.University0.edu/UndergraduateStudent5, Y=http://www.Department10.University0.edu, Z=UndergraduateStudent5@Department10.University0.edu}, {X=http://www.Department10.University0.edu/GraduateStudent67, Y=http://www.Department10.University0.edu, Z=GraduateStudent67@Department10.University0.edu}, {X=http://www.Department10.University0.edu/GraduateStudent41, Y=http://www.Department10.University0.edu, Z=GraduateStudent41@Department10.University0.edu}, {X=http://www.Department10.University0.edu/UndergraduateStudent134, Y=http://www.Department10.University0.edu, Z=UndergraduateStudent134@Department10.University0.edu}, {X=http://www.Department10.University0.edu/UndergraduateStudent276, Y=http://www.Department10.University0.edu, Z=UndergraduateStudent276@Department10.University0.edu}, {X=http://www.Department10.University0.edu/GraduateStudent42, Y=http://www.Department10.University0.edu, Z=GraduateStudent42@Department10.University0.edu}, {X=http://www.Department10.University0.edu/UndergraduateStudent253, Y=http://www.Department10.University0.edu, Z=UndergraduateStudent253@Department10.University0.edu}, {X=http://www.Department10.University0.edu/GraduateStudent22, Y=http://www.Department10.University0.edu, Z=GraduateStudent22@Department10.University0.edu}, {X=http://www.Department10.University0.edu/UndergraduateStudent91, Y=http://www.Department10.University0.edu, Z=UndergraduateStudent91@Department10.University0.edu}, {X=http://www.Department10.University0.edu/UndergraduateStudent355, Y=http://www.Department10.University0.edu, Z=UndergraduateStudent355@Department10.University0.edu}, {X=http://www.Department10.University0.edu/UndergraduateStudent245, Y=http://www.Department10.University0.edu, Z=UndergraduateStudent245@Department10.University0.edu}, {X=http://www.Department10.University0.edu/UndergraduateStudent260, Y=http://www.Department10.University0.edu, Z=UndergraduateStudent260@Department10.University0.edu}, {X=http://www.Department10.University0.edu/UndergraduateStudent357, Y=http://www.Department10.University0.edu, Z=UndergraduateStudent357@Department10.University0.edu}, {X=http://www.Department10.University0.edu/UndergraduateStudent150, Y=http://www.Department10.University0.edu, Z=UndergraduateStudent150@Department10.University0.edu}, {X=http://www.Department10.University0.edu/UndergraduateStudent106, Y=http://www.Department10.University0.edu, Z=UndergraduateStudent106@Department10.University0.edu}, {X=http://www.Department10.University0.edu/GraduateStudent48, Y=http://www.Department10.University0.edu, Z=GraduateStudent48@Department10.University0.edu}, {X=http://www.Department10.University0.edu/UndergraduateStudent305, Y=http://www.Department10.University0.edu, Z=UndergraduateStudent305@Department10.University0.edu}, {X=http://www.Department10.University0.edu/GraduateStudent7, Y=http://www.Department10.University0.edu, Z=GraduateStudent7@Department10.University0.edu}, {X=http://www.Department10.University0.edu/UndergraduateStudent290, Y=http://www.Department10.University0.edu, Z=UndergraduateStudent290@Department10.University0.edu}, {X=http://www.Department10.University0.edu/UndergraduateStudent343, Y=http://www.Department10.University0.edu, Z=UndergraduateStudent343@Department10.University0.edu}, {X=http://www.Department10.University0.edu/UndergraduateStudent246, Y=http://www.Department10.University0.edu, Z=UndergraduateStudent246@Department10.University0.edu}, {X=http://www.Department10.University0.edu/UndergraduateStudent302, Y=http://www.Department10.University0.edu, Z=UndergraduateStudent302@Department10.University0.edu}, {X=http://www.Department10.University0.edu/UndergraduateStudent407, Y=http://www.Department10.University0.edu, Z=UndergraduateStudent407@Department10.University0.edu}, {X=http://www.Department10.University0.edu/UndergraduateStudent348, Y=http://www.Department10.University0.edu, Z=UndergraduateStudent348@Department10.University0.edu}, {X=http://www.Department10.University0.edu/UndergraduateStudent273, Y=http://www.Department10.University0.edu, Z=UndergraduateStudent273@Department10.University0.edu}, {X=http://www.Department10.University0.edu/UndergraduateStudent128, Y=http://www.Department10.University0.edu, Z=UndergraduateStudent128@Department10.University0.edu}, {X=http://www.Department10.University0.edu/UndergraduateStudent92, Y=http://www.Department10.University0.edu, Z=UndergraduateStudent92@Department10.University0.edu}, {X=http://www.Department10.University0.edu/GraduateStudent71, Y=http://www.Department10.University0.edu, Z=GraduateStudent71@Department10.University0.edu}, {X=http://www.Department10.University0.edu/GraduateStudent53, Y=http://www.Department10.University0.edu, Z=GraduateStudent53@Department10.University0.edu}, {X=http://www.Department10.University0.edu/UndergraduateStudent7, Y=http://www.Department10.University0.edu, Z=UndergraduateStudent7@Department10.University0.edu}, {X=http://www.Department10.University0.edu/UndergraduateStudent220, Y=http://www.Department10.University0.edu, Z=UndergraduateStudent220@Department10.University0.edu}, {X=http://www.Department10.University0.edu/UndergraduateStudent409, Y=http://www.Department10.University0.edu, Z=UndergraduateStudent409@Department10.University0.edu}, {X=http://www.Department10.University0.edu/UndergraduateStudent297, Y=http://www.Department10.University0.edu, Z=UndergraduateStudent297@Department10.University0.edu}, {X=http://www.Department10.University0.edu/UndergraduateStudent339, Y=http://www.Department10.University0.edu, Z=UndergraduateStudent339@Department10.University0.edu}, {X=http://www.Department10.University0.edu/UndergraduateStudent83, Y=http://www.Department10.University0.edu, Z=UndergraduateStudent83@Department10.University0.edu}, {X=http://www.Department10.University0.edu/UndergraduateStudent394, Y=http://www.Department10.University0.edu, Z=UndergraduateStudent394@Department10.University0.edu}, {X=http://www.Department10.University0.edu/UndergraduateStudent376, Y=http://www.Department10.University0.edu, Z=UndergraduateStudent376@Department10.University0.edu}, {X=http://www.Department10.University0.edu/UndergraduateStudent21, Y=http://www.Department10.University0.edu, Z=UndergraduateStudent21@Department10.University0.edu}, {X=http://www.Department10.University0.edu/UndergraduateStudent218, Y=http://www.Department10.University0.edu, Z=UndergraduateStudent218@Department10.University0.edu}, {X=http://www.Department10.University0.edu/UndergraduateStudent293, Y=http://www.Department10.University0.edu, Z=UndergraduateStudent293@Department10.University0.edu}, {X=http://www.Department10.University0.edu/UndergraduateStudent31, Y=http://www.Department10.University0.edu, Z=UndergraduateStudent31@Department10.University0.edu}, {X=http://www.Department10.University0.edu/GraduateStudent111, Y=http://www.Department10.University0.edu, Z=GraduateStudent111@Department10.University0.edu}, {X=http://www.Department10.University0.edu/UndergraduateStudent314, Y=http://www.Department10.University0.edu, Z=UndergraduateStudent314@Department10.University0.edu}, {X=http://www.Department10.University0.edu/GraduateStudent78, Y=http://www.Department10.University0.edu, Z=GraduateStudent78@Department10.University0.edu}, {X=http://www.Department10.University0.edu/UndergraduateStudent332, Y=http://www.Department10.University0.edu, Z=UndergraduateStudent332@Department10.University0.edu}, {X=http://www.Department10.University0.edu/UndergraduateStudent284, Y=http://www.Department10.University0.edu, Z=UndergraduateStudent284@Department10.University0.edu}, {X=http://www.Department10.University0.edu/UndergraduateStudent397, Y=http://www.Department10.University0.edu, Z=UndergraduateStudent397@Department10.University0.edu}, {X=http://www.Department10.University0.edu/UndergraduateStudent51, Y=http://www.Department10.University0.edu, Z=UndergraduateStudent51@Department10.University0.edu}, {X=http://www.Department10.University0.edu/GraduateStudent77, Y=http://www.Department10.University0.edu, Z=GraduateStudent77@Department10.University0.edu}, {X=http://www.Department10.University0.edu/UndergraduateStudent104, Y=http://www.Department10.University0.edu, Z=UndergraduateStudent104@Department10.University0.edu}, {X=http://www.Department10.University0.edu/GraduateStudent103, Y=http://www.Department10.University0.edu, Z=GraduateStudent103@Department10.University0.edu}, {X=http://www.Department10.University0.edu/UndergraduateStudent323, Y=http://www.Department10.University0.edu, Z=UndergraduateStudent323@Department10.University0.edu}, {X=http://www.Department10.University0.edu/GraduateStudent135, Y=http://www.Department10.University0.edu, Z=GraduateStudent135@Department10.University0.edu}, {X=http://www.Department10.University0.edu/UndergraduateStudent317, Y=http://www.Department10.University0.edu, Z=UndergraduateStudent317@Department10.University0.edu}, {X=http://www.Department10.University0.edu/GraduateStudent126, Y=http://www.Department10.University0.edu, Z=GraduateStudent126@Department10.University0.edu}, {X=http://www.Department10.University0.edu/UndergraduateStudent24, Y=http://www.Department10.University0.edu, Z=UndergraduateStudent24@Department10.University0.edu}, {X=http://www.Department10.University0.edu/UndergraduateStudent64, Y=http://www.Department10.University0.edu, Z=UndergraduateStudent64@Department10.University0.edu}, {X=http://www.Department10.University0.edu/GraduateStudent59, Y=http://www.Department10.University0.edu, Z=GraduateStudent59@Department10.University0.edu}, {X=http://www.Department10.University0.edu/UndergraduateStudent46, Y=http://www.Department10.University0.edu, Z=UndergraduateStudent46@Department10.University0.edu}, {X=http://www.Department10.University0.edu/UndergraduateStudent266, Y=http://www.Department10.University0.edu, Z=UndergraduateStudent266@Department10.University0.edu}, {X=http://www.Department10.University0.edu/GraduateStudent3, Y=http://www.Department10.University0.edu, Z=GraduateStudent3@Department10.University0.edu}, {X=http://www.Department10.University0.edu/UndergraduateStudent256, Y=http://www.Department10.University0.edu, Z=UndergraduateStudent256@Department10.University0.edu}, {X=http://www.Department10.University0.edu/GraduateStudent6, Y=http://www.Department10.University0.edu, Z=GraduateStudent6@Department10.University0.edu}, {X=http://www.Department10.University0.edu/UndergraduateStudent222, Y=http://www.Department10.University0.edu, Z=UndergraduateStudent222@Department10.University0.edu}, {X=http://www.Department10.University0.edu/UndergraduateStudent347, Y=http://www.Department10.University0.edu, Z=UndergraduateStudent347@Department10.University0.edu}, {X=http://www.Department10.University0.edu/UndergraduateStudent275, Y=http://www.Department10.University0.edu, Z=UndergraduateStudent275@Department10.University0.edu}, {X=http://www.Department10.University0.edu/UndergraduateStudent205, Y=http://www.Department10.University0.edu, Z=UndergraduateStudent205@Department10.University0.edu}, {X=http://www.Department10.University0.edu/UndergraduateStudent381, Y=http://www.Department10.University0.edu, Z=UndergraduateStudent381@Department10.University0.edu}, {X=http://www.Department10.University0.edu/UndergraduateStudent291, Y=http://www.Department10.University0.edu, Z=UndergraduateStudent291@Department10.University0.edu}, {X=http://www.Department10.University0.edu/GraduateStudent107, Y=http://www.Department10.University0.edu, Z=GraduateStudent107@Department10.University0.edu}, {X=http://www.Department10.University0.edu/UndergraduateStudent145, Y=http://www.Department10.University0.edu, Z=UndergraduateStudent145@Department10.University0.edu}, {X=http://www.Department10.University0.edu/UndergraduateStudent237, Y=http://www.Department10.University0.edu, Z=UndergraduateStudent237@Department10.University0.edu}, {X=http://www.Department10.University0.edu/UndergraduateStudent124, Y=http://www.Department10.University0.edu, Z=UndergraduateStudent124@Department10.University0.edu}, {X=http://www.Department10.University0.edu/UndergraduateStudent242, Y=http://www.Department10.University0.edu, Z=UndergraduateStudent242@Department10.University0.edu}, {X=http://www.Department10.University0.edu/UndergraduateStudent197, Y=http://www.Department10.University0.edu, Z=UndergraduateStudent197@Department10.University0.edu}, {X=http://www.Department10.University0.edu/UndergraduateStudent372, Y=http://www.Department10.University0.edu, Z=UndergraduateStudent372@Department10.University0.edu}, {X=http://www.Department10.University0.edu/UndergraduateStudent177, Y=http://www.Department10.University0.edu, Z=UndergraduateStudent177@Department10.University0.edu}, {X=http://www.Department10.University0.edu/GraduateStudent102, Y=http://www.Department10.University0.edu, Z=GraduateStudent102@Department10.University0.edu}, {X=http://www.Department10.University0.edu/GraduateStudent38, Y=http://www.Department10.University0.edu, Z=GraduateStudent38@Department10.University0.edu}, {X=http://www.Department10.University0.edu/UndergraduateStudent43, Y=http://www.Department10.University0.edu, Z=UndergraduateStudent43@Department10.University0.edu}, {X=http://www.Department10.University0.edu/UndergraduateStudent392, Y=http://www.Department10.University0.edu, Z=UndergraduateStudent392@Department10.University0.edu}, {X=http://www.Department10.University0.edu/UndergraduateStudent98, Y=http://www.Department10.University0.edu, Z=UndergraduateStudent98@Department10.University0.edu}, {X=http://www.Department10.University0.edu/GraduateStudent56, Y=http://www.Department10.University0.edu, Z=GraduateStudent56@Department10.University0.edu}, {X=http://www.Department10.University0.edu/UndergraduateStudent223, Y=http://www.Department10.University0.edu, Z=UndergraduateStudent223@Department10.University0.edu}, {X=http://www.Department10.University0.edu/UndergraduateStudent32, Y=http://www.Department10.University0.edu, Z=UndergraduateStudent32@Department10.University0.edu}, {X=http://www.Department10.University0.edu/UndergraduateStudent319, Y=http://www.Department10.University0.edu, Z=UndergraduateStudent319@Department10.University0.edu}, {X=http://www.Department10.University0.edu/UndergraduateStudent112, Y=http://www.Department10.University0.edu, Z=UndergraduateStudent112@Department10.University0.edu}, {X=http://www.Department10.University0.edu/UndergraduateStudent44, Y=http://www.Department10.University0.edu, Z=UndergraduateStudent44@Department10.University0.edu}, {X=http://www.Department10.University0.edu/UndergraduateStudent117, Y=http://www.Department10.University0.edu, Z=UndergraduateStudent117@Department10.University0.edu}, {X=http://www.Department10.University0.edu/UndergraduateStudent371, Y=http://www.Department10.University0.edu, Z=UndergraduateStudent371@Department10.University0.edu}, {X=http://www.Department10.University0.edu/UndergraduateStudent289, Y=http://www.Department10.University0.edu, Z=UndergraduateStudent289@Department10.University0.edu}, {X=http://www.Department10.University0.edu/UndergraduateStudent263, Y=http://www.Department10.University0.edu, Z=UndergraduateStudent263@Department10.University0.edu}, {X=http://www.Department10.University0.edu/UndergraduateStudent19, Y=http://www.Department10.University0.edu, Z=UndergraduateStudent19@Department10.University0.edu}, {X=http://www.Department10.University0.edu/UndergraduateStudent390, Y=http://www.Department10.University0.edu, Z=UndergraduateStudent390@Department10.University0.edu}, {X=http://www.Department10.University0.edu/UndergraduateStudent307, Y=http://www.Department10.University0.edu, Z=UndergraduateStudent307@Department10.University0.edu}, {X=http://www.Department10.University0.edu/UndergraduateStudent1, Y=http://www.Department10.University0.edu, Z=UndergraduateStudent1@Department10.University0.edu}, {X=http://www.Department10.University0.edu/UndergraduateStudent95, Y=http://www.Department10.University0.edu, Z=UndergraduateStudent95@Department10.University0.edu}, {X=http://www.Department10.University0.edu/GraduateStudent50, Y=http://www.Department10.University0.edu, Z=GraduateStudent50@Department10.University0.edu}, {X=http://www.Department10.University0.edu/UndergraduateStudent288, Y=http://www.Department10.University0.edu, Z=UndergraduateStudent288@Department10.University0.edu}, {X=http://www.Department10.University0.edu/GraduateStudent28, Y=http://www.Department10.University0.edu, Z=GraduateStudent28@Department10.University0.edu}, {X=http://www.Department10.University0.edu/GraduateStudent47, Y=http://www.Department10.University0.edu, Z=GraduateStudent47@Department10.University0.edu}, {X=http://www.Department10.University0.edu/GraduateStudent24, Y=http://www.Department10.University0.edu, Z=GraduateStudent24@Department10.University0.edu}, {X=http://www.Department10.University0.edu/GraduateStudent95, Y=http://www.Department10.University0.edu, Z=GraduateStudent95@Department10.University0.edu}, {X=http://www.Department10.University0.edu/UndergraduateStudent393, Y=http://www.Department10.University0.edu, Z=UndergraduateStudent393@Department10.University0.edu}, {X=http://www.Department10.University0.edu/UndergraduateStudent208, Y=http://www.Department10.University0.edu, Z=UndergraduateStudent208@Department10.University0.edu}, {X=http://www.Department10.University0.edu/UndergraduateStudent68, Y=http://www.Department10.University0.edu, Z=UndergraduateStudent68@Department10.University0.edu}, {X=http://www.Department10.University0.edu/UndergraduateStudent186, Y=http://www.Department10.University0.edu, Z=UndergraduateStudent186@Department10.University0.edu}, {X=http://www.Department10.University0.edu/UndergraduateStudent114, Y=http://www.Department10.University0.edu, Z=UndergraduateStudent114@Department10.University0.edu}, {X=http://www.Department10.University0.edu/UndergraduateStudent278, Y=http://www.Department10.University0.edu, Z=UndergraduateStudent278@Department10.University0.edu}, {X=http://www.Department10.University0.edu/UndergraduateStudent232, Y=http://www.Department10.University0.edu, Z=UndergraduateStudent232@Department10.University0.edu}, {X=http://www.Department10.University0.edu/UndergraduateStudent360, Y=http://www.Department10.University0.edu, Z=UndergraduateStudent360@Department10.University0.edu}, {X=http://www.Department10.University0.edu/UndergraduateStudent179, Y=http://www.Department10.University0.edu, Z=UndergraduateStudent179@Department10.University0.edu}, {X=http://www.Department10.University0.edu/UndergraduateStudent287, Y=http://www.Department10.University0.edu, Z=UndergraduateStudent287@Department10.University0.edu}, {X=http://www.Department10.University0.edu/GraduateStudent106, Y=http://www.Department10.University0.edu, Z=GraduateStudent106@Department10.University0.edu}, {X=http://www.Department10.University0.edu/UndergraduateStudent274, Y=http://www.Department10.University0.edu, Z=UndergraduateStudent274@Department10.University0.edu}, {X=http://www.Department10.University0.edu/UndergraduateStudent89, Y=http://www.Department10.University0.edu, Z=UndergraduateStudent89@Department10.University0.edu}, {X=http://www.Department10.University0.edu/GraduateStudent133, Y=http://www.Department10.University0.edu, Z=GraduateStudent133@Department10.University0.edu}, {X=http://www.Department10.University0.edu/UndergraduateStudent285, Y=http://www.Department10.University0.edu, Z=UndergraduateStudent285@Department10.University0.edu}, {X=http://www.Department10.University0.edu/UndergraduateStudent224, Y=http://www.Department10.University0.edu, Z=UndergraduateStudent224@Department10.University0.edu}, {X=http://www.Department10.University0.edu/UndergraduateStudent387, Y=http://www.Department10.University0.edu, Z=UndergraduateStudent387@Department10.University0.edu}, {X=http://www.Department10.University0.edu/UndergraduateStudent345, Y=http://www.Department10.University0.edu, Z=UndergraduateStudent345@Department10.University0.edu}, {X=http://www.Department10.University0.edu/UndergraduateStudent364, Y=http://www.Department10.University0.edu, Z=UndergraduateStudent364@Department10.University0.edu}, {X=http://www.Department10.University0.edu/UndergraduateStudent375, Y=http://www.Department10.University0.edu, Z=UndergraduateStudent375@Department10.University0.edu}, {X=http://www.Department10.University0.edu/UndergraduateStudent156, Y=http://www.Department10.University0.edu, Z=UndergraduateStudent156@Department10.University0.edu}, {X=http://www.Department10.University0.edu/UndergraduateStudent337, Y=http://www.Department10.University0.edu, Z=UndergraduateStudent337@Department10.University0.edu}, {X=http://www.Department10.University0.edu/GraduateStudent32, Y=http://www.Department10.University0.edu, Z=GraduateStudent32@Department10.University0.edu}, {X=http://www.Department10.University0.edu/UndergraduateStudent111, Y=http://www.Department10.University0.edu, Z=UndergraduateStudent111@Department10.University0.edu}, {X=http://www.Department10.University0.edu/GraduateStudent92, Y=http://www.Department10.University0.edu, Z=GraduateStudent92@Department10.University0.edu}, {X=http://www.Department10.University0.edu/UndergraduateStudent55, Y=http://www.Department10.University0.edu, Z=UndergraduateStudent55@Department10.University0.edu}, {X=http://www.Department10.University0.edu/GraduateStudent90, Y=http://www.Department10.University0.edu, Z=GraduateStudent90@Department10.University0.edu}, {X=http://www.Department10.University0.edu/GraduateStudent51, Y=http://www.Department10.University0.edu, Z=GraduateStudent51@Department10.University0.edu}, {X=http://www.Department10.University0.edu/UndergraduateStudent193, Y=http://www.Department10.University0.edu, Z=UndergraduateStudent193@Department10.University0.edu}, {X=http://www.Department10.University0.edu/UndergraduateStudent400, Y=http://www.Department10.University0.edu, Z=UndergraduateStudent400@Department10.University0.edu}, {X=http://www.Department10.University0.edu/UndergraduateStudent108, Y=http://www.Department10.University0.edu, Z=UndergraduateStudent108@Department10.University0.edu}, {X=http://www.Department10.University0.edu/UndergraduateStudent69, Y=http://www.Department10.University0.edu, Z=UndergraduateStudent69@Department10.University0.edu}, {X=http://www.Department10.University0.edu/UndergraduateStudent132, Y=http://www.Department10.University0.edu, Z=UndergraduateStudent132@Department10.University0.edu}, {X=http://www.Department10.University0.edu/UndergraduateStudent99, Y=http://www.Department10.University0.edu, Z=UndergraduateStudent99@Department10.University0.edu}, {X=http://www.Department10.University0.edu/UndergraduateStudent226, Y=http://www.Department10.University0.edu, Z=UndergraduateStudent226@Department10.University0.edu}, {X=http://www.Department10.University0.edu/UndergraduateStudent362, Y=http://www.Department10.University0.edu, Z=UndergraduateStudent362@Department10.University0.edu}, {X=http://www.Department10.University0.edu/UndergraduateStudent81, Y=http://www.Department10.University0.edu, Z=UndergraduateStudent81@Department10.University0.edu}, {X=http://www.Department10.University0.edu/UndergraduateStudent203, Y=http://www.Department10.University0.edu, Z=UndergraduateStudent203@Department10.University0.edu}, {X=http://www.Department10.University0.edu/UndergraduateStudent334, Y=http://www.Department10.University0.edu, Z=UndergraduateStudent334@Department10.University0.edu}, {X=http://www.Department10.University0.edu/GraduateStudent122, Y=http://www.Department10.University0.edu, Z=GraduateStudent122@Department10.University0.edu}, {X=http://www.Department10.University0.edu/GraduateStudent1, Y=http://www.Department10.University0.edu, Z=GraduateStudent1@Department10.University0.edu}, {X=http://www.Department10.University0.edu/GraduateStudent114, Y=http://www.Department10.University0.edu, Z=GraduateStudent114@Department10.University0.edu}, {X=http://www.Department10.University0.edu/UndergraduateStudent378, Y=http://www.Department10.University0.edu, Z=UndergraduateStudent378@Department10.University0.edu}, {X=http://www.Department10.University0.edu/UndergraduateStudent264, Y=http://www.Department10.University0.edu, Z=UndergraduateStudent264@Department10.University0.edu}, {X=http://www.Department10.University0.edu/UndergraduateStudent338, Y=http://www.Department10.University0.edu, Z=UndergraduateStudent338@Department10.University0.edu}, {X=http://www.Department10.University0.edu/GraduateStudent88, Y=http://www.Department10.University0.edu, Z=GraduateStudent88@Department10.University0.edu}, {X=http://www.Department10.University0.edu/GraduateStudent15, Y=http://www.Department10.University0.edu, Z=GraduateStudent15@Department10.University0.edu}, {X=http://www.Department10.University0.edu/UndergraduateStudent176, Y=http://www.Department10.University0.edu, Z=UndergraduateStudent176@Department10.University0.edu}, {X=http://www.Department10.University0.edu/UndergraduateStudent45, Y=http://www.Department10.University0.edu, Z=UndergraduateStudent45@Department10.University0.edu}, {X=http://www.Department10.University0.edu/UndergraduateStudent86, Y=http://www.Department10.University0.edu, Z=UndergraduateStudent86@Department10.University0.edu}, {X=http://www.Department10.University0.edu/GraduateStudent127, Y=http://www.Department10.University0.edu, Z=GraduateStudent127@Department10.University0.edu}, {X=http://www.Department10.University0.edu/UndergraduateStudent165, Y=http://www.Department10.University0.edu, Z=UndergraduateStudent165@Department10.University0.edu}, {X=http://www.Department10.University0.edu/UndergraduateStudent172, Y=http://www.Department10.University0.edu, Z=UndergraduateStudent172@Department10.University0.edu}, {X=http://www.Department10.University0.edu/UndergraduateStudent268, Y=http://www.Department10.University0.edu, Z=UndergraduateStudent268@Department10.University0.edu}, {X=http://www.Department10.University0.edu/UndergraduateStudent251, Y=http://www.Department10.University0.edu, Z=UndergraduateStudent251@Department10.University0.edu}, {X=http://www.Department10.University0.edu/GraduateStudent66, Y=http://www.Department10.University0.edu, Z=GraduateStudent66@Department10.University0.edu}, {X=http://www.Department10.University0.edu/UndergraduateStudent254, Y=http://www.Department10.University0.edu, Z=UndergraduateStudent254@Department10.University0.edu}, {X=http://www.Department10.University0.edu/UndergraduateStudent190, Y=http://www.Department10.University0.edu, Z=UndergraduateStudent190@Department10.University0.edu}, {X=http://www.Department10.University0.edu/UndergraduateStudent408, Y=http://www.Department10.University0.edu, Z=UndergraduateStudent408@Department10.University0.edu}, {X=http://www.Department10.University0.edu/GraduateStudent2, Y=http://www.Department10.University0.edu, Z=GraduateStudent2@Department10.University0.edu}, {X=http://www.Department10.University0.edu/UndergraduateStudent118, Y=http://www.Department10.University0.edu, Z=UndergraduateStudent118@Department10.University0.edu}, {X=http://www.Department10.University0.edu/UndergraduateStudent367, Y=http://www.Department10.University0.edu, Z=UndergraduateStudent367@Department10.University0.edu}, {X=http://www.Department10.University0.edu/UndergraduateStudent77, Y=http://www.Department10.University0.edu, Z=UndergraduateStudent77@Department10.University0.edu}, {X=http://www.Department10.University0.edu/UndergraduateStudent374, Y=http://www.Department10.University0.edu, Z=UndergraduateStudent374@Department10.University0.edu}, {X=http://www.Department10.University0.edu/UndergraduateStudent398, Y=http://www.Department10.University0.edu, Z=UndergraduateStudent398@Department10.University0.edu}, {X=http://www.Department10.University0.edu/UndergraduateStudent135, Y=http://www.Department10.University0.edu, Z=UndergraduateStudent135@Department10.University0.edu}, {X=http://www.Department10.University0.edu/UndergraduateStudent58, Y=http://www.Department10.University0.edu, Z=UndergraduateStudent58@Department10.University0.edu}, {X=http://www.Department10.University0.edu/UndergraduateStudent306, Y=http://www.Department10.University0.edu, Z=UndergraduateStudent306@Department10.University0.edu}, {X=http://www.Department10.University0.edu/GraduateStudent0, Y=http://www.Department10.University0.edu, Z=GraduateStudent0@Department10.University0.edu}, {X=http://www.Department10.University0.edu/UndergraduateStudent71, Y=http://www.Department10.University0.edu, Z=UndergraduateStudent71@Department10.University0.edu}, {X=http://www.Department10.University0.edu/UndergraduateStudent157, Y=http://www.Department10.University0.edu, Z=UndergraduateStudent157@Department10.University0.edu}, {X=http://www.Department10.University0.edu/UndergraduateStudent119, Y=http://www.Department10.University0.edu, Z=UndergraduateStudent119@Department10.University0.edu}, {X=http://www.Department10.University0.edu/UndergraduateStudent235, Y=http://www.Department10.University0.edu, Z=UndergraduateStudent235@Department10.University0.edu}, {X=http://www.Department10.University0.edu/UndergraduateStudent25, Y=http://www.Department10.University0.edu, Z=UndergraduateStudent25@Department10.University0.edu}, {X=http://www.Department10.University0.edu/UndergraduateStudent325, Y=http://www.Department10.University0.edu, Z=UndergraduateStudent325@Department10.University0.edu}, {X=http://www.Department10.University0.edu/GraduateStudent21, Y=http://www.Department10.University0.edu, Z=GraduateStudent21@Department10.University0.edu}, {X=http://www.Department10.University0.edu/UndergraduateStudent236, Y=http://www.Department10.University0.edu, Z=UndergraduateStudent236@Department10.University0.edu}, {X=http://www.Department10.University0.edu/UndergraduateStudent96, Y=http://www.Department10.University0.edu, Z=UndergraduateStudent96@Department10.University0.edu}, {X=http://www.Department10.University0.edu/UndergraduateStudent255, Y=http://www.Department10.University0.edu, Z=UndergraduateStudent255@Department10.University0.edu}, {X=http://www.Department10.University0.edu/UndergraduateStudent0, Y=http://www.Department10.University0.edu, Z=UndergraduateStudent0@Department10.University0.edu}, {X=http://www.Department10.University0.edu/UndergraduateStudent313, Y=http://www.Department10.University0.edu, Z=UndergraduateStudent313@Department10.University0.edu}, {X=http://www.Department10.University0.edu/UndergraduateStudent399, Y=http://www.Department10.University0.edu, Z=UndergraduateStudent399@Department10.University0.edu}, {X=http://www.Department10.University0.edu/UndergraduateStudent267, Y=http://www.Department10.University0.edu, Z=UndergraduateStudent267@Department10.University0.edu}, {X=http://www.Department10.University0.edu/UndergraduateStudent38, Y=http://www.Department10.University0.edu, Z=UndergraduateStudent38@Department10.University0.edu}, {X=http://www.Department10.University0.edu/GraduateStudent57, Y=http://www.Department10.University0.edu, Z=GraduateStudent57@Department10.University0.edu}, {X=http://www.Department10.University0.edu/UndergraduateStudent180, Y=http://www.Department10.University0.edu, Z=UndergraduateStudent180@Department10.University0.edu}, {X=http://www.Department10.University0.edu/UndergraduateStudent143, Y=http://www.Department10.University0.edu, Z=UndergraduateStudent143@Department10.University0.edu}, {X=http://www.Department10.University0.edu/UndergraduateStudent76, Y=http://www.Department10.University0.edu, Z=UndergraduateStudent76@Department10.University0.edu}, {X=http://www.Department10.University0.edu/UndergraduateStudent101, Y=http://www.Department10.University0.edu, Z=UndergraduateStudent101@Department10.University0.edu}, {X=http://www.Department10.University0.edu/UndergraduateStudent342, Y=http://www.Department10.University0.edu, Z=UndergraduateStudent342@Department10.University0.edu}, {X=http://www.Department10.University0.edu/UndergraduateStudent168, Y=http://www.Department10.University0.edu, Z=UndergraduateStudent168@Department10.University0.edu}, {X=http://www.Department10.University0.edu/UndergraduateStudent6, Y=http://www.Department10.University0.edu, Z=UndergraduateStudent6@Department10.University0.edu}, {X=http://www.Department10.University0.edu/UndergraduateStudent144, Y=http://www.Department10.University0.edu, Z=UndergraduateStudent144@Department10.University0.edu}, {X=http://www.Department10.University0.edu/UndergraduateStudent311, Y=http://www.Department10.University0.edu, Z=UndergraduateStudent311@Department10.University0.edu}, {X=http://www.Department10.University0.edu/GraduateStudent44, Y=http://www.Department10.University0.edu, Z=GraduateStudent44@Department10.University0.edu}, {X=http://www.Department10.University0.edu/GraduateStudent30, Y=http://www.Department10.University0.edu, Z=GraduateStudent30@Department10.University0.edu}, {X=http://www.Department10.University0.edu/UndergraduateStudent152, Y=http://www.Department10.University0.edu, Z=UndergraduateStudent152@Department10.University0.edu}, {X=http://www.Department10.University0.edu/UndergraduateStudent72, Y=http://www.Department10.University0.edu, Z=UndergraduateStudent72@Department10.University0.edu}, {X=http://www.Department10.University0.edu/UndergraduateStudent341, Y=http://www.Department10.University0.edu, Z=UndergraduateStudent341@Department10.University0.edu}, {X=http://www.Department10.University0.edu/GraduateStudent46, Y=http://www.Department10.University0.edu, Z=GraduateStudent46@Department10.University0.edu}, {X=http://www.Department10.University0.edu/UndergraduateStudent336, Y=http://www.Department10.University0.edu, Z=UndergraduateStudent336@Department10.University0.edu}, {X=http://www.Department10.University0.edu/UndergraduateStudent350, Y=http://www.Department10.University0.edu, Z=UndergraduateStudent350@Department10.University0.edu}, {X=http://www.Department10.University0.edu/GraduateStudent76, Y=http://www.Department10.University0.edu, Z=GraduateStudent76@Department10.University0.edu}, {X=http://www.Department10.University0.edu/GraduateStudent40, Y=http://www.Department10.University0.edu, Z=GraduateStudent40@Department10.University0.edu}, {X=http://www.Department10.University0.edu/UndergraduateStudent162, Y=http://www.Department10.University0.edu, Z=UndergraduateStudent162@Department10.University0.edu}, {X=http://www.Department10.University0.edu/GraduateStudent97, Y=http://www.Department10.University0.edu, Z=GraduateStudent97@Department10.University0.edu}, {X=http://www.Department10.University0.edu/UndergraduateStudent159, Y=http://www.Department10.University0.edu, Z=UndergraduateStudent159@Department10.University0.edu}, {X=http://www.Department10.University0.edu/UndergraduateStudent109, Y=http://www.Department10.University0.edu, Z=UndergraduateStudent109@Department10.University0.edu}, {X=http://www.Department10.University0.edu/GraduateStudent99, Y=http://www.Department10.University0.edu, Z=GraduateStudent99@Department10.University0.edu}, {X=http://www.Department10.University0.edu/UndergraduateStudent365, Y=http://www.Department10.University0.edu, Z=UndergraduateStudent365@Department10.University0.edu}, {X=http://www.Department10.University0.edu/UndergraduateStudent4, Y=http://www.Department10.University0.edu, Z=UndergraduateStudent4@Department10.University0.edu}, {X=http://www.Department10.University0.edu/GraduateStudent62, Y=http://www.Department10.University0.edu, Z=GraduateStudent62@Department10.University0.edu}, {X=http://www.Department10.University0.edu/GraduateStudent12, Y=http://www.Department10.University0.edu, Z=GraduateStudent12@Department10.University0.edu}, {X=http://www.Department10.University0.edu/UndergraduateStudent379, Y=http://www.Department10.University0.edu, Z=UndergraduateStudent379@Department10.University0.edu}, {X=http://www.Department10.University0.edu/GraduateStudent61, Y=http://www.Department10.University0.edu, Z=GraduateStudent61@Department10.University0.edu}, {X=http://www.Department10.University0.edu/GraduateStudent124, Y=http://www.Department10.University0.edu, Z=GraduateStudent124@Department10.University0.edu}, {X=http://www.Department10.University0.edu/UndergraduateStudent384, Y=http://www.Department10.University0.edu, Z=UndergraduateStudent384@Department10.University0.edu}, {X=http://www.Department10.University0.edu/UndergraduateStudent28, Y=http://www.Department10.University0.edu, Z=UndergraduateStudent28@Department10.University0.edu}, {X=http://www.Department10.University0.edu/UndergraduateStudent192, Y=http://www.Department10.University0.edu, Z=UndergraduateStudent192@Department10.University0.edu}, {X=http://www.Department10.University0.edu/UndergraduateStudent42, Y=http://www.Department10.University0.edu, Z=UndergraduateStudent42@Department10.University0.edu}, {X=http://www.Department10.University0.edu/UndergraduateStudent153, Y=http://www.Department10.University0.edu, Z=UndergraduateStudent153@Department10.University0.edu}, {X=http://www.Department10.University0.edu/UndergraduateStudent160, Y=http://www.Department10.University0.edu, Z=UndergraduateStudent160@Department10.University0.edu}, {X=http://www.Department10.University0.edu/UndergraduateStudent154, Y=http://www.Department10.University0.edu, Z=UndergraduateStudent154@Department10.University0.edu}, {X=http://www.Department10.University0.edu/GraduateStudent29, Y=http://www.Department10.University0.edu, Z=GraduateStudent29@Department10.University0.edu}, {X=http://www.Department10.University0.edu/GraduateStudent118, Y=http://www.Department10.University0.edu, Z=GraduateStudent118@Department10.University0.edu}, {X=http://www.Department10.University0.edu/GraduateStudent80, Y=http://www.Department10.University0.edu, Z=GraduateStudent80@Department10.University0.edu}, {X=http://www.Department10.University0.edu/UndergraduateStudent18, Y=http://www.Department10.University0.edu, Z=UndergraduateStudent18@Department10.University0.edu}, {X=http://www.Department10.University0.edu/UndergraduateStudent328, Y=http://www.Department10.University0.edu, Z=UndergraduateStudent328@Department10.University0.edu}, {X=http://www.Department10.University0.edu/GraduateStudent60, Y=http://www.Department10.University0.edu, Z=GraduateStudent60@Department10.University0.edu}, {X=http://www.Department10.University0.edu/UndergraduateStudent315, Y=http://www.Department10.University0.edu, Z=UndergraduateStudent315@Department10.University0.edu}, {X=http://www.Department10.University0.edu/GraduateStudent113, Y=http://www.Department10.University0.edu, Z=GraduateStudent113@Department10.University0.edu}, {X=http://www.Department10.University0.edu/UndergraduateStudent130, Y=http://www.Department10.University0.edu, Z=UndergraduateStudent130@Department10.University0.edu}, {X=http://www.Department10.University0.edu/UndergraduateStudent34, Y=http://www.Department10.University0.edu, Z=UndergraduateStudent34@Department10.University0.edu}, {X=http://www.Department10.University0.edu/UndergraduateStudent231, Y=http://www.Department10.University0.edu, Z=UndergraduateStudent231@Department10.University0.edu}, {X=http://www.Department10.University0.edu/GraduateStudent86, Y=http://www.Department10.University0.edu, Z=GraduateStudent86@Department10.University0.edu}, {X=http://www.Department10.University0.edu/UndergraduateStudent229, Y=http://www.Department10.University0.edu, Z=UndergraduateStudent229@Department10.University0.edu}, {X=http://www.Department10.University0.edu/UndergraduateStudent303, Y=http://www.Department10.University0.edu, Z=UndergraduateStudent303@Department10.University0.edu}, {X=http://www.Department10.University0.edu/UndergraduateStudent171, Y=http://www.Department10.University0.edu, Z=UndergraduateStudent171@Department10.University0.edu}, {X=http://www.Department10.University0.edu/UndergraduateStudent47, Y=http://www.Department10.University0.edu, Z=UndergraduateStudent47@Department10.University0.edu}, {X=http://www.Department10.University0.edu/UndergraduateStudent94, Y=http://www.Department10.University0.edu, Z=UndergraduateStudent94@Department10.University0.edu}, {X=http://www.Department10.University0.edu/GraduateStudent45, Y=http://www.Department10.University0.edu, Z=GraduateStudent45@Department10.University0.edu}, {X=http://www.Department10.University0.edu/UndergraduateStudent318, Y=http://www.Department10.University0.edu, Z=UndergraduateStudent318@Department10.University0.edu}, {X=http://www.Department10.University0.edu/GraduateStudent23, Y=http://www.Department10.University0.edu, Z=GraduateStudent23@Department10.University0.edu}, {X=http://www.Department10.University0.edu/UndergraduateStudent35, Y=http://www.Department10.University0.edu, Z=UndergraduateStudent35@Department10.University0.edu}, {X=http://www.Department10.University0.edu/UndergraduateStudent320, Y=http://www.Department10.University0.edu, Z=UndergraduateStudent320@Department10.University0.edu}, {X=http://www.Department10.University0.edu/UndergraduateStudent113, Y=http://www.Department10.University0.edu, Z=UndergraduateStudent113@Department10.University0.edu}, {X=http://www.Department10.University0.edu/UndergraduateStudent9, Y=http://www.Department10.University0.edu, Z=UndergraduateStudent9@Department10.University0.edu}, {X=http://www.Department10.University0.edu/UndergraduateStudent127, Y=http://www.Department10.University0.edu, Z=UndergraduateStudent127@Department10.University0.edu}, {X=http://www.Department10.University0.edu/UndergraduateStudent258, Y=http://www.Department10.University0.edu, Z=UndergraduateStudent258@Department10.University0.edu}, {X=http://www.Department10.University0.edu/GraduateStudent70, Y=http://www.Department10.University0.edu, Z=GraduateStudent70@Department10.University0.edu}, {X=http://www.Department10.University0.edu/UndergraduateStudent78, Y=http://www.Department10.University0.edu, Z=UndergraduateStudent78@Department10.University0.edu}, {X=http://www.Department10.University0.edu/UndergraduateStudent373, Y=http://www.Department10.University0.edu, Z=UndergraduateStudent373@Department10.University0.edu}, {X=http://www.Department10.University0.edu/GraduateStudent72, Y=http://www.Department10.University0.edu, Z=GraduateStudent72@Department10.University0.edu}, {X=http://www.Department10.University0.edu/UndergraduateStudent238, Y=http://www.Department10.University0.edu, Z=UndergraduateStudent238@Department10.University0.edu}, {X=http://www.Department10.University0.edu/UndergraduateStudent331, Y=http://www.Department10.University0.edu, Z=UndergraduateStudent331@Department10.University0.edu}, {X=http://www.Department10.University0.edu/UndergraduateStudent209, Y=http://www.Department10.University0.edu, Z=UndergraduateStudent209@Department10.University0.edu}, {X=http://www.Department10.University0.edu/UndergraduateStudent221, Y=http://www.Department10.University0.edu, Z=UndergraduateStudent221@Department10.University0.edu}, {X=http://www.Department10.University0.edu/UndergraduateStudent326, Y=http://www.Department10.University0.edu, Z=UndergraduateStudent326@Department10.University0.edu}, {X=http://www.Department10.University0.edu/UndergraduateStudent8, Y=http://www.Department10.University0.edu, Z=UndergraduateStudent8@Department10.University0.edu}, {X=http://www.Department10.University0.edu/UndergraduateStudent87, Y=http://www.Department10.University0.edu, Z=UndergraduateStudent87@Department10.University0.edu}, {X=http://www.Department10.University0.edu/UndergraduateStudent244, Y=http://www.Department10.University0.edu, Z=UndergraduateStudent244@Department10.University0.edu}, {X=http://www.Department10.University0.edu/UndergraduateStudent300, Y=http://www.Department10.University0.edu, Z=UndergraduateStudent300@Department10.University0.edu}, {X=http://www.Department10.University0.edu/UndergraduateStudent262, Y=http://www.Department10.University0.edu, Z=UndergraduateStudent262@Department10.University0.edu}, {X=http://www.Department10.University0.edu/UndergraduateStudent10, Y=http://www.Department10.University0.edu, Z=UndergraduateStudent10@Department10.University0.edu}, {X=http://www.Department10.University0.edu/UndergraduateStudent356, Y=http://www.Department10.University0.edu, Z=UndergraduateStudent356@Department10.University0.edu}, {X=http://www.Department10.University0.edu/UndergraduateStudent391, Y=http://www.Department10.University0.edu, Z=UndergraduateStudent391@Department10.University0.edu}, {X=http://www.Department10.University0.edu/UndergraduateStudent346, Y=http://www.Department10.University0.edu, Z=UndergraduateStudent346@Department10.University0.edu}, {X=http://www.Department10.University0.edu/GraduateStudent121, Y=http://www.Department10.University0.edu, Z=GraduateStudent121@Department10.University0.edu}, {X=http://www.Department10.University0.edu/UndergraduateStudent185, Y=http://www.Department10.University0.edu, Z=UndergraduateStudent185@Department10.University0.edu}, {X=http://www.Department10.University0.edu/UndergraduateStudent301, Y=http://www.Department10.University0.edu, Z=UndergraduateStudent301@Department10.University0.edu}, {X=http://www.Department10.University0.edu/GraduateStudent43, Y=http://www.Department10.University0.edu, Z=GraduateStudent43@Department10.University0.edu}, {X=http://www.Department10.University0.edu/UndergraduateStudent404, Y=http://www.Department10.University0.edu, Z=UndergraduateStudent404@Department10.University0.edu}, {X=http://www.Department10.University0.edu/UndergraduateStudent11, Y=http://www.Department10.University0.edu, Z=UndergraduateStudent11@Department10.University0.edu}, {X=http://www.Department10.University0.edu/UndergraduateStudent316, Y=http://www.Department10.University0.edu, Z=UndergraduateStudent316@Department10.University0.edu}, {X=http://www.Department10.University0.edu/UndergraduateStudent75, Y=http://www.Department10.University0.edu, Z=UndergraduateStudent75@Department10.University0.edu}, {X=http://www.Department10.University0.edu/UndergraduateStudent93, Y=http://www.Department10.University0.edu, Z=UndergraduateStudent93@Department10.University0.edu}, {X=http://www.Department10.University0.edu/GraduateStudent89, Y=http://www.Department10.University0.edu, Z=GraduateStudent89@Department10.University0.edu}, {X=http://www.Department10.University0.edu/GraduateStudent136, Y=http://www.Department10.University0.edu, Z=GraduateStudent136@Department10.University0.edu}, {X=http://www.Department10.University0.edu/UndergraduateStudent52, Y=http://www.Department10.University0.edu, Z=UndergraduateStudent52@Department10.University0.edu}, {X=http://www.Department10.University0.edu/UndergraduateStudent40, Y=http://www.Department10.University0.edu, Z=UndergraduateStudent40@Department10.University0.edu}, {X=http://www.Department10.University0.edu/UndergraduateStudent358, Y=http://www.Department10.University0.edu, Z=UndergraduateStudent358@Department10.University0.edu}, {X=http://www.Department10.University0.edu/UndergraduateStudent37, Y=http://www.Department10.University0.edu, Z=UndergraduateStudent37@Department10.University0.edu}, {X=http://www.Department10.University0.edu/UndergraduateStudent196, Y=http://www.Department10.University0.edu, Z=UndergraduateStudent196@Department10.University0.edu}, {X=http://www.Department10.University0.edu/UndergraduateStudent164, Y=http://www.Department10.University0.edu, Z=UndergraduateStudent164@Department10.University0.edu}, {X=http://www.Department10.University0.edu/UndergraduateStudent16, Y=http://www.Department10.University0.edu, Z=UndergraduateStudent16@Department10.University0.edu}, {X=http://www.Department10.University0.edu/UndergraduateStudent17, Y=http://www.Department10.University0.edu, Z=UndergraduateStudent17@Department10.University0.edu}, {X=http://www.Department10.University0.edu/GraduateStudent84, Y=http://www.Department10.University0.edu, Z=GraduateStudent84@Department10.University0.edu}, {X=http://www.Department10.University0.edu/GraduateStudent132, Y=http://www.Department10.University0.edu, Z=GraduateStudent132@Department10.University0.edu}, {X=http://www.Department10.University0.edu/UndergraduateStudent20, Y=http://www.Department10.University0.edu, Z=UndergraduateStudent20@Department10.University0.edu}, {X=http://www.Department10.University0.edu/UndergraduateStudent294, Y=http://www.Department10.University0.edu, Z=UndergraduateStudent294@Department10.University0.edu}, {X=http://www.Department10.University0.edu/UndergraduateStudent282, Y=http://www.Department10.University0.edu, Z=UndergraduateStudent282@Department10.University0.edu}, {X=http://www.Department10.University0.edu/UndergraduateStudent388, Y=http://www.Department10.University0.edu, Z=UndergraduateStudent388@Department10.University0.edu}, {X=http://www.Department10.University0.edu/UndergraduateStudent370, Y=http://www.Department10.University0.edu, Z=UndergraduateStudent370@Department10.University0.edu}, {X=http://www.Department10.University0.edu/UndergraduateStudent216, Y=http://www.Department10.University0.edu, Z=UndergraduateStudent216@Department10.University0.edu}, {X=http://www.Department10.University0.edu/GraduateStudent112, Y=http://www.Department10.University0.edu, Z=GraduateStudent112@Department10.University0.edu}, {X=http://www.Department10.University0.edu/UndergraduateStudent292, Y=http://www.Department10.University0.edu, Z=UndergraduateStudent292@Department10.University0.edu}, {X=http://www.Department10.University0.edu/UndergraduateStudent270, Y=http://www.Department10.University0.edu, Z=UndergraduateStudent270@Department10.University0.edu}, {X=http://www.Department10.University0.edu/UndergraduateStudent340, Y=http://www.Department10.University0.edu, Z=UndergraduateStudent340@Department10.University0.edu}, {X=http://www.Department10.University0.edu/UndergraduateStudent309, Y=http://www.Department10.University0.edu, Z=UndergraduateStudent309@Department10.University0.edu}, {X=http://www.Department10.University0.edu/UndergraduateStudent142, Y=http://www.Department10.University0.edu, Z=UndergraduateStudent142@Department10.University0.edu}, {X=http://www.Department10.University0.edu/UndergraduateStudent310, Y=http://www.Department10.University0.edu, Z=UndergraduateStudent310@Department10.University0.edu}, {X=http://www.Department10.University0.edu/UndergraduateStudent129, Y=http://www.Department10.University0.edu, Z=UndergraduateStudent129@Department10.University0.edu}, {X=http://www.Department10.University0.edu/UndergraduateStudent249, Y=http://www.Department10.University0.edu, Z=UndergraduateStudent249@Department10.University0.edu}, {X=http://www.Department10.University0.edu/UndergraduateStudent410, Y=http://www.Department10.University0.edu, Z=UndergraduateStudent410@Department10.University0.edu}, {X=http://www.Department10.University0.edu/UndergraduateStudent147, Y=http://www.Department10.University0.edu, Z=UndergraduateStudent147@Department10.University0.edu}, {X=http://www.Department10.University0.edu/UndergraduateStudent59, Y=http://www.Department10.University0.edu, Z=UndergraduateStudent59@Department10.University0.edu}, {X=http://www.Department10.University0.edu/UndergraduateStudent181, Y=http://www.Department10.University0.edu, Z=UndergraduateStudent181@Department10.University0.edu}, {X=http://www.Department10.University0.edu/UndergraduateStudent213, Y=http://www.Department10.University0.edu, Z=UndergraduateStudent213@Department10.University0.edu}, {X=http://www.Department10.University0.edu/UndergraduateStudent386, Y=http://www.Department10.University0.edu, Z=UndergraduateStudent386@Department10.University0.edu}, {X=http://www.Department10.University0.edu/GraduateStudent109, Y=http://www.Department10.University0.edu, Z=GraduateStudent109@Department10.University0.edu}, {X=http://www.Department10.University0.edu/UndergraduateStudent295, Y=http://www.Department10.University0.edu, Z=UndergraduateStudent295@Department10.University0.edu}, {X=http://www.Department10.University0.edu/GraduateStudent105, Y=http://www.Department10.University0.edu, Z=GraduateStudent105@Department10.University0.edu}, {X=http://www.Department10.University0.edu/UndergraduateStudent396, Y=http://www.Department10.University0.edu, Z=UndergraduateStudent396@Department10.University0.edu}, {X=http://www.Department10.University0.edu/UndergraduateStudent121, Y=http://www.Department10.University0.edu, Z=UndergraduateStudent121@Department10.University0.edu}, {X=http://www.Department10.University0.edu/GraduateStudent14, Y=http://www.Department10.University0.edu, Z=GraduateStudent14@Department10.University0.edu}, {X=http://www.Department10.University0.edu/UndergraduateStudent212, Y=http://www.Department10.University0.edu, Z=UndergraduateStudent212@Department10.University0.edu}, {X=http://www.Department10.University0.edu/GraduateStudent20, Y=http://www.Department10.University0.edu, Z=GraduateStudent20@Department10.University0.edu}, {X=http://www.Department10.University0.edu/UndergraduateStudent66, Y=http://www.Department10.University0.edu, Z=UndergraduateStudent66@Department10.University0.edu}, {X=http://www.Department10.University0.edu/UndergraduateStudent61, Y=http://www.Department10.University0.edu, Z=UndergraduateStudent61@Department10.University0.edu}, {X=http://www.Department10.University0.edu/GraduateStudent64, Y=http://www.Department10.University0.edu, Z=GraduateStudent64@Department10.University0.edu}, {X=http://www.Department10.University0.edu/UndergraduateStudent279, Y=http://www.Department10.University0.edu, Z=UndergraduateStudent279@Department10.University0.edu}, {X=http://www.Department10.University0.edu/UndergraduateStudent74, Y=http://www.Department10.University0.edu, Z=UndergraduateStudent74@Department10.University0.edu}, {X=http://www.Department10.University0.edu/UndergraduateStudent198, Y=http://www.Department10.University0.edu, Z=UndergraduateStudent198@Department10.University0.edu}, {X=http://www.Department10.University0.edu/UndergraduateStudent277, Y=http://www.Department10.University0.edu, Z=UndergraduateStudent277@Department10.University0.edu}, {X=http://www.Department10.University0.edu/UndergraduateStudent240, Y=http://www.Department10.University0.edu, Z=UndergraduateStudent240@Department10.University0.edu}, {X=http://www.Department10.University0.edu/UndergraduateStudent304, Y=http://www.Department10.University0.edu, Z=UndergraduateStudent304@Department10.University0.edu}, {X=http://www.Department10.University0.edu/UndergraduateStudent252, Y=http://www.Department10.University0.edu, Z=UndergraduateStudent252@Department10.University0.edu}, {X=http://www.Department10.University0.edu/UndergraduateStudent204, Y=http://www.Department10.University0.edu, Z=UndergraduateStudent204@Department10.University0.edu}, {X=http://www.Department10.University0.edu/UndergraduateStudent214, Y=http://www.Department10.University0.edu, Z=UndergraduateStudent214@Department10.University0.edu}, {X=http://www.Department10.University0.edu/UndergraduateStudent149, Y=http://www.Department10.University0.edu, Z=UndergraduateStudent149@Department10.University0.edu}, {X=http://www.Department10.University0.edu/GraduateStudent116, Y=http://www.Department10.University0.edu, Z=GraduateStudent116@Department10.University0.edu}, {X=http://www.Department10.University0.edu/UndergraduateStudent116, Y=http://www.Department10.University0.edu, Z=UndergraduateStudent116@Department10.University0.edu}, {X=http://www.Department10.University0.edu/UndergraduateStudent299, Y=http://www.Department10.University0.edu, Z=UndergraduateStudent299@Department10.University0.edu}, {X=http://www.Department10.University0.edu/UndergraduateStudent3, Y=http://www.Department10.University0.edu, Z=UndergraduateStudent3@Department10.University0.edu}, {X=http://www.Department10.University0.edu/UndergraduateStudent15, Y=http://www.Department10.University0.edu, Z=UndergraduateStudent15@Department10.University0.edu}, {X=http://www.Department10.University0.edu/UndergraduateStudent261, Y=http://www.Department10.University0.edu, Z=UndergraduateStudent261@Department10.University0.edu}, {X=http://www.Department10.University0.edu/GraduateStudent100, Y=http://www.Department10.University0.edu, Z=GraduateStudent100@Department10.University0.edu}, {X=http://www.Department10.University0.edu/UndergraduateStudent80, Y=http://www.Department10.University0.edu, Z=UndergraduateStudent80@Department10.University0.edu}, {X=http://www.Department10.University0.edu/UndergraduateStudent406, Y=http://www.Department10.University0.edu, Z=UndergraduateStudent406@Department10.University0.edu}, {X=http://www.Department10.University0.edu/UndergraduateStudent369, Y=http://www.Department10.University0.edu, Z=UndergraduateStudent369@Department10.University0.edu}, {X=http://www.Department10.University0.edu/UndergraduateStudent175, Y=http://www.Department10.University0.edu, Z=UndergraduateStudent175@Department10.University0.edu}, {X=http://www.Department10.University0.edu/UndergraduateStudent148, Y=http://www.Department10.University0.edu, Z=UndergraduateStudent148@Department10.University0.edu}, {X=http://www.Department10.University0.edu/GraduateStudent129, Y=http://www.Department10.University0.edu, Z=GraduateStudent129@Department10.University0.edu}, {X=http://www.Department10.University0.edu/UndergraduateStudent122, Y=http://www.Department10.University0.edu, Z=UndergraduateStudent122@Department10.University0.edu}, {X=http://www.Department10.University0.edu/UndergraduateStudent228, Y=http://www.Department10.University0.edu, Z=UndergraduateStudent228@Department10.University0.edu}, {X=http://www.Department10.University0.edu/UndergraduateStudent102, Y=http://www.Department10.University0.edu, Z=UndergraduateStudent102@Department10.University0.edu}, {X=http://www.Department10.University0.edu/GraduateStudent115, Y=http://www.Department10.University0.edu, Z=GraduateStudent115@Department10.University0.edu}, {X=http://www.Department10.University0.edu/UndergraduateStudent354, Y=http://www.Department10.University0.edu, Z=UndergraduateStudent354@Department10.University0.edu}, {X=http://www.Department10.University0.edu/UndergraduateStudent174, Y=http://www.Department10.University0.edu, Z=UndergraduateStudent174@Department10.University0.edu}, {X=http://www.Department10.University0.edu/UndergraduateStudent155, Y=http://www.Department10.University0.edu, Z=UndergraduateStudent155@Department10.University0.edu}, {X=http://www.Department10.University0.edu/UndergraduateStudent349, Y=http://www.Department10.University0.edu, Z=UndergraduateStudent349@Department10.University0.edu}, {X=http://www.Department10.University0.edu/GraduateStudent82, Y=http://www.Department10.University0.edu, Z=GraduateStudent82@Department10.University0.edu}, {X=http://www.Department10.University0.edu/UndergraduateStudent219, Y=http://www.Department10.University0.edu, Z=UndergraduateStudent219@Department10.University0.edu}, {X=http://www.Department10.University0.edu/UndergraduateStudent243, Y=http://www.Department10.University0.edu, Z=UndergraduateStudent243@Department10.University0.edu}, {X=http://www.Department10.University0.edu/UndergraduateStudent26, Y=http://www.Department10.University0.edu, Z=UndergraduateStudent26@Department10.University0.edu}, {X=http://www.Department10.University0.edu/GraduateStudent9, Y=http://www.Department10.University0.edu, Z=GraduateStudent9@Department10.University0.edu}, {X=http://www.Department10.University0.edu/UndergraduateStudent247, Y=http://www.Department10.University0.edu, Z=UndergraduateStudent247@Department10.University0.edu}, {X=http://www.Department10.University0.edu/GraduateStudent49, Y=http://www.Department10.University0.edu, Z=GraduateStudent49@Department10.University0.edu}, {X=http://www.Department10.University0.edu/GraduateStudent108, Y=http://www.Department10.University0.edu, Z=GraduateStudent108@Department10.University0.edu}, {X=http://www.Department10.University0.edu/UndergraduateStudent272, Y=http://www.Department10.University0.edu, Z=UndergraduateStudent272@Department10.University0.edu}, {X=http://www.Department10.University0.edu/GraduateStudent81, Y=http://www.Department10.University0.edu, Z=GraduateStudent81@Department10.University0.edu}, {X=http://www.Department10.University0.edu/UndergraduateStudent239, Y=http://www.Department10.University0.edu, Z=UndergraduateStudent239@Department10.University0.edu}, {X=http://www.Department10.University0.edu/UndergraduateStudent13, Y=http://www.Department10.University0.edu, Z=UndergraduateStudent13@Department10.University0.edu}, {X=http://www.Department10.University0.edu/UndergraduateStudent195, Y=http://www.Department10.University0.edu, Z=UndergraduateStudent195@Department10.University0.edu}, {X=http://www.Department10.University0.edu/GraduateStudent94, Y=http://www.Department10.University0.edu, Z=GraduateStudent94@Department10.University0.edu}, {X=http://www.Department10.University0.edu/UndergraduateStudent183, Y=http://www.Department10.University0.edu, Z=UndergraduateStudent183@Department10.University0.edu}, {X=http://www.Department10.University0.edu/UndergraduateStudent163, Y=http://www.Department10.University0.edu, Z=UndergraduateStudent163@Department10.University0.edu}, {X=http://www.Department10.University0.edu/GraduateStudent65, Y=http://www.Department10.University0.edu, Z=GraduateStudent65@Department10.University0.edu}, {X=http://www.Department10.University0.edu/UndergraduateStudent27, Y=http://www.Department10.University0.edu, Z=UndergraduateStudent27@Department10.University0.edu}, {X=http://www.Department10.University0.edu/UndergraduateStudent30, Y=http://www.Department10.University0.edu, Z=UndergraduateStudent30@Department10.University0.edu}, {X=http://www.Department10.University0.edu/UndergraduateStudent125, Y=http://www.Department10.University0.edu, Z=UndergraduateStudent125@Department10.University0.edu}, {X=http://www.Department10.University0.edu/UndergraduateStudent14, Y=http://www.Department10.University0.edu, Z=UndergraduateStudent14@Department10.University0.edu}, {X=http://www.Department10.University0.edu/UndergraduateStudent70, Y=http://www.Department10.University0.edu, Z=UndergraduateStudent70@Department10.University0.edu}, {X=http://www.Department10.University0.edu/UndergraduateStudent53, Y=http://www.Department10.University0.edu, Z=UndergraduateStudent53@Department10.University0.edu}, {X=http://www.Department10.University0.edu/UndergraduateStudent329, Y=http://www.Department10.University0.edu, Z=UndergraduateStudent329@Department10.University0.edu}, {X=http://www.Department10.University0.edu/UndergraduateStudent139, Y=http://www.Department10.University0.edu, Z=UndergraduateStudent139@Department10.University0.edu}, {X=http://www.Department10.University0.edu/GraduateStudent18, Y=http://www.Department10.University0.edu, Z=GraduateStudent18@Department10.University0.edu}, {X=http://www.Department10.University0.edu/UndergraduateStudent333, Y=http://www.Department10.University0.edu, Z=UndergraduateStudent333@Department10.University0.edu}, {X=http://www.Department10.University0.edu/UndergraduateStudent359, Y=http://www.Department10.University0.edu, Z=UndergraduateStudent359@Department10.University0.edu}, {X=http://www.Department10.University0.edu/GraduateStudent19, Y=http://www.Department10.University0.edu, Z=GraduateStudent19@Department10.University0.edu}, {X=http://www.Department10.University0.edu/UndergraduateStudent187, Y=http://www.Department10.University0.edu, Z=UndergraduateStudent187@Department10.University0.edu}, {X=http://www.Department10.University0.edu/UndergraduateStudent202, Y=http://www.Department10.University0.edu, Z=UndergraduateStudent202@Department10.University0.edu}, {X=http://www.Department10.University0.edu/GraduateStudent91, Y=http://www.Department10.University0.edu, Z=GraduateStudent91@Department10.University0.edu}, {X=http://www.Department10.University0.edu/UndergraduateStudent385, Y=http://www.Department10.University0.edu, Z=UndergraduateStudent385@Department10.University0.edu}, {X=http://www.Department10.University0.edu/UndergraduateStudent286, Y=http://www.Department10.University0.edu, Z=UndergraduateStudent286@Department10.University0.edu}, {X=http://www.Department10.University0.edu/UndergraduateStudent206, Y=http://www.Department10.University0.edu, Z=UndergraduateStudent206@Department10.University0.edu}, {X=http://www.Department10.University0.edu/UndergraduateStudent225, Y=http://www.Department10.University0.edu, Z=UndergraduateStudent225@Department10.University0.edu}, {X=http://www.Department10.University0.edu/UndergraduateStudent182, Y=http://www.Department10.University0.edu, Z=UndergraduateStudent182@Department10.University0.edu}, {X=http://www.Department10.University0.edu/UndergraduateStudent283, Y=http://www.Department10.University0.edu, Z=UndergraduateStudent283@Department10.University0.edu}, {X=http://www.Department10.University0.edu/UndergraduateStudent161, Y=http://www.Department10.University0.edu, Z=UndergraduateStudent161@Department10.University0.edu}, {X=http://www.Department10.University0.edu/UndergraduateStudent23, Y=http://www.Department10.University0.edu, Z=UndergraduateStudent23@Department10.University0.edu}, {X=http://www.Department10.University0.edu/UndergraduateStudent401, Y=http://www.Department10.University0.edu, Z=UndergraduateStudent401@Department10.University0.edu}, {X=http://www.Department10.University0.edu/GraduateStudent54, Y=http://www.Department10.University0.edu, Z=GraduateStudent54@Department10.University0.edu}, {X=http://www.Department10.University0.edu/UndergraduateStudent321, Y=http://www.Department10.University0.edu, Z=UndergraduateStudent321@Department10.University0.edu}, {X=http://www.Department10.University0.edu/UndergraduateStudent296, Y=http://www.Department10.University0.edu, Z=UndergraduateStudent296@Department10.University0.edu}, {X=http://www.Department10.University0.edu/UndergraduateStudent178, Y=http://www.Department10.University0.edu, Z=UndergraduateStudent178@Department10.University0.edu}, {X=http://www.Department10.University0.edu/UndergraduateStudent344, Y=http://www.Department10.University0.edu, Z=UndergraduateStudent344@Department10.University0.edu}, {X=http://www.Department10.University0.edu/GraduateStudent25, Y=http://www.Department10.University0.edu, Z=GraduateStudent25@Department10.University0.edu}, {X=http://www.Department10.University0.edu/UndergraduateStudent257, Y=http://www.Department10.University0.edu, Z=UndergraduateStudent257@Department10.University0.edu}, {X=http://www.Department10.University0.edu/UndergraduateStudent383, Y=http://www.Department10.University0.edu, Z=UndergraduateStudent383@Department10.University0.edu}, {X=http://www.Department10.University0.edu/UndergraduateStudent63, Y=http://www.Department10.University0.edu, Z=UndergraduateStudent63@Department10.University0.edu}, {X=http://www.Department10.University0.edu/UndergraduateStudent57, Y=http://www.Department10.University0.edu, Z=UndergraduateStudent57@Department10.University0.edu}, {X=http://www.Department10.University0.edu/GraduateStudent104, Y=http://www.Department10.University0.edu, Z=GraduateStudent104@Department10.University0.edu}, {X=http://www.Department10.University0.edu/UndergraduateStudent335, Y=http://www.Department10.University0.edu, Z=UndergraduateStudent335@Department10.University0.edu}, {X=http://www.Department10.University0.edu/UndergraduateStudent207, Y=http://www.Department10.University0.edu, Z=UndergraduateStudent207@Department10.University0.edu}, {X=http://www.Department10.University0.edu/UndergraduateStudent248, Y=http://www.Department10.University0.edu, Z=UndergraduateStudent248@Department10.University0.edu}, {X=http://www.Department10.University0.edu/GraduateStudent11, Y=http://www.Department10.University0.edu, Z=GraduateStudent11@Department10.University0.edu}, {X=http://www.Department10.University0.edu/UndergraduateStudent298, Y=http://www.Department10.University0.edu, Z=UndergraduateStudent298@Department10.University0.edu}, {X=http://www.Department10.University0.edu/GraduateStudent13, Y=http://www.Department10.University0.edu, Z=GraduateStudent13@Department10.University0.edu}, {X=http://www.Department10.University0.edu/UndergraduateStudent90, Y=http://www.Department10.University0.edu, Z=UndergraduateStudent90@Department10.University0.edu}, {X=http://www.Department10.University0.edu/UndergraduateStudent194, Y=http://www.Department10.University0.edu, Z=UndergraduateStudent194@Department10.University0.edu}, {X=http://www.Department10.University0.edu/GraduateStudent68, Y=http://www.Department10.University0.edu, Z=GraduateStudent68@Department10.University0.edu}, {X=http://www.Department10.University0.edu/GraduateStudent10, Y=http://www.Department10.University0.edu, Z=GraduateStudent10@Department10.University0.edu}, {X=http://www.Department10.University0.edu/UndergraduateStudent173, Y=http://www.Department10.University0.edu, Z=UndergraduateStudent173@Department10.University0.edu}, {X=http://www.Department10.University0.edu/UndergraduateStudent39, Y=http://www.Department10.University0.edu, Z=UndergraduateStudent39@Department10.University0.edu}, {X=http://www.Department10.University0.edu/UndergraduateStudent217, Y=http://www.Department10.University0.edu, Z=UndergraduateStudent217@Department10.University0.edu}, {X=http://www.Department10.University0.edu/UndergraduateStudent158, Y=http://www.Department10.University0.edu, Z=UndergraduateStudent158@Department10.University0.edu}, {X=http://www.Department10.University0.edu/GraduateStudent93, Y=http://www.Department10.University0.edu, Z=GraduateStudent93@Department10.University0.edu}, {X=http://www.Department10.University0.edu/UndergraduateStudent211, Y=http://www.Department10.University0.edu, Z=UndergraduateStudent211@Department10.University0.edu}, {X=http://www.Department10.University0.edu/UndergraduateStudent382, Y=http://www.Department10.University0.edu, Z=UndergraduateStudent382@Department10.University0.edu}, {X=http://www.Department10.University0.edu/GraduateStudent39, Y=http://www.Department10.University0.edu, Z=GraduateStudent39@Department10.University0.edu}, {X=http://www.Department10.University0.edu/UndergraduateStudent201, Y=http://www.Department10.University0.edu, Z=UndergraduateStudent201@Department10.University0.edu}, {X=http://www.Department10.University0.edu/GraduateStudent63, Y=http://www.Department10.University0.edu, Z=GraduateStudent63@Department10.University0.edu}, {X=http://www.Department10.University0.edu/GraduateStudent52, Y=http://www.Department10.University0.edu, Z=GraduateStudent52@Department10.University0.edu}, {X=http://www.Department10.University0.edu/UndergraduateStudent353, Y=http://www.Department10.University0.edu, Z=UndergraduateStudent353@Department10.University0.edu}, {X=http://www.Department10.University0.edu/GraduateStudent101, Y=http://www.Department10.University0.edu, Z=GraduateStudent101@Department10.University0.edu}, {X=http://www.Department10.University0.edu/GraduateStudent125, Y=http://www.Department10.University0.edu, Z=GraduateStudent125@Department10.University0.edu}, {X=http://www.Department10.University0.edu/UndergraduateStudent2, Y=http://www.Department10.University0.edu, Z=UndergraduateStudent2@Department10.University0.edu}, {X=http://www.Department10.University0.edu/UndergraduateStudent62, Y=http://www.Department10.University0.edu, Z=UndergraduateStudent62@Department10.University0.edu}, {X=http://www.Department10.University0.edu/UndergraduateStudent22, Y=http://www.Department10.University0.edu, Z=UndergraduateStudent22@Department10.University0.edu}, {X=http://www.Department10.University0.edu/UndergraduateStudent234, Y=http://www.Department10.University0.edu, Z=UndergraduateStudent234@Department10.University0.edu}, {X=http://www.Department10.University0.edu/UndergraduateStudent308, Y=http://www.Department10.University0.edu, Z=UndergraduateStudent308@Department10.University0.edu}, {X=http://www.Department10.University0.edu/UndergraduateStudent97, Y=http://www.Department10.University0.edu, Z=UndergraduateStudent97@Department10.University0.edu}, {X=http://www.Department10.University0.edu/GraduateStudent4, Y=http://www.Department10.University0.edu, Z=GraduateStudent4@Department10.University0.edu}, {X=http://www.Department10.University0.edu/UndergraduateStudent377, Y=http://www.Department10.University0.edu, Z=UndergraduateStudent377@Department10.University0.edu}, {X=http://www.Department10.University0.edu/UndergraduateStudent41, Y=http://www.Department10.University0.edu, Z=UndergraduateStudent41@Department10.University0.edu}, {X=http://www.Department10.University0.edu/UndergraduateStudent250, Y=http://www.Department10.University0.edu, Z=UndergraduateStudent250@Department10.University0.edu}, {X=http://www.Department10.University0.edu/UndergraduateStudent330, Y=http://www.Department10.University0.edu, Z=UndergraduateStudent330@Department10.University0.edu}, {X=http://www.Department10.University0.edu/UndergraduateStudent227, Y=http://www.Department10.University0.edu, Z=UndergraduateStudent227@Department10.University0.edu}, {X=http://www.Department10.University0.edu/GraduateStudent96, Y=http://www.Department10.University0.edu, Z=GraduateStudent96@Department10.University0.edu}, {X=http://www.Department10.University0.edu/UndergraduateStudent199, Y=http://www.Department10.University0.edu, Z=UndergraduateStudent199@Department10.University0.edu}, {X=http://www.Department10.University0.edu/GraduateStudent131, Y=http://www.Department10.University0.edu, Z=GraduateStudent131@Department10.University0.edu}, {X=http://www.Department10.University0.edu/UndergraduateStudent265, Y=http://www.Department10.University0.edu, Z=UndergraduateStudent265@Department10.University0.edu}, {X=http://www.Department10.University0.edu/UndergraduateStudent131, Y=http://www.Department10.University0.edu, Z=UndergraduateStudent131@Department10.University0.edu}, {X=http://www.Department10.University0.edu/UndergraduateStudent48, Y=http://www.Department10.University0.edu, Z=UndergraduateStudent48@Department10.University0.edu}, {X=http://www.Department10.University0.edu/GraduateStudent33, Y=http://www.Department10.University0.edu, Z=GraduateStudent33@Department10.University0.edu}, {X=http://www.Department10.University0.edu/UndergraduateStudent137, Y=http://www.Department10.University0.edu, Z=UndergraduateStudent137@Department10.University0.edu}, {X=http://www.Department10.University0.edu/UndergraduateStudent281, Y=http://www.Department10.University0.edu, Z=UndergraduateStudent281@Department10.University0.edu}, {X=http://www.Department10.University0.edu/UndergraduateStudent166, Y=http://www.Department10.University0.edu, Z=UndergraduateStudent166@Department10.University0.edu}, {X=http://www.Department10.University0.edu/UndergraduateStudent233, Y=http://www.Department10.University0.edu, Z=UndergraduateStudent233@Department10.University0.edu}, {X=http://www.Department10.University0.edu/GraduateStudent98, Y=http://www.Department10.University0.edu, Z=GraduateStudent98@Department10.University0.edu}, {X=http://www.Department10.University0.edu/UndergraduateStudent67, Y=http://www.Department10.University0.edu, Z=UndergraduateStudent67@Department10.University0.edu}, {X=http://www.Department10.University0.edu/UndergraduateStudent85, Y=http://www.Department10.University0.edu, Z=UndergraduateStudent85@Department10.University0.edu}, {X=http://www.Department10.University0.edu/UndergraduateStudent88, Y=http://www.Department10.University0.edu, Z=UndergraduateStudent88@Department10.University0.edu}, {X=http://www.Department10.University0.edu/UndergraduateStudent120, Y=http://www.Department10.University0.edu, Z=UndergraduateStudent120@Department10.University0.edu}, {X=http://www.Department10.University0.edu/GraduateStudent123, Y=http://www.Department10.University0.edu, Z=GraduateStudent123@Department10.University0.edu}, {X=http://www.Department10.University0.edu/GraduateStudent110, Y=http://www.Department10.University0.edu, Z=GraduateStudent110@Department10.University0.edu}, {X=http://www.Department10.University0.edu/UndergraduateStudent36, Y=http://www.Department10.University0.edu, Z=UndergraduateStudent36@Department10.University0.edu}, {X=http://www.Department10.University0.edu/UndergraduateStudent151, Y=http://www.Department10.University0.edu, Z=UndergraduateStudent151@Department10.University0.edu}, {X=http://www.Department10.University0.edu/GraduateStudent31, Y=http://www.Department10.University0.edu, Z=GraduateStudent31@Department10.University0.edu}, {X=http://www.Department10.University0.edu/UndergraduateStudent82, Y=http://www.Department10.University0.edu, Z=UndergraduateStudent82@Department10.University0.edu}, {X=http://www.Department10.University0.edu/GraduateStudent35, Y=http://www.Department10.University0.edu, Z=GraduateStudent35@Department10.University0.edu}, {X=http://www.Department10.University0.edu/UndergraduateStudent241, Y=http://www.Department10.University0.edu, Z=UndergraduateStudent241@Department10.University0.edu}, {X=http://www.Department10.University0.edu/GraduateStudent34, Y=http://www.Department10.University0.edu, Z=GraduateStudent34@Department10.University0.edu}, {X=http://www.Department10.University0.edu/UndergraduateStudent126, Y=http://www.Department10.University0.edu, Z=UndergraduateStudent126@Department10.University0.edu}, {X=http://www.Department10.University0.edu/UndergraduateStudent184, Y=http://www.Department10.University0.edu, Z=UndergraduateStudent184@Department10.University0.edu}, {X=http://www.Department10.University0.edu/UndergraduateStudent169, Y=http://www.Department10.University0.edu, Z=UndergraduateStudent169@Department10.University0.edu}, {X=http://www.Department10.University0.edu/UndergraduateStudent12, Y=http://www.Department10.University0.edu, Z=UndergraduateStudent12@Department10.University0.edu}, {X=http://www.Department10.University0.edu/UndergraduateStudent133, Y=http://www.Department10.University0.edu, Z=UndergraduateStudent133@Department10.University0.edu}, {X=http://www.Department10.University0.edu/UndergraduateStudent84, Y=http://www.Department10.University0.edu, Z=UndergraduateStudent84@Department10.University0.edu}, {X=http://www.Department10.University0.edu/GraduateStudent8, Y=http://www.Department10.University0.edu, Z=GraduateStudent8@Department10.University0.edu}, {X=http://www.Department10.University0.edu/UndergraduateStudent403, Y=http://www.Department10.University0.edu, Z=UndergraduateStudent403@Department10.University0.edu}, {X=http://www.Department10.University0.edu/UndergraduateStudent60, Y=http://www.Department10.University0.edu, Z=UndergraduateStudent60@Department10.University0.edu}, {X=http://www.Department10.University0.edu/GraduateStudent26, Y=http://www.Department10.University0.edu, Z=GraduateStudent26@Department10.University0.edu}, {X=http://www.Department10.University0.edu/UndergraduateStudent402, Y=http://www.Department10.University0.edu, Z=UndergraduateStudent402@Department10.University0.edu}, {X=http://www.Department10.University0.edu/UndergraduateStudent210, Y=http://www.Department10.University0.edu, Z=UndergraduateStudent210@Department10.University0.edu}, {X=http://www.Department10.University0.edu/GraduateStudent69, Y=http://www.Department10.University0.edu, Z=GraduateStudent69@Department10.University0.edu}, {X=http://www.Department10.University0.edu/UndergraduateStudent123, Y=http://www.Department10.University0.edu, Z=UndergraduateStudent123@Department10.University0.edu}, {X=http://www.Department10.University0.edu/UndergraduateStudent167, Y=http://www.Department10.University0.edu, Z=UndergraduateStudent167@Department10.University0.edu}, {X=http://www.Department10.University0.edu/UndergraduateStudent361, Y=http://www.Department10.University0.edu, Z=UndergraduateStudent361@Department10.University0.edu}, {X=http://www.Department10.University0.edu/GraduateStudent5, Y=http://www.Department10.University0.edu, Z=GraduateStudent5@Department10.University0.edu}, {X=http://www.Department10.University0.edu/GraduateStudent55, Y=http://www.Department10.University0.edu, Z=GraduateStudent55@Department10.University0.edu}, {X=http://www.Department10.University0.edu/GraduateStudent134, Y=http://www.Department10.University0.edu, Z=GraduateStudent134@Department10.University0.edu}, {X=http://www.Department10.University0.edu/UndergraduateStudent200, Y=http://www.Department10.University0.edu, Z=UndergraduateStudent200@Department10.University0.edu}, {X=http://www.Department10.University0.edu/UndergraduateStudent29, Y=http://www.Department10.University0.edu, Z=UndergraduateStudent29@Department10.University0.edu}, {X=http://www.Department10.University0.edu/GraduateStudent16, Y=http://www.Department10.University0.edu, Z=GraduateStudent16@Department10.University0.edu}, {X=http://www.Department10.University0.edu/UndergraduateStudent271, Y=http://www.Department10.University0.edu, Z=UndergraduateStudent271@Department10.University0.edu}, {X=http://www.Department10.University0.edu/UndergraduateStudent322, Y=http://www.Department10.University0.edu, Z=UndergraduateStudent322@Department10.University0.edu}, {X=http://www.Department10.University0.edu/UndergraduateStudent33, Y=http://www.Department10.University0.edu, Z=UndergraduateStudent33@Department10.University0.edu}, {X=http://www.Department10.University0.edu/UndergraduateStudent405, Y=http://www.Department10.University0.edu, Z=UndergraduateStudent405@Department10.University0.edu}, {X=http://www.Department10.University0.edu/UndergraduateStudent146, Y=http://www.Department10.University0.edu, Z=UndergraduateStudent146@Department10.University0.edu}, {X=http://www.Department10.University0.edu/UndergraduateStudent56, Y=http://www.Department10.University0.edu, Z=UndergraduateStudent56@Department10.University0.edu}, {X=http://www.Department10.University0.edu/UndergraduateStudent107, Y=http://www.Department10.University0.edu, Z=UndergraduateStudent107@Department10.University0.edu}, {X=http://www.Department10.University0.edu/UndergraduateStudent170, Y=http://www.Department10.University0.edu, Z=UndergraduateStudent170@Department10.University0.edu}, {X=http://www.Department10.University0.edu/UndergraduateStudent395, Y=http://www.Department10.University0.edu, Z=UndergraduateStudent395@Department10.University0.edu}, {X=http://www.Department10.University0.edu/UndergraduateStudent230, Y=http://www.Department10.University0.edu, Z=UndergraduateStudent230@Department10.University0.edu}, {X=http://www.Department10.University0.edu/GraduateStudent36, Y=http://www.Department10.University0.edu, Z=GraduateStudent36@Department10.University0.edu}, {X=http://www.Department10.University0.edu/UndergraduateStudent352, Y=http://www.Department10.University0.edu, Z=UndergraduateStudent352@Department10.University0.edu}, {X=http://www.Department10.University0.edu/UndergraduateStudent110, Y=http://www.Department10.University0.edu, Z=UndergraduateStudent110@Department10.University0.edu}, {X=http://www.Department10.University0.edu/GraduateStudent74, Y=http://www.Department10.University0.edu, Z=GraduateStudent74@Department10.University0.edu}, {X=http://www.Department10.University0.edu/GraduateStudent120, Y=http://www.Department10.University0.edu, Z=GraduateStudent120@Department10.University0.edu}, {X=http://www.Department10.University0.edu/GraduateStudent83, Y=http://www.Department10.University0.edu, Z=GraduateStudent83@Department10.University0.edu}, {X=http://www.Department10.University0.edu/UndergraduateStudent312, Y=http://www.Department10.University0.edu, Z=UndergraduateStudent312@Department10.University0.edu}, {X=http://www.Department10.University0.edu/UndergraduateStudent141, Y=http://www.Department10.University0.edu, Z=UndergraduateStudent141@Department10.University0.edu}, {X=http://www.Department10.University0.edu/GraduateStudent137, Y=http://www.Department10.University0.edu, Z=GraduateStudent137@Department10.University0.edu}, {X=http://www.Department10.University0.edu/GraduateStudent75, Y=http://www.Department10.University0.edu, Z=GraduateStudent75@Department10.University0.edu}, {X=http://www.Department10.University0.edu/UndergraduateStudent380, Y=http://www.Department10.University0.edu, Z=UndergraduateStudent380@Department10.University0.edu}, {X=http://www.Department10.University0.edu/GraduateStudent117, Y=http://www.Department10.University0.edu, Z=GraduateStudent117@Department10.University0.edu}, {X=http://www.Department10.University0.edu/GraduateStudent27, Y=http://www.Department10.University0.edu, Z=GraduateStudent27@Department10.University0.edu}, {X=http://www.Department10.University0.edu/UndergraduateStudent363, Y=http://www.Department10.University0.edu, Z=UndergraduateStudent363@Department10.University0.edu}, {X=http://www.Department10.University0.edu/UndergraduateStudent389, Y=http://www.Department10.University0.edu, Z=UndergraduateStudent389@Department10.University0.edu}, {X=http://www.Department10.University0.edu/UndergraduateStudent105, Y=http://www.Department10.University0.edu, Z=UndergraduateStudent105@Department10.University0.edu}, {X=http://www.Department10.University0.edu/GraduateStudent73, Y=http://www.Department10.University0.edu, Z=GraduateStudent73@Department10.University0.edu}, {X=http://www.Department10.University0.edu/UndergraduateStudent280, Y=http://www.Department10.University0.edu, Z=UndergraduateStudent280@Department10.University0.edu}, {X=http://www.Department10.University0.edu/UndergraduateStudent115, Y=http://www.Department10.University0.edu, Z=UndergraduateStudent115@Department10.University0.edu}, {X=http://www.Department10.University0.edu/GraduateStudent58, Y=http://www.Department10.University0.edu, Z=GraduateStudent58@Department10.University0.edu}, {X=http://www.Department10.University0.edu/UndergraduateStudent191, Y=http://www.Department10.University0.edu, Z=UndergraduateStudent191@Department10.University0.edu}, {X=http://www.Department10.University0.edu/UndergraduateStudent79, Y=http://www.Department10.University0.edu, Z=UndergraduateStudent79@Department10.University0.edu}, {X=http://www.Department10.University0.edu/UndergraduateStudent259, Y=http://www.Department10.University0.edu, Z=UndergraduateStudent259@Department10.University0.edu}, {X=http://www.Department10.University0.edu/UndergraduateStudent324, Y=http://www.Department10.University0.edu, Z=UndergraduateStudent324@Department10.University0.edu}, {X=http://www.Department10.University0.edu/UndergraduateStudent188, Y=http://www.Department10.University0.edu, Z=UndergraduateStudent188@Department10.University0.edu}, {X=http://www.Department10.University0.edu/UndergraduateStudent100, Y=http://www.Department10.University0.edu, Z=UndergraduateStudent100@Department10.University0.edu}, {X=http://www.Department10.University0.edu/UndergraduateStudent50, Y=http://www.Department10.University0.edu, Z=UndergraduateStudent50@Department10.University0.edu}, {X=http://www.Department10.University0.edu/UndergraduateStudent65, Y=http://www.Department10.University0.edu, Z=UndergraduateStudent65@Department10.University0.edu}, {X=http://www.Department10.University0.edu/UndergraduateStudent49, Y=http://www.Department10.University0.edu, Z=UndergraduateStudent49@Department10.University0.edu}, {X=http://www.Department10.University0.edu/UndergraduateStudent189, Y=http://www.Department10.University0.edu, Z=UndergraduateStudent189@Department10.University0.edu}, {X=http://www.Department10.University0.edu/UndergraduateStudent140, Y=http://www.Department10.University0.edu, Z=UndergraduateStudent140@Department10.University0.edu}, {X=http://www.Department10.University0.edu/GraduateStudent17, Y=http://www.Department10.University0.edu, Z=GraduateStudent17@Department10.University0.edu}, {X=http://www.Department10.University0.edu/GraduateStudent85, Y=http://www.Department10.University0.edu, Z=GraduateStudent85@Department10.University0.edu}, {X=http://www.Department10.University0.edu/UndergraduateStudent366, Y=http://www.Department10.University0.edu, Z=UndergraduateStudent366@Department10.University0.edu}, {X=http://www.Department10.University0.edu/UndergraduateStudent136, Y=http://www.Department10.University0.edu, Z=UndergraduateStudent136@Department10.University0.edu}, {X=http://www.Department10.University0.edu/UndergraduateStudent138, Y=http://www.Department10.University0.edu, Z=UndergraduateStudent138@Department10.University0.edu}, {X=http://www.Department10.University0.edu/UndergraduateStudent327, Y=http://www.Department10.University0.edu, Z=UndergraduateStudent327@Department10.University0.edu}, {X=http://www.Department10.University0.edu/GraduateStudent119, Y=http://www.Department10.University0.edu, Z=GraduateStudent119@Department10.University0.edu}, {X=http://www.Department10.University0.edu/UndergraduateStudent269, Y=http://www.Department10.University0.edu, Z=UndergraduateStudent269@Department10.University0.edu}, {X=http://www.Department10.University0.edu/UndergraduateStudent73, Y=http://www.Department10.University0.edu, Z=UndergraduateStudent73@Department10.University0.edu}, {X=http://www.Department10.University0.edu/UndergraduateStudent103, Y=http://www.Department10.University0.edu, Z=UndergraduateStudent103@Department10.University0.edu}, {X=http://www.Department10.University0.edu/UndergraduateStudent54, Y=http://www.Department10.University0.edu, Z=UndergraduateStudent54@Department10.University0.edu}, {X=http://www.Department10.University0.edu/GraduateStudent128, Y=http://www.Department10.University0.edu, Z=GraduateStudent128@Department10.University0.edu}, {X=http://www.Department10.University0.edu/GraduateStudent130, Y=http://www.Department10.University0.edu, Z=GraduateStudent130@Department10.University0.edu}, {X=http://www.Department10.University0.edu/UndergraduateStudent368, Y=http://www.Department10.University0.edu, Z=UndergraduateStudent368@Department10.University0.edu}, {X=http://www.Department10.University0.edu/GraduateStudent87, Y=http://www.Department10.University0.edu, Z=GraduateStudent87@Department10.University0.edu}, {X=http://www.Department10.University0.edu/UndergraduateStudent215, Y=http://www.Department10.University0.edu, Z=UndergraduateStudent215@Department10.University0.edu}, {X=http://www.Department10.University0.edu/UndergraduateStudent351, Y=http://www.Department10.University0.edu, Z=UndergraduateStudent351@Department10.University0.edu}, {X=http://www.Department10.University0.edu/GraduateStudent37, Y=http://www.Department10.University0.edu, Z=GraduateStudent37@Department10.University0.edu}, {X=http://www.Department10.University0.edu/GraduateStudent79, Y=http://www.Department10.University0.edu, Z=GraduateStudent79@Department10.University0.edu}, {X=http://www.Department10.University0.edu/UndergraduateStudent5, Y=http://www.Department10.University0.edu, Z=UndergraduateStudent5@Department10.University0.edu}, {X=http://www.Department10.University0.edu/GraduateStudent67, Y=http://www.Department10.University0.edu, Z=GraduateStudent67@Department10.University0.edu}, {X=http://www.Department10.University0.edu/GraduateStudent41, Y=http://www.Department10.University0.edu, Z=GraduateStudent41@Department10.University0.edu}, {X=http://www.Department10.University0.edu/UndergraduateStudent134, Y=http://www.Department10.University0.edu, Z=UndergraduateStudent134@Department10.University0.edu}, {X=http://www.Department10.University0.edu/UndergraduateStudent276, Y=http://www.Department10.University0.edu, Z=UndergraduateStudent276@Department10.University0.edu}, {X=http://www.Department10.University0.edu/GraduateStudent42, Y=http://www.Department10.University0.edu, Z=GraduateStudent42@Department10.University0.edu}, {X=http://www.Department10.University0.edu/UndergraduateStudent253, Y=http://www.Department10.University0.edu, Z=UndergraduateStudent253@Department10.University0.edu}, {X=http://www.Department10.University0.edu/GraduateStudent22, Y=http://www.Department10.University0.edu, Z=GraduateStudent22@Department10.University0.edu}, {X=http://www.Department10.University0.edu/UndergraduateStudent91, Y=http://www.Department10.University0.edu, Z=UndergraduateStudent91@Department10.University0.edu}, {X=http://www.Department10.University0.edu/UndergraduateStudent355, Y=http://www.Department10.University0.edu, Z=UndergraduateStudent355@Department10.University0.edu}, {X=http://www.Department10.University0.edu/UndergraduateStudent245, Y=http://www.Department10.University0.edu, Z=UndergraduateStudent245@Department10.University0.edu}, {X=http://www.Department10.University0.edu/UndergraduateStudent260, Y=http://www.Department10.University0.edu, Z=UndergraduateStudent260@Department10.University0.edu}, {X=http://www.Department10.University0.edu/UndergraduateStudent357, Y=http://www.Department10.University0.edu, Z=UndergraduateStudent357@Department10.University0.edu}, {X=http://www.Department10.University0.edu/UndergraduateStudent150, Y=http://www.Department10.University0.edu, Z=UndergraduateStudent150@Department10.University0.edu}, {X=http://www.Department10.University0.edu/UndergraduateStudent106, Y=http://www.Department10.University0.edu, Z=UndergraduateStudent106@Department10.University0.edu}, {X=http://www.Department10.University0.edu/GraduateStudent48, Y=http://www.Department10.University0.edu, Z=GraduateStudent48@Department10.University0.edu}, {X=http://www.Department10.University0.edu/UndergraduateStudent305, Y=http://www.Department10.University0.edu, Z=UndergraduateStudent305@Department10.University0.edu}, {X=http://www.Department10.University0.edu/GraduateStudent7, Y=http://www.Department10.University0.edu, Z=GraduateStudent7@Department10.University0.edu}, {X=http://www.Department10.University0.edu/UndergraduateStudent290, Y=http://www.Department10.University0.edu, Z=UndergraduateStudent290@Department10.University0.edu}, {X=http://www.Department10.University0.edu/UndergraduateStudent343, Y=http://www.Department10.University0.edu, Z=UndergraduateStudent343@Department10.University0.edu}, {X=http://www.Department10.University0.edu/UndergraduateStudent246, Y=http://www.Department10.University0.edu, Z=UndergraduateStudent246@Department10.University0.edu}, {X=http://www.Department10.University0.edu/UndergraduateStudent302, Y=http://www.Department10.University0.edu, Z=UndergraduateStudent302@Department10.University0.edu}, {X=http://www.Department10.University0.edu/UndergraduateStudent407, Y=http://www.Department10.University0.edu, Z=UndergraduateStudent407@Department10.University0.edu}, {X=http://www.Department10.University0.edu/UndergraduateStudent348, Y=http://www.Department10.University0.edu, Z=UndergraduateStudent348@Department10.University0.edu}, {X=http://www.Department10.University0.edu/UndergraduateStudent273, Y=http://www.Department10.University0.edu, Z=UndergraduateStudent273@Department10.University0.edu}, {X=http://www.Department10.University0.edu/UndergraduateStudent128, Y=http://www.Department10.University0.edu, Z=UndergraduateStudent128@Department10.University0.edu}, {X=http://www.Department10.University0.edu/UndergraduateStudent92, Y=http://www.Department10.University0.edu, Z=UndergraduateStudent92@Department10.University0.edu}, {X=http://www.Department10.University0.edu/GraduateStudent71, Y=http://www.Department10.University0.edu, Z=GraduateStudent71@Department10.University0.edu}, {X=http://www.Department10.University0.edu/GraduateStudent53, Y=http://www.Department10.University0.edu, Z=GraduateStudent53@Department10.University0.edu}, {X=http://www.Department10.University0.edu/UndergraduateStudent7, Y=http://www.Department10.University0.edu, Z=UndergraduateStudent7@Department10.University0.edu}, {X=http://www.Department10.University0.edu/UndergraduateStudent220, Y=http://www.Department10.University0.edu, Z=UndergraduateStudent220@Department10.University0.edu}, {X=http://www.Department10.University0.edu/UndergraduateStudent409, Y=http://www.Department10.University0.edu, Z=UndergraduateStudent409@Department10.University0.edu}, {X=http://www.Department10.University0.edu/UndergraduateStudent297, Y=http://www.Department10.University0.edu, Z=UndergraduateStudent297@Department10.University0.edu}, {X=http://www.Department10.University0.edu/UndergraduateStudent339, Y=http://www.Department10.University0.edu, Z=UndergraduateStudent339@Department10.University0.edu}, {X=http://www.Department10.University0.edu/UndergraduateStudent83, Y=http://www.Department10.University0.edu, Z=UndergraduateStudent83@Department10.University0.edu}, {X=http://www.Department10.University0.edu/UndergraduateStudent394, Y=http://www.Department10.University0.edu, Z=UndergraduateStudent394@Department10.University0.edu}, {X=http://www.Department10.University0.edu/UndergraduateStudent376, Y=http://www.Department10.University0.edu, Z=UndergraduateStudent376@Department10.University0.edu}, {X=http://www.Department10.University0.edu/UndergraduateStudent21, Y=http://www.Department10.University0.edu, Z=UndergraduateStudent21@Department10.University0.edu}, {X=http://www.Department10.University0.edu/UndergraduateStudent218, Y=http://www.Department10.University0.edu, Z=UndergraduateStudent218@Department10.University0.edu}, {X=http://www.Department10.University0.edu/UndergraduateStudent293, Y=http://www.Department10.University0.edu, Z=UndergraduateStudent293@Department10.University0.edu}, {X=http://www.Department10.University0.edu/UndergraduateStudent31, Y=http://www.Department10.University0.edu, Z=UndergraduateStudent31@Department10.University0.edu}, {X=http://www.Department10.University0.edu/GraduateStudent111, Y=http://www.Department10.University0.edu, Z=GraduateStudent111@Department10.University0.edu}, {X=http://www.Department10.University0.edu/UndergraduateStudent314, Y=http://www.Department10.University0.edu, Z=UndergraduateStudent314@Department10.University0.edu}, {X=http://www.Department10.University0.edu/GraduateStudent78, Y=http://www.Department10.University0.edu, Z=GraduateStudent78@Department10.University0.edu}, {X=http://www.Department10.University0.edu/UndergraduateStudent332, Y=http://www.Department10.University0.edu, Z=UndergraduateStudent332@Department10.University0.edu}, {X=http://www.Department10.University0.edu/UndergraduateStudent284, Y=http://www.Department10.University0.edu, Z=UndergraduateStudent284@Department10.University0.edu}, {X=http://www.Department10.University0.edu/UndergraduateStudent397, Y=http://www.Department10.University0.edu, Z=UndergraduateStudent397@Department10.University0.edu}, {X=http://www.Department10.University0.edu/UndergraduateStudent51, Y=http://www.Department10.University0.edu, Z=UndergraduateStudent51@Department10.University0.edu}, {X=http://www.Department10.University0.edu/GraduateStudent77, Y=http://www.Department10.University0.edu, Z=GraduateStudent77@Department10.University0.edu}, {X=http://www.Department10.University0.edu/UndergraduateStudent104, Y=http://www.Department10.University0.edu, Z=UndergraduateStudent104@Department10.University0.edu}, {X=http://www.Department10.University0.edu/GraduateStudent103, Y=http://www.Department10.University0.edu, Z=GraduateStudent103@Department10.University0.edu}, {X=http://www.Department10.University0.edu/UndergraduateStudent323, Y=http://www.Department10.University0.edu, Z=UndergraduateStudent323@Department10.University0.edu}, {X=http://www.Department10.University0.edu/GraduateStudent135, Y=http://www.Department10.University0.edu, Z=GraduateStudent135@Department10.University0.edu}, {X=http://www.Department10.University0.edu/UndergraduateStudent317, Y=http://www.Department10.University0.edu, Z=UndergraduateStudent317@Department10.University0.edu}, {X=http://www.Department10.University0.edu/GraduateStudent126, Y=http://www.Department10.University0.edu, Z=GraduateStudent126@Department10.University0.edu}, {X=http://www.Department10.University0.edu/UndergraduateStudent24, Y=http://www.Department10.University0.edu, Z=UndergraduateStudent24@Department10.University0.edu}, {X=http://www.Department10.University0.edu/UndergraduateStudent64, Y=http://www.Department10.University0.edu, Z=UndergraduateStudent64@Department10.University0.edu}, {X=http://www.Department10.University0.edu/GraduateStudent59, Y=http://www.Department10.University0.edu, Z=GraduateStudent59@Department10.University0.edu}, {X=http://www.Department10.University0.edu/UndergraduateStudent46, Y=http://www.Department10.University0.edu, Z=UndergraduateStudent46@Department10.University0.edu}, {X=http://www.Department10.University0.edu/UndergraduateStudent266, Y=http://www.Department10.University0.edu, Z=UndergraduateStudent266@Department10.University0.edu}, {X=http://www.Department10.University0.edu/GraduateStudent3, Y=http://www.Department10.University0.edu, Z=GraduateStudent3@Department10.University0.edu}, {X=http://www.Department10.University0.edu/UndergraduateStudent256, Y=http://www.Department10.University0.edu, Z=UndergraduateStudent256@Department10.University0.edu}, {X=http://www.Department10.University0.edu/GraduateStudent6, Y=http://www.Department10.University0.edu, Z=GraduateStudent6@Department10.University0.edu}, {X=http://www.Department10.University0.edu/UndergraduateStudent222, Y=http://www.Department10.University0.edu, Z=UndergraduateStudent222@Department10.University0.edu}, {X=http://www.Department10.University0.edu/UndergraduateStudent347, Y=http://www.Department10.University0.edu, Z=UndergraduateStudent347@Department10.University0.edu}, {X=http://www.Department10.University0.edu/UndergraduateStudent275, Y=http://www.Department10.University0.edu, Z=UndergraduateStudent275@Department10.University0.edu}, {X=http://www.Department10.University0.edu/UndergraduateStudent205, Y=http://www.Department10.University0.edu, Z=UndergraduateStudent205@Department10.University0.edu}, {X=http://www.Department10.University0.edu/UndergraduateStudent381, Y=http://www.Department10.University0.edu, Z=UndergraduateStudent381@Department10.University0.edu}, {X=http://www.Department10.University0.edu/UndergraduateStudent291, Y=http://www.Department10.University0.edu, Z=UndergraduateStudent291@Department10.University0.edu}, {X=http://www.Department10.University0.edu/GraduateStudent107, Y=http://www.Department10.University0.edu, Z=GraduateStudent107@Department10.University0.edu}, {X=http://www.Department10.University0.edu/UndergraduateStudent145, Y=http://www.Department10.University0.edu, Z=UndergraduateStudent145@Department10.University0.edu}, {X=http://www.Department10.University0.edu/UndergraduateStudent237, Y=http://www.Department10.University0.edu, Z=UndergraduateStudent237@Department10.University0.edu}, {X=http://www.Department10.University0.edu/UndergraduateStudent124, Y=http://www.Department10.University0.edu, Z=UndergraduateStudent124@Department10.University0.edu}, {X=http://www.Department10.University0.edu/UndergraduateStudent242, Y=http://www.Department10.University0.edu, Z=UndergraduateStudent242@Department10.University0.edu}, {X=http://www.Department10.University0.edu/UndergraduateStudent197, Y=http://www.Department10.University0.edu, Z=UndergraduateStudent197@Department10.University0.edu}, {X=http://www.Department10.University0.edu/UndergraduateStudent372, Y=http://www.Department10.University0.edu, Z=UndergraduateStudent372@Department10.University0.edu}, {X=http://www.Department10.University0.edu/UndergraduateStudent177, Y=http://www.Department10.University0.edu, Z=UndergraduateStudent177@Department10.University0.edu}, {X=http://www.Department10.University0.edu/GraduateStudent102, Y=http://www.Department10.University0.edu, Z=GraduateStudent102@Department10.University0.edu}, {X=http://www.Department10.University0.edu/GraduateStudent38, Y=http://www.Department10.University0.edu, Z=GraduateStudent38@Department10.University0.edu}, {X=http://www.Department10.University0.edu/UndergraduateStudent43, Y=http://www.Department10.University0.edu, Z=UndergraduateStudent43@Department10.University0.edu}, {X=http://www.Department10.University0.edu/UndergraduateStudent392, Y=http://www.Department10.University0.edu, Z=UndergraduateStudent392@Department10.University0.edu}, {X=http://www.Department10.University0.edu/UndergraduateStudent98, Y=http://www.Department10.University0.edu, Z=UndergraduateStudent98@Department10.University0.edu}, {X=http://www.Department10.University0.edu/GraduateStudent56, Y=http://www.Department10.University0.edu, Z=GraduateStudent56@Department10.University0.edu}, {X=http://www.Department10.University0.edu/UndergraduateStudent223, Y=http://www.Department10.University0.edu, Z=UndergraduateStudent223@Department10.University0.edu}, {X=http://www.Department10.University0.edu/UndergraduateStudent32, Y=http://www.Department10.University0.edu, Z=UndergraduateStudent32@Department10.University0.edu}, {X=http://www.Department10.University0.edu/UndergraduateStudent319, Y=http://www.Department10.University0.edu, Z=UndergraduateStudent319@Department10.University0.edu}, {X=http://www.Department10.University0.edu/UndergraduateStudent112, Y=http://www.Department10.University0.edu, Z=UndergraduateStudent112@Department10.University0.edu}, {X=http://www.Department10.University0.edu/UndergraduateStudent44, Y=http://www.Department10.University0.edu, Z=UndergraduateStudent44@Department10.University0.edu}, {X=http://www.Department10.University0.edu/UndergraduateStudent117, Y=http://www.Department10.University0.edu, Z=UndergraduateStudent117@Department10.University0.edu}, {X=http://www.Department10.University0.edu/UndergraduateStudent371, Y=http://www.Department10.University0.edu, Z=UndergraduateStudent371@Department10.University0.edu}, {X=http://www.Department10.University0.edu/UndergraduateStudent289, Y=http://www.Department10.University0.edu, Z=UndergraduateStudent289@Department10.University0.edu}, {X=http://www.Department10.University0.edu/UndergraduateStudent263, Y=http://www.Department10.University0.edu, Z=UndergraduateStudent263@Department10.University0.edu}, {X=http://www.Department10.University0.edu/UndergraduateStudent19, Y=http://www.Department10.University0.edu, Z=UndergraduateStudent19@Department10.University0.edu}, {X=http://www.Department10.University0.edu/UndergraduateStudent390, Y=http://www.Department10.University0.edu, Z=UndergraduateStudent390@Department10.University0.edu}, {X=http://www.Department10.University0.edu/UndergraduateStudent307, Y=http://www.Department10.University0.edu, Z=UndergraduateStudent307@Department10.University0.edu}, {X=http://www.Department10.University0.edu/UndergraduateStudent1, Y=http://www.Department10.University0.edu, Z=UndergraduateStudent1@Department10.University0.edu}, {X=http://www.Department10.University0.edu/UndergraduateStudent95, Y=http://www.Department10.University0.edu, Z=UndergraduateStudent95@Department10.University0.edu}, {X=http://www.Department10.University0.edu/GraduateStudent50, Y=http://www.Department10.University0.edu, Z=GraduateStudent50@Department10.University0.edu}, {X=http://www.Department10.University0.edu/UndergraduateStudent288, Y=http://www.Department10.University0.edu, Z=UndergraduateStudent288@Department10.University0.edu}, {X=http://www.Department10.University0.edu/GraduateStudent28, Y=http://www.Department10.University0.edu, Z=GraduateStudent28@Department10.University0.edu}, {X=http://www.Department10.University0.edu/GraduateStudent47, Y=http://www.Department10.University0.edu, Z=GraduateStudent47@Department10.University0.edu}, {X=http://www.Department10.University0.edu/GraduateStudent24, Y=http://www.Department10.University0.edu, Z=GraduateStudent24@Department10.University0.edu}, {X=http://www.Department10.University0.edu/GraduateStudent95, Y=http://www.Department10.University0.edu, Z=GraduateStudent95@Department10.University0.edu}, {X=http://www.Department10.University0.edu/UndergraduateStudent393, Y=http://www.Department10.University0.edu, Z=UndergraduateStudent393@Department10.University0.edu}, {X=http://www.Department10.University0.edu/UndergraduateStudent208, Y=http://www.Department10.University0.edu, Z=UndergraduateStudent208@Department10.University0.edu}, {X=http://www.Department10.University0.edu/UndergraduateStudent68, Y=http://www.Department10.University0.edu, Z=UndergraduateStudent68@Department10.University0.edu}, {X=http://www.Department10.University0.edu/UndergraduateStudent186, Y=http://www.Department10.University0.edu, Z=UndergraduateStudent186@Department10.University0.edu}, {X=http://www.Department10.University0.edu/UndergraduateStudent114, Y=http://www.Department10.University0.edu, Z=UndergraduateStudent114@Department10.University0.edu}, {X=http://www.Department10.University0.edu/UndergraduateStudent278, Y=http://www.Department10.University0.edu, Z=UndergraduateStudent278@Department10.University0.edu}, {X=http://www.Department10.University0.edu/UndergraduateStudent232, Y=http://www.Department10.University0.edu, Z=UndergraduateStudent232@Department10.University0.edu}, {X=http://www.Department10.University0.edu/UndergraduateStudent360, Y=http://www.Department10.University0.edu, Z=UndergraduateStudent360@Department10.University0.edu}, {X=http://www.Department10.University0.edu/UndergraduateStudent179, Y=http://www.Department10.University0.edu, Z=UndergraduateStudent179@Department10.University0.edu}, {X=http://www.Department10.University0.edu/UndergraduateStudent287, Y=http://www.Department10.University0.edu, Z=UndergraduateStudent287@Department10.University0.edu}, {X=http://www.Department10.University0.edu/GraduateStudent106, Y=http://www.Department10.University0.edu, Z=GraduateStudent106@Department10.University0.edu}, {X=http://www.Department10.University0.edu/UndergraduateStudent274, Y=http://www.Department10.University0.edu, Z=UndergraduateStudent274@Department10.University0.edu}, {X=http://www.Department10.University0.edu/UndergraduateStudent89, Y=http://www.Department10.University0.edu, Z=UndergraduateStudent89@Department10.University0.edu}, {X=http://www.Department10.University0.edu/GraduateStudent133, Y=http://www.Department10.University0.edu, Z=GraduateStudent133@Department10.University0.edu}, {X=http://www.Department10.University0.edu/UndergraduateStudent285, Y=http://www.Department10.University0.edu, Z=UndergraduateStudent285@Department10.University0.edu}, {X=http://www.Department10.University0.edu/UndergraduateStudent224, Y=http://www.Department10.University0.edu, Z=UndergraduateStudent224@Department10.University0.edu}, {X=http://www.Department10.University0.edu/UndergraduateStudent387, Y=http://www.Department10.University0.edu, Z=UndergraduateStudent387@Department10.University0.edu}, {X=http://www.Department10.University0.edu/UndergraduateStudent345, Y=http://www.Department10.University0.edu, Z=UndergraduateStudent345@Department10.University0.edu}, {X=http://www.Department10.University0.edu/UndergraduateStudent364, Y=http://www.Department10.University0.edu, Z=UndergraduateStudent364@Department10.University0.edu}, {X=http://www.Department10.University0.edu/UndergraduateStudent375, Y=http://www.Department10.University0.edu, Z=UndergraduateStudent375@Department10.University0.edu}, {X=http://www.Department10.University0.edu/UndergraduateStudent156, Y=http://www.Department10.University0.edu, Z=UndergraduateStudent156@Department10.University0.edu}, {X=http://www.Department10.University0.edu/UndergraduateStudent337, Y=http://www.Department10.University0.edu, Z=UndergraduateStudent337@Department10.University0.edu}, {X=http://www.Department10.University0.edu/GraduateStudent32, Y=http://www.Department10.University0.edu, Z=GraduateStudent32@Department10.University0.edu}, {X=http://www.Department10.University0.edu/UndergraduateStudent111, Y=http://www.Department10.University0.edu, Z=UndergraduateStudent111@Department10.University0.edu}, {X=http://www.Department10.University0.edu/GraduateStudent92, Y=http://www.Department10.University0.edu, Z=GraduateStudent92@Department10.University0.edu}, {X=http://www.Department10.University0.edu/UndergraduateStudent55, Y=http://www.Department10.University0.edu, Z=UndergraduateStudent55@Department10.University0.edu}, {X=http://www.Department10.University0.edu/GraduateStudent90, Y=http://www.Department10.University0.edu, Z=GraduateStudent90@Department10.University0.edu}, {X=http://www.Department10.University0.edu/GraduateStudent51, Y=http://www.Department10.University0.edu, Z=GraduateStudent51@Department10.University0.edu}, {X=http://www.Department10.University0.edu/UndergraduateStudent193, Y=http://www.Department10.University0.edu, Z=UndergraduateStudent193@Department10.University0.edu}, {X=http://www.Department10.University0.edu/UndergraduateStudent400, Y=http://www.Department10.University0.edu, Z=UndergraduateStudent400@Department10.University0.edu}, {X=http://www.Department10.University0.edu/UndergraduateStudent108, Y=http://www.Department10.University0.edu, Z=UndergraduateStudent108@Department10.University0.edu}, {X=http://www.Department10.University0.edu/UndergraduateStudent69, Y=http://www.Department10.University0.edu, Z=UndergraduateStudent69@Department10.University0.edu}, {X=http://www.Department10.University0.edu/UndergraduateStudent132, Y=http://www.Department10.University0.edu, Z=UndergraduateStudent132@Department10.University0.edu}, {X=http://www.Department10.University0.edu/UndergraduateStudent99, Y=http://www.Department10.University0.edu, Z=UndergraduateStudent99@Department10.University0.edu}, {X=http://www.Department10.University0.edu/UndergraduateStudent226, Y=http://www.Department10.University0.edu, Z=UndergraduateStudent226@Department10.University0.edu}, {X=http://www.Department10.University0.edu/UndergraduateStudent362, Y=http://www.Department10.University0.edu, Z=UndergraduateStudent362@Department10.University0.edu}, {X=http://www.Department10.University0.edu/UndergraduateStudent81, Y=http://www.Department10.University0.edu, Z=UndergraduateStudent81@Department10.University0.edu}, {X=http://www.Department10.University0.edu/UndergraduateStudent203, Y=http://www.Department10.University0.edu, Z=UndergraduateStudent203@Department10.University0.edu}, {X=http://www.Department10.University0.edu/UndergraduateStudent334, Y=http://www.Department10.University0.edu, Z=UndergraduateStudent334@Department10.University0.edu}, {X=http://www.Department10.University0.edu/GraduateStudent122, Y=http://www.Department10.University0.edu, Z=GraduateStudent122@Department10.University0.edu}, {X=http://www.Department10.University0.edu/GraduateStudent1, Y=http://www.Department10.University0.edu, Z=GraduateStudent1@Department10.University0.edu}, {X=http://www.Department10.University0.edu/GraduateStudent114, Y=http://www.Department10.University0.edu, Z=GraduateStudent114@Department10.University0.edu}, {X=http://www.Department10.University0.edu/UndergraduateStudent378, Y=http://www.Department10.University0.edu, Z=UndergraduateStudent378@Department10.University0.edu}, {X=http://www.Department10.University0.edu/UndergraduateStudent264, Y=http://www.Department10.University0.edu, Z=UndergraduateStudent264@Department10.University0.edu}, {X=http://www.Department10.University0.edu/UndergraduateStudent338, Y=http://www.Department10.University0.edu, Z=UndergraduateStudent338@Department10.University0.edu}, {X=http://www.Department10.University0.edu/GraduateStudent88, Y=http://www.Department10.University0.edu, Z=GraduateStudent88@Department10.University0.edu}, {X=http://www.Department10.University0.edu/GraduateStudent15, Y=http://www.Department10.University0.edu, Z=GraduateStudent15@Department10.University0.edu}, {X=http://www.Department10.University0.edu/UndergraduateStudent176, Y=http://www.Department10.University0.edu, Z=UndergraduateStudent176@Department10.University0.edu}, {X=http://www.Department10.University0.edu/UndergraduateStudent45, Y=http://www.Department10.University0.edu, Z=UndergraduateStudent45@Department10.University0.edu}, {X=http://www.Department10.University0.edu/UndergraduateStudent86, Y=http://www.Department10.University0.edu, Z=UndergraduateStudent86@Department10.University0.edu}, {X=http://www.Department10.University0.edu/GraduateStudent127, Y=http://www.Department10.University0.edu, Z=GraduateStudent127@Department10.University0.edu}, {X=http://www.Department10.University0.edu/UndergraduateStudent165, Y=http://www.Department10.University0.edu, Z=UndergraduateStudent165@Department10.University0.edu}, {X=http://www.Department10.University0.edu/UndergraduateStudent172, Y=http://www.Department10.University0.edu, Z=UndergraduateStudent172@Department10.University0.edu}, {X=http://www.Department10.University0.edu/UndergraduateStudent268, Y=http://www.Department10.University0.edu, Z=UndergraduateStudent268@Department10.University0.edu}, {X=http://www.Department10.University0.edu/UndergraduateStudent251, Y=http://www.Department10.University0.edu, Z=UndergraduateStudent251@Department10.University0.edu}, {X=http://www.Department10.University0.edu/GraduateStudent66, Y=http://www.Department10.University0.edu, Z=GraduateStudent66@Department10.University0.edu}, {X=http://www.Department10.University0.edu/UndergraduateStudent254, Y=http://www.Department10.University0.edu, Z=UndergraduateStudent254@Department10.University0.edu}, {X=http://www.Department10.University0.edu/UndergraduateStudent190, Y=http://www.Department10.University0.edu, Z=UndergraduateStudent190@Department10.University0.edu}, {X=http://www.Department10.University0.edu/UndergraduateStudent408, Y=http://www.Department10.University0.edu, Z=UndergraduateStudent408@Department10.University0.edu}, {X=http://www.Department10.University0.edu/GraduateStudent2, Y=http://www.Department10.University0.edu, Z=GraduateStudent2@Department10.University0.edu}, {X=http://www.Department10.University0.edu/UndergraduateStudent118, Y=http://www.Department10.University0.edu, Z=UndergraduateStudent118@Department10.University0.edu}, {X=http://www.Department10.University0.edu/UndergraduateStudent367, Y=http://www.Department10.University0.edu, Z=UndergraduateStudent367@Department10.University0.edu}, {X=http://www.Department10.University0.edu/UndergraduateStudent77, Y=http://www.Department10.University0.edu, Z=UndergraduateStudent77@Department10.University0.edu}, {X=http://www.Department10.University0.edu/UndergraduateStudent374, Y=http://www.Department10.University0.edu, Z=UndergraduateStudent374@Department10.University0.edu}, {X=http://www.Department10.University0.edu/UndergraduateStudent398, Y=http://www.Department10.University0.edu, Z=UndergraduateStudent398@Department10.University0.edu}, {X=http://www.Department10.University0.edu/UndergraduateStudent135, Y=http://www.Department10.University0.edu, Z=UndergraduateStudent135@Department10.University0.edu}, {X=http://www.Department10.University0.edu/UndergraduateStudent58, Y=http://www.Department10.University0.edu, Z=UndergraduateStudent58@Department10.University0.edu}, {X=http://www.Department10.University0.edu/UndergraduateStudent306, Y=http://www.Department10.University0.edu, Z=UndergraduateStudent306@Department10.University0.edu}, {X=http://www.Department10.University0.edu/GraduateStudent0, Y=http://www.Department10.University0.edu, Z=GraduateStudent0@Department10.University0.edu}, {X=http://www.Department10.University0.edu/UndergraduateStudent71, Y=http://www.Department10.University0.edu, Z=UndergraduateStudent71@Department10.University0.edu}, {X=http://www.Department10.University0.edu/UndergraduateStudent157, Y=http://www.Department10.University0.edu, Z=UndergraduateStudent157@Department10.University0.edu}, {X=http://www.Department10.University0.edu/UndergraduateStudent119, Y=http://www.Department10.University0.edu, Z=UndergraduateStudent119@Department10.University0.edu}, {X=http://www.Department10.University0.edu/UndergraduateStudent235, Y=http://www.Department10.University0.edu, Z=UndergraduateStudent235@Department10.University0.edu}, {X=http://www.Department10.University0.edu/UndergraduateStudent25, Y=http://www.Department10.University0.edu, Z=UndergraduateStudent25@Department10.University0.edu}, {X=http://www.Department10.University0.edu/UndergraduateStudent325, Y=http://www.Department10.University0.edu, Z=UndergraduateStudent325@Department10.University0.edu}, {X=http://www.Department10.University0.edu/GraduateStudent21, Y=http://www.Department10.University0.edu, Z=GraduateStudent21@Department10.University0.edu}, {X=http://www.Department10.University0.edu/UndergraduateStudent236, Y=http://www.Department10.University0.edu, Z=UndergraduateStudent236@Department10.University0.edu}, {X=http://www.Department10.University0.edu/UndergraduateStudent96, Y=http://www.Department10.University0.edu, Z=UndergraduateStudent96@Department10.University0.edu}, {X=http://www.Department10.University0.edu/UndergraduateStudent255, Y=http://www.Department10.University0.edu, Z=UndergraduateStudent255@Department10.University0.edu}, {X=http://www.Department10.University0.edu/UndergraduateStudent0, Y=http://www.Department10.University0.edu, Z=UndergraduateStudent0@Department10.University0.edu}, {X=http://www.Department10.University0.edu/UndergraduateStudent313, Y=http://www.Department10.University0.edu, Z=UndergraduateStudent313@Department10.University0.edu}, {X=http://www.Department10.University0.edu/UndergraduateStudent399, Y=http://www.Department10.University0.edu, Z=UndergraduateStudent399@Department10.University0.edu}, {X=http://www.Department10.University0.edu/UndergraduateStudent267, Y=http://www.Department10.University0.edu, Z=UndergraduateStudent267@Department10.University0.edu}, {X=http://www.Department10.University0.edu/UndergraduateStudent38, Y=http://www.Department10.University0.edu, Z=UndergraduateStudent38@Department10.University0.edu}, {X=http://www.Department10.University0.edu/GraduateStudent57, Y=http://www.Department10.University0.edu, Z=GraduateStudent57@Department10.University0.edu}, {X=http://www.Department10.University0.edu/UndergraduateStudent180, Y=http://www.Department10.University0.edu, Z=UndergraduateStudent180@Department10.University0.edu}, {X=http://www.Department10.University0.edu/UndergraduateStudent143, Y=http://www.Department10.University0.edu, Z=UndergraduateStudent143@Department10.University0.edu}, {X=http://www.Department10.University0.edu/UndergraduateStudent76, Y=http://www.Department10.University0.edu, Z=UndergraduateStudent76@Department10.University0.edu}, {X=http://www.Department10.University0.edu/UndergraduateStudent101, Y=http://www.Department10.University0.edu, Z=UndergraduateStudent101@Department10.University0.edu}, {X=http://www.Department10.University0.edu/UndergraduateStudent342, Y=http://www.Department10.University0.edu, Z=UndergraduateStudent342@Department10.University0.edu}, {X=http://www.Department10.University0.edu/UndergraduateStudent168, Y=http://www.Department10.University0.edu, Z=UndergraduateStudent168@Department10.University0.edu}, {X=http://www.Department10.University0.edu/UndergraduateStudent6, Y=http://www.Department10.University0.edu, Z=UndergraduateStudent6@Department10.University0.edu}, {X=http://www.Department10.University0.edu/UndergraduateStudent144, Y=http://www.Department10.University0.edu, Z=UndergraduateStudent144@Department10.University0.edu}, {X=http://www.Department10.University0.edu/UndergraduateStudent311, Y=http://www.Department10.University0.edu, Z=UndergraduateStudent311@Department10.University0.edu}, {X=http://www.Department10.University0.edu/GraduateStudent44, Y=http://www.Department10.University0.edu, Z=GraduateStudent44@Department10.University0.edu}, {X=http://www.Department10.University0.edu/GraduateStudent30, Y=http://www.Department10.University0.edu, Z=GraduateStudent30@Department10.University0.edu}, {X=http://www.Department10.University0.edu/UndergraduateStudent152, Y=http://www.Department10.University0.edu, Z=UndergraduateStudent152@Department10.University0.edu}, {X=http://www.Department10.University0.edu/UndergraduateStudent72, Y=http://www.Department10.University0.edu, Z=UndergraduateStudent72@Department10.University0.edu}, {X=http://www.Department10.University0.edu/UndergraduateStudent341, Y=http://www.Department10.University0.edu, Z=UndergraduateStudent341@Department10.University0.edu}, {X=http://www.Department10.University0.edu/GraduateStudent46, Y=http://www.Department10.University0.edu, Z=GraduateStudent46@Department10.University0.edu}, {X=http://www.Department10.University0.edu/UndergraduateStudent336, Y=http://www.Department10.University0.edu, Z=UndergraduateStudent336@Department10.University0.edu}, {X=http://www.Department10.University0.edu/UndergraduateStudent350, Y=http://www.Department10.University0.edu, Z=UndergraduateStudent350@Department10.University0.edu}, {X=http://www.Department10.University0.edu/GraduateStudent76, Y=http://www.Department10.University0.edu, Z=GraduateStudent76@Department10.University0.edu}, {X=http://www.Department10.University0.edu/GraduateStudent40, Y=http://www.Department10.University0.edu, Z=GraduateStudent40@Department10.University0.edu}, {X=http://www.Department10.University0.edu/UndergraduateStudent162, Y=http://www.Department10.University0.edu, Z=UndergraduateStudent162@Department10.University0.edu}, {X=http://www.Department10.University0.edu/GraduateStudent97, Y=http://www.Department10.University0.edu, Z=GraduateStudent97@Department10.University0.edu}, {X=http://www.Department10.University0.edu/UndergraduateStudent159, Y=http://www.Department10.University0.edu, Z=UndergraduateStudent159@Department10.University0.edu}, {X=http://www.Department10.University0.edu/UndergraduateStudent109, Y=http://www.Department10.University0.edu, Z=UndergraduateStudent109@Department10.University0.edu}, {X=http://www.Department10.University0.edu/GraduateStudent99, Y=http://www.Department10.University0.edu, Z=GraduateStudent99@Department10.University0.edu}, {X=http://www.Department10.University0.edu/UndergraduateStudent365, Y=http://www.Department10.University0.edu, Z=UndergraduateStudent365@Department10.University0.edu}, {X=http://www.Department10.University0.edu/UndergraduateStudent4, Y=http://www.Department10.University0.edu, Z=UndergraduateStudent4@Department10.University0.edu}, {X=http://www.Department10.University0.edu/GraduateStudent62, Y=http://www.Department10.University0.edu, Z=GraduateStudent62@Department10.University0.edu}, {X=http://www.Department10.University0.edu/GraduateStudent12, Y=http://www.Department10.University0.edu, Z=GraduateStudent12@Department10.University0.edu}, {X=http://www.Department10.University0.edu/UndergraduateStudent379, Y=http://www.Department10.University0.edu, Z=UndergraduateStudent379@Department10.University0.edu}, {X=http://www.Department10.University0.edu/GraduateStudent61, Y=http://www.Department10.University0.edu, Z=GraduateStudent61@Department10.University0.edu}, {X=http://www.Department10.University0.edu/GraduateStudent124, Y=http://www.Department10.University0.edu, Z=GraduateStudent124@Department10.University0.edu}, {X=http://www.Department10.University0.edu/UndergraduateStudent384, Y=http://www.Department10.University0.edu, Z=UndergraduateStudent384@Department10.University0.edu}, {X=http://www.Department10.University0.edu/UndergraduateStudent28, Y=http://www.Department10.University0.edu, Z=UndergraduateStudent28@Department10.University0.edu}, {X=http://www.Department10.University0.edu/UndergraduateStudent192, Y=http://www.Department10.University0.edu, Z=UndergraduateStudent192@Department10.University0.edu}, {X=http://www.Department10.University0.edu/UndergraduateStudent42, Y=http://www.Department10.University0.edu, Z=UndergraduateStudent42@Department10.University0.edu}, {X=http://www.Department10.University0.edu/UndergraduateStudent153, Y=http://www.Department10.University0.edu, Z=UndergraduateStudent153@Department10.University0.edu}, {X=http://www.Department10.University0.edu/UndergraduateStudent160, Y=http://www.Department10.University0.edu, Z=UndergraduateStudent160@Department10.University0.edu}, {X=http://www.Department10.University0.edu/UndergraduateStudent154, Y=http://www.Department10.University0.edu, Z=UndergraduateStudent154@Department10.University0.edu}, {X=http://www.Department10.University0.edu/GraduateStudent29, Y=http://www.Department10.University0.edu, Z=GraduateStudent29@Department10.University0.edu}, {X=http://www.Department10.University0.edu/GraduateStudent118, Y=http://www.Department10.University0.edu, Z=GraduateStudent118@Department10.University0.edu}, {X=http://www.Department10.University0.edu/GraduateStudent80, Y=http://www.Department10.University0.edu, Z=GraduateStudent80@Department10.University0.edu}, {X=http://www.Department10.University0.edu/UndergraduateStudent18, Y=http://www.Department10.University0.edu, Z=UndergraduateStudent18@Department10.University0.edu}, {X=http://www.Department10.University0.edu/UndergraduateStudent328, Y=http://www.Department10.University0.edu, Z=UndergraduateStudent328@Department10.University0.edu}, {X=http://www.Department10.University0.edu/GraduateStudent60, Y=http://www.Department10.University0.edu, Z=GraduateStudent60@Department10.University0.edu}, {X=http://www.Department10.University0.edu/UndergraduateStudent315, Y=http://www.Department10.University0.edu, Z=UndergraduateStudent315@Department10.University0.edu}, {X=http://www.Department10.University0.edu/GraduateStudent113, Y=http://www.Department10.University0.edu, Z=GraduateStudent113@Department10.University0.edu}, {X=http://www.Department10.University0.edu/UndergraduateStudent130, Y=http://www.Department10.University0.edu, Z=UndergraduateStudent130@Department10.University0.edu}, {X=http://www.Department10.University0.edu/UndergraduateStudent34, Y=http://www.Department10.University0.edu, Z=UndergraduateStudent34@Department10.University0.edu}, {X=http://www.Department10.University0.edu/UndergraduateStudent231, Y=http://www.Department10.University0.edu, Z=UndergraduateStudent231@Department10.University0.edu}, {X=http://www.Department10.University0.edu/GraduateStudent86, Y=http://www.Department10.University0.edu, Z=GraduateStudent86@Department10.University0.edu}, {X=http://www.Department10.University0.edu/UndergraduateStudent229, Y=http://www.Department10.University0.edu, Z=UndergraduateStudent229@Department10.University0.edu}, {X=http://www.Department10.University0.edu/UndergraduateStudent303, Y=http://www.Department10.University0.edu, Z=UndergraduateStudent303@Department10.University0.edu}, {X=http://www.Department10.University0.edu/UndergraduateStudent171, Y=http://www.Department10.University0.edu, Z=UndergraduateStudent171@Department10.University0.edu}, {X=http://www.Department10.University0.edu/UndergraduateStudent47, Y=http://www.Department10.University0.edu, Z=UndergraduateStudent47@Department10.University0.edu}, {X=http://www.Department10.University0.edu/UndergraduateStudent94, Y=http://www.Department10.University0.edu, Z=UndergraduateStudent94@Department10.University0.edu}, {X=http://www.Department10.University0.edu/GraduateStudent45, Y=http://www.Department10.University0.edu, Z=GraduateStudent45@Department10.University0.edu}, {X=http://www.Department10.University0.edu/UndergraduateStudent318, Y=http://www.Department10.University0.edu, Z=UndergraduateStudent318@Department10.University0.edu}, {X=http://www.Department10.University0.edu/GraduateStudent23, Y=http://www.Department10.University0.edu, Z=GraduateStudent23@Department10.University0.edu}, {X=http://www.Department10.University0.edu/UndergraduateStudent35, Y=http://www.Department10.University0.edu, Z=UndergraduateStudent35@Department10.University0.edu}, {X=http://www.Department10.University0.edu/UndergraduateStudent320, Y=http://www.Department10.University0.edu, Z=UndergraduateStudent320@Department10.University0.edu}, {X=http://www.Department10.University0.edu/UndergraduateStudent113, Y=http://www.Department10.University0.edu, Z=UndergraduateStudent113@Department10.University0.edu}, {X=http://www.Department10.University0.edu/UndergraduateStudent9, Y=http://www.Department10.University0.edu, Z=UndergraduateStudent9@Department10.University0.edu}, {X=http://www.Department10.University0.edu/UndergraduateStudent127, Y=http://www.Department10.University0.edu, Z=UndergraduateStudent127@Department10.University0.edu}, {X=http://www.Department10.University0.edu/UndergraduateStudent258, Y=http://www.Department10.University0.edu, Z=UndergraduateStudent258@Department10.University0.edu}, {X=http://www.Department10.University0.edu/GraduateStudent70, Y=http://www.Department10.University0.edu, Z=GraduateStudent70@Department10.University0.edu}, {X=http://www.Department10.University0.edu/UndergraduateStudent78, Y=http://www.Department10.University0.edu, Z=UndergraduateStudent78@Department10.University0.edu}, {X=http://www.Department10.University0.edu/UndergraduateStudent373, Y=http://www.Department10.University0.edu, Z=UndergraduateStudent373@Department10.University0.edu}, {X=http://www.Department10.University0.edu/GraduateStudent72, Y=http://www.Department10.University0.edu, Z=GraduateStudent72@Department10.University0.edu}, {X=http://www.Department10.University0.edu/UndergraduateStudent238, Y=http://www.Department10.University0.edu, Z=UndergraduateStudent238@Department10.University0.edu}, {X=http://www.Department10.University0.edu/UndergraduateStudent331, Y=http://www.Department10.University0.edu, Z=UndergraduateStudent331@Department10.University0.edu}, {X=http://www.Department10.University0.edu/UndergraduateStudent209, Y=http://www.Department10.University0.edu, Z=UndergraduateStudent209@Department10.University0.edu}, {X=http://www.Department10.University0.edu/UndergraduateStudent221, Y=http://www.Department10.University0.edu, Z=UndergraduateStudent221@Department10.University0.edu}, {X=http://www.Department10.University0.edu/UndergraduateStudent326, Y=http://www.Department10.University0.edu, Z=UndergraduateStudent326@Department10.University0.edu}, {X=http://www.Department10.University0.edu/UndergraduateStudent8, Y=http://www.Department10.University0.edu, Z=UndergraduateStudent8@Department10.University0.edu}, {X=http://www.Department10.University0.edu/UndergraduateStudent87, Y=http://www.Department10.University0.edu, Z=UndergraduateStudent87@Department10.University0.edu}, {X=http://www.Department10.University0.edu/UndergraduateStudent244, Y=http://www.Department10.University0.edu, Z=UndergraduateStudent244@Department10.University0.edu}, {X=http://www.Department10.University0.edu/UndergraduateStudent300, Y=http://www.Department10.University0.edu, Z=UndergraduateStudent300@Department10.University0.edu}, {X=http://www.Department10.University0.edu/UndergraduateStudent262, Y=http://www.Department10.University0.edu, Z=UndergraduateStudent262@Department10.University0.edu}, {X=http://www.Department10.University0.edu/UndergraduateStudent10, Y=http://www.Department10.University0.edu, Z=UndergraduateStudent10@Department10.University0.edu}, {X=http://www.Department10.University0.edu/UndergraduateStudent356, Y=http://www.Department10.University0.edu, Z=UndergraduateStudent356@Department10.University0.edu}, {X=http://www.Department10.University0.edu/UndergraduateStudent391, Y=http://www.Department10.University0.edu, Z=UndergraduateStudent391@Department10.University0.edu}, {X=http://www.Department10.University0.edu/UndergraduateStudent346, Y=http://www.Department10.University0.edu, Z=UndergraduateStudent346@Department10.University0.edu}, {X=http://www.Department10.University0.edu/GraduateStudent121, Y=http://www.Department10.University0.edu, Z=GraduateStudent121@Department10.University0.edu}, {X=http://www.Department10.University0.edu/UndergraduateStudent185, Y=http://www.Department10.University0.edu, Z=UndergraduateStudent185@Department10.University0.edu}, {X=http://www.Department10.University0.edu/UndergraduateStudent301, Y=http://www.Department10.University0.edu, Z=UndergraduateStudent301@Department10.University0.edu}, {X=http://www.Department10.University0.edu/GraduateStudent43, Y=http://www.Department10.University0.edu, Z=GraduateStudent43@Department10.University0.edu}, {X=http://www.Department10.University0.edu/UndergraduateStudent404, Y=http://www.Department10.University0.edu, Z=UndergraduateStudent404@Department10.University0.edu}, {X=http://www.Department10.University0.edu/UndergraduateStudent11, Y=http://www.Department10.University0.edu, Z=UndergraduateStudent11@Department10.University0.edu}, {X=http://www.Department10.University0.edu/UndergraduateStudent316, Y=http://www.Department10.University0.edu, Z=UndergraduateStudent316@Department10.University0.edu}, {X=http://www.Department10.University0.edu/UndergraduateStudent75, Y=http://www.Department10.University0.edu, Z=UndergraduateStudent75@Department10.University0.edu}, {X=http://www.Department10.University0.edu/UndergraduateStudent93, Y=http://www.Department10.University0.edu, Z=UndergraduateStudent93@Department10.University0.edu}, {X=http://www.Department10.University0.edu/GraduateStudent89, Y=http://www.Department10.University0.edu, Z=GraduateStudent89@Department10.University0.edu}, {X=http://www.Department10.University0.edu/GraduateStudent136, Y=http://www.Department10.University0.edu, Z=GraduateStudent136@Department10.University0.edu}, {X=http://www.Department10.University0.edu/UndergraduateStudent52, Y=http://www.Department10.University0.edu, Z=UndergraduateStudent52@Department10.University0.edu}, {X=http://www.Department10.University0.edu/UndergraduateStudent40, Y=http://www.Department10.University0.edu, Z=UndergraduateStudent40@Department10.University0.edu}, {X=http://www.Department10.University0.edu/UndergraduateStudent358, Y=http://www.Department10.University0.edu, Z=UndergraduateStudent358@Department10.University0.edu}, {X=http://www.Department10.University0.edu/UndergraduateStudent37, Y=http://www.Department10.University0.edu, Z=UndergraduateStudent37@Department10.University0.edu}, {X=http://www.Department10.University0.edu/UndergraduateStudent196, Y=http://www.Department10.University0.edu, Z=UndergraduateStudent196@Department10.University0.edu}, {X=http://www.Department10.University0.edu/UndergraduateStudent164, Y=http://www.Department10.University0.edu, Z=UndergraduateStudent164@Department10.University0.edu}, {X=http://www.Department10.University0.edu/UndergraduateStudent16, Y=http://www.Department10.University0.edu, Z=UndergraduateStudent16@Department10.University0.edu}, {X=http://www.Department10.University0.edu/UndergraduateStudent17, Y=http://www.Department10.University0.edu, Z=UndergraduateStudent17@Department10.University0.edu}, {X=http://www.Department10.University0.edu/GraduateStudent84, Y=http://www.Department10.University0.edu, Z=GraduateStudent84@Department10.University0.edu}, {X=http://www.Department10.University0.edu/GraduateStudent132, Y=http://www.Department10.University0.edu, Z=GraduateStudent132@Department10.University0.edu}, {X=http://www.Department10.University0.edu/UndergraduateStudent20, Y=http://www.Department10.University0.edu, Z=UndergraduateStudent20@Department10.University0.edu}, {X=http://www.Department10.University0.edu/UndergraduateStudent294, Y=http://www.Department10.University0.edu, Z=UndergraduateStudent294@Department10.University0.edu}, {X=http://www.Department10.University0.edu/UndergraduateStudent282, Y=http://www.Department10.University0.edu, Z=UndergraduateStudent282@Department10.University0.edu}, {X=http://www.Department10.University0.edu/UndergraduateStudent388, Y=http://www.Department10.University0.edu, Z=UndergraduateStudent388@Department10.University0.edu}, {X=http://www.Department10.University0.edu/UndergraduateStudent370, Y=http://www.Department10.University0.edu, Z=UndergraduateStudent370@Department10.University0.edu}, {X=http://www.Department10.University0.edu/UndergraduateStudent216, Y=http://www.Department10.University0.edu, Z=UndergraduateStudent216@Department10.University0.edu}, {X=http://www.Department10.University0.edu/GraduateStudent112, Y=http://www.Department10.University0.edu, Z=GraduateStudent112@Department10.University0.edu}, {X=http://www.Department10.University0.edu/UndergraduateStudent292, Y=http://www.Department10.University0.edu, Z=UndergraduateStudent292@Department10.University0.edu}, {X=http://www.Department10.University0.edu/UndergraduateStudent270, Y=http://www.Department10.University0.edu, Z=UndergraduateStudent270@Department10.University0.edu}, {X=http://www.Department10.University0.edu/UndergraduateStudent340, Y=http://www.Department10.University0.edu, Z=UndergraduateStudent340@Department10.University0.edu}, {X=http://www.Department10.University0.edu/UndergraduateStudent309, Y=http://www.Department10.University0.edu, Z=UndergraduateStudent309@Department10.University0.edu}, {X=http://www.Department10.University0.edu/UndergraduateStudent142, Y=http://www.Department10.University0.edu, Z=UndergraduateStudent142@Department10.University0.edu}, {X=http://www.Department10.University0.edu/UndergraduateStudent310, Y=http://www.Department10.University0.edu, Z=UndergraduateStudent310@Department10.University0.edu}, {X=http://www.Department10.University0.edu/UndergraduateStudent129, Y=http://www.Department10.University0.edu, Z=UndergraduateStudent129@Department10.University0.edu}, {X=http://www.Department10.University0.edu/UndergraduateStudent249, Y=http://www.Department10.University0.edu, Z=UndergraduateStudent249@Department10.University0.edu}, {X=http://www.Department10.University0.edu/UndergraduateStudent410, Y=http://www.Department10.University0.edu, Z=UndergraduateStudent410@Department10.University0.edu}, {X=http://www.Department10.University0.edu/UndergraduateStudent147, Y=http://www.Department10.University0.edu, Z=UndergraduateStudent147@Department10.University0.edu}, {X=http://www.Department10.University0.edu/UndergraduateStudent59, Y=http://www.Department10.University0.edu, Z=UndergraduateStudent59@Department10.University0.edu}, {X=http://www.Department10.University0.edu/UndergraduateStudent181, Y=http://www.Department10.University0.edu, Z=UndergraduateStudent181@Department10.University0.edu}, {X=http://www.Department10.University0.edu/UndergraduateStudent213, Y=http://www.Department10.University0.edu, Z=UndergraduateStudent213@Department10.University0.edu}, {X=http://www.Department10.University0.edu/UndergraduateStudent386, Y=http://www.Department10.University0.edu, Z=UndergraduateStudent386@Department10.University0.edu}, {X=http://www.Department10.University0.edu/GraduateStudent109, Y=http://www.Department10.University0.edu, Z=GraduateStudent109@Department10.University0.edu}, {X=http://www.Department10.University0.edu/UndergraduateStudent295, Y=http://www.Department10.University0.edu, Z=UndergraduateStudent295@Department10.University0.edu}, {X=http://www.Department10.University0.edu/GraduateStudent105, Y=http://www.Department10.University0.edu, Z=GraduateStudent105@Department10.University0.edu}, {X=http://www.Department10.University0.edu/UndergraduateStudent396, Y=http://www.Department10.University0.edu, Z=UndergraduateStudent396@Department10.University0.edu}, {X=http://www.Department10.University0.edu/UndergraduateStudent121, Y=http://www.Department10.University0.edu, Z=UndergraduateStudent121@Department10.University0.edu}, {X=http://www.Department10.University0.edu/GraduateStudent14, Y=http://www.Department10.University0.edu, Z=GraduateStudent14@Department10.University0.edu}, {X=http://www.Department10.University0.edu/UndergraduateStudent212, Y=http://www.Department10.University0.edu, Z=UndergraduateStudent212@Department10.University0.edu}, {X=http://www.Department10.University0.edu/GraduateStudent20, Y=http://www.Department10.University0.edu, Z=GraduateStudent20@Department10.University0.edu}, {X=http://www.Department10.University0.edu/UndergraduateStudent66, Y=http://www.Department10.University0.edu, Z=UndergraduateStudent66@Department10.University0.edu}, {X=http://www.Department10.University0.edu/UndergraduateStudent61, Y=http://www.Department10.University0.edu, Z=UndergraduateStudent61@Department10.University0.edu}, {X=http://www.Department10.University0.edu/GraduateStudent64, Y=http://www.Department10.University0.edu, Z=GraduateStudent64@Department10.University0.edu}, {X=http://www.Department10.University0.edu/UndergraduateStudent279, Y=http://www.Department10.University0.edu, Z=UndergraduateStudent279@Department10.University0.edu}, {X=http://www.Department10.University0.edu/UndergraduateStudent74, Y=http://www.Department10.University0.edu, Z=UndergraduateStudent74@Department10.University0.edu}, {X=http://www.Department10.University0.edu/UndergraduateStudent198, Y=http://www.Department10.University0.edu, Z=UndergraduateStudent198@Department10.University0.edu}, {X=http://www.Department10.University0.edu/UndergraduateStudent277, Y=http://www.Department10.University0.edu, Z=UndergraduateStudent277@Department10.University0.edu}, {X=http://www.Department10.University0.edu/UndergraduateStudent240, Y=http://www.Department10.University0.edu, Z=UndergraduateStudent240@Department10.University0.edu}, {X=http://www.Department10.University0.edu/UndergraduateStudent304, Y=http://www.Department10.University0.edu, Z=UndergraduateStudent304@Department10.University0.edu}, {X=http://www.Department10.University0.edu/UndergraduateStudent252, Y=http://www.Department10.University0.edu, Z=UndergraduateStudent252@Department10.University0.edu}, {X=http://www.Department10.University0.edu/UndergraduateStudent204, Y=http://www.Department10.University0.edu, Z=UndergraduateStudent204@Department10.University0.edu}, {X=http://www.Department10.University0.edu/UndergraduateStudent214, Y=http://www.Department10.University0.edu, Z=UndergraduateStudent214@Department10.University0.edu}, {X=http://www.Department10.University0.edu/UndergraduateStudent149, Y=http://www.Department10.University0.edu, Z=UndergraduateStudent149@Department10.University0.edu}, {X=http://www.Department10.University0.edu/GraduateStudent116, Y=http://www.Department10.University0.edu, Z=GraduateStudent116@Department10.University0.edu}, {X=http://www.Department10.University0.edu/UndergraduateStudent116, Y=http://www.Department10.University0.edu, Z=UndergraduateStudent116@Department10.University0.edu}, {X=http://www.Department10.University0.edu/UndergraduateStudent299, Y=http://www.Department10.University0.edu, Z=UndergraduateStudent299@Department10.University0.edu}, {X=http://www.Department10.University0.edu/UndergraduateStudent3, Y=http://www.Department10.University0.edu, Z=UndergraduateStudent3@Department10.University0.edu}, {X=http://www.Department10.University0.edu/UndergraduateStudent15, Y=http://www.Department10.University0.edu, Z=UndergraduateStudent15@Department10.University0.edu}, {X=http://www.Department10.University0.edu/UndergraduateStudent261, Y=http://www.Department10.University0.edu, Z=UndergraduateStudent261@Department10.University0.edu}, {X=http://www.Department10.University0.edu/GraduateStudent100, Y=http://www.Department10.University0.edu, Z=GraduateStudent100@Department10.University0.edu}, {X=http://www.Department10.University0.edu/UndergraduateStudent80, Y=http://www.Department10.University0.edu, Z=UndergraduateStudent80@Department10.University0.edu}, {X=http://www.Department10.University0.edu/UndergraduateStudent406, Y=http://www.Department10.University0.edu, Z=UndergraduateStudent406@Department10.University0.edu}, {X=http://www.Department10.University0.edu/UndergraduateStudent369, Y=http://www.Department10.University0.edu, Z=UndergraduateStudent369@Department10.University0.edu}, {X=http://www.Department10.University0.edu/UndergraduateStudent175, Y=http://www.Department10.University0.edu, Z=UndergraduateStudent175@Department10.University0.edu}, {X=http://www.Department10.University0.edu/UndergraduateStudent148, Y=http://www.Department10.University0.edu, Z=UndergraduateStudent148@Department10.University0.edu}, {X=http://www.Department10.University0.edu/GraduateStudent129, Y=http://www.Department10.University0.edu, Z=GraduateStudent129@Department10.University0.edu}, {X=http://www.Department10.University0.edu/UndergraduateStudent122, Y=http://www.Department10.University0.edu, Z=UndergraduateStudent122@Department10.University0.edu}, {X=http://www.Department10.University0.edu/UndergraduateStudent228, Y=http://www.Department10.University0.edu, Z=UndergraduateStudent228@Department10.University0.edu}, {X=http://www.Department10.University0.edu/UndergraduateStudent102, Y=http://www.Department10.University0.edu, Z=UndergraduateStudent102@Department10.University0.edu}, {X=http://www.Department10.University0.edu/GraduateStudent115, Y=http://www.Department10.University0.edu, Z=GraduateStudent115@Department10.University0.edu}, {X=http://www.Department10.University0.edu/UndergraduateStudent354, Y=http://www.Department10.University0.edu, Z=UndergraduateStudent354@Department10.University0.edu}, {X=http://www.Department10.University0.edu/UndergraduateStudent174, Y=http://www.Department10.University0.edu, Z=UndergraduateStudent174@Department10.University0.edu}, {X=http://www.Department10.University0.edu/UndergraduateStudent155, Y=http://www.Department10.University0.edu, Z=UndergraduateStudent155@Department10.University0.edu}, {X=http://www.Department10.University0.edu/UndergraduateStudent349, Y=http://www.Department10.University0.edu, Z=UndergraduateStudent349@Department10.University0.edu}, {X=http://www.Department10.University0.edu/GraduateStudent82, Y=http://www.Department10.University0.edu, Z=GraduateStudent82@Department10.University0.edu}, {X=http://www.Department10.University0.edu/UndergraduateStudent219, Y=http://www.Department10.University0.edu, Z=UndergraduateStudent219@Department10.University0.edu}, {X=http://www.Department10.University0.edu/UndergraduateStudent243, Y=http://www.Department10.University0.edu, Z=UndergraduateStudent243@Department10.University0.edu}, {X=http://www.Department10.University0.edu/UndergraduateStudent26, Y=http://www.Department10.University0.edu, Z=UndergraduateStudent26@Department10.University0.edu}, {X=http://www.Department10.University0.edu/GraduateStudent9, Y=http://www.Department10.University0.edu, Z=GraduateStudent9@Department10.University0.edu}, {X=http://www.Department10.University0.edu/UndergraduateStudent247, Y=http://www.Department10.University0.edu, Z=UndergraduateStudent247@Department10.University0.edu}, {X=http://www.Department10.University0.edu/GraduateStudent49, Y=http://www.Department10.University0.edu, Z=GraduateStudent49@Department10.University0.edu}, {X=http://www.Department10.University0.edu/GraduateStudent108, Y=http://www.Department10.University0.edu, Z=GraduateStudent108@Department10.University0.edu}, {X=http://www.Department10.University0.edu/UndergraduateStudent272, Y=http://www.Department10.University0.edu, Z=UndergraduateStudent272@Department10.University0.edu}, {X=http://www.Department10.University0.edu/GraduateStudent81, Y=http://www.Department10.University0.edu, Z=GraduateStudent81@Department10.University0.edu}, {X=http://www.Department10.University0.edu/UndergraduateStudent239, Y=http://www.Department10.University0.edu, Z=UndergraduateStudent239@Department10.University0.edu}, {X=http://www.Department10.University0.edu/UndergraduateStudent13, Y=http://www.Department10.University0.edu, Z=UndergraduateStudent13@Department10.University0.edu}, {X=http://www.Department10.University0.edu/UndergraduateStudent195, Y=http://www.Department10.University0.edu, Z=UndergraduateStudent195@Department10.University0.edu}, {X=http://www.Department10.University0.edu/GraduateStudent94, Y=http://www.Department10.University0.edu, Z=GraduateStudent94@Department10.University0.edu}, {X=http://www.Department10.University0.edu/UndergraduateStudent183, Y=http://www.Department10.University0.edu, Z=UndergraduateStudent183@Department10.University0.edu}, {X=http://www.Department10.University0.edu/UndergraduateStudent163, Y=http://www.Department10.University0.edu, Z=UndergraduateStudent163@Department10.University0.edu}, {X=http://www.Department10.University0.edu/GraduateStudent65, Y=http://www.Department10.University0.edu, Z=GraduateStudent65@Department10.University0.edu}, {X=http://www.Department10.University0.edu/UndergraduateStudent27, Y=http://www.Department10.University0.edu, Z=UndergraduateStudent27@Department10.University0.edu}, {X=http://www.Department10.University0.edu/UndergraduateStudent30, Y=http://www.Department10.University0.edu, Z=UndergraduateStudent30@Department10.University0.edu}, {X=http://www.Department10.University0.edu/UndergraduateStudent125, Y=http://www.Department10.University0.edu, Z=UndergraduateStudent125@Department10.University0.edu}, {X=http://www.Department10.University0.edu/UndergraduateStudent14, Y=http://www.Department10.University0.edu, Z=UndergraduateStudent14@Department10.University0.edu}, {X=http://www.Department10.University0.edu/UndergraduateStudent70, Y=http://www.Department10.University0.edu, Z=UndergraduateStudent70@Department10.University0.edu}, {X=http://www.Department10.University0.edu/UndergraduateStudent53, Y=http://www.Department10.University0.edu, Z=UndergraduateStudent53@Department10.University0.edu}, {X=http://www.Department10.University0.edu/UndergraduateStudent329, Y=http://www.Department10.University0.edu, Z=UndergraduateStudent329@Department10.University0.edu}, {X=http://www.Department10.University0.edu/UndergraduateStudent139, Y=http://www.Department10.University0.edu, Z=UndergraduateStudent139@Department10.University0.edu}, {X=http://www.Department10.University0.edu/GraduateStudent18, Y=http://www.Department10.University0.edu, Z=GraduateStudent18@Department10.University0.edu}, {X=http://www.Department10.University0.edu/UndergraduateStudent333, Y=http://www.Department10.University0.edu, Z=UndergraduateStudent333@Department10.University0.edu}, {X=http://www.Department10.University0.edu/UndergraduateStudent359, Y=http://www.Department10.University0.edu, Z=UndergraduateStudent359@Department10.University0.edu}, {X=http://www.Department10.University0.edu/GraduateStudent19, Y=http://www.Department10.University0.edu, Z=GraduateStudent19@Department10.University0.edu}, {X=http://www.Department10.University0.edu/UndergraduateStudent187, Y=http://www.Department10.University0.edu, Z=UndergraduateStudent187@Department10.University0.edu}, {X=http://www.Department10.University0.edu/UndergraduateStudent202, Y=http://www.Department10.University0.edu, Z=UndergraduateStudent202@Department10.University0.edu}, {X=http://www.Department10.University0.edu/GraduateStudent91, Y=http://www.Department10.University0.edu, Z=GraduateStudent91@Department10.University0.edu}, {X=http://www.Department10.University0.edu/UndergraduateStudent385, Y=http://www.Department10.University0.edu, Z=UndergraduateStudent385@Department10.University0.edu}, {X=http://www.Department10.University0.edu/UndergraduateStudent286, Y=http://www.Department10.University0.edu, Z=UndergraduateStudent286@Department10.University0.edu}, {X=http://www.Department10.University0.edu/UndergraduateStudent206, Y=http://www.Department10.University0.edu, Z=UndergraduateStudent206@Department10.University0.edu}, {X=http://www.Department10.University0.edu/UndergraduateStudent225, Y=http://www.Department10.University0.edu, Z=UndergraduateStudent225@Department10.University0.edu}, {X=http://www.Department10.University0.edu/UndergraduateStudent182, Y=http://www.Department10.University0.edu, Z=UndergraduateStudent182@Department10.University0.edu}, {X=http://www.Department10.University0.edu/UndergraduateStudent283, Y=http://www.Department10.University0.edu, Z=UndergraduateStudent283@Department10.University0.edu}, {X=http://www.Department10.University0.edu/UndergraduateStudent161, Y=http://www.Department10.University0.edu, Z=UndergraduateStudent161@Department10.University0.edu}, {X=http://www.Department10.University0.edu/UndergraduateStudent23, Y=http://www.Department10.University0.edu, Z=UndergraduateStudent23@Department10.University0.edu}, {X=http://www.Department10.University0.edu/UndergraduateStudent401, Y=http://www.Department10.University0.edu, Z=UndergraduateStudent401@Department10.University0.edu}, {X=http://www.Department10.University0.edu/GraduateStudent54, Y=http://www.Department10.University0.edu, Z=GraduateStudent54@Department10.University0.edu}, {X=http://www.Department10.University0.edu/UndergraduateStudent321, Y=http://www.Department10.University0.edu, Z=UndergraduateStudent321@Department10.University0.edu}, {X=http://www.Department10.University0.edu/UndergraduateStudent296, Y=http://www.Department10.University0.edu, Z=UndergraduateStudent296@Department10.University0.edu}, {X=http://www.Department10.University0.edu/UndergraduateStudent178, Y=http://www.Department10.University0.edu, Z=UndergraduateStudent178@Department10.University0.edu}, {X=http://www.Department10.University0.edu/UndergraduateStudent344, Y=http://www.Department10.University0.edu, Z=UndergraduateStudent344@Department10.University0.edu}, {X=http://www.Department10.University0.edu/GraduateStudent25, Y=http://www.Department10.University0.edu, Z=GraduateStudent25@Department10.University0.edu}, {X=http://www.Department10.University0.edu/UndergraduateStudent257, Y=http://www.Department10.University0.edu, Z=UndergraduateStudent257@Department10.University0.edu}, {X=http://www.Department10.University0.edu/UndergraduateStudent383, Y=http://www.Department10.University0.edu, Z=UndergraduateStudent383@Department10.University0.edu}, {X=http://www.Department10.University0.edu/UndergraduateStudent63, Y=http://www.Department10.University0.edu, Z=UndergraduateStudent63@Department10.University0.edu}, {X=http://www.Department10.University0.edu/UndergraduateStudent57, Y=http://www.Department10.University0.edu, Z=UndergraduateStudent57@Department10.University0.edu}, {X=http://www.Department10.University0.edu/GraduateStudent104, Y=http://www.Department10.University0.edu, Z=GraduateStudent104@Department10.University0.edu}, {X=http://www.Department10.University0.edu/UndergraduateStudent335, Y=http://www.Department10.University0.edu, Z=UndergraduateStudent335@Department10.University0.edu}, {X=http://www.Department10.University0.edu/UndergraduateStudent207, Y=http://www.Department10.University0.edu, Z=UndergraduateStudent207@Department10.University0.edu}, {X=http://www.Department10.University0.edu/UndergraduateStudent248, Y=http://www.Department10.University0.edu, Z=UndergraduateStudent248@Department10.University0.edu}, {X=http://www.Department10.University0.edu/GraduateStudent11, Y=http://www.Department10.University0.edu, Z=GraduateStudent11@Department10.University0.edu}, {X=http://www.Department10.University0.edu/UndergraduateStudent298, Y=http://www.Department10.University0.edu, Z=UndergraduateStudent298@Department10.University0.edu}, {X=http://www.Department10.University0.edu/GraduateStudent13, Y=http://www.Department10.University0.edu, Z=GraduateStudent13@Department10.University0.edu}, {X=http://www.Department10.University0.edu/UndergraduateStudent90, Y=http://www.Department10.University0.edu, Z=UndergraduateStudent90@Department10.University0.edu}, {X=http://www.Department10.University0.edu/UndergraduateStudent194, Y=http://www.Department10.University0.edu, Z=UndergraduateStudent194@Department10.University0.edu}, {X=http://www.Department10.University0.edu/GraduateStudent68, Y=http://www.Department10.University0.edu, Z=GraduateStudent68@Department10.University0.edu}, {X=http://www.Department10.University0.edu/GraduateStudent10, Y=http://www.Department10.University0.edu, Z=GraduateStudent10@Department10.University0.edu}, {X=http://www.Department10.University0.edu/UndergraduateStudent173, Y=http://www.Department10.University0.edu, Z=UndergraduateStudent173@Department10.University0.edu}, {X=http://www.Department10.University0.edu/UndergraduateStudent39, Y=http://www.Department10.University0.edu, Z=UndergraduateStudent39@Department10.University0.edu}, {X=http://www.Department10.University0.edu/UndergraduateStudent217, Y=http://www.Department10.University0.edu, Z=UndergraduateStudent217@Department10.University0.edu}, {X=http://www.Department10.University0.edu/UndergraduateStudent158, Y=http://www.Department10.University0.edu, Z=UndergraduateStudent158@Department10.University0.edu}, {X=http://www.Department10.University0.edu/GraduateStudent93, Y=http://www.Department10.University0.edu, Z=GraduateStudent93@Department10.University0.edu}, {X=http://www.Department10.University0.edu/UndergraduateStudent211, Y=http://www.Department10.University0.edu, Z=UndergraduateStudent211@Department10.University0.edu}, {X=http://www.Department10.University0.edu/UndergraduateStudent382, Y=http://www.Department10.University0.edu, Z=UndergraduateStudent382@Department10.University0.edu}, {X=http://www.Department10.University0.edu/GraduateStudent39, Y=http://www.Department10.University0.edu, Z=GraduateStudent39@Department10.University0.edu}, {X=http://www.Department10.University0.edu/UndergraduateStudent201, Y=http://www.Department10.University0.edu, Z=UndergraduateStudent201@Department10.University0.edu}, {X=http://www.Department10.University0.edu/GraduateStudent63, Y=http://www.Department10.University0.edu, Z=GraduateStudent63@Department10.University0.edu}, {X=http://www.Department10.University0.edu/GraduateStudent52, Y=http://www.Department10.University0.edu, Z=GraduateStudent52@Department10.University0.edu}, {X=http://www.Department10.University0.edu/UndergraduateStudent353, Y=http://www.Department10.University0.edu, Z=UndergraduateStudent353@Department10.University0.edu}, {X=http://www.Department10.University0.edu/GraduateStudent101, Y=http://www.Department10.University0.edu, Z=GraduateStudent101@Department10.University0.edu}, {X=http://www.Department10.University0.edu/GraduateStudent125, Y=http://www.Department10.University0.edu, Z=GraduateStudent125@Department10.University0.edu}, {X=http://www.Department10.University0.edu/UndergraduateStudent2, Y=http://www.Department10.University0.edu, Z=UndergraduateStudent2@Department10.University0.edu}, {X=http://www.Department10.University0.edu/UndergraduateStudent62, Y=http://www.Department10.University0.edu, Z=UndergraduateStudent62@Department10.University0.edu}, {X=http://www.Department10.University0.edu/UndergraduateStudent22, Y=http://www.Department10.University0.edu, Z=UndergraduateStudent22@Department10.University0.edu}, {X=http://www.Department10.University0.edu/UndergraduateStudent234, Y=http://www.Department10.University0.edu, Z=UndergraduateStudent234@Department10.University0.edu}, {X=http://www.Department10.University0.edu/UndergraduateStudent308, Y=http://www.Department10.University0.edu, Z=UndergraduateStudent308@Department10.University0.edu}, {X=http://www.Department10.University0.edu/UndergraduateStudent97, Y=http://www.Department10.University0.edu, Z=UndergraduateStudent97@Department10.University0.edu}, {X=http://www.Department10.University0.edu/GraduateStudent4, Y=http://www.Department10.University0.edu, Z=GraduateStudent4@Department10.University0.edu}, {X=http://www.Department10.University0.edu/UndergraduateStudent377, Y=http://www.Department10.University0.edu, Z=UndergraduateStudent377@Department10.University0.edu}, {X=http://www.Department10.University0.edu/UndergraduateStudent41, Y=http://www.Department10.University0.edu, Z=UndergraduateStudent41@Department10.University0.edu}, {X=http://www.Department10.University0.edu/UndergraduateStudent250, Y=http://www.Department10.University0.edu, Z=UndergraduateStudent250@Department10.University0.edu}, {X=http://www.Department10.University0.edu/UndergraduateStudent330, Y=http://www.Department10.University0.edu, Z=UndergraduateStudent330@Department10.University0.edu}, {X=http://www.Department10.University0.edu/UndergraduateStudent227, Y=http://www.Department10.University0.edu, Z=UndergraduateStudent227@Department10.University0.edu}, {X=http://www.Department10.University0.edu/GraduateStudent96, Y=http://www.Department10.University0.edu, Z=GraduateStudent96@Department10.University0.edu}, {X=http://www.Department10.University0.edu/UndergraduateStudent199, Y=http://www.Department10.University0.edu, Z=UndergraduateStudent199@Department10.University0.edu}, {X=http://www.Department10.University0.edu/GraduateStudent131, Y=http://www.Department10.University0.edu, Z=GraduateStudent131@Department10.University0.edu}, {X=http://www.Department10.University0.edu/UndergraduateStudent265, Y=http://www.Department10.University0.edu, Z=UndergraduateStudent265@Department10.University0.edu}, {X=http://www.Department10.University0.edu/UndergraduateStudent131, Y=http://www.Department10.University0.edu, Z=UndergraduateStudent131@Department10.University0.edu}, {X=http://www.Department10.University0.edu/UndergraduateStudent48, Y=http://www.Department10.University0.edu, Z=UndergraduateStudent48@Department10.University0.edu}, {X=http://www.Department10.University0.edu/GraduateStudent33, Y=http://www.Department10.University0.edu, Z=GraduateStudent33@Department10.University0.edu}, {X=http://www.Department10.University0.edu/UndergraduateStudent137, Y=http://www.Department10.University0.edu, Z=UndergraduateStudent137@Department10.University0.edu}, {X=http://www.Department10.University0.edu/UndergraduateStudent281, Y=http://www.Department10.University0.edu, Z=UndergraduateStudent281@Department10.University0.edu}, {X=http://www.Department10.University0.edu/UndergraduateStudent166, Y=http://www.Department10.University0.edu, Z=UndergraduateStudent166@Department10.University0.edu}, {X=http://www.Department10.University0.edu/UndergraduateStudent233, Y=http://www.Department10.University0.edu, Z=UndergraduateStudent233@Department10.University0.edu}, {X=http://www.Department10.University0.edu/GraduateStudent98, Y=http://www.Department10.University0.edu, Z=GraduateStudent98@Department10.University0.edu}, {X=http://www.Department10.University0.edu/UndergraduateStudent67, Y=http://www.Department10.University0.edu, Z=UndergraduateStudent67@Department10.University0.edu}, {X=http://www.Department10.University0.edu/UndergraduateStudent85, Y=http://www.Department10.University0.edu, Z=UndergraduateStudent85@Department10.University0.edu}, {X=http://www.Department10.University0.edu/UndergraduateStudent88, Y=http://www.Department10.University0.edu, Z=UndergraduateStudent88@Department10.University0.edu}, {X=http://www.Department10.University0.edu/UndergraduateStudent120, Y=http://www.Department10.University0.edu, Z=UndergraduateStudent120@Department10.University0.edu}, {X=http://www.Department10.University0.edu/GraduateStudent123, Y=http://www.Department10.University0.edu, Z=GraduateStudent123@Department10.University0.edu}, {X=http://www.Department10.University0.edu/GraduateStudent110, Y=http://www.Department10.University0.edu, Z=GraduateStudent110@Department10.University0.edu}, {X=http://www.Department10.University0.edu/UndergraduateStudent36, Y=http://www.Department10.University0.edu, Z=UndergraduateStudent36@Department10.University0.edu}, {X=http://www.Department10.University0.edu/UndergraduateStudent151, Y=http://www.Department10.University0.edu, Z=UndergraduateStudent151@Department10.University0.edu}, {X=http://www.Department10.University0.edu/GraduateStudent31, Y=http://www.Department10.University0.edu, Z=GraduateStudent31@Department10.University0.edu}, {X=http://www.Department10.University0.edu/UndergraduateStudent82, Y=http://www.Department10.University0.edu, Z=UndergraduateStudent82@Department10.University0.edu}, {X=http://www.Department10.University0.edu/GraduateStudent35, Y=http://www.Department10.University0.edu, Z=GraduateStudent35@Department10.University0.edu}, {X=http://www.Department10.University0.edu/UndergraduateStudent241, Y=http://www.Department10.University0.edu, Z=UndergraduateStudent241@Department10.University0.edu}, {X=http://www.Department10.University0.edu/GraduateStudent34, Y=http://www.Department10.University0.edu, Z=GraduateStudent34@Department10.University0.edu}, {X=http://www.Department10.University0.edu/UndergraduateStudent126, Y=http://www.Department10.University0.edu, Z=UndergraduateStudent126@Department10.University0.edu}, {X=http://www.Department10.University0.edu/UndergraduateStudent184, Y=http://www.Department10.University0.edu, Z=UndergraduateStudent184@Department10.University0.edu}, {X=http://www.Department10.University0.edu/UndergraduateStudent169, Y=http://www.Department10.University0.edu, Z=UndergraduateStudent169@Department10.University0.edu}, {X=http://www.Department10.University0.edu/UndergraduateStudent12, Y=http://www.Department10.University0.edu, Z=UndergraduateStudent12@Department10.University0.edu}, {X=http://www.Department10.University0.edu/UndergraduateStudent133, Y=http://www.Department10.University0.edu, Z=UndergraduateStudent133@Department10.University0.edu}, {X=http://www.Department10.University0.edu/UndergraduateStudent84, Y=http://www.Department10.University0.edu, Z=UndergraduateStudent84@Department10.University0.edu}, {X=http://www.Department10.University0.edu/GraduateStudent8, Y=http://www.Department10.University0.edu, Z=GraduateStudent8@Department10.University0.edu}, {X=http://www.Department10.University0.edu/UndergraduateStudent403, Y=http://www.Department10.University0.edu, Z=UndergraduateStudent403@Department10.University0.edu}, {X=http://www.Department10.University0.edu/UndergraduateStudent60, Y=http://www.Department10.University0.edu, Z=UndergraduateStudent60@Department10.University0.edu}, {X=http://www.Department10.University0.edu/GraduateStudent26, Y=http://www.Department10.University0.edu, Z=GraduateStudent26@Department10.University0.edu}, {X=http://www.Department10.University0.edu/UndergraduateStudent402, Y=http://www.Department10.University0.edu, Z=UndergraduateStudent402@Department10.University0.edu}, {X=http://www.Department10.University0.edu/UndergraduateStudent210, Y=http://www.Department10.University0.edu, Z=UndergraduateStudent210@Department10.University0.edu}, {X=http://www.Department10.University0.edu/GraduateStudent69, Y=http://www.Department10.University0.edu, Z=GraduateStudent69@Department10.University0.edu}, {X=http://www.Department10.University0.edu/UndergraduateStudent123, Y=http://www.Department10.University0.edu, Z=UndergraduateStudent123@Department10.University0.edu}, {X=http://www.Department10.University0.edu/UndergraduateStudent167, Y=http://www.Department10.University0.edu, Z=UndergraduateStudent167@Department10.University0.edu}, {X=http://www.Department10.University0.edu/UndergraduateStudent361, Y=http://www.Department10.University0.edu, Z=UndergraduateStudent361@Department10.University0.edu}, {X=http://www.Department10.University0.edu/GraduateStudent5, Y=http://www.Department10.University0.edu, Z=GraduateStudent5@Department10.University0.edu}, {X=http://www.Department10.University0.edu/GraduateStudent55, Y=http://www.Department10.University0.edu, Z=GraduateStudent55@Department10.University0.edu}, {X=http://www.Department10.University0.edu/GraduateStudent134, Y=http://www.Department10.University0.edu, Z=GraduateStudent134@Department10.University0.edu}, {X=http://www.Department10.University0.edu/UndergraduateStudent200, Y=http://www.Department10.University0.edu, Z=UndergraduateStudent200@Department10.University0.edu}, {X=http://www.Department10.University0.edu/UndergraduateStudent29, Y=http://www.Department10.University0.edu, Z=UndergraduateStudent29@Department10.University0.edu}, {X=http://www.Department10.University0.edu/GraduateStudent16, Y=http://www.Department10.University0.edu, Z=GraduateStudent16@Department10.University0.edu}, {X=http://www.Department10.University0.edu/UndergraduateStudent271, Y=http://www.Department10.University0.edu, Z=UndergraduateStudent271@Department10.University0.edu}, {X=http://www.Department10.University0.edu/UndergraduateStudent322, Y=http://www.Department10.University0.edu, Z=UndergraduateStudent322@Department10.University0.edu}, {X=http://www.Department10.University0.edu/UndergraduateStudent33, Y=http://www.Department10.University0.edu, Z=UndergraduateStudent33@Department10.University0.edu}, {X=http://www.Department10.University0.edu/UndergraduateStudent405, Y=http://www.Department10.University0.edu, Z=UndergraduateStudent405@Department10.University0.edu}, {X=http://www.Department10.University0.edu/UndergraduateStudent146, Y=http://www.Department10.University0.edu, Z=UndergraduateStudent146@Department10.University0.edu}, {X=http://www.Department10.University0.edu/UndergraduateStudent56, Y=http://www.Department10.University0.edu, Z=UndergraduateStudent56@Department10.University0.edu}, {X=http://www.Department10.University0.edu/UndergraduateStudent107, Y=http://www.Department10.University0.edu, Z=UndergraduateStudent107@Department10.University0.edu}, {X=http://www.Department10.University0.edu/UndergraduateStudent170, Y=http://www.Department10.University0.edu, Z=UndergraduateStudent170@Department10.University0.edu}, {X=http://www.Department10.University0.edu/UndergraduateStudent395, Y=http://www.Department10.University0.edu, Z=UndergraduateStudent395@Department10.University0.edu}, {X=http://www.Department10.University0.edu/UndergraduateStudent230, Y=http://www.Department10.University0.edu, Z=UndergraduateStudent230@Department10.University0.edu}, {X=http://www.Department10.University0.edu/GraduateStudent36, Y=http://www.Department10.University0.edu, Z=GraduateStudent36@Department10.University0.edu}, {X=http://www.Department10.University0.edu/UndergraduateStudent352, Y=http://www.Department10.University0.edu, Z=UndergraduateStudent352@Department10.University0.edu}, {X=http://www.Department10.University0.edu/UndergraduateStudent110, Y=http://www.Department10.University0.edu, Z=UndergraduateStudent110@Department10.University0.edu}, {X=http://www.Department10.University0.edu/GraduateStudent74, Y=http://www.Department10.University0.edu, Z=GraduateStudent74@Department10.University0.edu}, {X=http://www.Department10.University0.edu/GraduateStudent120, Y=http://www.Department10.University0.edu, Z=GraduateStudent120@Department10.University0.edu}, {X=http://www.Department10.University0.edu/GraduateStudent83, Y=http://www.Department10.University0.edu, Z=GraduateStudent83@Department10.University0.edu}, {X=http://www.Department10.University0.edu/UndergraduateStudent312, Y=http://www.Department10.University0.edu, Z=UndergraduateStudent312@Department10.University0.edu}, {X=http://www.Department10.University0.edu/UndergraduateStudent141, Y=http://www.Department10.University0.edu, Z=UndergraduateStudent141@Department10.University0.edu}, {X=http://www.Department10.University0.edu/GraduateStudent137, Y=http://www.Department10.University0.edu, Z=GraduateStudent137@Department10.University0.edu}, {X=http://www.Department10.University0.edu/GraduateStudent75, Y=http://www.Department10.University0.edu, Z=GraduateStudent75@Department10.University0.edu}, {X=http://www.Department10.University0.edu/UndergraduateStudent380, Y=http://www.Department10.University0.edu, Z=UndergraduateStudent380@Department10.University0.edu}, {X=http://www.Department10.University0.edu/GraduateStudent117, Y=http://www.Department10.University0.edu, Z=GraduateStudent117@Department10.University0.edu}, {X=http://www.Department10.University0.edu/GraduateStudent27, Y=http://www.Department10.University0.edu, Z=GraduateStudent27@Department10.University0.edu}, {X=http://www.Department10.University0.edu/UndergraduateStudent363, Y=http://www.Department10.University0.edu, Z=UndergraduateStudent363@Department10.University0.edu}, {X=http://www.Department10.University0.edu/UndergraduateStudent389, Y=http://www.Department10.University0.edu, Z=UndergraduateStudent389@Department10.University0.edu}, {X=http://www.Department10.University0.edu/UndergraduateStudent105, Y=http://www.Department10.University0.edu, Z=UndergraduateStudent105@Department10.University0.edu}, {X=http://www.Department10.University0.edu/GraduateStudent73, Y=http://www.Department10.University0.edu, Z=GraduateStudent73@Department10.University0.edu}, {X=http://www.Department10.University0.edu/UndergraduateStudent280, Y=http://www.Department10.University0.edu, Z=UndergraduateStudent280@Department10.University0.edu}, {X=http://www.Department10.University0.edu/UndergraduateStudent115, Y=http://www.Department10.University0.edu, Z=UndergraduateStudent115@Department10.University0.edu}, {X=http://www.Department10.University0.edu/GraduateStudent58, Y=http://www.Department10.University0.edu, Z=GraduateStudent58@Department10.University0.edu}, {X=http://www.Department10.University0.edu/UndergraduateStudent191, Y=http://www.Department10.University0.edu, Z=UndergraduateStudent191@Department10.University0.edu}, {X=http://www.Department10.University0.edu/UndergraduateStudent79, Y=http://www.Department10.University0.edu, Z=UndergraduateStudent79@Department10.University0.edu}, {X=http://www.Department10.University0.edu/UndergraduateStudent259, Y=http://www.Department10.University0.edu, Z=UndergraduateStudent259@Department10.University0.edu}, {X=http://www.Department10.University0.edu/UndergraduateStudent324, Y=http://www.Department10.University0.edu, Z=UndergraduateStudent324@Department10.University0.edu}, {X=http://www.Department10.University0.edu/UndergraduateStudent188, Y=http://www.Department10.University0.edu, Z=UndergraduateStudent188@Department10.University0.edu}, {X=http://www.Department10.University0.edu/UndergraduateStudent100, Y=http://www.Department10.University0.edu, Z=UndergraduateStudent100@Department10.University0.edu}, {X=http://www.Department10.University0.edu/UndergraduateStudent50, Y=http://www.Department10.University0.edu, Z=UndergraduateStudent50@Department10.University0.edu}, {X=http://www.Department10.University0.edu/UndergraduateStudent65, Y=http://www.Department10.University0.edu, Z=UndergraduateStudent65@Department10.University0.edu}, {X=http://www.Department10.University0.edu/UndergraduateStudent49, Y=http://www.Department10.University0.edu, Z=UndergraduateStudent49@Department10.University0.edu}, {X=http://www.Department10.University0.edu/UndergraduateStudent189, Y=http://www.Department10.University0.edu, Z=UndergraduateStudent189@Department10.University0.edu}, {X=http://www.Department10.University0.edu/UndergraduateStudent140, Y=http://www.Department10.University0.edu, Z=UndergraduateStudent140@Department10.University0.edu}, {X=http://www.Department10.University0.edu/GraduateStudent17, Y=http://www.Department10.University0.edu, Z=GraduateStudent17@Department10.University0.edu}, {X=http://www.Department10.University0.edu/GraduateStudent85, Y=http://www.Department10.University0.edu, Z=GraduateStudent85@Department10.University0.edu}, {X=http://www.Department10.University0.edu/UndergraduateStudent366, Y=http://www.Department10.University0.edu, Z=UndergraduateStudent366@Department10.University0.edu}, {X=http://www.Department10.University0.edu/UndergraduateStudent136, Y=http://www.Department10.University0.edu, Z=UndergraduateStudent136@Department10.University0.edu}, {X=http://www.Department10.University0.edu/UndergraduateStudent138, Y=http://www.Department10.University0.edu, Z=UndergraduateStudent138@Department10.University0.edu}, {X=http://www.Department10.University0.edu/UndergraduateStudent327, Y=http://www.Department10.University0.edu, Z=UndergraduateStudent327@Department10.University0.edu}, {X=http://www.Department10.University0.edu/GraduateStudent119, Y=http://www.Department10.University0.edu, Z=GraduateStudent119@Department10.University0.edu}, {X=http://www.Department10.University0.edu/UndergraduateStudent269, Y=http://www.Department10.University0.edu, Z=UndergraduateStudent269@Department10.University0.edu}, {X=http://www.Department10.University0.edu/UndergraduateStudent73, Y=http://www.Department10.University0.edu, Z=UndergraduateStudent73@Department10.University0.edu}, {X=http://www.Department10.University0.edu/UndergraduateStudent103, Y=http://www.Department10.University0.edu, Z=UndergraduateStudent103@Department10.University0.edu}, {X=http://www.Department10.University0.edu/UndergraduateStudent54, Y=http://www.Department10.University0.edu, Z=UndergraduateStudent54@Department10.University0.edu}, {X=http://www.Department10.University0.edu/GraduateStudent128, Y=http://www.Department10.University0.edu, Z=GraduateStudent128@Department10.University0.edu}, {X=http://www.Department10.University0.edu/GraduateStudent130, Y=http://www.Department10.University0.edu, Z=GraduateStudent130@Department10.University0.edu}, {X=http://www.Department10.University0.edu/UndergraduateStudent368, Y=http://www.Department10.University0.edu, Z=UndergraduateStudent368@Department10.University0.edu}, {X=http://www.Department10.University0.edu/GraduateStudent87, Y=http://www.Department10.University0.edu, Z=GraduateStudent87@Department10.University0.edu}, {X=http://www.Department10.University0.edu/UndergraduateStudent215, Y=http://www.Department10.University0.edu, Z=UndergraduateStudent215@Department10.University0.edu}, {X=http://www.Department10.University0.edu/UndergraduateStudent351, Y=http://www.Department10.University0.edu, Z=UndergraduateStudent351@Department10.University0.edu}, {X=http://www.Department10.University0.edu/GraduateStudent37, Y=http://www.Department10.University0.edu, Z=GraduateStudent37@Department10.University0.edu}, {X=http://www.Department10.University0.edu/GraduateStudent79, Y=http://www.Department10.University0.edu, Z=GraduateStudent79@Department10.University0.edu}, {X=http://www.Department10.University0.edu/UndergraduateStudent5, Y=http://www.Department10.University0.edu, Z=UndergraduateStudent5@Department10.University0.edu}, {X=http://www.Department10.University0.edu/GraduateStudent67, Y=http://www.Department10.University0.edu, Z=GraduateStudent67@Department10.University0.edu}, {X=http://www.Department10.University0.edu/GraduateStudent41, Y=http://www.Department10.University0.edu, Z=GraduateStudent41@Department10.University0.edu}, {X=http://www.Department10.University0.edu/UndergraduateStudent134, Y=http://www.Department10.University0.edu, Z=UndergraduateStudent134@Department10.University0.edu}, {X=http://www.Department10.University0.edu/UndergraduateStudent276, Y=http://www.Department10.University0.edu, Z=UndergraduateStudent276@Department10.University0.edu}, {X=http://www.Department10.University0.edu/GraduateStudent42, Y=http://www.Department10.University0.edu, Z=GraduateStudent42@Department10.University0.edu}, {X=http://www.Department10.University0.edu/UndergraduateStudent253, Y=http://www.Department10.University0.edu, Z=UndergraduateStudent253@Department10.University0.edu}, {X=http://www.Department10.University0.edu/GraduateStudent22, Y=http://www.Department10.University0.edu, Z=GraduateStudent22@Department10.University0.edu}, {X=http://www.Department10.University0.edu/UndergraduateStudent91, Y=http://www.Department10.University0.edu, Z=UndergraduateStudent91@Department10.University0.edu}, {X=http://www.Department10.University0.edu/UndergraduateStudent355, Y=http://www.Department10.University0.edu, Z=UndergraduateStudent355@Department10.University0.edu}, {X=http://www.Department10.University0.edu/UndergraduateStudent245, Y=http://www.Department10.University0.edu, Z=UndergraduateStudent245@Department10.University0.edu}, {X=http://www.Department10.University0.edu/UndergraduateStudent260, Y=http://www.Department10.University0.edu, Z=UndergraduateStudent260@Department10.University0.edu}, {X=http://www.Department10.University0.edu/UndergraduateStudent357, Y=http://www.Department10.University0.edu, Z=UndergraduateStudent357@Department10.University0.edu}, {X=http://www.Department10.University0.edu/UndergraduateStudent150, Y=http://www.Department10.University0.edu, Z=UndergraduateStudent150@Department10.University0.edu}, {X=http://www.Department10.University0.edu/UndergraduateStudent106, Y=http://www.Department10.University0.edu, Z=UndergraduateStudent106@Department10.University0.edu}, {X=http://www.Department10.University0.edu/GraduateStudent48, Y=http://www.Department10.University0.edu, Z=GraduateStudent48@Department10.University0.edu}, {X=http://www.Department10.University0.edu/UndergraduateStudent305, Y=http://www.Department10.University0.edu, Z=UndergraduateStudent305@Department10.University0.edu}, {X=http://www.Department10.University0.edu/GraduateStudent7, Y=http://www.Department10.University0.edu, Z=GraduateStudent7@Department10.University0.edu}, {X=http://www.Department10.University0.edu/UndergraduateStudent290, Y=http://www.Department10.University0.edu, Z=UndergraduateStudent290@Department10.University0.edu}, {X=http://www.Department10.University0.edu/UndergraduateStudent343, Y=http://www.Department10.University0.edu, Z=UndergraduateStudent343@Department10.University0.edu}, {X=http://www.Department10.University0.edu/UndergraduateStudent246, Y=http://www.Department10.University0.edu, Z=UndergraduateStudent246@Department10.University0.edu}, {X=http://www.Department10.University0.edu/UndergraduateStudent302, Y=http://www.Department10.University0.edu, Z=UndergraduateStudent302@Department10.University0.edu}, {X=http://www.Department10.University0.edu/UndergraduateStudent407, Y=http://www.Department10.University0.edu, Z=UndergraduateStudent407@Department10.University0.edu}, {X=http://www.Department10.University0.edu/UndergraduateStudent348, Y=http://www.Department10.University0.edu, Z=UndergraduateStudent348@Department10.University0.edu}, {X=http://www.Department10.University0.edu/UndergraduateStudent273, Y=http://www.Department10.University0.edu, Z=UndergraduateStudent273@Department10.University0.edu}, {X=http://www.Department10.University0.edu/UndergraduateStudent128, Y=http://www.Department10.University0.edu, Z=UndergraduateStudent128@Department10.University0.edu}, {X=http://www.Department10.University0.edu/UndergraduateStudent92, Y=http://www.Department10.University0.edu, Z=UndergraduateStudent92@Department10.University0.edu}, {X=http://www.Department10.University0.edu/GraduateStudent71, Y=http://www.Department10.University0.edu, Z=GraduateStudent71@Department10.University0.edu}, {X=http://www.Department10.University0.edu/GraduateStudent53, Y=http://www.Department10.University0.edu, Z=GraduateStudent53@Department10.University0.edu}, {X=http://www.Department10.University0.edu/UndergraduateStudent7, Y=http://www.Department10.University0.edu, Z=UndergraduateStudent7@Department10.University0.edu}, {X=http://www.Department10.University0.edu/UndergraduateStudent220, Y=http://www.Department10.University0.edu, Z=UndergraduateStudent220@Department10.University0.edu}, {X=http://www.Department10.University0.edu/UndergraduateStudent409, Y=http://www.Department10.University0.edu, Z=UndergraduateStudent409@Department10.University0.edu}, {X=http://www.Department10.University0.edu/UndergraduateStudent297, Y=http://www.Department10.University0.edu, Z=UndergraduateStudent297@Department10.University0.edu}, {X=http://www.Department10.University0.edu/UndergraduateStudent339, Y=http://www.Department10.University0.edu, Z=UndergraduateStudent339@Department10.University0.edu}, {X=http://www.Department10.University0.edu/UndergraduateStudent83, Y=http://www.Department10.University0.edu, Z=UndergraduateStudent83@Department10.University0.edu}, {X=http://www.Department10.University0.edu/UndergraduateStudent394, Y=http://www.Department10.University0.edu, Z=UndergraduateStudent394@Department10.University0.edu}, {X=http://www.Department10.University0.edu/UndergraduateStudent376, Y=http://www.Department10.University0.edu, Z=UndergraduateStudent376@Department10.University0.edu}, {X=http://www.Department10.University0.edu/UndergraduateStudent21, Y=http://www.Department10.University0.edu, Z=UndergraduateStudent21@Department10.University0.edu}, {X=http://www.Department10.University0.edu/UndergraduateStudent218, Y=http://www.Department10.University0.edu, Z=UndergraduateStudent218@Department10.University0.edu}, {X=http://www.Department10.University0.edu/UndergraduateStudent293, Y=http://www.Department10.University0.edu, Z=UndergraduateStudent293@Department10.University0.edu}, {X=http://www.Department10.University0.edu/UndergraduateStudent31, Y=http://www.Department10.University0.edu, Z=UndergraduateStudent31@Department10.University0.edu}, {X=http://www.Department10.University0.edu/GraduateStudent111, Y=http://www.Department10.University0.edu, Z=GraduateStudent111@Department10.University0.edu}, {X=http://www.Department10.University0.edu/UndergraduateStudent314, Y=http://www.Department10.University0.edu, Z=UndergraduateStudent314@Department10.University0.edu}, {X=http://www.Department10.University0.edu/GraduateStudent78, Y=http://www.Department10.University0.edu, Z=GraduateStudent78@Department10.University0.edu}, {X=http://www.Department10.University0.edu/UndergraduateStudent332, Y=http://www.Department10.University0.edu, Z=UndergraduateStudent332@Department10.University0.edu}, {X=http://www.Department10.University0.edu/UndergraduateStudent284, Y=http://www.Department10.University0.edu, Z=UndergraduateStudent284@Department10.University0.edu}, {X=http://www.Department10.University0.edu/UndergraduateStudent397, Y=http://www.Department10.University0.edu, Z=UndergraduateStudent397@Department10.University0.edu}, {X=http://www.Department10.University0.edu/UndergraduateStudent51, Y=http://www.Department10.University0.edu, Z=UndergraduateStudent51@Department10.University0.edu}, {X=http://www.Department10.University0.edu/GraduateStudent77, Y=http://www.Department10.University0.edu, Z=GraduateStudent77@Department10.University0.edu}, {X=http://www.Department10.University0.edu/UndergraduateStudent104, Y=http://www.Department10.University0.edu, Z=UndergraduateStudent104@Department10.University0.edu}, {X=http://www.Department10.University0.edu/GraduateStudent103, Y=http://www.Department10.University0.edu, Z=GraduateStudent103@Department10.University0.edu}, {X=http://www.Department10.University0.edu/UndergraduateStudent323, Y=http://www.Department10.University0.edu, Z=UndergraduateStudent323@Department10.University0.edu}, {X=http://www.Department10.University0.edu/GraduateStudent135, Y=http://www.Department10.University0.edu, Z=GraduateStudent135@Department10.University0.edu}, {X=http://www.Department10.University0.edu/UndergraduateStudent317, Y=http://www.Department10.University0.edu, Z=UndergraduateStudent317@Department10.University0.edu}, {X=http://www.Department10.University0.edu/GraduateStudent126, Y=http://www.Department10.University0.edu, Z=GraduateStudent126@Department10.University0.edu}, {X=http://www.Department10.University0.edu/UndergraduateStudent24, Y=http://www.Department10.University0.edu, Z=UndergraduateStudent24@Department10.University0.edu}, {X=http://www.Department10.University0.edu/UndergraduateStudent64, Y=http://www.Department10.University0.edu, Z=UndergraduateStudent64@Department10.University0.edu}, {X=http://www.Department10.University0.edu/GraduateStudent59, Y=http://www.Department10.University0.edu, Z=GraduateStudent59@Department10.University0.edu}, {X=http://www.Department10.University0.edu/UndergraduateStudent46, Y=http://www.Department10.University0.edu, Z=UndergraduateStudent46@Department10.University0.edu}, {X=http://www.Department10.University0.edu/UndergraduateStudent266, Y=http://www.Department10.University0.edu, Z=UndergraduateStudent266@Department10.University0.edu}, {X=http://www.Department10.University0.edu/GraduateStudent3, Y=http://www.Department10.University0.edu, Z=GraduateStudent3@Department10.University0.edu}, {X=http://www.Department10.University0.edu/UndergraduateStudent256, Y=http://www.Department10.University0.edu, Z=UndergraduateStudent256@Department10.University0.edu}, {X=http://www.Department10.University0.edu/GraduateStudent6, Y=http://www.Department10.University0.edu, Z=GraduateStudent6@Department10.University0.edu}, {X=http://www.Department10.University0.edu/UndergraduateStudent222, Y=http://www.Department10.University0.edu, Z=UndergraduateStudent222@Department10.University0.edu}, {X=http://www.Department10.University0.edu/UndergraduateStudent347, Y=http://www.Department10.University0.edu, Z=UndergraduateStudent347@Department10.University0.edu}, {X=http://www.Department10.University0.edu/UndergraduateStudent275, Y=http://www.Department10.University0.edu, Z=UndergraduateStudent275@Department10.University0.edu}, {X=http://www.Department10.University0.edu/UndergraduateStudent205, Y=http://www.Department10.University0.edu, Z=UndergraduateStudent205@Department10.University0.edu}, {X=http://www.Department10.University0.edu/UndergraduateStudent381, Y=http://www.Department10.University0.edu, Z=UndergraduateStudent381@Department10.University0.edu}, {X=http://www.Department10.University0.edu/UndergraduateStudent291, Y=http://www.Department10.University0.edu, Z=UndergraduateStudent291@Department10.University0.edu}, {X=http://www.Department10.University0.edu/GraduateStudent107, Y=http://www.Department10.University0.edu, Z=GraduateStudent107@Department10.University0.edu}, {X=http://www.Department10.University0.edu/UndergraduateStudent145, Y=http://www.Department10.University0.edu, Z=UndergraduateStudent145@Department10.University0.edu}, {X=http://www.Department10.University0.edu/UndergraduateStudent237, Y=http://www.Department10.University0.edu, Z=UndergraduateStudent237@Department10.University0.edu}, {X=http://www.Department10.University0.edu/UndergraduateStudent124, Y=http://www.Department10.University0.edu, Z=UndergraduateStudent124@Department10.University0.edu}, {X=http://www.Department10.University0.edu/UndergraduateStudent242, Y=http://www.Department10.University0.edu, Z=UndergraduateStudent242@Department10.University0.edu}, {X=http://www.Department10.University0.edu/UndergraduateStudent197, Y=http://www.Department10.University0.edu, Z=UndergraduateStudent197@Department10.University0.edu}, {X=http://www.Department10.University0.edu/UndergraduateStudent372, Y=http://www.Department10.University0.edu, Z=UndergraduateStudent372@Department10.University0.edu}, {X=http://www.Department10.University0.edu/UndergraduateStudent177, Y=http://www.Department10.University0.edu, Z=UndergraduateStudent177@Department10.University0.edu}, {X=http://www.Department10.University0.edu/GraduateStudent102, Y=http://www.Department10.University0.edu, Z=GraduateStudent102@Department10.University0.edu}, {X=http://www.Department10.University0.edu/GraduateStudent38, Y=http://www.Department10.University0.edu, Z=GraduateStudent38@Department10.University0.edu}, {X=http://www.Department10.University0.edu/UndergraduateStudent43, Y=http://www.Department10.University0.edu, Z=UndergraduateStudent43@Department10.University0.edu}, {X=http://www.Department10.University0.edu/UndergraduateStudent392, Y=http://www.Department10.University0.edu, Z=UndergraduateStudent392@Department10.University0.edu}, {X=http://www.Department10.University0.edu/UndergraduateStudent98, Y=http://www.Department10.University0.edu, Z=UndergraduateStudent98@Department10.University0.edu}, {X=http://www.Department10.University0.edu/GraduateStudent56, Y=http://www.Department10.University0.edu, Z=GraduateStudent56@Department10.University0.edu}, {X=http://www.Department10.University0.edu/UndergraduateStudent223, Y=http://www.Department10.University0.edu, Z=UndergraduateStudent223@Department10.University0.edu}, {X=http://www.Department10.University0.edu/UndergraduateStudent32, Y=http://www.Department10.University0.edu, Z=UndergraduateStudent32@Department10.University0.edu}, {X=http://www.Department10.University0.edu/UndergraduateStudent319, Y=http://www.Department10.University0.edu, Z=UndergraduateStudent319@Department10.University0.edu}, {X=http://www.Department10.University0.edu/UndergraduateStudent112, Y=http://www.Department10.University0.edu, Z=UndergraduateStudent112@Department10.University0.edu}, {X=http://www.Department10.University0.edu/UndergraduateStudent44, Y=http://www.Department10.University0.edu, Z=UndergraduateStudent44@Department10.University0.edu}, {X=http://www.Department10.University0.edu/UndergraduateStudent117, Y=http://www.Department10.University0.edu, Z=UndergraduateStudent117@Department10.University0.edu}, {X=http://www.Department10.University0.edu/UndergraduateStudent371, Y=http://www.Department10.University0.edu, Z=UndergraduateStudent371@Department10.University0.edu}, {X=http://www.Department10.University0.edu/UndergraduateStudent289, Y=http://www.Department10.University0.edu, Z=UndergraduateStudent289@Department10.University0.edu}, {X=http://www.Department10.University0.edu/UndergraduateStudent263, Y=http://www.Department10.University0.edu, Z=UndergraduateStudent263@Department10.University0.edu}, {X=http://www.Department10.University0.edu/UndergraduateStudent19, Y=http://www.Department10.University0.edu, Z=UndergraduateStudent19@Department10.University0.edu}, {X=http://www.Department10.University0.edu/UndergraduateStudent390, Y=http://www.Department10.University0.edu, Z=UndergraduateStudent390@Department10.University0.edu}, {X=http://www.Department10.University0.edu/UndergraduateStudent307, Y=http://www.Department10.University0.edu, Z=UndergraduateStudent307@Department10.University0.edu}, {X=http://www.Department10.University0.edu/UndergraduateStudent1, Y=http://www.Department10.University0.edu, Z=UndergraduateStudent1@Department10.University0.edu}, {X=http://www.Department10.University0.edu/UndergraduateStudent95, Y=http://www.Department10.University0.edu, Z=UndergraduateStudent95@Department10.University0.edu}, {X=http://www.Department10.University0.edu/GraduateStudent50, Y=http://www.Department10.University0.edu, Z=GraduateStudent50@Department10.University0.edu}, {X=http://www.Department10.University0.edu/UndergraduateStudent288, Y=http://www.Department10.University0.edu, Z=UndergraduateStudent288@Department10.University0.edu}, {X=http://www.Department10.University0.edu/GraduateStudent28, Y=http://www.Department10.University0.edu, Z=GraduateStudent28@Department10.University0.edu}, {X=http://www.Department10.University0.edu/GraduateStudent47, Y=http://www.Department10.University0.edu, Z=GraduateStudent47@Department10.University0.edu}, {X=http://www.Department10.University0.edu/GraduateStudent24, Y=http://www.Department10.University0.edu, Z=GraduateStudent24@Department10.University0.edu}, {X=http://www.Department10.University0.edu/GraduateStudent95, Y=http://www.Department10.University0.edu, Z=GraduateStudent95@Department10.University0.edu}, {X=http://www.Department10.University0.edu/UndergraduateStudent393, Y=http://www.Department10.University0.edu, Z=UndergraduateStudent393@Department10.University0.edu}, {X=http://www.Department10.University0.edu/UndergraduateStudent208, Y=http://www.Department10.University0.edu, Z=UndergraduateStudent208@Department10.University0.edu}, {X=http://www.Department10.University0.edu/UndergraduateStudent68, Y=http://www.Department10.University0.edu, Z=UndergraduateStudent68@Department10.University0.edu}, {X=http://www.Department10.University0.edu/UndergraduateStudent186, Y=http://www.Department10.University0.edu, Z=UndergraduateStudent186@Department10.University0.edu}, {X=http://www.Department10.University0.edu/UndergraduateStudent114, Y=http://www.Department10.University0.edu, Z=UndergraduateStudent114@Department10.University0.edu}, {X=http://www.Department10.University0.edu/UndergraduateStudent278, Y=http://www.Department10.University0.edu, Z=UndergraduateStudent278@Department10.University0.edu}, {X=http://www.Department10.University0.edu/UndergraduateStudent232, Y=http://www.Department10.University0.edu, Z=UndergraduateStudent232@Department10.University0.edu}, {X=http://www.Department10.University0.edu/UndergraduateStudent360, Y=http://www.Department10.University0.edu, Z=UndergraduateStudent360@Department10.University0.edu}, {X=http://www.Department10.University0.edu/UndergraduateStudent179, Y=http://www.Department10.University0.edu, Z=UndergraduateStudent179@Department10.University0.edu}, {X=http://www.Department10.University0.edu/UndergraduateStudent287, Y=http://www.Department10.University0.edu, Z=UndergraduateStudent287@Department10.University0.edu}, {X=http://www.Department10.University0.edu/GraduateStudent106, Y=http://www.Department10.University0.edu, Z=GraduateStudent106@Department10.University0.edu}, {X=http://www.Department10.University0.edu/UndergraduateStudent274, Y=http://www.Department10.University0.edu, Z=UndergraduateStudent274@Department10.University0.edu}, {X=http://www.Department10.University0.edu/UndergraduateStudent89, Y=http://www.Department10.University0.edu, Z=UndergraduateStudent89@Department10.University0.edu}, {X=http://www.Department10.University0.edu/GraduateStudent133, Y=http://www.Department10.University0.edu, Z=GraduateStudent133@Department10.University0.edu}, {X=http://www.Department10.University0.edu/UndergraduateStudent285, Y=http://www.Department10.University0.edu, Z=UndergraduateStudent285@Department10.University0.edu}, {X=http://www.Department10.University0.edu/UndergraduateStudent224, Y=http://www.Department10.University0.edu, Z=UndergraduateStudent224@Department10.University0.edu}, {X=http://www.Department10.University0.edu/UndergraduateStudent387, Y=http://www.Department10.University0.edu, Z=UndergraduateStudent387@Department10.University0.edu}, {X=http://www.Department10.University0.edu/UndergraduateStudent345, Y=http://www.Department10.University0.edu, Z=UndergraduateStudent345@Department10.University0.edu}, {X=http://www.Department10.University0.edu/UndergraduateStudent364, Y=http://www.Department10.University0.edu, Z=UndergraduateStudent364@Department10.University0.edu}, {X=http://www.Department10.University0.edu/UndergraduateStudent375, Y=http://www.Department10.University0.edu, Z=UndergraduateStudent375@Department10.University0.edu}, {X=http://www.Department10.University0.edu/UndergraduateStudent156, Y=http://www.Department10.University0.edu, Z=UndergraduateStudent156@Department10.University0.edu}, {X=http://www.Department10.University0.edu/UndergraduateStudent337, Y=http://www.Department10.University0.edu, Z=UndergraduateStudent337@Department10.University0.edu}, {X=http://www.Department10.University0.edu/GraduateStudent32, Y=http://www.Department10.University0.edu, Z=GraduateStudent32@Department10.University0.edu}, {X=http://www.Department10.University0.edu/UndergraduateStudent111, Y=http://www.Department10.University0.edu, Z=UndergraduateStudent111@Department10.University0.edu}, {X=http://www.Department10.University0.edu/GraduateStudent92, Y=http://www.Department10.University0.edu, Z=GraduateStudent92@Department10.University0.edu}, {X=http://www.Department10.University0.edu/UndergraduateStudent55, Y=http://www.Department10.University0.edu, Z=UndergraduateStudent55@Department10.University0.edu}, {X=http://www.Department10.University0.edu/GraduateStudent90, Y=http://www.Department10.University0.edu, Z=GraduateStudent90@Department10.University0.edu}, {X=http://www.Department10.University0.edu/GraduateStudent51, Y=http://www.Department10.University0.edu, Z=GraduateStudent51@Department10.University0.edu}, {X=http://www.Department10.University0.edu/UndergraduateStudent193, Y=http://www.Department10.University0.edu, Z=UndergraduateStudent193@Department10.University0.edu}, {X=http://www.Department10.University0.edu/UndergraduateStudent400, Y=http://www.Department10.University0.edu, Z=UndergraduateStudent400@Department10.University0.edu}, {X=http://www.Department10.University0.edu/UndergraduateStudent108, Y=http://www.Department10.University0.edu, Z=UndergraduateStudent108@Department10.University0.edu}, {X=http://www.Department10.University0.edu/UndergraduateStudent69, Y=http://www.Department10.University0.edu, Z=UndergraduateStudent69@Department10.University0.edu}, {X=http://www.Department10.University0.edu/UndergraduateStudent132, Y=http://www.Department10.University0.edu, Z=UndergraduateStudent132@Department10.University0.edu}, {X=http://www.Department10.University0.edu/UndergraduateStudent99, Y=http://www.Department10.University0.edu, Z=UndergraduateStudent99@Department10.University0.edu}, {X=http://www.Department10.University0.edu/UndergraduateStudent226, Y=http://www.Department10.University0.edu, Z=UndergraduateStudent226@Department10.University0.edu}, {X=http://www.Department10.University0.edu/UndergraduateStudent362, Y=http://www.Department10.University0.edu, Z=UndergraduateStudent362@Department10.University0.edu}, {X=http://www.Department10.University0.edu/UndergraduateStudent81, Y=http://www.Department10.University0.edu, Z=UndergraduateStudent81@Department10.University0.edu}, {X=http://www.Department10.University0.edu/UndergraduateStudent203, Y=http://www.Department10.University0.edu, Z=UndergraduateStudent203@Department10.University0.edu}, {X=http://www.Department10.University0.edu/UndergraduateStudent334, Y=http://www.Department10.University0.edu, Z=UndergraduateStudent334@Department10.University0.edu}, {X=http://www.Department10.University0.edu/GraduateStudent122, Y=http://www.Department10.University0.edu, Z=GraduateStudent122@Department10.University0.edu}, {X=http://www.Department10.University0.edu/GraduateStudent1, Y=http://www.Department10.University0.edu, Z=GraduateStudent1@Department10.University0.edu}, {X=http://www.Department10.University0.edu/GraduateStudent114, Y=http://www.Department10.University0.edu, Z=GraduateStudent114@Department10.University0.edu}, {X=http://www.Department10.University0.edu/UndergraduateStudent378, Y=http://www.Department10.University0.edu, Z=UndergraduateStudent378@Department10.University0.edu}, {X=http://www.Department10.University0.edu/UndergraduateStudent264, Y=http://www.Department10.University0.edu, Z=UndergraduateStudent264@Department10.University0.edu}, {X=http://www.Department10.University0.edu/UndergraduateStudent338, Y=http://www.Department10.University0.edu, Z=UndergraduateStudent338@Department10.University0.edu}, {X=http://www.Department10.University0.edu/GraduateStudent88, Y=http://www.Department10.University0.edu, Z=GraduateStudent88@Department10.University0.edu}, {X=http://www.Department10.University0.edu/GraduateStudent15, Y=http://www.Department10.University0.edu, Z=GraduateStudent15@Department10.University0.edu}, {X=http://www.Department10.University0.edu/UndergraduateStudent176, Y=http://www.Department10.University0.edu, Z=UndergraduateStudent176@Department10.University0.edu}, {X=http://www.Department10.University0.edu/UndergraduateStudent45, Y=http://www.Department10.University0.edu, Z=UndergraduateStudent45@Department10.University0.edu}, {X=http://www.Department10.University0.edu/UndergraduateStudent86, Y=http://www.Department10.University0.edu, Z=UndergraduateStudent86@Department10.University0.edu}, {X=http://www.Department10.University0.edu/GraduateStudent127, Y=http://www.Department10.University0.edu, Z=GraduateStudent127@Department10.University0.edu}, {X=http://www.Department10.University0.edu/UndergraduateStudent165, Y=http://www.Department10.University0.edu, Z=UndergraduateStudent165@Department10.University0.edu}, {X=http://www.Department10.University0.edu/UndergraduateStudent172, Y=http://www.Department10.University0.edu, Z=UndergraduateStudent172@Department10.University0.edu}, {X=http://www.Department10.University0.edu/UndergraduateStudent268, Y=http://www.Department10.University0.edu, Z=UndergraduateStudent268@Department10.University0.edu}, {X=http://www.Department10.University0.edu/UndergraduateStudent251, Y=http://www.Department10.University0.edu, Z=UndergraduateStudent251@Department10.University0.edu}, {X=http://www.Department10.University0.edu/GraduateStudent66, Y=http://www.Department10.University0.edu, Z=GraduateStudent66@Department10.University0.edu}, {X=http://www.Department10.University0.edu/UndergraduateStudent254, Y=http://www.Department10.University0.edu, Z=UndergraduateStudent254@Department10.University0.edu}, {X=http://www.Department10.University0.edu/UndergraduateStudent190, Y=http://www.Department10.University0.edu, Z=UndergraduateStudent190@Department10.University0.edu}, {X=http://www.Department10.University0.edu/UndergraduateStudent408, Y=http://www.Department10.University0.edu, Z=UndergraduateStudent408@Department10.University0.edu}, {X=http://www.Department10.University0.edu/GraduateStudent2, Y=http://www.Department10.University0.edu, Z=GraduateStudent2@Department10.University0.edu}, {X=http://www.Department10.University0.edu/UndergraduateStudent118, Y=http://www.Department10.University0.edu, Z=UndergraduateStudent118@Department10.University0.edu}, {X=http://www.Department10.University0.edu/UndergraduateStudent367, Y=http://www.Department10.University0.edu, Z=UndergraduateStudent367@Department10.University0.edu}, {X=http://www.Department10.University0.edu/UndergraduateStudent77, Y=http://www.Department10.University0.edu, Z=UndergraduateStudent77@Department10.University0.edu}, {X=http://www.Department10.University0.edu/UndergraduateStudent374, Y=http://www.Department10.University0.edu, Z=UndergraduateStudent374@Department10.University0.edu}, {X=http://www.Department10.University0.edu/UndergraduateStudent398, Y=http://www.Department10.University0.edu, Z=UndergraduateStudent398@Department10.University0.edu}, {X=http://www.Department10.University0.edu/UndergraduateStudent135, Y=http://www.Department10.University0.edu, Z=UndergraduateStudent135@Department10.University0.edu}, {X=http://www.Department10.University0.edu/UndergraduateStudent58, Y=http://www.Department10.University0.edu, Z=UndergraduateStudent58@Department10.University0.edu}, {X=http://www.Department10.University0.edu/UndergraduateStudent306, Y=http://www.Department10.University0.edu, Z=UndergraduateStudent306@Department10.University0.edu}, {X=http://www.Department10.University0.edu/GraduateStudent0, Y=http://www.Department10.University0.edu, Z=GraduateStudent0@Department10.University0.edu}, {X=http://www.Department10.University0.edu/UndergraduateStudent71, Y=http://www.Department10.University0.edu, Z=UndergraduateStudent71@Department10.University0.edu}, {X=http://www.Department10.University0.edu/UndergraduateStudent157, Y=http://www.Department10.University0.edu, Z=UndergraduateStudent157@Department10.University0.edu}, {X=http://www.Department10.University0.edu/UndergraduateStudent119, Y=http://www.Department10.University0.edu, Z=UndergraduateStudent119@Department10.University0.edu}, {X=http://www.Department10.University0.edu/UndergraduateStudent235, Y=http://www.Department10.University0.edu, Z=UndergraduateStudent235@Department10.University0.edu}, {X=http://www.Department10.University0.edu/UndergraduateStudent25, Y=http://www.Department10.University0.edu, Z=UndergraduateStudent25@Department10.University0.edu}, {X=http://www.Department10.University0.edu/UndergraduateStudent325, Y=http://www.Department10.University0.edu, Z=UndergraduateStudent325@Department10.University0.edu}, {X=http://www.Department10.University0.edu/GraduateStudent21, Y=http://www.Department10.University0.edu, Z=GraduateStudent21@Department10.University0.edu}, {X=http://www.Department10.University0.edu/UndergraduateStudent236, Y=http://www.Department10.University0.edu, Z=UndergraduateStudent236@Department10.University0.edu}, {X=http://www.Department10.University0.edu/UndergraduateStudent96, Y=http://www.Department10.University0.edu, Z=UndergraduateStudent96@Department10.University0.edu}, {X=http://www.Department10.University0.edu/UndergraduateStudent255, Y=http://www.Department10.University0.edu, Z=UndergraduateStudent255@Department10.University0.edu}, {X=http://www.Department10.University0.edu/UndergraduateStudent0, Y=http://www.Department10.University0.edu, Z=UndergraduateStudent0@Department10.University0.edu}, {X=http://www.Department10.University0.edu/UndergraduateStudent313, Y=http://www.Department10.University0.edu, Z=UndergraduateStudent313@Department10.University0.edu}, {X=http://www.Department10.University0.edu/UndergraduateStudent399, Y=http://www.Department10.University0.edu, Z=UndergraduateStudent399@Department10.University0.edu}, {X=http://www.Department10.University0.edu/UndergraduateStudent267, Y=http://www.Department10.University0.edu, Z=UndergraduateStudent267@Department10.University0.edu}, {X=http://www.Department10.University0.edu/UndergraduateStudent38, Y=http://www.Department10.University0.edu, Z=UndergraduateStudent38@Department10.University0.edu}, {X=http://www.Department10.University0.edu/GraduateStudent57, Y=http://www.Department10.University0.edu, Z=GraduateStudent57@Department10.University0.edu}, {X=http://www.Department10.University0.edu/UndergraduateStudent180, Y=http://www.Department10.University0.edu, Z=UndergraduateStudent180@Department10.University0.edu}, {X=http://www.Department10.University0.edu/UndergraduateStudent143, Y=http://www.Department10.University0.edu, Z=UndergraduateStudent143@Department10.University0.edu}, {X=http://www.Department10.University0.edu/UndergraduateStudent76, Y=http://www.Department10.University0.edu, Z=UndergraduateStudent76@Department10.University0.edu}, {X=http://www.Department10.University0.edu/UndergraduateStudent101, Y=http://www.Department10.University0.edu, Z=UndergraduateStudent101@Department10.University0.edu}, {X=http://www.Department10.University0.edu/UndergraduateStudent342, Y=http://www.Department10.University0.edu, Z=UndergraduateStudent342@Department10.University0.edu}, {X=http://www.Department10.University0.edu/UndergraduateStudent168, Y=http://www.Department10.University0.edu, Z=UndergraduateStudent168@Department10.University0.edu}, {X=http://www.Department10.University0.edu/UndergraduateStudent6, Y=http://www.Department10.University0.edu, Z=UndergraduateStudent6@Department10.University0.edu}, {X=http://www.Department10.University0.edu/UndergraduateStudent144, Y=http://www.Department10.University0.edu, Z=UndergraduateStudent144@Department10.University0.edu}, {X=http://www.Department10.University0.edu/UndergraduateStudent311, Y=http://www.Department10.University0.edu, Z=UndergraduateStudent311@Department10.University0.edu}, {X=http://www.Department10.University0.edu/GraduateStudent44, Y=http://www.Department10.University0.edu, Z=GraduateStudent44@Department10.University0.edu}, {X=http://www.Department10.University0.edu/GraduateStudent30, Y=http://www.Department10.University0.edu, Z=GraduateStudent30@Department10.University0.edu}, {X=http://www.Department10.University0.edu/UndergraduateStudent152, Y=http://www.Department10.University0.edu, Z=UndergraduateStudent152@Department10.University0.edu}, {X=http://www.Department10.University0.edu/UndergraduateStudent72, Y=http://www.Department10.University0.edu, Z=UndergraduateStudent72@Department10.University0.edu}, {X=http://www.Department10.University0.edu/UndergraduateStudent341, Y=http://www.Department10.University0.edu, Z=UndergraduateStudent341@Department10.University0.edu}, {X=http://www.Department10.University0.edu/GraduateStudent46, Y=http://www.Department10.University0.edu, Z=GraduateStudent46@Department10.University0.edu}, {X=http://www.Department10.University0.edu/UndergraduateStudent336, Y=http://www.Department10.University0.edu, Z=UndergraduateStudent336@Department10.University0.edu}, {X=http://www.Department10.University0.edu/UndergraduateStudent350, Y=http://www.Department10.University0.edu, Z=UndergraduateStudent350@Department10.University0.edu}, {X=http://www.Department10.University0.edu/GraduateStudent76, Y=http://www.Department10.University0.edu, Z=GraduateStudent76@Department10.University0.edu}, {X=http://www.Department10.University0.edu/GraduateStudent40, Y=http://www.Department10.University0.edu, Z=GraduateStudent40@Department10.University0.edu}, {X=http://www.Department10.University0.edu/UndergraduateStudent162, Y=http://www.Department10.University0.edu, Z=UndergraduateStudent162@Department10.University0.edu}, {X=http://www.Department10.University0.edu/GraduateStudent97, Y=http://www.Department10.University0.edu, Z=GraduateStudent97@Department10.University0.edu}, {X=http://www.Department10.University0.edu/UndergraduateStudent159, Y=http://www.Department10.University0.edu, Z=UndergraduateStudent159@Department10.University0.edu}, {X=http://www.Department10.University0.edu/UndergraduateStudent109, Y=http://www.Department10.University0.edu, Z=UndergraduateStudent109@Department10.University0.edu}, {X=http://www.Department10.University0.edu/GraduateStudent99, Y=http://www.Department10.University0.edu, Z=GraduateStudent99@Department10.University0.edu}, {X=http://www.Department10.University0.edu/UndergraduateStudent365, Y=http://www.Department10.University0.edu, Z=UndergraduateStudent365@Department10.University0.edu}, {X=http://www.Department10.University0.edu/UndergraduateStudent4, Y=http://www.Department10.University0.edu, Z=UndergraduateStudent4@Department10.University0.edu}, {X=http://www.Department10.University0.edu/GraduateStudent62, Y=http://www.Department10.University0.edu, Z=GraduateStudent62@Department10.University0.edu}, {X=http://www.Department10.University0.edu/GraduateStudent12, Y=http://www.Department10.University0.edu, Z=GraduateStudent12@Department10.University0.edu}, {X=http://www.Department10.University0.edu/UndergraduateStudent379, Y=http://www.Department10.University0.edu, Z=UndergraduateStudent379@Department10.University0.edu}, {X=http://www.Department10.University0.edu/GraduateStudent61, Y=http://www.Department10.University0.edu, Z=GraduateStudent61@Department10.University0.edu}, {X=http://www.Department10.University0.edu/GraduateStudent124, Y=http://www.Department10.University0.edu, Z=GraduateStudent124@Department10.University0.edu}, {X=http://www.Department10.University0.edu/UndergraduateStudent384, Y=http://www.Department10.University0.edu, Z=UndergraduateStudent384@Department10.University0.edu}, {X=http://www.Department10.University0.edu/UndergraduateStudent28, Y=http://www.Department10.University0.edu, Z=UndergraduateStudent28@Department10.University0.edu}, {X=http://www.Department10.University0.edu/UndergraduateStudent192, Y=http://www.Department10.University0.edu, Z=UndergraduateStudent192@Department10.University0.edu}, {X=http://www.Department10.University0.edu/UndergraduateStudent42, Y=http://www.Department10.University0.edu, Z=UndergraduateStudent42@Department10.University0.edu}, {X=http://www.Department10.University0.edu/UndergraduateStudent153, Y=http://www.Department10.University0.edu, Z=UndergraduateStudent153@Department10.University0.edu}, {X=http://www.Department10.University0.edu/UndergraduateStudent160, Y=http://www.Department10.University0.edu, Z=UndergraduateStudent160@Department10.University0.edu}, {X=http://www.Department10.University0.edu/UndergraduateStudent154, Y=http://www.Department10.University0.edu, Z=UndergraduateStudent154@Department10.University0.edu}, {X=http://www.Department10.University0.edu/GraduateStudent29, Y=http://www.Department10.University0.edu, Z=GraduateStudent29@Department10.University0.edu}, {X=http://www.Department10.University0.edu/GraduateStudent118, Y=http://www.Department10.University0.edu, Z=GraduateStudent118@Department10.University0.edu}, {X=http://www.Department10.University0.edu/GraduateStudent80, Y=http://www.Department10.University0.edu, Z=GraduateStudent80@Department10.University0.edu}, {X=http://www.Department10.University0.edu/UndergraduateStudent18, Y=http://www.Department10.University0.edu, Z=UndergraduateStudent18@Department10.University0.edu}, {X=http://www.Department10.University0.edu/UndergraduateStudent328, Y=http://www.Department10.University0.edu, Z=UndergraduateStudent328@Department10.University0.edu}, {X=http://www.Department10.University0.edu/GraduateStudent60, Y=http://www.Department10.University0.edu, Z=GraduateStudent60@Department10.University0.edu}, {X=http://www.Department10.University0.edu/UndergraduateStudent315, Y=http://www.Department10.University0.edu, Z=UndergraduateStudent315@Department10.University0.edu}, {X=http://www.Department10.University0.edu/GraduateStudent113, Y=http://www.Department10.University0.edu, Z=GraduateStudent113@Department10.University0.edu}, {X=http://www.Department10.University0.edu/UndergraduateStudent130, Y=http://www.Department10.University0.edu, Z=UndergraduateStudent130@Department10.University0.edu}, {X=http://www.Department10.University0.edu/UndergraduateStudent34, Y=http://www.Department10.University0.edu, Z=UndergraduateStudent34@Department10.University0.edu}, {X=http://www.Department10.University0.edu/UndergraduateStudent231, Y=http://www.Department10.University0.edu, Z=UndergraduateStudent231@Department10.University0.edu}, {X=http://www.Department10.University0.edu/GraduateStudent86, Y=http://www.Department10.University0.edu, Z=GraduateStudent86@Department10.University0.edu}, {X=http://www.Department10.University0.edu/UndergraduateStudent229, Y=http://www.Department10.University0.edu, Z=UndergraduateStudent229@Department10.University0.edu}, {X=http://www.Department10.University0.edu/UndergraduateStudent303, Y=http://www.Department10.University0.edu, Z=UndergraduateStudent303@Department10.University0.edu}, {X=http://www.Department10.University0.edu/UndergraduateStudent171, Y=http://www.Department10.University0.edu, Z=UndergraduateStudent171@Department10.University0.edu}, {X=http://www.Department10.University0.edu/UndergraduateStudent47, Y=http://www.Department10.University0.edu, Z=UndergraduateStudent47@Department10.University0.edu}, {X=http://www.Department10.University0.edu/UndergraduateStudent94, Y=http://www.Department10.University0.edu, Z=UndergraduateStudent94@Department10.University0.edu}, {X=http://www.Department10.University0.edu/GraduateStudent45, Y=http://www.Department10.University0.edu, Z=GraduateStudent45@Department10.University0.edu}, {X=http://www.Department10.University0.edu/UndergraduateStudent318, Y=http://www.Department10.University0.edu, Z=UndergraduateStudent318@Department10.University0.edu}, {X=http://www.Department10.University0.edu/GraduateStudent23, Y=http://www.Department10.University0.edu, Z=GraduateStudent23@Department10.University0.edu}, {X=http://www.Department10.University0.edu/UndergraduateStudent35, Y=http://www.Department10.University0.edu, Z=UndergraduateStudent35@Department10.University0.edu}, {X=http://www.Department10.University0.edu/UndergraduateStudent320, Y=http://www.Department10.University0.edu, Z=UndergraduateStudent320@Department10.University0.edu}, {X=http://www.Department10.University0.edu/UndergraduateStudent113, Y=http://www.Department10.University0.edu, Z=UndergraduateStudent113@Department10.University0.edu}, {X=http://www.Department10.University0.edu/UndergraduateStudent9, Y=http://www.Department10.University0.edu, Z=UndergraduateStudent9@Department10.University0.edu}, {X=http://www.Department10.University0.edu/UndergraduateStudent127, Y=http://www.Department10.University0.edu, Z=UndergraduateStudent127@Department10.University0.edu}, {X=http://www.Department10.University0.edu/UndergraduateStudent258, Y=http://www.Department10.University0.edu, Z=UndergraduateStudent258@Department10.University0.edu}, {X=http://www.Department10.University0.edu/GraduateStudent70, Y=http://www.Department10.University0.edu, Z=GraduateStudent70@Department10.University0.edu}, {X=http://www.Department10.University0.edu/UndergraduateStudent78, Y=http://www.Department10.University0.edu, Z=UndergraduateStudent78@Department10.University0.edu}, {X=http://www.Department10.University0.edu/UndergraduateStudent373, Y=http://www.Department10.University0.edu, Z=UndergraduateStudent373@Department10.University0.edu}, {X=http://www.Department10.University0.edu/GraduateStudent72, Y=http://www.Department10.University0.edu, Z=GraduateStudent72@Department10.University0.edu}, {X=http://www.Department10.University0.edu/UndergraduateStudent238, Y=http://www.Department10.University0.edu, Z=UndergraduateStudent238@Department10.University0.edu}, {X=http://www.Department10.University0.edu/UndergraduateStudent331, Y=http://www.Department10.University0.edu, Z=UndergraduateStudent331@Department10.University0.edu}, {X=http://www.Department10.University0.edu/UndergraduateStudent209, Y=http://www.Department10.University0.edu, Z=UndergraduateStudent209@Department10.University0.edu}, {X=http://www.Department10.University0.edu/UndergraduateStudent221, Y=http://www.Department10.University0.edu, Z=UndergraduateStudent221@Department10.University0.edu}, {X=http://www.Department10.University0.edu/UndergraduateStudent326, Y=http://www.Department10.University0.edu, Z=UndergraduateStudent326@Department10.University0.edu}, {X=http://www.Department10.University0.edu/UndergraduateStudent8, Y=http://www.Department10.University0.edu, Z=UndergraduateStudent8@Department10.University0.edu}, {X=http://www.Department10.University0.edu/UndergraduateStudent87, Y=http://www.Department10.University0.edu, Z=UndergraduateStudent87@Department10.University0.edu}, {X=http://www.Department10.University0.edu/UndergraduateStudent244, Y=http://www.Department10.University0.edu, Z=UndergraduateStudent244@Department10.University0.edu}, {X=http://www.Department10.University0.edu/UndergraduateStudent300, Y=http://www.Department10.University0.edu, Z=UndergraduateStudent300@Department10.University0.edu}, {X=http://www.Department10.University0.edu/UndergraduateStudent262, Y=http://www.Department10.University0.edu, Z=UndergraduateStudent262@Department10.University0.edu}, {X=http://www.Department10.University0.edu/UndergraduateStudent10, Y=http://www.Department10.University0.edu, Z=UndergraduateStudent10@Department10.University0.edu}, {X=http://www.Department10.University0.edu/UndergraduateStudent356, Y=http://www.Department10.University0.edu, Z=UndergraduateStudent356@Department10.University0.edu}, {X=http://www.Department10.University0.edu/UndergraduateStudent391, Y=http://www.Department10.University0.edu, Z=UndergraduateStudent391@Department10.University0.edu}, {X=http://www.Department10.University0.edu/UndergraduateStudent346, Y=http://www.Department10.University0.edu, Z=UndergraduateStudent346@Department10.University0.edu}, {X=http://www.Department10.University0.edu/GraduateStudent121, Y=http://www.Department10.University0.edu, Z=GraduateStudent121@Department10.University0.edu}, {X=http://www.Department10.University0.edu/UndergraduateStudent185, Y=http://www.Department10.University0.edu, Z=UndergraduateStudent185@Department10.University0.edu}, {X=http://www.Department10.University0.edu/UndergraduateStudent301, Y=http://www.Department10.University0.edu, Z=UndergraduateStudent301@Department10.University0.edu}, {X=http://www.Department10.University0.edu/GraduateStudent43, Y=http://www.Department10.University0.edu, Z=GraduateStudent43@Department10.University0.edu}, {X=http://www.Department10.University0.edu/UndergraduateStudent404, Y=http://www.Department10.University0.edu, Z=UndergraduateStudent404@Department10.University0.edu}, {X=http://www.Department10.University0.edu/UndergraduateStudent11, Y=http://www.Department10.University0.edu, Z=UndergraduateStudent11@Department10.University0.edu}, {X=http://www.Department10.University0.edu/UndergraduateStudent316, Y=http://www.Department10.University0.edu, Z=UndergraduateStudent316@Department10.University0.edu}, {X=http://www.Department10.University0.edu/UndergraduateStudent75, Y=http://www.Department10.University0.edu, Z=UndergraduateStudent75@Department10.University0.edu}, {X=http://www.Department10.University0.edu/UndergraduateStudent93, Y=http://www.Department10.University0.edu, Z=UndergraduateStudent93@Department10.University0.edu}, {X=http://www.Department10.University0.edu/GraduateStudent89, Y=http://www.Department10.University0.edu, Z=GraduateStudent89@Department10.University0.edu}, {X=http://www.Department10.University0.edu/GraduateStudent136, Y=http://www.Department10.University0.edu, Z=GraduateStudent136@Department10.University0.edu}, {X=http://www.Department10.University0.edu/UndergraduateStudent52, Y=http://www.Department10.University0.edu, Z=UndergraduateStudent52@Department10.University0.edu}, {X=http://www.Department10.University0.edu/UndergraduateStudent40, Y=http://www.Department10.University0.edu, Z=UndergraduateStudent40@Department10.University0.edu}, {X=http://www.Department10.University0.edu/UndergraduateStudent358, Y=http://www.Department10.University0.edu, Z=UndergraduateStudent358@Department10.University0.edu}, {X=http://www.Department10.University0.edu/UndergraduateStudent37, Y=http://www.Department10.University0.edu, Z=UndergraduateStudent37@Department10.University0.edu}, {X=http://www.Department10.University0.edu/UndergraduateStudent196, Y=http://www.Department10.University0.edu, Z=UndergraduateStudent196@Department10.University0.edu}, {X=http://www.Department10.University0.edu/UndergraduateStudent164, Y=http://www.Department10.University0.edu, Z=UndergraduateStudent164@Department10.University0.edu}, {X=http://www.Department10.University0.edu/UndergraduateStudent16, Y=http://www.Department10.University0.edu, Z=UndergraduateStudent16@Department10.University0.edu}, {X=http://www.Department10.University0.edu/UndergraduateStudent17, Y=http://www.Department10.University0.edu, Z=UndergraduateStudent17@Department10.University0.edu}, {X=http://www.Department10.University0.edu/GraduateStudent84, Y=http://www.Department10.University0.edu, Z=GraduateStudent84@Department10.University0.edu}, {X=http://www.Department10.University0.edu/GraduateStudent132, Y=http://www.Department10.University0.edu, Z=GraduateStudent132@Department10.University0.edu}, {X=http://www.Department10.University0.edu/UndergraduateStudent20, Y=http://www.Department10.University0.edu, Z=UndergraduateStudent20@Department10.University0.edu}, {X=http://www.Department10.University0.edu/UndergraduateStudent294, Y=http://www.Department10.University0.edu, Z=UndergraduateStudent294@Department10.University0.edu}, {X=http://www.Department10.University0.edu/UndergraduateStudent282, Y=http://www.Department10.University0.edu, Z=UndergraduateStudent282@Department10.University0.edu}, {X=http://www.Department10.University0.edu/UndergraduateStudent388, Y=http://www.Department10.University0.edu, Z=UndergraduateStudent388@Department10.University0.edu}, {X=http://www.Department10.University0.edu/UndergraduateStudent370, Y=http://www.Department10.University0.edu, Z=UndergraduateStudent370@Department10.University0.edu}, {X=http://www.Department10.University0.edu/UndergraduateStudent216, Y=http://www.Department10.University0.edu, Z=UndergraduateStudent216@Department10.University0.edu}, {X=http://www.Department10.University0.edu/GraduateStudent112, Y=http://www.Department10.University0.edu, Z=GraduateStudent112@Department10.University0.edu}, {X=http://www.Department10.University0.edu/UndergraduateStudent292, Y=http://www.Department10.University0.edu, Z=UndergraduateStudent292@Department10.University0.edu}, {X=http://www.Department10.University0.edu/UndergraduateStudent270, Y=http://www.Department10.University0.edu, Z=UndergraduateStudent270@Department10.University0.edu}, {X=http://www.Department10.University0.edu/UndergraduateStudent340, Y=http://www.Department10.University0.edu, Z=UndergraduateStudent340@Department10.University0.edu}, {X=http://www.Department10.University0.edu/UndergraduateStudent309, Y=http://www.Department10.University0.edu, Z=UndergraduateStudent309@Department10.University0.edu}, {X=http://www.Department10.University0.edu/UndergraduateStudent142, Y=http://www.Department10.University0.edu, Z=UndergraduateStudent142@Department10.University0.edu}, {X=http://www.Department10.University0.edu/UndergraduateStudent310, Y=http://www.Department10.University0.edu, Z=UndergraduateStudent310@Department10.University0.edu}, {X=http://www.Department10.University0.edu/UndergraduateStudent129, Y=http://www.Department10.University0.edu, Z=UndergraduateStudent129@Department10.University0.edu}, {X=http://www.Department10.University0.edu/UndergraduateStudent249, Y=http://www.Department10.University0.edu, Z=UndergraduateStudent249@Department10.University0.edu}, {X=http://www.Department10.University0.edu/UndergraduateStudent410, Y=http://www.Department10.University0.edu, Z=UndergraduateStudent410@Department10.University0.edu}, {X=http://www.Department10.University0.edu/UndergraduateStudent147, Y=http://www.Department10.University0.edu, Z=UndergraduateStudent147@Department10.University0.edu}, {X=http://www.Department10.University0.edu/UndergraduateStudent59, Y=http://www.Department10.University0.edu, Z=UndergraduateStudent59@Department10.University0.edu}, {X=http://www.Department10.University0.edu/UndergraduateStudent181, Y=http://www.Department10.University0.edu, Z=UndergraduateStudent181@Department10.University0.edu}, {X=http://www.Department10.University0.edu/UndergraduateStudent213, Y=http://www.Department10.University0.edu, Z=UndergraduateStudent213@Department10.University0.edu}, {X=http://www.Department10.University0.edu/UndergraduateStudent386, Y=http://www.Department10.University0.edu, Z=UndergraduateStudent386@Department10.University0.edu}, {X=http://www.Department10.University0.edu/GraduateStudent109, Y=http://www.Department10.University0.edu, Z=GraduateStudent109@Department10.University0.edu}, {X=http://www.Department10.University0.edu/UndergraduateStudent295, Y=http://www.Department10.University0.edu, Z=UndergraduateStudent295@Department10.University0.edu}, {X=http://www.Department10.University0.edu/GraduateStudent105, Y=http://www.Department10.University0.edu, Z=GraduateStudent105@Department10.University0.edu}, {X=http://www.Department10.University0.edu/UndergraduateStudent396, Y=http://www.Department10.University0.edu, Z=UndergraduateStudent396@Department10.University0.edu}, {X=http://www.Department10.University0.edu/UndergraduateStudent121, Y=http://www.Department10.University0.edu, Z=UndergraduateStudent121@Department10.University0.edu}, {X=http://www.Department10.University0.edu/GraduateStudent14, Y=http://www.Department10.University0.edu, Z=GraduateStudent14@Department10.University0.edu}, {X=http://www.Department10.University0.edu/UndergraduateStudent212, Y=http://www.Department10.University0.edu, Z=UndergraduateStudent212@Department10.University0.edu}, {X=http://www.Department10.University0.edu/GraduateStudent20, Y=http://www.Department10.University0.edu, Z=GraduateStudent20@Department10.University0.edu}, {X=http://www.Department10.University0.edu/UndergraduateStudent66, Y=http://www.Department10.University0.edu, Z=UndergraduateStudent66@Department10.University0.edu}, {X=http://www.Department10.University0.edu/UndergraduateStudent61, Y=http://www.Department10.University0.edu, Z=UndergraduateStudent61@Department10.University0.edu}, {X=http://www.Department10.University0.edu/GraduateStudent64, Y=http://www.Department10.University0.edu, Z=GraduateStudent64@Department10.University0.edu}, {X=http://www.Department10.University0.edu/UndergraduateStudent279, Y=http://www.Department10.University0.edu, Z=UndergraduateStudent279@Department10.University0.edu}, {X=http://www.Department10.University0.edu/UndergraduateStudent74, Y=http://www.Department10.University0.edu, Z=UndergraduateStudent74@Department10.University0.edu}, {X=http://www.Department10.University0.edu/UndergraduateStudent198, Y=http://www.Department10.University0.edu, Z=UndergraduateStudent198@Department10.University0.edu}, {X=http://www.Department10.University0.edu/UndergraduateStudent277, Y=http://www.Department10.University0.edu, Z=UndergraduateStudent277@Department10.University0.edu}, {X=http://www.Department10.University0.edu/UndergraduateStudent240, Y=http://www.Department10.University0.edu, Z=UndergraduateStudent240@Department10.University0.edu}, {X=http://www.Department10.University0.edu/UndergraduateStudent304, Y=http://www.Department10.University0.edu, Z=UndergraduateStudent304@Department10.University0.edu}, {X=http://www.Department10.University0.edu/UndergraduateStudent252, Y=http://www.Department10.University0.edu, Z=UndergraduateStudent252@Department10.University0.edu}, {X=http://www.Department10.University0.edu/UndergraduateStudent204, Y=http://www.Department10.University0.edu, Z=UndergraduateStudent204@Department10.University0.edu}, {X=http://www.Department10.University0.edu/UndergraduateStudent214, Y=http://www.Department10.University0.edu, Z=UndergraduateStudent214@Department10.University0.edu}, {X=http://www.Department10.University0.edu/UndergraduateStudent149, Y=http://www.Department10.University0.edu, Z=UndergraduateStudent149@Department10.University0.edu}, {X=http://www.Department10.University0.edu/GraduateStudent116, Y=http://www.Department10.University0.edu, Z=GraduateStudent116@Department10.University0.edu}, {X=http://www.Department10.University0.edu/UndergraduateStudent116, Y=http://www.Department10.University0.edu, Z=UndergraduateStudent116@Department10.University0.edu}, {X=http://www.Department10.University0.edu/UndergraduateStudent299, Y=http://www.Department10.University0.edu, Z=UndergraduateStudent299@Department10.University0.edu}, {X=http://www.Department10.University0.edu/UndergraduateStudent3, Y=http://www.Department10.University0.edu, Z=UndergraduateStudent3@Department10.University0.edu}, {X=http://www.Department10.University0.edu/UndergraduateStudent15, Y=http://www.Department10.University0.edu, Z=UndergraduateStudent15@Department10.University0.edu}, {X=http://www.Department10.University0.edu/UndergraduateStudent261, Y=http://www.Department10.University0.edu, Z=UndergraduateStudent261@Department10.University0.edu}, {X=http://www.Department10.University0.edu/GraduateStudent100, Y=http://www.Department10.University0.edu, Z=GraduateStudent100@Department10.University0.edu}, {X=http://www.Department10.University0.edu/UndergraduateStudent80, Y=http://www.Department10.University0.edu, Z=UndergraduateStudent80@Department10.University0.edu}, {X=http://www.Department10.University0.edu/UndergraduateStudent406, Y=http://www.Department10.University0.edu, Z=UndergraduateStudent406@Department10.University0.edu}, {X=http://www.Department10.University0.edu/UndergraduateStudent369, Y=http://www.Department10.University0.edu, Z=UndergraduateStudent369@Department10.University0.edu}, {X=http://www.Department10.University0.edu/UndergraduateStudent175, Y=http://www.Department10.University0.edu, Z=UndergraduateStudent175@Department10.University0.edu}, {X=http://www.Department10.University0.edu/UndergraduateStudent148, Y=http://www.Department10.University0.edu, Z=UndergraduateStudent148@Department10.University0.edu}, {X=http://www.Department10.University0.edu/GraduateStudent129, Y=http://www.Department10.University0.edu, Z=GraduateStudent129@Department10.University0.edu}, {X=http://www.Department10.University0.edu/UndergraduateStudent122, Y=http://www.Department10.University0.edu, Z=UndergraduateStudent122@Department10.University0.edu}, {X=http://www.Department10.University0.edu/UndergraduateStudent228, Y=http://www.Department10.University0.edu, Z=UndergraduateStudent228@Department10.University0.edu}, {X=http://www.Department10.University0.edu/UndergraduateStudent102, Y=http://www.Department10.University0.edu, Z=UndergraduateStudent102@Department10.University0.edu}, {X=http://www.Department10.University0.edu/GraduateStudent115, Y=http://www.Department10.University0.edu, Z=GraduateStudent115@Department10.University0.edu}, {X=http://www.Department10.University0.edu/UndergraduateStudent354, Y=http://www.Department10.University0.edu, Z=UndergraduateStudent354@Department10.University0.edu}, {X=http://www.Department10.University0.edu/UndergraduateStudent174, Y=http://www.Department10.University0.edu, Z=UndergraduateStudent174@Department10.University0.edu}, {X=http://www.Department10.University0.edu/UndergraduateStudent155, Y=http://www.Department10.University0.edu, Z=UndergraduateStudent155@Department10.University0.edu}, {X=http://www.Department10.University0.edu/UndergraduateStudent349, Y=http://www.Department10.University0.edu, Z=UndergraduateStudent349@Department10.University0.edu}, {X=http://www.Department10.University0.edu/GraduateStudent82, Y=http://www.Department10.University0.edu, Z=GraduateStudent82@Department10.University0.edu}, {X=http://www.Department10.University0.edu/UndergraduateStudent219, Y=http://www.Department10.University0.edu, Z=UndergraduateStudent219@Department10.University0.edu}, {X=http://www.Department10.University0.edu/UndergraduateStudent243, Y=http://www.Department10.University0.edu, Z=UndergraduateStudent243@Department10.University0.edu}, {X=http://www.Department10.University0.edu/UndergraduateStudent26, Y=http://www.Department10.University0.edu, Z=UndergraduateStudent26@Department10.University0.edu}, {X=http://www.Department10.University0.edu/GraduateStudent9, Y=http://www.Department10.University0.edu, Z=GraduateStudent9@Department10.University0.edu}, {X=http://www.Department10.University0.edu/UndergraduateStudent247, Y=http://www.Department10.University0.edu, Z=UndergraduateStudent247@Department10.University0.edu}, {X=http://www.Department10.University0.edu/GraduateStudent49, Y=http://www.Department10.University0.edu, Z=GraduateStudent49@Department10.University0.edu}, {X=http://www.Department10.University0.edu/GraduateStudent108, Y=http://www.Department10.University0.edu, Z=GraduateStudent108@Department10.University0.edu}, {X=http://www.Department10.University0.edu/UndergraduateStudent272, Y=http://www.Department10.University0.edu, Z=UndergraduateStudent272@Department10.University0.edu}, {X=http://www.Department10.University0.edu/GraduateStudent81, Y=http://www.Department10.University0.edu, Z=GraduateStudent81@Department10.University0.edu}, {X=http://www.Department10.University0.edu/UndergraduateStudent239, Y=http://www.Department10.University0.edu, Z=UndergraduateStudent239@Department10.University0.edu}, {X=http://www.Department10.University0.edu/UndergraduateStudent13, Y=http://www.Department10.University0.edu, Z=UndergraduateStudent13@Department10.University0.edu}, {X=http://www.Department10.University0.edu/UndergraduateStudent195, Y=http://www.Department10.University0.edu, Z=UndergraduateStudent195@Department10.University0.edu}, {X=http://www.Department10.University0.edu/GraduateStudent94, Y=http://www.Department10.University0.edu, Z=GraduateStudent94@Department10.University0.edu}, {X=http://www.Department10.University0.edu/UndergraduateStudent183, Y=http://www.Department10.University0.edu, Z=UndergraduateStudent183@Department10.University0.edu}, {X=http://www.Department10.University0.edu/UndergraduateStudent163, Y=http://www.Department10.University0.edu, Z=UndergraduateStudent163@Department10.University0.edu}, {X=http://www.Department10.University0.edu/GraduateStudent65, Y=http://www.Department10.University0.edu, Z=GraduateStudent65@Department10.University0.edu}, {X=http://www.Department10.University0.edu/UndergraduateStudent27, Y=http://www.Department10.University0.edu, Z=UndergraduateStudent27@Department10.University0.edu}, {X=http://www.Department10.University0.edu/UndergraduateStudent30, Y=http://www.Department10.University0.edu, Z=UndergraduateStudent30@Department10.University0.edu}, {X=http://www.Department10.University0.edu/UndergraduateStudent125, Y=http://www.Department10.University0.edu, Z=UndergraduateStudent125@Department10.University0.edu}, {X=http://www.Department10.University0.edu/UndergraduateStudent14, Y=http://www.Department10.University0.edu, Z=UndergraduateStudent14@Department10.University0.edu}, {X=http://www.Department10.University0.edu/UndergraduateStudent70, Y=http://www.Department10.University0.edu, Z=UndergraduateStudent70@Department10.University0.edu}, {X=http://www.Department10.University0.edu/UndergraduateStudent53, Y=http://www.Department10.University0.edu, Z=UndergraduateStudent53@Department10.University0.edu}, {X=http://www.Department10.University0.edu/UndergraduateStudent329, Y=http://www.Department10.University0.edu, Z=UndergraduateStudent329@Department10.University0.edu}, {X=http://www.Department10.University0.edu/UndergraduateStudent139, Y=http://www.Department10.University0.edu, Z=UndergraduateStudent139@Department10.University0.edu}, {X=http://www.Department10.University0.edu/GraduateStudent18, Y=http://www.Department10.University0.edu, Z=GraduateStudent18@Department10.University0.edu}, {X=http://www.Department10.University0.edu/UndergraduateStudent333, Y=http://www.Department10.University0.edu, Z=UndergraduateStudent333@Department10.University0.edu}, {X=http://www.Department10.University0.edu/UndergraduateStudent359, Y=http://www.Department10.University0.edu, Z=UndergraduateStudent359@Department10.University0.edu}, {X=http://www.Department10.University0.edu/GraduateStudent19, Y=http://www.Department10.University0.edu, Z=GraduateStudent19@Department10.University0.edu}, {X=http://www.Department10.University0.edu/UndergraduateStudent187, Y=http://www.Department10.University0.edu, Z=UndergraduateStudent187@Department10.University0.edu}, {X=http://www.Department10.University0.edu/UndergraduateStudent202, Y=http://www.Department10.University0.edu, Z=UndergraduateStudent202@Department10.University0.edu}, {X=http://www.Department10.University0.edu/GraduateStudent91, Y=http://www.Department10.University0.edu, Z=GraduateStudent91@Department10.University0.edu}, {X=http://www.Department10.University0.edu/UndergraduateStudent385, Y=http://www.Department10.University0.edu, Z=UndergraduateStudent385@Department10.University0.edu}, {X=http://www.Department10.University0.edu/UndergraduateStudent286, Y=http://www.Department10.University0.edu, Z=UndergraduateStudent286@Department10.University0.edu}, {X=http://www.Department10.University0.edu/UndergraduateStudent206, Y=http://www.Department10.University0.edu, Z=UndergraduateStudent206@Department10.University0.edu}, {X=http://www.Department10.University0.edu/UndergraduateStudent225, Y=http://www.Department10.University0.edu, Z=UndergraduateStudent225@Department10.University0.edu}, {X=http://www.Department10.University0.edu/UndergraduateStudent182, Y=http://www.Department10.University0.edu, Z=UndergraduateStudent182@Department10.University0.edu}, {X=http://www.Department10.University0.edu/UndergraduateStudent283, Y=http://www.Department10.University0.edu, Z=UndergraduateStudent283@Department10.University0.edu}, {X=http://www.Department10.University0.edu/UndergraduateStudent161, Y=http://www.Department10.University0.edu, Z=UndergraduateStudent161@Department10.University0.edu}, {X=http://www.Department10.University0.edu/UndergraduateStudent23, Y=http://www.Department10.University0.edu, Z=UndergraduateStudent23@Department10.University0.edu}, {X=http://www.Department10.University0.edu/UndergraduateStudent401, Y=http://www.Department10.University0.edu, Z=UndergraduateStudent401@Department10.University0.edu}, {X=http://www.Department10.University0.edu/GraduateStudent54, Y=http://www.Department10.University0.edu, Z=GraduateStudent54@Department10.University0.edu}, {X=http://www.Department10.University0.edu/UndergraduateStudent321, Y=http://www.Department10.University0.edu, Z=UndergraduateStudent321@Department10.University0.edu}, {X=http://www.Department10.University0.edu/UndergraduateStudent296, Y=http://www.Department10.University0.edu, Z=UndergraduateStudent296@Department10.University0.edu}, {X=http://www.Department10.University0.edu/UndergraduateStudent178, Y=http://www.Department10.University0.edu, Z=UndergraduateStudent178@Department10.University0.edu}, {X=http://www.Department10.University0.edu/UndergraduateStudent344, Y=http://www.Department10.University0.edu, Z=UndergraduateStudent344@Department10.University0.edu}, {X=http://www.Department10.University0.edu/GraduateStudent25, Y=http://www.Department10.University0.edu, Z=GraduateStudent25@Department10.University0.edu}, {X=http://www.Department10.University0.edu/UndergraduateStudent257, Y=http://www.Department10.University0.edu, Z=UndergraduateStudent257@Department10.University0.edu}, {X=http://www.Department10.University0.edu/UndergraduateStudent383, Y=http://www.Department10.University0.edu, Z=UndergraduateStudent383@Department10.University0.edu}, {X=http://www.Department10.University0.edu/UndergraduateStudent63, Y=http://www.Department10.University0.edu, Z=UndergraduateStudent63@Department10.University0.edu}, {X=http://www.Department10.University0.edu/UndergraduateStudent57, Y=http://www.Department10.University0.edu, Z=UndergraduateStudent57@Department10.University0.edu}, {X=http://www.Department10.University0.edu/GraduateStudent104, Y=http://www.Department10.University0.edu, Z=GraduateStudent104@Department10.University0.edu}, {X=http://www.Department10.University0.edu/UndergraduateStudent335, Y=http://www.Department10.University0.edu, Z=UndergraduateStudent335@Department10.University0.edu}, {X=http://www.Department10.University0.edu/UndergraduateStudent207, Y=http://www.Department10.University0.edu, Z=UndergraduateStudent207@Department10.University0.edu}, {X=http://www.Department10.University0.edu/UndergraduateStudent248, Y=http://www.Department10.University0.edu, Z=UndergraduateStudent248@Department10.University0.edu}, {X=http://www.Department10.University0.edu/GraduateStudent11, Y=http://www.Department10.University0.edu, Z=GraduateStudent11@Department10.University0.edu}, {X=http://www.Department10.University0.edu/UndergraduateStudent298, Y=http://www.Department10.University0.edu, Z=UndergraduateStudent298@Department10.University0.edu}, {X=http://www.Department10.University0.edu/GraduateStudent13, Y=http://www.Department10.University0.edu, Z=GraduateStudent13@Department10.University0.edu}, {X=http://www.Department10.University0.edu/UndergraduateStudent90, Y=http://www.Department10.University0.edu, Z=UndergraduateStudent90@Department10.University0.edu}, {X=http://www.Department10.University0.edu/UndergraduateStudent194, Y=http://www.Department10.University0.edu, Z=UndergraduateStudent194@Department10.University0.edu}, {X=http://www.Department10.University0.edu/GraduateStudent68, Y=http://www.Department10.University0.edu, Z=GraduateStudent68@Department10.University0.edu}, {X=http://www.Department10.University0.edu/GraduateStudent10, Y=http://www.Department10.University0.edu, Z=GraduateStudent10@Department10.University0.edu}, {X=http://www.Department10.University0.edu/UndergraduateStudent173, Y=http://www.Department10.University0.edu, Z=UndergraduateStudent173@Department10.University0.edu}, {X=http://www.Department10.University0.edu/UndergraduateStudent39, Y=http://www.Department10.University0.edu, Z=UndergraduateStudent39@Department10.University0.edu}, {X=http://www.Department10.University0.edu/UndergraduateStudent217, Y=http://www.Department10.University0.edu, Z=UndergraduateStudent217@Department10.University0.edu}, {X=http://www.Department10.University0.edu/UndergraduateStudent158, Y=http://www.Department10.University0.edu, Z=UndergraduateStudent158@Department10.University0.edu}, {X=http://www.Department10.University0.edu/GraduateStudent93, Y=http://www.Department10.University0.edu, Z=GraduateStudent93@Department10.University0.edu}, {X=http://www.Department10.University0.edu/UndergraduateStudent211, Y=http://www.Department10.University0.edu, Z=UndergraduateStudent211@Department10.University0.edu}, {X=http://www.Department10.University0.edu/UndergraduateStudent382, Y=http://www.Department10.University0.edu, Z=UndergraduateStudent382@Department10.University0.edu}, {X=http://www.Department10.University0.edu/GraduateStudent39, Y=http://www.Department10.University0.edu, Z=GraduateStudent39@Department10.University0.edu}, {X=http://www.Department10.University0.edu/UndergraduateStudent201, Y=http://www.Department10.University0.edu, Z=UndergraduateStudent201@Department10.University0.edu}, {X=http://www.Department10.University0.edu/GraduateStudent63, Y=http://www.Department10.University0.edu, Z=GraduateStudent63@Department10.University0.edu}, {X=http://www.Department10.University0.edu/GraduateStudent52, Y=http://www.Department10.University0.edu, Z=GraduateStudent52@Department10.University0.edu}, {X=http://www.Department10.University0.edu/UndergraduateStudent353, Y=http://www.Department10.University0.edu, Z=UndergraduateStudent353@Department10.University0.edu}, {X=http://www.Department10.University0.edu/GraduateStudent101, Y=http://www.Department10.University0.edu, Z=GraduateStudent101@Department10.University0.edu}, {X=http://www.Department10.University0.edu/GraduateStudent125, Y=http://www.Department10.University0.edu, Z=GraduateStudent125@Department10.University0.edu}, {X=http://www.Department10.University0.edu/UndergraduateStudent2, Y=http://www.Department10.University0.edu, Z=UndergraduateStudent2@Department10.University0.edu}, {X=http://www.Department10.University0.edu/UndergraduateStudent62, Y=http://www.Department10.University0.edu, Z=UndergraduateStudent62@Department10.University0.edu}, {X=http://www.Department10.University0.edu/UndergraduateStudent22, Y=http://www.Department10.University0.edu, Z=UndergraduateStudent22@Department10.University0.edu}, {X=http://www.Department10.University0.edu/UndergraduateStudent234, Y=http://www.Department10.University0.edu, Z=UndergraduateStudent234@Department10.University0.edu}, {X=http://www.Department10.University0.edu/UndergraduateStudent308, Y=http://www.Department10.University0.edu, Z=UndergraduateStudent308@Department10.University0.edu}, {X=http://www.Department10.University0.edu/UndergraduateStudent97, Y=http://www.Department10.University0.edu, Z=UndergraduateStudent97@Department10.University0.edu}, {X=http://www.Department10.University0.edu/GraduateStudent4, Y=http://www.Department10.University0.edu, Z=GraduateStudent4@Department10.University0.edu}, {X=http://www.Department10.University0.edu/UndergraduateStudent377, Y=http://www.Department10.University0.edu, Z=UndergraduateStudent377@Department10.University0.edu}, {X=http://www.Department10.University0.edu/UndergraduateStudent41, Y=http://www.Department10.University0.edu, Z=UndergraduateStudent41@Department10.University0.edu}, {X=http://www.Department10.University0.edu/UndergraduateStudent250, Y=http://www.Department10.University0.edu, Z=UndergraduateStudent250@Department10.University0.edu}, {X=http://www.Department10.University0.edu/UndergraduateStudent330, Y=http://www.Department10.University0.edu, Z=UndergraduateStudent330@Department10.University0.edu}, {X=http://www.Department10.University0.edu/UndergraduateStudent227, Y=http://www.Department10.University0.edu, Z=UndergraduateStudent227@Department10.University0.edu}, {X=http://www.Department10.University0.edu/GraduateStudent96, Y=http://www.Department10.University0.edu, Z=GraduateStudent96@Department10.University0.edu}, {X=http://www.Department10.University0.edu/UndergraduateStudent199, Y=http://www.Department10.University0.edu, Z=UndergraduateStudent199@Department10.University0.edu}, {X=http://www.Department10.University0.edu/GraduateStudent131, Y=http://www.Department10.University0.edu, Z=GraduateStudent131@Department10.University0.edu}, {X=http://www.Department10.University0.edu/UndergraduateStudent265, Y=http://www.Department10.University0.edu, Z=UndergraduateStudent265@Department10.University0.edu}, {X=http://www.Department10.University0.edu/UndergraduateStudent131, Y=http://www.Department10.University0.edu, Z=UndergraduateStudent131@Department10.University0.edu}, {X=http://www.Department10.University0.edu/UndergraduateStudent48, Y=http://www.Department10.University0.edu, Z=UndergraduateStudent48@Department10.University0.edu}, {X=http://www.Department10.University0.edu/GraduateStudent33, Y=http://www.Department10.University0.edu, Z=GraduateStudent33@Department10.University0.edu}, {X=http://www.Department10.University0.edu/UndergraduateStudent137, Y=http://www.Department10.University0.edu, Z=UndergraduateStudent137@Department10.University0.edu}, {X=http://www.Department10.University0.edu/UndergraduateStudent281, Y=http://www.Department10.University0.edu, Z=UndergraduateStudent281@Department10.University0.edu}, {X=http://www.Department10.University0.edu/UndergraduateStudent166, Y=http://www.Department10.University0.edu, Z=UndergraduateStudent166@Department10.University0.edu}, {X=http://www.Department10.University0.edu/UndergraduateStudent233, Y=http://www.Department10.University0.edu, Z=UndergraduateStudent233@Department10.University0.edu}, {X=http://www.Department10.University0.edu/GraduateStudent98, Y=http://www.Department10.University0.edu, Z=GraduateStudent98@Department10.University0.edu}, {X=http://www.Department10.University0.edu/UndergraduateStudent67, Y=http://www.Department10.University0.edu, Z=UndergraduateStudent67@Department10.University0.edu}, {X=http://www.Department10.University0.edu/UndergraduateStudent85, Y=http://www.Department10.University0.edu, Z=UndergraduateStudent85@Department10.University0.edu}, {X=http://www.Department10.University0.edu/UndergraduateStudent88, Y=http://www.Department10.University0.edu, Z=UndergraduateStudent88@Department10.University0.edu}, {X=http://www.Department10.University0.edu/UndergraduateStudent120, Y=http://www.Department10.University0.edu, Z=UndergraduateStudent120@Department10.University0.edu}, {X=http://www.Department10.University0.edu/GraduateStudent123, Y=http://www.Department10.University0.edu, Z=GraduateStudent123@Department10.University0.edu}, {X=http://www.Department10.University0.edu/GraduateStudent110, Y=http://www.Department10.University0.edu, Z=GraduateStudent110@Department10.University0.edu}, {X=http://www.Department10.University0.edu/UndergraduateStudent36, Y=http://www.Department10.University0.edu, Z=UndergraduateStudent36@Department10.University0.edu}, {X=http://www.Department10.University0.edu/UndergraduateStudent151, Y=http://www.Department10.University0.edu, Z=UndergraduateStudent151@Department10.University0.edu}, {X=http://www.Department10.University0.edu/GraduateStudent31, Y=http://www.Department10.University0.edu, Z=GraduateStudent31@Department10.University0.edu}, {X=http://www.Department10.University0.edu/UndergraduateStudent82, Y=http://www.Department10.University0.edu, Z=UndergraduateStudent82@Department10.University0.edu}, {X=http://www.Department10.University0.edu/GraduateStudent35, Y=http://www.Department10.University0.edu, Z=GraduateStudent35@Department10.University0.edu}, {X=http://www.Department10.University0.edu/UndergraduateStudent241, Y=http://www.Department10.University0.edu, Z=UndergraduateStudent241@Department10.University0.edu}, {X=http://www.Department10.University0.edu/GraduateStudent34, Y=http://www.Department10.University0.edu, Z=GraduateStudent34@Department10.University0.edu}, {X=http://www.Department10.University0.edu/UndergraduateStudent126, Y=http://www.Department10.University0.edu, Z=UndergraduateStudent126@Department10.University0.edu}, {X=http://www.Department10.University0.edu/UndergraduateStudent184, Y=http://www.Department10.University0.edu, Z=UndergraduateStudent184@Department10.University0.edu}, {X=http://www.Department10.University0.edu/UndergraduateStudent169, Y=http://www.Department10.University0.edu, Z=UndergraduateStudent169@Department10.University0.edu}, {X=http://www.Department10.University0.edu/UndergraduateStudent12, Y=http://www.Department10.University0.edu, Z=UndergraduateStudent12@Department10.University0.edu}, {X=http://www.Department10.University0.edu/UndergraduateStudent133, Y=http://www.Department10.University0.edu, Z=UndergraduateStudent133@Department10.University0.edu}, {X=http://www.Department10.University0.edu/UndergraduateStudent84, Y=http://www.Department10.University0.edu, Z=UndergraduateStudent84@Department10.University0.edu}, {X=http://www.Department10.University0.edu/GraduateStudent8, Y=http://www.Department10.University0.edu, Z=GraduateStudent8@Department10.University0.edu}, {X=http://www.Department10.University0.edu/UndergraduateStudent403, Y=http://www.Department10.University0.edu, Z=UndergraduateStudent403@Department10.University0.edu}, {X=http://www.Department10.University0.edu/UndergraduateStudent60, Y=http://www.Department10.University0.edu, Z=UndergraduateStudent60@Department10.University0.edu}, {X=http://www.Department10.University0.edu/GraduateStudent26, Y=http://www.Department10.University0.edu, Z=GraduateStudent26@Department10.University0.edu}, {X=http://www.Department10.University0.edu/UndergraduateStudent402, Y=http://www.Department10.University0.edu, Z=UndergraduateStudent402@Department10.University0.edu}, {X=http://www.Department10.University0.edu/UndergraduateStudent210, Y=http://www.Department10.University0.edu, Z=UndergraduateStudent210@Department10.University0.edu}, {X=http://www.Department10.University0.edu/GraduateStudent69, Y=http://www.Department10.University0.edu, Z=GraduateStudent69@Department10.University0.edu}, {X=http://www.Department10.University0.edu/UndergraduateStudent123, Y=http://www.Department10.University0.edu, Z=UndergraduateStudent123@Department10.University0.edu}, {X=http://www.Department10.University0.edu/UndergraduateStudent167, Y=http://www.Department10.University0.edu, Z=UndergraduateStudent167@Department10.University0.edu}, {X=http://www.Department10.University0.edu/UndergraduateStudent361, Y=http://www.Department10.University0.edu, Z=UndergraduateStudent361@Department10.University0.edu}, {X=http://www.Department10.University0.edu/GraduateStudent5, Y=http://www.Department10.University0.edu, Z=GraduateStudent5@Department10.University0.edu}, {X=http://www.Department10.University0.edu/GraduateStudent55, Y=http://www.Department10.University0.edu, Z=GraduateStudent55@Department10.University0.edu}, {X=http://www.Department10.University0.edu/GraduateStudent134, Y=http://www.Department10.University0.edu, Z=GraduateStudent134@Department10.University0.edu}, {X=http://www.Department10.University0.edu/UndergraduateStudent200, Y=http://www.Department10.University0.edu, Z=UndergraduateStudent200@Department10.University0.edu}, {X=http://www.Department10.University0.edu/UndergraduateStudent29, Y=http://www.Department10.University0.edu, Z=UndergraduateStudent29@Department10.University0.edu}, {X=http://www.Department10.University0.edu/GraduateStudent16, Y=http://www.Department10.University0.edu, Z=GraduateStudent16@Department10.University0.edu}, {X=http://www.Department10.University0.edu/UndergraduateStudent271, Y=http://www.Department10.University0.edu, Z=UndergraduateStudent271@Department10.University0.edu}, {X=http://www.Department10.University0.edu/UndergraduateStudent322, Y=http://www.Department10.University0.edu, Z=UndergraduateStudent322@Department10.University0.edu}, {X=http://www.Department10.University0.edu/UndergraduateStudent33, Y=http://www.Department10.University0.edu, Z=UndergraduateStudent33@Department10.University0.edu}, {X=http://www.Department10.University0.edu/UndergraduateStudent405, Y=http://www.Department10.University0.edu, Z=UndergraduateStudent405@Department10.University0.edu}, {X=http://www.Department10.University0.edu/UndergraduateStudent146, Y=http://www.Department10.University0.edu, Z=UndergraduateStudent146@Department10.University0.edu}, {X=http://www.Department10.University0.edu/UndergraduateStudent56, Y=http://www.Department10.University0.edu, Z=UndergraduateStudent56@Department10.University0.edu}, {X=http://www.Department10.University0.edu/UndergraduateStudent107, Y=http://www.Department10.University0.edu, Z=UndergraduateStudent107@Department10.University0.edu}, {X=http://www.Department10.University0.edu/UndergraduateStudent170, Y=http://www.Department10.University0.edu, Z=UndergraduateStudent170@Department10.University0.edu}, {X=http://www.Department10.University0.edu/UndergraduateStudent395, Y=http://www.Department10.University0.edu, Z=UndergraduateStudent395@Department10.University0.edu}, {X=http://www.Department10.University0.edu/UndergraduateStudent230, Y=http://www.Department10.University0.edu, Z=UndergraduateStudent230@Department10.University0.edu}, {X=http://www.Department10.University0.edu/GraduateStudent36, Y=http://www.Department10.University0.edu, Z=GraduateStudent36@Department10.University0.edu}, {X=http://www.Department10.University0.edu/UndergraduateStudent352, Y=http://www.Department10.University0.edu, Z=UndergraduateStudent352@Department10.University0.edu}, {X=http://www.Department10.University0.edu/UndergraduateStudent110, Y=http://www.Department10.University0.edu, Z=UndergraduateStudent110@Department10.University0.edu}, {X=http://www.Department10.University0.edu/GraduateStudent74, Y=http://www.Department10.University0.edu, Z=GraduateStudent74@Department10.University0.edu}, {X=http://www.Department10.University0.edu/GraduateStudent120, Y=http://www.Department10.University0.edu, Z=GraduateStudent120@Department10.University0.edu}, {X=http://www.Department10.University0.edu/GraduateStudent83, Y=http://www.Department10.University0.edu, Z=GraduateStudent83@Department10.University0.edu}, {X=http://www.Department10.University0.edu/UndergraduateStudent312, Y=http://www.Department10.University0.edu, Z=UndergraduateStudent312@Department10.University0.edu}, {X=http://www.Department10.University0.edu/UndergraduateStudent141, Y=http://www.Department10.University0.edu, Z=UndergraduateStudent141@Department10.University0.edu}, {X=http://www.Department10.University0.edu/GraduateStudent137, Y=http://www.Department10.University0.edu, Z=GraduateStudent137@Department10.University0.edu}, {X=http://www.Department10.University0.edu/GraduateStudent75, Y=http://www.Department10.University0.edu, Z=GraduateStudent75@Department10.University0.edu}, {X=http://www.Department10.University0.edu/UndergraduateStudent380, Y=http://www.Department10.University0.edu, Z=UndergraduateStudent380@Department10.University0.edu}, {X=http://www.Department10.University0.edu/GraduateStudent117, Y=http://www.Department10.University0.edu, Z=GraduateStudent117@Department10.University0.edu}, {X=http://www.Department10.University0.edu/GraduateStudent27, Y=http://www.Department10.University0.edu, Z=GraduateStudent27@Department10.University0.edu}, {X=http://www.Department10.University0.edu/UndergraduateStudent363, Y=http://www.Department10.University0.edu, Z=UndergraduateStudent363@Department10.University0.edu}, {X=http://www.Department10.University0.edu/UndergraduateStudent389, Y=http://www.Department10.University0.edu, Z=UndergraduateStudent389@Department10.University0.edu}, {X=http://www.Department10.University0.edu/UndergraduateStudent105, Y=http://www.Department10.University0.edu, Z=UndergraduateStudent105@Department10.University0.edu}, {X=http://www.Department10.University0.edu/GraduateStudent73, Y=http://www.Department10.University0.edu, Z=GraduateStudent73@Department10.University0.edu}, {X=http://www.Department10.University0.edu/UndergraduateStudent280, Y=http://www.Department10.University0.edu, Z=UndergraduateStudent280@Department10.University0.edu}, {X=http://www.Department10.University0.edu/UndergraduateStudent115, Y=http://www.Department10.University0.edu, Z=UndergraduateStudent115@Department10.University0.edu}, {X=http://www.Department10.University0.edu/GraduateStudent58, Y=http://www.Department10.University0.edu, Z=GraduateStudent58@Department10.University0.edu}, {X=http://www.Department10.University0.edu/UndergraduateStudent191, Y=http://www.Department10.University0.edu, Z=UndergraduateStudent191@Department10.University0.edu}, {X=http://www.Department10.University0.edu/UndergraduateStudent79, Y=http://www.Department10.University0.edu, Z=UndergraduateStudent79@Department10.University0.edu}, {X=http://www.Department10.University0.edu/UndergraduateStudent259, Y=http://www.Department10.University0.edu, Z=UndergraduateStudent259@Department10.University0.edu}, {X=http://www.Department10.University0.edu/UndergraduateStudent324, Y=http://www.Department10.University0.edu, Z=UndergraduateStudent324@Department10.University0.edu}, {X=http://www.Department10.University0.edu/UndergraduateStudent188, Y=http://www.Department10.University0.edu, Z=UndergraduateStudent188@Department10.University0.edu}, {X=http://www.Department10.University0.edu/UndergraduateStudent100, Y=http://www.Department10.University0.edu, Z=UndergraduateStudent100@Department10.University0.edu}, {X=http://www.Department10.University0.edu/UndergraduateStudent50, Y=http://www.Department10.University0.edu, Z=UndergraduateStudent50@Department10.University0.edu}, {X=http://www.Department10.University0.edu/UndergraduateStudent65, Y=http://www.Department10.University0.edu, Z=UndergraduateStudent65@Department10.University0.edu}, {X=http://www.Department10.University0.edu/UndergraduateStudent49, Y=http://www.Department10.University0.edu, Z=UndergraduateStudent49@Department10.University0.edu}, {X=http://www.Department10.University0.edu/UndergraduateStudent189, Y=http://www.Department10.University0.edu, Z=UndergraduateStudent189@Department10.University0.edu}, {X=http://www.Department10.University0.edu/UndergraduateStudent140, Y=http://www.Department10.University0.edu, Z=UndergraduateStudent140@Department10.University0.edu}, {X=http://www.Department10.University0.edu/GraduateStudent17, Y=http://www.Department10.University0.edu, Z=GraduateStudent17@Department10.University0.edu}, {X=http://www.Department10.University0.edu/GraduateStudent85, Y=http://www.Department10.University0.edu, Z=GraduateStudent85@Department10.University0.edu}, {X=http://www.Department10.University0.edu/UndergraduateStudent366, Y=http://www.Department10.University0.edu, Z=UndergraduateStudent366@Department10.University0.edu}, {X=http://www.Department10.University0.edu/UndergraduateStudent136, Y=http://www.Department10.University0.edu, Z=UndergraduateStudent136@Department10.University0.edu}, {X=http://www.Department10.University0.edu/UndergraduateStudent138, Y=http://www.Department10.University0.edu, Z=UndergraduateStudent138@Department10.University0.edu}, {X=http://www.Department10.University0.edu/UndergraduateStudent327, Y=http://www.Department10.University0.edu, Z=UndergraduateStudent327@Department10.University0.edu}, {X=http://www.Department10.University0.edu/GraduateStudent119, Y=http://www.Department10.University0.edu, Z=GraduateStudent119@Department10.University0.edu}, {X=http://www.Department10.University0.edu/UndergraduateStudent269, Y=http://www.Department10.University0.edu, Z=UndergraduateStudent269@Department10.University0.edu}, {X=http://www.Department10.University0.edu/UndergraduateStudent73, Y=http://www.Department10.University0.edu, Z=UndergraduateStudent73@Department10.University0.edu}, {X=http://www.Department10.University0.edu/UndergraduateStudent103, Y=http://www.Department10.University0.edu, Z=UndergraduateStudent103@Department10.University0.edu}, {X=http://www.Department10.University0.edu/UndergraduateStudent54, Y=http://www.Department10.University0.edu, Z=UndergraduateStudent54@Department10.University0.edu}, {X=http://www.Department10.University0.edu/GraduateStudent128, Y=http://www.Department10.University0.edu, Z=GraduateStudent128@Department10.University0.edu}, {X=http://www.Department10.University0.edu/GraduateStudent130, Y=http://www.Department10.University0.edu, Z=GraduateStudent130@Department10.University0.edu}, {X=http://www.Department10.University0.edu/UndergraduateStudent368, Y=http://www.Department10.University0.edu, Z=UndergraduateStudent368@Department10.University0.edu}, {X=http://www.Department10.University0.edu/GraduateStudent87, Y=http://www.Department10.University0.edu, Z=GraduateStudent87@Department10.University0.edu}, {X=http://www.Department10.University0.edu/UndergraduateStudent215, Y=http://www.Department10.University0.edu, Z=UndergraduateStudent215@Department10.University0.edu}, {X=http://www.Department10.University0.edu/UndergraduateStudent351, Y=http://www.Department10.University0.edu, Z=UndergraduateStudent351@Department10.University0.edu}, {X=http://www.Department10.University0.edu/GraduateStudent37, Y=http://www.Department10.University0.edu, Z=GraduateStudent37@Department10.University0.edu}, {X=http://www.Department10.University0.edu/GraduateStudent79, Y=http://www.Department10.University0.edu, Z=GraduateStudent79@Department10.University0.edu}, {X=http://www.Department10.University0.edu/UndergraduateStudent5, Y=http://www.Department10.University0.edu, Z=UndergraduateStudent5@Department10.University0.edu}, {X=http://www.Department10.University0.edu/GraduateStudent67, Y=http://www.Department10.University0.edu, Z=GraduateStudent67@Department10.University0.edu}, {X=http://www.Department10.University0.edu/GraduateStudent41, Y=http://www.Department10.University0.edu, Z=GraduateStudent41@Department10.University0.edu}, {X=http://www.Department10.University0.edu/UndergraduateStudent134, Y=http://www.Department10.University0.edu, Z=UndergraduateStudent134@Department10.University0.edu}, {X=http://www.Department10.University0.edu/UndergraduateStudent276, Y=http://www.Department10.University0.edu, Z=UndergraduateStudent276@Department10.University0.edu}, {X=http://www.Department10.University0.edu/GraduateStudent42, Y=http://www.Department10.University0.edu, Z=GraduateStudent42@Department10.University0.edu}, {X=http://www.Department10.University0.edu/UndergraduateStudent253, Y=http://www.Department10.University0.edu, Z=UndergraduateStudent253@Department10.University0.edu}, {X=http://www.Department10.University0.edu/GraduateStudent22, Y=http://www.Department10.University0.edu, Z=GraduateStudent22@Department10.University0.edu}, {X=http://www.Department10.University0.edu/UndergraduateStudent91, Y=http://www.Department10.University0.edu, Z=UndergraduateStudent91@Department10.University0.edu}, {X=http://www.Department10.University0.edu/UndergraduateStudent355, Y=http://www.Department10.University0.edu, Z=UndergraduateStudent355@Department10.University0.edu}, {X=http://www.Department10.University0.edu/UndergraduateStudent245, Y=http://www.Department10.University0.edu, Z=UndergraduateStudent245@Department10.University0.edu}, {X=http://www.Department10.University0.edu/UndergraduateStudent260, Y=http://www.Department10.University0.edu, Z=UndergraduateStudent260@Department10.University0.edu}, {X=http://www.Department10.University0.edu/UndergraduateStudent357, Y=http://www.Department10.University0.edu, Z=UndergraduateStudent357@Department10.University0.edu}, {X=http://www.Department10.University0.edu/UndergraduateStudent150, Y=http://www.Department10.University0.edu, Z=UndergraduateStudent150@Department10.University0.edu}, {X=http://www.Department10.University0.edu/UndergraduateStudent106, Y=http://www.Department10.University0.edu, Z=UndergraduateStudent106@Department10.University0.edu}, {X=http://www.Department10.University0.edu/GraduateStudent48, Y=http://www.Department10.University0.edu, Z=GraduateStudent48@Department10.University0.edu}, {X=http://www.Department10.University0.edu/UndergraduateStudent305, Y=http://www.Department10.University0.edu, Z=UndergraduateStudent305@Department10.University0.edu}, {X=http://www.Department10.University0.edu/GraduateStudent7, Y=http://www.Department10.University0.edu, Z=GraduateStudent7@Department10.University0.edu}, {X=http://www.Department10.University0.edu/UndergraduateStudent290, Y=http://www.Department10.University0.edu, Z=UndergraduateStudent290@Department10.University0.edu}, {X=http://www.Department10.University0.edu/UndergraduateStudent343, Y=http://www.Department10.University0.edu, Z=UndergraduateStudent343@Department10.University0.edu}, {X=http://www.Department10.University0.edu/UndergraduateStudent246, Y=http://www.Department10.University0.edu, Z=UndergraduateStudent246@Department10.University0.edu}, {X=http://www.Department10.University0.edu/UndergraduateStudent302, Y=http://www.Department10.University0.edu, Z=UndergraduateStudent302@Department10.University0.edu}, {X=http://www.Department10.University0.edu/UndergraduateStudent407, Y=http://www.Department10.University0.edu, Z=UndergraduateStudent407@Department10.University0.edu}, {X=http://www.Department10.University0.edu/UndergraduateStudent348, Y=http://www.Department10.University0.edu, Z=UndergraduateStudent348@Department10.University0.edu}, {X=http://www.Department10.University0.edu/UndergraduateStudent273, Y=http://www.Department10.University0.edu, Z=UndergraduateStudent273@Department10.University0.edu}, {X=http://www.Department10.University0.edu/UndergraduateStudent128, Y=http://www.Department10.University0.edu, Z=UndergraduateStudent128@Department10.University0.edu}, {X=http://www.Department10.University0.edu/UndergraduateStudent92, Y=http://www.Department10.University0.edu, Z=UndergraduateStudent92@Department10.University0.edu}, {X=http://www.Department10.University0.edu/GraduateStudent71, Y=http://www.Department10.University0.edu, Z=GraduateStudent71@Department10.University0.edu}, {X=http://www.Department10.University0.edu/GraduateStudent53, Y=http://www.Department10.University0.edu, Z=GraduateStudent53@Department10.University0.edu}, {X=http://www.Department10.University0.edu/UndergraduateStudent7, Y=http://www.Department10.University0.edu, Z=UndergraduateStudent7@Department10.University0.edu}, {X=http://www.Department10.University0.edu/UndergraduateStudent220, Y=http://www.Department10.University0.edu, Z=UndergraduateStudent220@Department10.University0.edu}, {X=http://www.Department10.University0.edu/UndergraduateStudent409, Y=http://www.Department10.University0.edu, Z=UndergraduateStudent409@Department10.University0.edu}, {X=http://www.Department10.University0.edu/UndergraduateStudent297, Y=http://www.Department10.University0.edu, Z=UndergraduateStudent297@Department10.University0.edu}, {X=http://www.Department10.University0.edu/UndergraduateStudent339, Y=http://www.Department10.University0.edu, Z=UndergraduateStudent339@Department10.University0.edu}, {X=http://www.Department10.University0.edu/UndergraduateStudent83, Y=http://www.Department10.University0.edu, Z=UndergraduateStudent83@Department10.University0.edu}, {X=http://www.Department10.University0.edu/UndergraduateStudent394, Y=http://www.Department10.University0.edu, Z=UndergraduateStudent394@Department10.University0.edu}, {X=http://www.Department10.University0.edu/UndergraduateStudent376, Y=http://www.Department10.University0.edu, Z=UndergraduateStudent376@Department10.University0.edu}, {X=http://www.Department10.University0.edu/UndergraduateStudent21, Y=http://www.Department10.University0.edu, Z=UndergraduateStudent21@Department10.University0.edu}, {X=http://www.Department10.University0.edu/UndergraduateStudent218, Y=http://www.Department10.University0.edu, Z=UndergraduateStudent218@Department10.University0.edu}, {X=http://www.Department10.University0.edu/UndergraduateStudent293, Y=http://www.Department10.University0.edu, Z=UndergraduateStudent293@Department10.University0.edu}, {X=http://www.Department10.University0.edu/UndergraduateStudent31, Y=http://www.Department10.University0.edu, Z=UndergraduateStudent31@Department10.University0.edu}, {X=http://www.Department10.University0.edu/GraduateStudent111, Y=http://www.Department10.University0.edu, Z=GraduateStudent111@Department10.University0.edu}, {X=http://www.Department10.University0.edu/UndergraduateStudent314, Y=http://www.Department10.University0.edu, Z=UndergraduateStudent314@Department10.University0.edu}, {X=http://www.Department10.University0.edu/GraduateStudent78, Y=http://www.Department10.University0.edu, Z=GraduateStudent78@Department10.University0.edu}, {X=http://www.Department10.University0.edu/UndergraduateStudent332, Y=http://www.Department10.University0.edu, Z=UndergraduateStudent332@Department10.University0.edu}, {X=http://www.Department10.University0.edu/UndergraduateStudent284, Y=http://www.Department10.University0.edu, Z=UndergraduateStudent284@Department10.University0.edu}, {X=http://www.Department10.University0.edu/UndergraduateStudent397, Y=http://www.Department10.University0.edu, Z=UndergraduateStudent397@Department10.University0.edu}, {X=http://www.Department10.University0.edu/UndergraduateStudent51, Y=http://www.Department10.University0.edu, Z=UndergraduateStudent51@Department10.University0.edu}, {X=http://www.Department10.University0.edu/GraduateStudent77, Y=http://www.Department10.University0.edu, Z=GraduateStudent77@Department10.University0.edu}, {X=http://www.Department10.University0.edu/UndergraduateStudent104, Y=http://www.Department10.University0.edu, Z=UndergraduateStudent104@Department10.University0.edu}, {X=http://www.Department10.University0.edu/GraduateStudent103, Y=http://www.Department10.University0.edu, Z=GraduateStudent103@Department10.University0.edu}, {X=http://www.Department10.University0.edu/UndergraduateStudent323, Y=http://www.Department10.University0.edu, Z=UndergraduateStudent323@Department10.University0.edu}, {X=http://www.Department10.University0.edu/GraduateStudent135, Y=http://www.Department10.University0.edu, Z=GraduateStudent135@Department10.University0.edu}, {X=http://www.Department10.University0.edu/UndergraduateStudent317, Y=http://www.Department10.University0.edu, Z=UndergraduateStudent317@Department10.University0.edu}, {X=http://www.Department10.University0.edu/GraduateStudent126, Y=http://www.Department10.University0.edu, Z=GraduateStudent126@Department10.University0.edu}, {X=http://www.Department10.University0.edu/UndergraduateStudent24, Y=http://www.Department10.University0.edu, Z=UndergraduateStudent24@Department10.University0.edu}, {X=http://www.Department10.University0.edu/UndergraduateStudent64, Y=http://www.Department10.University0.edu, Z=UndergraduateStudent64@Department10.University0.edu}, {X=http://www.Department10.University0.edu/GraduateStudent59, Y=http://www.Department10.University0.edu, Z=GraduateStudent59@Department10.University0.edu}, {X=http://www.Department10.University0.edu/UndergraduateStudent46, Y=http://www.Department10.University0.edu, Z=UndergraduateStudent46@Department10.University0.edu}, {X=http://www.Department10.University0.edu/UndergraduateStudent266, Y=http://www.Department10.University0.edu, Z=UndergraduateStudent266@Department10.University0.edu}, {X=http://www.Department10.University0.edu/GraduateStudent3, Y=http://www.Department10.University0.edu, Z=GraduateStudent3@Department10.University0.edu}, {X=http://www.Department10.University0.edu/UndergraduateStudent256, Y=http://www.Department10.University0.edu, Z=UndergraduateStudent256@Department10.University0.edu}, {X=http://www.Department10.University0.edu/GraduateStudent6, Y=http://www.Department10.University0.edu, Z=GraduateStudent6@Department10.University0.edu}, {X=http://www.Department10.University0.edu/UndergraduateStudent222, Y=http://www.Department10.University0.edu, Z=UndergraduateStudent222@Department10.University0.edu}, {X=http://www.Department10.University0.edu/UndergraduateStudent347, Y=http://www.Department10.University0.edu, Z=UndergraduateStudent347@Department10.University0.edu}, {X=http://www.Department10.University0.edu/UndergraduateStudent275, Y=http://www.Department10.University0.edu, Z=UndergraduateStudent275@Department10.University0.edu}, {X=http://www.Department10.University0.edu/UndergraduateStudent205, Y=http://www.Department10.University0.edu, Z=UndergraduateStudent205@Department10.University0.edu}, {X=http://www.Department10.University0.edu/UndergraduateStudent381, Y=http://www.Department10.University0.edu, Z=UndergraduateStudent381@Department10.University0.edu}, {X=http://www.Department10.University0.edu/UndergraduateStudent291, Y=http://www.Department10.University0.edu, Z=UndergraduateStudent291@Department10.University0.edu}, {X=http://www.Department10.University0.edu/GraduateStudent107, Y=http://www.Department10.University0.edu, Z=GraduateStudent107@Department10.University0.edu}, {X=http://www.Department10.University0.edu/UndergraduateStudent145, Y=http://www.Department10.University0.edu, Z=UndergraduateStudent145@Department10.University0.edu}, {X=http://www.Department10.University0.edu/UndergraduateStudent237, Y=http://www.Department10.University0.edu, Z=UndergraduateStudent237@Department10.University0.edu}, {X=http://www.Department10.University0.edu/UndergraduateStudent124, Y=http://www.Department10.University0.edu, Z=UndergraduateStudent124@Department10.University0.edu}, {X=http://www.Department10.University0.edu/UndergraduateStudent242, Y=http://www.Department10.University0.edu, Z=UndergraduateStudent242@Department10.University0.edu}, {X=http://www.Department10.University0.edu/UndergraduateStudent197, Y=http://www.Department10.University0.edu, Z=UndergraduateStudent197@Department10.University0.edu}, {X=http://www.Department10.University0.edu/UndergraduateStudent372, Y=http://www.Department10.University0.edu, Z=UndergraduateStudent372@Department10.University0.edu}, {X=http://www.Department10.University0.edu/UndergraduateStudent177, Y=http://www.Department10.University0.edu, Z=UndergraduateStudent177@Department10.University0.edu}, {X=http://www.Department10.University0.edu/GraduateStudent102, Y=http://www.Department10.University0.edu, Z=GraduateStudent102@Department10.University0.edu}, {X=http://www.Department10.University0.edu/GraduateStudent38, Y=http://www.Department10.University0.edu, Z=GraduateStudent38@Department10.University0.edu}, {X=http://www.Department10.University0.edu/UndergraduateStudent43, Y=http://www.Department10.University0.edu, Z=UndergraduateStudent43@Department10.University0.edu}, {X=http://www.Department10.University0.edu/UndergraduateStudent392, Y=http://www.Department10.University0.edu, Z=UndergraduateStudent392@Department10.University0.edu}, {X=http://www.Department10.University0.edu/UndergraduateStudent98, Y=http://www.Department10.University0.edu, Z=UndergraduateStudent98@Department10.University0.edu}, {X=http://www.Department10.University0.edu/GraduateStudent56, Y=http://www.Department10.University0.edu, Z=GraduateStudent56@Department10.University0.edu}, {X=http://www.Department10.University0.edu/UndergraduateStudent223, Y=http://www.Department10.University0.edu, Z=UndergraduateStudent223@Department10.University0.edu}, {X=http://www.Department10.University0.edu/UndergraduateStudent32, Y=http://www.Department10.University0.edu, Z=UndergraduateStudent32@Department10.University0.edu}, {X=http://www.Department10.University0.edu/UndergraduateStudent319, Y=http://www.Department10.University0.edu, Z=UndergraduateStudent319@Department10.University0.edu}, {X=http://www.Department10.University0.edu/UndergraduateStudent112, Y=http://www.Department10.University0.edu, Z=UndergraduateStudent112@Department10.University0.edu}, {X=http://www.Department10.University0.edu/UndergraduateStudent44, Y=http://www.Department10.University0.edu, Z=UndergraduateStudent44@Department10.University0.edu}, {X=http://www.Department10.University0.edu/UndergraduateStudent117, Y=http://www.Department10.University0.edu, Z=UndergraduateStudent117@Department10.University0.edu}, {X=http://www.Department10.University0.edu/UndergraduateStudent371, Y=http://www.Department10.University0.edu, Z=UndergraduateStudent371@Department10.University0.edu}, {X=http://www.Department10.University0.edu/UndergraduateStudent289, Y=http://www.Department10.University0.edu, Z=UndergraduateStudent289@Department10.University0.edu}, {X=http://www.Department10.University0.edu/UndergraduateStudent263, Y=http://www.Department10.University0.edu, Z=UndergraduateStudent263@Department10.University0.edu}, {X=http://www.Department10.University0.edu/UndergraduateStudent19, Y=http://www.Department10.University0.edu, Z=UndergraduateStudent19@Department10.University0.edu}, {X=http://www.Department10.University0.edu/UndergraduateStudent390, Y=http://www.Department10.University0.edu, Z=UndergraduateStudent390@Department10.University0.edu}, {X=http://www.Department10.University0.edu/UndergraduateStudent307, Y=http://www.Department10.University0.edu, Z=UndergraduateStudent307@Department10.University0.edu}, {X=http://www.Department10.University0.edu/UndergraduateStudent1, Y=http://www.Department10.University0.edu, Z=UndergraduateStudent1@Department10.University0.edu}, {X=http://www.Department10.University0.edu/UndergraduateStudent95, Y=http://www.Department10.University0.edu, Z=UndergraduateStudent95@Department10.University0.edu}, {X=http://www.Department10.University0.edu/GraduateStudent50, Y=http://www.Department10.University0.edu, Z=GraduateStudent50@Department10.University0.edu}, {X=http://www.Department10.University0.edu/UndergraduateStudent288, Y=http://www.Department10.University0.edu, Z=UndergraduateStudent288@Department10.University0.edu}, {X=http://www.Department10.University0.edu/GraduateStudent28, Y=http://www.Department10.University0.edu, Z=GraduateStudent28@Department10.University0.edu}, {X=http://www.Department10.University0.edu/GraduateStudent47, Y=http://www.Department10.University0.edu, Z=GraduateStudent47@Department10.University0.edu}, {X=http://www.Department10.University0.edu/GraduateStudent24, Y=http://www.Department10.University0.edu, Z=GraduateStudent24@Department10.University0.edu}, {X=http://www.Department10.University0.edu/GraduateStudent95, Y=http://www.Department10.University0.edu, Z=GraduateStudent95@Department10.University0.edu}, {X=http://www.Department10.University0.edu/UndergraduateStudent393, Y=http://www.Department10.University0.edu, Z=UndergraduateStudent393@Department10.University0.edu}, {X=http://www.Department10.University0.edu/UndergraduateStudent208, Y=http://www.Department10.University0.edu, Z=UndergraduateStudent208@Department10.University0.edu}, {X=http://www.Department10.University0.edu/UndergraduateStudent68, Y=http://www.Department10.University0.edu, Z=UndergraduateStudent68@Department10.University0.edu}, {X=http://www.Department10.University0.edu/UndergraduateStudent186, Y=http://www.Department10.University0.edu, Z=UndergraduateStudent186@Department10.University0.edu}, {X=http://www.Department10.University0.edu/UndergraduateStudent114, Y=http://www.Department10.University0.edu, Z=UndergraduateStudent114@Department10.University0.edu}, {X=http://www.Department10.University0.edu/UndergraduateStudent278, Y=http://www.Department10.University0.edu, Z=UndergraduateStudent278@Department10.University0.edu}, {X=http://www.Department10.University0.edu/UndergraduateStudent232, Y=http://www.Department10.University0.edu, Z=UndergraduateStudent232@Department10.University0.edu}, {X=http://www.Department10.University0.edu/UndergraduateStudent360, Y=http://www.Department10.University0.edu, Z=UndergraduateStudent360@Department10.University0.edu}, {X=http://www.Department10.University0.edu/UndergraduateStudent179, Y=http://www.Department10.University0.edu, Z=UndergraduateStudent179@Department10.University0.edu}, {X=http://www.Department10.University0.edu/UndergraduateStudent287, Y=http://www.Department10.University0.edu, Z=UndergraduateStudent287@Department10.University0.edu}, {X=http://www.Department10.University0.edu/GraduateStudent106, Y=http://www.Department10.University0.edu, Z=GraduateStudent106@Department10.University0.edu}, {X=http://www.Department10.University0.edu/UndergraduateStudent274, Y=http://www.Department10.University0.edu, Z=UndergraduateStudent274@Department10.University0.edu}, {X=http://www.Department10.University0.edu/UndergraduateStudent89, Y=http://www.Department10.University0.edu, Z=UndergraduateStudent89@Department10.University0.edu}, {X=http://www.Department10.University0.edu/GraduateStudent133, Y=http://www.Department10.University0.edu, Z=GraduateStudent133@Department10.University0.edu}, {X=http://www.Department10.University0.edu/UndergraduateStudent285, Y=http://www.Department10.University0.edu, Z=UndergraduateStudent285@Department10.University0.edu}, {X=http://www.Department10.University0.edu/UndergraduateStudent224, Y=http://www.Department10.University0.edu, Z=UndergraduateStudent224@Department10.University0.edu}, {X=http://www.Department10.University0.edu/UndergraduateStudent387, Y=http://www.Department10.University0.edu, Z=UndergraduateStudent387@Department10.University0.edu}, {X=http://www.Department10.University0.edu/UndergraduateStudent345, Y=http://www.Department10.University0.edu, Z=UndergraduateStudent345@Department10.University0.edu}, {X=http://www.Department10.University0.edu/UndergraduateStudent364, Y=http://www.Department10.University0.edu, Z=UndergraduateStudent364@Department10.University0.edu}, {X=http://www.Department10.University0.edu/UndergraduateStudent375, Y=http://www.Department10.University0.edu, Z=UndergraduateStudent375@Department10.University0.edu}, {X=http://www.Department10.University0.edu/UndergraduateStudent156, Y=http://www.Department10.University0.edu, Z=UndergraduateStudent156@Department10.University0.edu}, {X=http://www.Department10.University0.edu/UndergraduateStudent337, Y=http://www.Department10.University0.edu, Z=UndergraduateStudent337@Department10.University0.edu}, {X=http://www.Department10.University0.edu/GraduateStudent32, Y=http://www.Department10.University0.edu, Z=GraduateStudent32@Department10.University0.edu}, {X=http://www.Department10.University0.edu/UndergraduateStudent111, Y=http://www.Department10.University0.edu, Z=UndergraduateStudent111@Department10.University0.edu}, {X=http://www.Department10.University0.edu/GraduateStudent92, Y=http://www.Department10.University0.edu, Z=GraduateStudent92@Department10.University0.edu}, {X=http://www.Department10.University0.edu/UndergraduateStudent55, Y=http://www.Department10.University0.edu, Z=UndergraduateStudent55@Department10.University0.edu}, {X=http://www.Department10.University0.edu/GraduateStudent90, Y=http://www.Department10.University0.edu, Z=GraduateStudent90@Department10.University0.edu}, {X=http://www.Department10.University0.edu/GraduateStudent51, Y=http://www.Department10.University0.edu, Z=GraduateStudent51@Department10.University0.edu}, {X=http://www.Department10.University0.edu/UndergraduateStudent193, Y=http://www.Department10.University0.edu, Z=UndergraduateStudent193@Department10.University0.edu}, {X=http://www.Department10.University0.edu/UndergraduateStudent400, Y=http://www.Department10.University0.edu, Z=UndergraduateStudent400@Department10.University0.edu}, {X=http://www.Department10.University0.edu/UndergraduateStudent108, Y=http://www.Department10.University0.edu, Z=UndergraduateStudent108@Department10.University0.edu}, {X=http://www.Department10.University0.edu/UndergraduateStudent69, Y=http://www.Department10.University0.edu, Z=UndergraduateStudent69@Department10.University0.edu}, {X=http://www.Department10.University0.edu/UndergraduateStudent132, Y=http://www.Department10.University0.edu, Z=UndergraduateStudent132@Department10.University0.edu}, {X=http://www.Department10.University0.edu/UndergraduateStudent99, Y=http://www.Department10.University0.edu, Z=UndergraduateStudent99@Department10.University0.edu}, {X=http://www.Department10.University0.edu/UndergraduateStudent226, Y=http://www.Department10.University0.edu, Z=UndergraduateStudent226@Department10.University0.edu}, {X=http://www.Department10.University0.edu/UndergraduateStudent362, Y=http://www.Department10.University0.edu, Z=UndergraduateStudent362@Department10.University0.edu}, {X=http://www.Department10.University0.edu/UndergraduateStudent81, Y=http://www.Department10.University0.edu, Z=UndergraduateStudent81@Department10.University0.edu}, {X=http://www.Department10.University0.edu/UndergraduateStudent203, Y=http://www.Department10.University0.edu, Z=UndergraduateStudent203@Department10.University0.edu}, {X=http://www.Department10.University0.edu/UndergraduateStudent334, Y=http://www.Department10.University0.edu, Z=UndergraduateStudent334@Department10.University0.edu}, {X=http://www.Department10.University0.edu/GraduateStudent122, Y=http://www.Department10.University0.edu, Z=GraduateStudent122@Department10.University0.edu}, {X=http://www.Department10.University0.edu/GraduateStudent1, Y=http://www.Department10.University0.edu, Z=GraduateStudent1@Department10.University0.edu}, {X=http://www.Department10.University0.edu/GraduateStudent114, Y=http://www.Department10.University0.edu, Z=GraduateStudent114@Department10.University0.edu}, {X=http://www.Department10.University0.edu/UndergraduateStudent378, Y=http://www.Department10.University0.edu, Z=UndergraduateStudent378@Department10.University0.edu}, {X=http://www.Department10.University0.edu/UndergraduateStudent264, Y=http://www.Department10.University0.edu, Z=UndergraduateStudent264@Department10.University0.edu}, {X=http://www.Department10.University0.edu/UndergraduateStudent338, Y=http://www.Department10.University0.edu, Z=UndergraduateStudent338@Department10.University0.edu}, {X=http://www.Department10.University0.edu/GraduateStudent88, Y=http://www.Department10.University0.edu, Z=GraduateStudent88@Department10.University0.edu}, {X=http://www.Department10.University0.edu/GraduateStudent15, Y=http://www.Department10.University0.edu, Z=GraduateStudent15@Department10.University0.edu}, {X=http://www.Department10.University0.edu/UndergraduateStudent176, Y=http://www.Department10.University0.edu, Z=UndergraduateStudent176@Department10.University0.edu}, {X=http://www.Department10.University0.edu/UndergraduateStudent45, Y=http://www.Department10.University0.edu, Z=UndergraduateStudent45@Department10.University0.edu}, {X=http://www.Department10.University0.edu/UndergraduateStudent86, Y=http://www.Department10.University0.edu, Z=UndergraduateStudent86@Department10.University0.edu}, {X=http://www.Department10.University0.edu/GraduateStudent127, Y=http://www.Department10.University0.edu, Z=GraduateStudent127@Department10.University0.edu}, {X=http://www.Department10.University0.edu/UndergraduateStudent165, Y=http://www.Department10.University0.edu, Z=UndergraduateStudent165@Department10.University0.edu}, {X=http://www.Department10.University0.edu/UndergraduateStudent172, Y=http://www.Department10.University0.edu, Z=UndergraduateStudent172@Department10.University0.edu}, {X=http://www.Department10.University0.edu/UndergraduateStudent268, Y=http://www.Department10.University0.edu, Z=UndergraduateStudent268@Department10.University0.edu}, {X=http://www.Department10.University0.edu/UndergraduateStudent251, Y=http://www.Department10.University0.edu, Z=UndergraduateStudent251@Department10.University0.edu}, {X=http://www.Department10.University0.edu/GraduateStudent66, Y=http://www.Department10.University0.edu, Z=GraduateStudent66@Department10.University0.edu}, {X=http://www.Department10.University0.edu/UndergraduateStudent254, Y=http://www.Department10.University0.edu, Z=UndergraduateStudent254@Department10.University0.edu}, {X=http://www.Department10.University0.edu/UndergraduateStudent190, Y=http://www.Department10.University0.edu, Z=UndergraduateStudent190@Department10.University0.edu}, {X=http://www.Department10.University0.edu/UndergraduateStudent408, Y=http://www.Department10.University0.edu, Z=UndergraduateStudent408@Department10.University0.edu}, {X=http://www.Department10.University0.edu/GraduateStudent2, Y=http://www.Department10.University0.edu, Z=GraduateStudent2@Department10.University0.edu}, {X=http://www.Department10.University0.edu/UndergraduateStudent118, Y=http://www.Department10.University0.edu, Z=UndergraduateStudent118@Department10.University0.edu}, {X=http://www.Department10.University0.edu/UndergraduateStudent367, Y=http://www.Department10.University0.edu, Z=UndergraduateStudent367@Department10.University0.edu}, {X=http://www.Department10.University0.edu/UndergraduateStudent77, Y=http://www.Department10.University0.edu, Z=UndergraduateStudent77@Department10.University0.edu}, {X=http://www.Department10.University0.edu/UndergraduateStudent374, Y=http://www.Department10.University0.edu, Z=UndergraduateStudent374@Department10.University0.edu}, {X=http://www.Department10.University0.edu/UndergraduateStudent398, Y=http://www.Department10.University0.edu, Z=UndergraduateStudent398@Department10.University0.edu}, {X=http://www.Department10.University0.edu/UndergraduateStudent135, Y=http://www.Department10.University0.edu, Z=UndergraduateStudent135@Department10.University0.edu}, {X=http://www.Department10.University0.edu/UndergraduateStudent58, Y=http://www.Department10.University0.edu, Z=UndergraduateStudent58@Department10.University0.edu}, {X=http://www.Department10.University0.edu/UndergraduateStudent306, Y=http://www.Department10.University0.edu, Z=UndergraduateStudent306@Department10.University0.edu}, {X=http://www.Department10.University0.edu/GraduateStudent0, Y=http://www.Department10.University0.edu, Z=GraduateStudent0@Department10.University0.edu}, {X=http://www.Department10.University0.edu/UndergraduateStudent71, Y=http://www.Department10.University0.edu, Z=UndergraduateStudent71@Department10.University0.edu}, {X=http://www.Department10.University0.edu/UndergraduateStudent157, Y=http://www.Department10.University0.edu, Z=UndergraduateStudent157@Department10.University0.edu}, {X=http://www.Department10.University0.edu/UndergraduateStudent119, Y=http://www.Department10.University0.edu, Z=UndergraduateStudent119@Department10.University0.edu}, {X=http://www.Department10.University0.edu/UndergraduateStudent235, Y=http://www.Department10.University0.edu, Z=UndergraduateStudent235@Department10.University0.edu}, {X=http://www.Department10.University0.edu/UndergraduateStudent25, Y=http://www.Department10.University0.edu, Z=UndergraduateStudent25@Department10.University0.edu}, {X=http://www.Department10.University0.edu/UndergraduateStudent325, Y=http://www.Department10.University0.edu, Z=UndergraduateStudent325@Department10.University0.edu}, {X=http://www.Department10.University0.edu/GraduateStudent21, Y=http://www.Department10.University0.edu, Z=GraduateStudent21@Department10.University0.edu}, {X=http://www.Department10.University0.edu/UndergraduateStudent236, Y=http://www.Department10.University0.edu, Z=UndergraduateStudent236@Department10.University0.edu}, {X=http://www.Department10.University0.edu/UndergraduateStudent96, Y=http://www.Department10.University0.edu, Z=UndergraduateStudent96@Department10.University0.edu}, {X=http://www.Department10.University0.edu/UndergraduateStudent255, Y=http://www.Department10.University0.edu, Z=UndergraduateStudent255@Department10.University0.edu}, {X=http://www.Department10.University0.edu/UndergraduateStudent0, Y=http://www.Department10.University0.edu, Z=UndergraduateStudent0@Department10.University0.edu}, {X=http://www.Department10.University0.edu/UndergraduateStudent313, Y=http://www.Department10.University0.edu, Z=UndergraduateStudent313@Department10.University0.edu}, {X=http://www.Department10.University0.edu/UndergraduateStudent399, Y=http://www.Department10.University0.edu, Z=UndergraduateStudent399@Department10.University0.edu}, {X=http://www.Department10.University0.edu/UndergraduateStudent267, Y=http://www.Department10.University0.edu, Z=UndergraduateStudent267@Department10.University0.edu}, {X=http://www.Department10.University0.edu/UndergraduateStudent38, Y=http://www.Department10.University0.edu, Z=UndergraduateStudent38@Department10.University0.edu}, {X=http://www.Department10.University0.edu/GraduateStudent57, Y=http://www.Department10.University0.edu, Z=GraduateStudent57@Department10.University0.edu}, {X=http://www.Department10.University0.edu/UndergraduateStudent180, Y=http://www.Department10.University0.edu, Z=UndergraduateStudent180@Department10.University0.edu}, {X=http://www.Department10.University0.edu/UndergraduateStudent143, Y=http://www.Department10.University0.edu, Z=UndergraduateStudent143@Department10.University0.edu}, {X=http://www.Department10.University0.edu/UndergraduateStudent76, Y=http://www.Department10.University0.edu, Z=UndergraduateStudent76@Department10.University0.edu}, {X=http://www.Department10.University0.edu/UndergraduateStudent101, Y=http://www.Department10.University0.edu, Z=UndergraduateStudent101@Department10.University0.edu}, {X=http://www.Department10.University0.edu/UndergraduateStudent342, Y=http://www.Department10.University0.edu, Z=UndergraduateStudent342@Department10.University0.edu}, {X=http://www.Department10.University0.edu/UndergraduateStudent168, Y=http://www.Department10.University0.edu, Z=UndergraduateStudent168@Department10.University0.edu}, {X=http://www.Department10.University0.edu/UndergraduateStudent6, Y=http://www.Department10.University0.edu, Z=UndergraduateStudent6@Department10.University0.edu}, {X=http://www.Department10.University0.edu/UndergraduateStudent144, Y=http://www.Department10.University0.edu, Z=UndergraduateStudent144@Department10.University0.edu}, {X=http://www.Department10.University0.edu/UndergraduateStudent311, Y=http://www.Department10.University0.edu, Z=UndergraduateStudent311@Department10.University0.edu}, {X=http://www.Department10.University0.edu/GraduateStudent44, Y=http://www.Department10.University0.edu, Z=GraduateStudent44@Department10.University0.edu}, {X=http://www.Department10.University0.edu/GraduateStudent30, Y=http://www.Department10.University0.edu, Z=GraduateStudent30@Department10.University0.edu}, {X=http://www.Department10.University0.edu/UndergraduateStudent152, Y=http://www.Department10.University0.edu, Z=UndergraduateStudent152@Department10.University0.edu}, {X=http://www.Department10.University0.edu/UndergraduateStudent72, Y=http://www.Department10.University0.edu, Z=UndergraduateStudent72@Department10.University0.edu}, {X=http://www.Department10.University0.edu/UndergraduateStudent341, Y=http://www.Department10.University0.edu, Z=UndergraduateStudent341@Department10.University0.edu}, {X=http://www.Department10.University0.edu/GraduateStudent46, Y=http://www.Department10.University0.edu, Z=GraduateStudent46@Department10.University0.edu}, {X=http://www.Department10.University0.edu/UndergraduateStudent336, Y=http://www.Department10.University0.edu, Z=UndergraduateStudent336@Department10.University0.edu}, {X=http://www.Department10.University0.edu/UndergraduateStudent350, Y=http://www.Department10.University0.edu, Z=UndergraduateStudent350@Department10.University0.edu}, {X=http://www.Department10.University0.edu/GraduateStudent76, Y=http://www.Department10.University0.edu, Z=GraduateStudent76@Department10.University0.edu}, {X=http://www.Department10.University0.edu/GraduateStudent40, Y=http://www.Department10.University0.edu, Z=GraduateStudent40@Department10.University0.edu}, {X=http://www.Department10.University0.edu/UndergraduateStudent162, Y=http://www.Department10.University0.edu, Z=UndergraduateStudent162@Department10.University0.edu}, {X=http://www.Department10.University0.edu/GraduateStudent97, Y=http://www.Department10.University0.edu, Z=GraduateStudent97@Department10.University0.edu}, {X=http://www.Department10.University0.edu/UndergraduateStudent159, Y=http://www.Department10.University0.edu, Z=UndergraduateStudent159@Department10.University0.edu}, {X=http://www.Department10.University0.edu/UndergraduateStudent109, Y=http://www.Department10.University0.edu, Z=UndergraduateStudent109@Department10.University0.edu}, {X=http://www.Department10.University0.edu/GraduateStudent99, Y=http://www.Department10.University0.edu, Z=GraduateStudent99@Department10.University0.edu}, {X=http://www.Department10.University0.edu/UndergraduateStudent365, Y=http://www.Department10.University0.edu, Z=UndergraduateStudent365@Department10.University0.edu}, {X=http://www.Department10.University0.edu/UndergraduateStudent4, Y=http://www.Department10.University0.edu, Z=UndergraduateStudent4@Department10.University0.edu}, {X=http://www.Department10.University0.edu/GraduateStudent62, Y=http://www.Department10.University0.edu, Z=GraduateStudent62@Department10.University0.edu}, {X=http://www.Department10.University0.edu/GraduateStudent12, Y=http://www.Department10.University0.edu, Z=GraduateStudent12@Department10.University0.edu}, {X=http://www.Department10.University0.edu/UndergraduateStudent379, Y=http://www.Department10.University0.edu, Z=UndergraduateStudent379@Department10.University0.edu}, {X=http://www.Department10.University0.edu/GraduateStudent61, Y=http://www.Department10.University0.edu, Z=GraduateStudent61@Department10.University0.edu}, {X=http://www.Department10.University0.edu/GraduateStudent124, Y=http://www.Department10.University0.edu, Z=GraduateStudent124@Department10.University0.edu}, {X=http://www.Department10.University0.edu/UndergraduateStudent384, Y=http://www.Department10.University0.edu, Z=UndergraduateStudent384@Department10.University0.edu}, {X=http://www.Department10.University0.edu/UndergraduateStudent28, Y=http://www.Department10.University0.edu, Z=UndergraduateStudent28@Department10.University0.edu}, {X=http://www.Department10.University0.edu/UndergraduateStudent192, Y=http://www.Department10.University0.edu, Z=UndergraduateStudent192@Department10.University0.edu}, {X=http://www.Department10.University0.edu/UndergraduateStudent42, Y=http://www.Department10.University0.edu, Z=UndergraduateStudent42@Department10.University0.edu}, {X=http://www.Department10.University0.edu/UndergraduateStudent153, Y=http://www.Department10.University0.edu, Z=UndergraduateStudent153@Department10.University0.edu}, {X=http://www.Department10.University0.edu/UndergraduateStudent160, Y=http://www.Department10.University0.edu, Z=UndergraduateStudent160@Department10.University0.edu}, {X=http://www.Department10.University0.edu/UndergraduateStudent154, Y=http://www.Department10.University0.edu, Z=UndergraduateStudent154@Department10.University0.edu}, {X=http://www.Department10.University0.edu/GraduateStudent29, Y=http://www.Department10.University0.edu, Z=GraduateStudent29@Department10.University0.edu}, {X=http://www.Department10.University0.edu/GraduateStudent118, Y=http://www.Department10.University0.edu, Z=GraduateStudent118@Department10.University0.edu}, {X=http://www.Department10.University0.edu/GraduateStudent80, Y=http://www.Department10.University0.edu, Z=GraduateStudent80@Department10.University0.edu}, {X=http://www.Department10.University0.edu/UndergraduateStudent18, Y=http://www.Department10.University0.edu, Z=UndergraduateStudent18@Department10.University0.edu}, {X=http://www.Department10.University0.edu/UndergraduateStudent328, Y=http://www.Department10.University0.edu, Z=UndergraduateStudent328@Department10.University0.edu}, {X=http://www.Department10.University0.edu/GraduateStudent60, Y=http://www.Department10.University0.edu, Z=GraduateStudent60@Department10.University0.edu}, {X=http://www.Department10.University0.edu/UndergraduateStudent315, Y=http://www.Department10.University0.edu, Z=UndergraduateStudent315@Department10.University0.edu}, {X=http://www.Department10.University0.edu/GraduateStudent113, Y=http://www.Department10.University0.edu, Z=GraduateStudent113@Department10.University0.edu}, {X=http://www.Department10.University0.edu/UndergraduateStudent130, Y=http://www.Department10.University0.edu, Z=UndergraduateStudent130@Department10.University0.edu}, {X=http://www.Department10.University0.edu/UndergraduateStudent34, Y=http://www.Department10.University0.edu, Z=UndergraduateStudent34@Department10.University0.edu}, {X=http://www.Department10.University0.edu/UndergraduateStudent231, Y=http://www.Department10.University0.edu, Z=UndergraduateStudent231@Department10.University0.edu}, {X=http://www.Department10.University0.edu/GraduateStudent86, Y=http://www.Department10.University0.edu, Z=GraduateStudent86@Department10.University0.edu}, {X=http://www.Department10.University0.edu/UndergraduateStudent229, Y=http://www.Department10.University0.edu, Z=UndergraduateStudent229@Department10.University0.edu}, {X=http://www.Department10.University0.edu/UndergraduateStudent303, Y=http://www.Department10.University0.edu, Z=UndergraduateStudent303@Department10.University0.edu}, {X=http://www.Department10.University0.edu/UndergraduateStudent171, Y=http://www.Department10.University0.edu, Z=UndergraduateStudent171@Department10.University0.edu}, {X=http://www.Department10.University0.edu/UndergraduateStudent47, Y=http://www.Department10.University0.edu, Z=UndergraduateStudent47@Department10.University0.edu}, {X=http://www.Department10.University0.edu/UndergraduateStudent94, Y=http://www.Department10.University0.edu, Z=UndergraduateStudent94@Department10.University0.edu}, {X=http://www.Department10.University0.edu/GraduateStudent45, Y=http://www.Department10.University0.edu, Z=GraduateStudent45@Department10.University0.edu}, {X=http://www.Department10.University0.edu/UndergraduateStudent318, Y=http://www.Department10.University0.edu, Z=UndergraduateStudent318@Department10.University0.edu}, {X=http://www.Department10.University0.edu/GraduateStudent23, Y=http://www.Department10.University0.edu, Z=GraduateStudent23@Department10.University0.edu}, {X=http://www.Department10.University0.edu/UndergraduateStudent35, Y=http://www.Department10.University0.edu, Z=UndergraduateStudent35@Department10.University0.edu}, {X=http://www.Department10.University0.edu/UndergraduateStudent320, Y=http://www.Department10.University0.edu, Z=UndergraduateStudent320@Department10.University0.edu}, {X=http://www.Department10.University0.edu/UndergraduateStudent113, Y=http://www.Department10.University0.edu, Z=UndergraduateStudent113@Department10.University0.edu}, {X=http://www.Department10.University0.edu/UndergraduateStudent9, Y=http://www.Department10.University0.edu, Z=UndergraduateStudent9@Department10.University0.edu}, {X=http://www.Department10.University0.edu/UndergraduateStudent127, Y=http://www.Department10.University0.edu, Z=UndergraduateStudent127@Department10.University0.edu}, {X=http://www.Department10.University0.edu/UndergraduateStudent258, Y=http://www.Department10.University0.edu, Z=UndergraduateStudent258@Department10.University0.edu}, {X=http://www.Department10.University0.edu/GraduateStudent70, Y=http://www.Department10.University0.edu, Z=GraduateStudent70@Department10.University0.edu}, {X=http://www.Department10.University0.edu/UndergraduateStudent78, Y=http://www.Department10.University0.edu, Z=UndergraduateStudent78@Department10.University0.edu}, {X=http://www.Department10.University0.edu/UndergraduateStudent373, Y=http://www.Department10.University0.edu, Z=UndergraduateStudent373@Department10.University0.edu}, {X=http://www.Department10.University0.edu/GraduateStudent72, Y=http://www.Department10.University0.edu, Z=GraduateStudent72@Department10.University0.edu}, {X=http://www.Department10.University0.edu/UndergraduateStudent238, Y=http://www.Department10.University0.edu, Z=UndergraduateStudent238@Department10.University0.edu}, {X=http://www.Department10.University0.edu/UndergraduateStudent331, Y=http://www.Department10.University0.edu, Z=UndergraduateStudent331@Department10.University0.edu}, {X=http://www.Department10.University0.edu/UndergraduateStudent209, Y=http://www.Department10.University0.edu, Z=UndergraduateStudent209@Department10.University0.edu}, {X=http://www.Department10.University0.edu/UndergraduateStudent221, Y=http://www.Department10.University0.edu, Z=UndergraduateStudent221@Department10.University0.edu}, {X=http://www.Department10.University0.edu/UndergraduateStudent326, Y=http://www.Department10.University0.edu, Z=UndergraduateStudent326@Department10.University0.edu}, {X=http://www.Department10.University0.edu/UndergraduateStudent8, Y=http://www.Department10.University0.edu, Z=UndergraduateStudent8@Department10.University0.edu}, {X=http://www.Department10.University0.edu/UndergraduateStudent87, Y=http://www.Department10.University0.edu, Z=UndergraduateStudent87@Department10.University0.edu}, {X=http://www.Department10.University0.edu/UndergraduateStudent244, Y=http://www.Department10.University0.edu, Z=UndergraduateStudent244@Department10.University0.edu}, {X=http://www.Department10.University0.edu/UndergraduateStudent300, Y=http://www.Department10.University0.edu, Z=UndergraduateStudent300@Department10.University0.edu}, {X=http://www.Department10.University0.edu/UndergraduateStudent262, Y=http://www.Department10.University0.edu, Z=UndergraduateStudent262@Department10.University0.edu}, {X=http://www.Department10.University0.edu/UndergraduateStudent10, Y=http://www.Department10.University0.edu, Z=UndergraduateStudent10@Department10.University0.edu}, {X=http://www.Department10.University0.edu/UndergraduateStudent356, Y=http://www.Department10.University0.edu, Z=UndergraduateStudent356@Department10.University0.edu}, {X=http://www.Department10.University0.edu/UndergraduateStudent391, Y=http://www.Department10.University0.edu, Z=UndergraduateStudent391@Department10.University0.edu}, {X=http://www.Department10.University0.edu/UndergraduateStudent346, Y=http://www.Department10.University0.edu, Z=UndergraduateStudent346@Department10.University0.edu}, {X=http://www.Department10.University0.edu/GraduateStudent121, Y=http://www.Department10.University0.edu, Z=GraduateStudent121@Department10.University0.edu}, {X=http://www.Department10.University0.edu/UndergraduateStudent185, Y=http://www.Department10.University0.edu, Z=UndergraduateStudent185@Department10.University0.edu}, {X=http://www.Department10.University0.edu/UndergraduateStudent301, Y=http://www.Department10.University0.edu, Z=UndergraduateStudent301@Department10.University0.edu}, {X=http://www.Department10.University0.edu/GraduateStudent43, Y=http://www.Department10.University0.edu, Z=GraduateStudent43@Department10.University0.edu}, {X=http://www.Department10.University0.edu/UndergraduateStudent404, Y=http://www.Department10.University0.edu, Z=UndergraduateStudent404@Department10.University0.edu}, {X=http://www.Department10.University0.edu/UndergraduateStudent11, Y=http://www.Department10.University0.edu, Z=UndergraduateStudent11@Department10.University0.edu}, {X=http://www.Department10.University0.edu/UndergraduateStudent316, Y=http://www.Department10.University0.edu, Z=UndergraduateStudent316@Department10.University0.edu}, {X=http://www.Department10.University0.edu/UndergraduateStudent75, Y=http://www.Department10.University0.edu, Z=UndergraduateStudent75@Department10.University0.edu}, {X=http://www.Department10.University0.edu/UndergraduateStudent93, Y=http://www.Department10.University0.edu, Z=UndergraduateStudent93@Department10.University0.edu}, {X=http://www.Department10.University0.edu/GraduateStudent89, Y=http://www.Department10.University0.edu, Z=GraduateStudent89@Department10.University0.edu}, {X=http://www.Department10.University0.edu/GraduateStudent136, Y=http://www.Department10.University0.edu, Z=GraduateStudent136@Department10.University0.edu}, {X=http://www.Department10.University0.edu/UndergraduateStudent52, Y=http://www.Department10.University0.edu, Z=UndergraduateStudent52@Department10.University0.edu}, {X=http://www.Department10.University0.edu/UndergraduateStudent40, Y=http://www.Department10.University0.edu, Z=UndergraduateStudent40@Department10.University0.edu}, {X=http://www.Department10.University0.edu/UndergraduateStudent358, Y=http://www.Department10.University0.edu, Z=UndergraduateStudent358@Department10.University0.edu}, {X=http://www.Department10.University0.edu/UndergraduateStudent37, Y=http://www.Department10.University0.edu, Z=UndergraduateStudent37@Department10.University0.edu}, {X=http://www.Department10.University0.edu/UndergraduateStudent196, Y=http://www.Department10.University0.edu, Z=UndergraduateStudent196@Department10.University0.edu}, {X=http://www.Department10.University0.edu/UndergraduateStudent164, Y=http://www.Department10.University0.edu, Z=UndergraduateStudent164@Department10.University0.edu}, {X=http://www.Department10.University0.edu/UndergraduateStudent16, Y=http://www.Department10.University0.edu, Z=UndergraduateStudent16@Department10.University0.edu}, {X=http://www.Department10.University0.edu/UndergraduateStudent17, Y=http://www.Department10.University0.edu, Z=UndergraduateStudent17@Department10.University0.edu}, {X=http://www.Department10.University0.edu/GraduateStudent84, Y=http://www.Department10.University0.edu, Z=GraduateStudent84@Department10.University0.edu}, {X=http://www.Department10.University0.edu/GraduateStudent132, Y=http://www.Department10.University0.edu, Z=GraduateStudent132@Department10.University0.edu}, {X=http://www.Department10.University0.edu/UndergraduateStudent20, Y=http://www.Department10.University0.edu, Z=UndergraduateStudent20@Department10.University0.edu}, {X=http://www.Department10.University0.edu/UndergraduateStudent294, Y=http://www.Department10.University0.edu, Z=UndergraduateStudent294@Department10.University0.edu}, {X=http://www.Department10.University0.edu/UndergraduateStudent282, Y=http://www.Department10.University0.edu, Z=UndergraduateStudent282@Department10.University0.edu}, {X=http://www.Department10.University0.edu/UndergraduateStudent388, Y=http://www.Department10.University0.edu, Z=UndergraduateStudent388@Department10.University0.edu}, {X=http://www.Department10.University0.edu/UndergraduateStudent370, Y=http://www.Department10.University0.edu, Z=UndergraduateStudent370@Department10.University0.edu}, {X=http://www.Department10.University0.edu/UndergraduateStudent216, Y=http://www.Department10.University0.edu, Z=UndergraduateStudent216@Department10.University0.edu}, {X=http://www.Department10.University0.edu/GraduateStudent112, Y=http://www.Department10.University0.edu, Z=GraduateStudent112@Department10.University0.edu}, {X=http://www.Department10.University0.edu/UndergraduateStudent292, Y=http://www.Department10.University0.edu, Z=UndergraduateStudent292@Department10.University0.edu}, {X=http://www.Department10.University0.edu/UndergraduateStudent270, Y=http://www.Department10.University0.edu, Z=UndergraduateStudent270@Department10.University0.edu}, {X=http://www.Department10.University0.edu/UndergraduateStudent340, Y=http://www.Department10.University0.edu, Z=UndergraduateStudent340@Department10.University0.edu}, {X=http://www.Department10.University0.edu/UndergraduateStudent309, Y=http://www.Department10.University0.edu, Z=UndergraduateStudent309@Department10.University0.edu}, {X=http://www.Department10.University0.edu/UndergraduateStudent142, Y=http://www.Department10.University0.edu, Z=UndergraduateStudent142@Department10.University0.edu}, {X=http://www.Department10.University0.edu/UndergraduateStudent310, Y=http://www.Department10.University0.edu, Z=UndergraduateStudent310@Department10.University0.edu}, {X=http://www.Department10.University0.edu/UndergraduateStudent129, Y=http://www.Department10.University0.edu, Z=UndergraduateStudent129@Department10.University0.edu}, {X=http://www.Department10.University0.edu/UndergraduateStudent249, Y=http://www.Department10.University0.edu, Z=UndergraduateStudent249@Department10.University0.edu}, {X=http://www.Department10.University0.edu/UndergraduateStudent410, Y=http://www.Department10.University0.edu, Z=UndergraduateStudent410@Department10.University0.edu}, {X=http://www.Department10.University0.edu/UndergraduateStudent147, Y=http://www.Department10.University0.edu, Z=UndergraduateStudent147@Department10.University0.edu}, {X=http://www.Department10.University0.edu/UndergraduateStudent59, Y=http://www.Department10.University0.edu, Z=UndergraduateStudent59@Department10.University0.edu}, {X=http://www.Department10.University0.edu/UndergraduateStudent181, Y=http://www.Department10.University0.edu, Z=UndergraduateStudent181@Department10.University0.edu}, {X=http://www.Department10.University0.edu/UndergraduateStudent213, Y=http://www.Department10.University0.edu, Z=UndergraduateStudent213@Department10.University0.edu}, {X=http://www.Department10.University0.edu/UndergraduateStudent386, Y=http://www.Department10.University0.edu, Z=UndergraduateStudent386@Department10.University0.edu}, {X=http://www.Department10.University0.edu/GraduateStudent109, Y=http://www.Department10.University0.edu, Z=GraduateStudent109@Department10.University0.edu}, {X=http://www.Department10.University0.edu/UndergraduateStudent295, Y=http://www.Department10.University0.edu, Z=UndergraduateStudent295@Department10.University0.edu}, {X=http://www.Department10.University0.edu/GraduateStudent105, Y=http://www.Department10.University0.edu, Z=GraduateStudent105@Department10.University0.edu}, {X=http://www.Department10.University0.edu/UndergraduateStudent396, Y=http://www.Department10.University0.edu, Z=UndergraduateStudent396@Department10.University0.edu}, {X=http://www.Department10.University0.edu/UndergraduateStudent121, Y=http://www.Department10.University0.edu, Z=UndergraduateStudent121@Department10.University0.edu}, {X=http://www.Department10.University0.edu/GraduateStudent14, Y=http://www.Department10.University0.edu, Z=GraduateStudent14@Department10.University0.edu}, {X=http://www.Department10.University0.edu/UndergraduateStudent212, Y=http://www.Department10.University0.edu, Z=UndergraduateStudent212@Department10.University0.edu}, {X=http://www.Department10.University0.edu/GraduateStudent20, Y=http://www.Department10.University0.edu, Z=GraduateStudent20@Department10.University0.edu}, {X=http://www.Department10.University0.edu/UndergraduateStudent66, Y=http://www.Department10.University0.edu, Z=UndergraduateStudent66@Department10.University0.edu}, {X=http://www.Department10.University0.edu/UndergraduateStudent61, Y=http://www.Department10.University0.edu, Z=UndergraduateStudent61@Department10.University0.edu}, {X=http://www.Department10.University0.edu/GraduateStudent64, Y=http://www.Department10.University0.edu, Z=GraduateStudent64@Department10.University0.edu}, {X=http://www.Department10.University0.edu/UndergraduateStudent279, Y=http://www.Department10.University0.edu, Z=UndergraduateStudent279@Department10.University0.edu}, {X=http://www.Department10.University0.edu/UndergraduateStudent74, Y=http://www.Department10.University0.edu, Z=UndergraduateStudent74@Department10.University0.edu}, {X=http://www.Department10.University0.edu/UndergraduateStudent198, Y=http://www.Department10.University0.edu, Z=UndergraduateStudent198@Department10.University0.edu}, {X=http://www.Department10.University0.edu/UndergraduateStudent277, Y=http://www.Department10.University0.edu, Z=UndergraduateStudent277@Department10.University0.edu}, {X=http://www.Department10.University0.edu/UndergraduateStudent240, Y=http://www.Department10.University0.edu, Z=UndergraduateStudent240@Department10.University0.edu}, {X=http://www.Department10.University0.edu/UndergraduateStudent304, Y=http://www.Department10.University0.edu, Z=UndergraduateStudent304@Department10.University0.edu}, {X=http://www.Department10.University0.edu/UndergraduateStudent252, Y=http://www.Department10.University0.edu, Z=UndergraduateStudent252@Department10.University0.edu}, {X=http://www.Department10.University0.edu/UndergraduateStudent204, Y=http://www.Department10.University0.edu, Z=UndergraduateStudent204@Department10.University0.edu}, {X=http://www.Department10.University0.edu/UndergraduateStudent214, Y=http://www.Department10.University0.edu, Z=UndergraduateStudent214@Department10.University0.edu}, {X=http://www.Department10.University0.edu/UndergraduateStudent149, Y=http://www.Department10.University0.edu, Z=UndergraduateStudent149@Department10.University0.edu}, {X=http://www.Department10.University0.edu/GraduateStudent116, Y=http://www.Department10.University0.edu, Z=GraduateStudent116@Department10.University0.edu}, {X=http://www.Department10.University0.edu/UndergraduateStudent116, Y=http://www.Department10.University0.edu, Z=UndergraduateStudent116@Department10.University0.edu}, {X=http://www.Department10.University0.edu/UndergraduateStudent299, Y=http://www.Department10.University0.edu, Z=UndergraduateStudent299@Department10.University0.edu}, {X=http://www.Department10.University0.edu/UndergraduateStudent3, Y=http://www.Department10.University0.edu, Z=UndergraduateStudent3@Department10.University0.edu}, {X=http://www.Department10.University0.edu/UndergraduateStudent15, Y=http://www.Department10.University0.edu, Z=UndergraduateStudent15@Department10.University0.edu}, {X=http://www.Department10.University0.edu/UndergraduateStudent261, Y=http://www.Department10.University0.edu, Z=UndergraduateStudent261@Department10.University0.edu}, {X=http://www.Department10.University0.edu/GraduateStudent100, Y=http://www.Department10.University0.edu, Z=GraduateStudent100@Department10.University0.edu}, {X=http://www.Department10.University0.edu/UndergraduateStudent80, Y=http://www.Department10.University0.edu, Z=UndergraduateStudent80@Department10.University0.edu}, {X=http://www.Department10.University0.edu/UndergraduateStudent406, Y=http://www.Department10.University0.edu, Z=UndergraduateStudent406@Department10.University0.edu}, {X=http://www.Department10.University0.edu/UndergraduateStudent369, Y=http://www.Department10.University0.edu, Z=UndergraduateStudent369@Department10.University0.edu}, {X=http://www.Department10.University0.edu/UndergraduateStudent175, Y=http://www.Department10.University0.edu, Z=UndergraduateStudent175@Department10.University0.edu}, {X=http://www.Department10.University0.edu/UndergraduateStudent148, Y=http://www.Department10.University0.edu, Z=UndergraduateStudent148@Department10.University0.edu}, {X=http://www.Department10.University0.edu/GraduateStudent129, Y=http://www.Department10.University0.edu, Z=GraduateStudent129@Department10.University0.edu}, {X=http://www.Department10.University0.edu/UndergraduateStudent122, Y=http://www.Department10.University0.edu, Z=UndergraduateStudent122@Department10.University0.edu}, {X=http://www.Department10.University0.edu/UndergraduateStudent228, Y=http://www.Department10.University0.edu, Z=UndergraduateStudent228@Department10.University0.edu}, {X=http://www.Department10.University0.edu/UndergraduateStudent102, Y=http://www.Department10.University0.edu, Z=UndergraduateStudent102@Department10.University0.edu}, {X=http://www.Department10.University0.edu/GraduateStudent115, Y=http://www.Department10.University0.edu, Z=GraduateStudent115@Department10.University0.edu}, {X=http://www.Department10.University0.edu/UndergraduateStudent354, Y=http://www.Department10.University0.edu, Z=UndergraduateStudent354@Department10.University0.edu}, {X=http://www.Department10.University0.edu/UndergraduateStudent174, Y=http://www.Department10.University0.edu, Z=UndergraduateStudent174@Department10.University0.edu}, {X=http://www.Department10.University0.edu/UndergraduateStudent155, Y=http://www.Department10.University0.edu, Z=UndergraduateStudent155@Department10.University0.edu}, {X=http://www.Department10.University0.edu/UndergraduateStudent349, Y=http://www.Department10.University0.edu, Z=UndergraduateStudent349@Department10.University0.edu}, {X=http://www.Department10.University0.edu/GraduateStudent82, Y=http://www.Department10.University0.edu, Z=GraduateStudent82@Department10.University0.edu}, {X=http://www.Department10.University0.edu/UndergraduateStudent219, Y=http://www.Department10.University0.edu, Z=UndergraduateStudent219@Department10.University0.edu}, {X=http://www.Department10.University0.edu/UndergraduateStudent243, Y=http://www.Department10.University0.edu, Z=UndergraduateStudent243@Department10.University0.edu}, {X=http://www.Department10.University0.edu/UndergraduateStudent26, Y=http://www.Department10.University0.edu, Z=UndergraduateStudent26@Department10.University0.edu}, {X=http://www.Department10.University0.edu/GraduateStudent9, Y=http://www.Department10.University0.edu, Z=GraduateStudent9@Department10.University0.edu}, {X=http://www.Department10.University0.edu/UndergraduateStudent247, Y=http://www.Department10.University0.edu, Z=UndergraduateStudent247@Department10.University0.edu}, {X=http://www.Department10.University0.edu/GraduateStudent49, Y=http://www.Department10.University0.edu, Z=GraduateStudent49@Department10.University0.edu}, {X=http://www.Department10.University0.edu/GraduateStudent108, Y=http://www.Department10.University0.edu, Z=GraduateStudent108@Department10.University0.edu}, {X=http://www.Department10.University0.edu/UndergraduateStudent272, Y=http://www.Department10.University0.edu, Z=UndergraduateStudent272@Department10.University0.edu}, {X=http://www.Department10.University0.edu/GraduateStudent81, Y=http://www.Department10.University0.edu, Z=GraduateStudent81@Department10.University0.edu}, {X=http://www.Department10.University0.edu/UndergraduateStudent239, Y=http://www.Department10.University0.edu, Z=UndergraduateStudent239@Department10.University0.edu}, {X=http://www.Department10.University0.edu/UndergraduateStudent13, Y=http://www.Department10.University0.edu, Z=UndergraduateStudent13@Department10.University0.edu}, {X=http://www.Department10.University0.edu/UndergraduateStudent195, Y=http://www.Department10.University0.edu, Z=UndergraduateStudent195@Department10.University0.edu}, {X=http://www.Department10.University0.edu/GraduateStudent94, Y=http://www.Department10.University0.edu, Z=GraduateStudent94@Department10.University0.edu}, {X=http://www.Department10.University0.edu/UndergraduateStudent183, Y=http://www.Department10.University0.edu, Z=UndergraduateStudent183@Department10.University0.edu}, {X=http://www.Department10.University0.edu/UndergraduateStudent163, Y=http://www.Department10.University0.edu, Z=UndergraduateStudent163@Department10.University0.edu}, {X=http://www.Department10.University0.edu/GraduateStudent65, Y=http://www.Department10.University0.edu, Z=GraduateStudent65@Department10.University0.edu}, {X=http://www.Department10.University0.edu/UndergraduateStudent27, Y=http://www.Department10.University0.edu, Z=UndergraduateStudent27@Department10.University0.edu}, {X=http://www.Department10.University0.edu/UndergraduateStudent30, Y=http://www.Department10.University0.edu, Z=UndergraduateStudent30@Department10.University0.edu}, {X=http://www.Department10.University0.edu/UndergraduateStudent125, Y=http://www.Department10.University0.edu, Z=UndergraduateStudent125@Department10.University0.edu}, {X=http://www.Department10.University0.edu/UndergraduateStudent14, Y=http://www.Department10.University0.edu, Z=UndergraduateStudent14@Department10.University0.edu}, {X=http://www.Department10.University0.edu/UndergraduateStudent70, Y=http://www.Department10.University0.edu, Z=UndergraduateStudent70@Department10.University0.edu}, {X=http://www.Department10.University0.edu/UndergraduateStudent53, Y=http://www.Department10.University0.edu, Z=UndergraduateStudent53@Department10.University0.edu}, {X=http://www.Department10.University0.edu/UndergraduateStudent329, Y=http://www.Department10.University0.edu, Z=UndergraduateStudent329@Department10.University0.edu}, {X=http://www.Department10.University0.edu/UndergraduateStudent139, Y=http://www.Department10.University0.edu, Z=UndergraduateStudent139@Department10.University0.edu}, {X=http://www.Department10.University0.edu/GraduateStudent18, Y=http://www.Department10.University0.edu, Z=GraduateStudent18@Department10.University0.edu}, {X=http://www.Department10.University0.edu/UndergraduateStudent333, Y=http://www.Department10.University0.edu, Z=UndergraduateStudent333@Department10.University0.edu}, {X=http://www.Department10.University0.edu/UndergraduateStudent359, Y=http://www.Department10.University0.edu, Z=UndergraduateStudent359@Department10.University0.edu}, {X=http://www.Department10.University0.edu/GraduateStudent19, Y=http://www.Department10.University0.edu, Z=GraduateStudent19@Department10.University0.edu}, {X=http://www.Department10.University0.edu/UndergraduateStudent187, Y=http://www.Department10.University0.edu, Z=UndergraduateStudent187@Department10.University0.edu}, {X=http://www.Department10.University0.edu/UndergraduateStudent202, Y=http://www.Department10.University0.edu, Z=UndergraduateStudent202@Department10.University0.edu}, {X=http://www.Department10.University0.edu/GraduateStudent91, Y=http://www.Department10.University0.edu, Z=GraduateStudent91@Department10.University0.edu}, {X=http://www.Department10.University0.edu/UndergraduateStudent385, Y=http://www.Department10.University0.edu, Z=UndergraduateStudent385@Department10.University0.edu}, {X=http://www.Department10.University0.edu/UndergraduateStudent286, Y=http://www.Department10.University0.edu, Z=UndergraduateStudent286@Department10.University0.edu}, {X=http://www.Department10.University0.edu/UndergraduateStudent206, Y=http://www.Department10.University0.edu, Z=UndergraduateStudent206@Department10.University0.edu}, {X=http://www.Department10.University0.edu/UndergraduateStudent225, Y=http://www.Department10.University0.edu, Z=UndergraduateStudent225@Department10.University0.edu}, {X=http://www.Department10.University0.edu/UndergraduateStudent182, Y=http://www.Department10.University0.edu, Z=UndergraduateStudent182@Department10.University0.edu}, {X=http://www.Department10.University0.edu/UndergraduateStudent283, Y=http://www.Department10.University0.edu, Z=UndergraduateStudent283@Department10.University0.edu}, {X=http://www.Department10.University0.edu/UndergraduateStudent161, Y=http://www.Department10.University0.edu, Z=UndergraduateStudent161@Department10.University0.edu}, {X=http://www.Department10.University0.edu/UndergraduateStudent23, Y=http://www.Department10.University0.edu, Z=UndergraduateStudent23@Department10.University0.edu}, {X=http://www.Department10.University0.edu/UndergraduateStudent401, Y=http://www.Department10.University0.edu, Z=UndergraduateStudent401@Department10.University0.edu}, {X=http://www.Department10.University0.edu/GraduateStudent54, Y=http://www.Department10.University0.edu, Z=GraduateStudent54@Department10.University0.edu}, {X=http://www.Department10.University0.edu/UndergraduateStudent321, Y=http://www.Department10.University0.edu, Z=UndergraduateStudent321@Department10.University0.edu}, {X=http://www.Department10.University0.edu/UndergraduateStudent296, Y=http://www.Department10.University0.edu, Z=UndergraduateStudent296@Department10.University0.edu}, {X=http://www.Department10.University0.edu/UndergraduateStudent178, Y=http://www.Department10.University0.edu, Z=UndergraduateStudent178@Department10.University0.edu}, {X=http://www.Department10.University0.edu/UndergraduateStudent344, Y=http://www.Department10.University0.edu, Z=UndergraduateStudent344@Department10.University0.edu}, {X=http://www.Department10.University0.edu/GraduateStudent25, Y=http://www.Department10.University0.edu, Z=GraduateStudent25@Department10.University0.edu}, {X=http://www.Department10.University0.edu/UndergraduateStudent257, Y=http://www.Department10.University0.edu, Z=UndergraduateStudent257@Department10.University0.edu}, {X=http://www.Department10.University0.edu/UndergraduateStudent383, Y=http://www.Department10.University0.edu, Z=UndergraduateStudent383@Department10.University0.edu}, {X=http://www.Department10.University0.edu/UndergraduateStudent63, Y=http://www.Department10.University0.edu, Z=UndergraduateStudent63@Department10.University0.edu}, {X=http://www.Department10.University0.edu/UndergraduateStudent57, Y=http://www.Department10.University0.edu, Z=UndergraduateStudent57@Department10.University0.edu}, {X=http://www.Department10.University0.edu/GraduateStudent104, Y=http://www.Department10.University0.edu, Z=GraduateStudent104@Department10.University0.edu}, {X=http://www.Department10.University0.edu/UndergraduateStudent335, Y=http://www.Department10.University0.edu, Z=UndergraduateStudent335@Department10.University0.edu}, {X=http://www.Department10.University0.edu/UndergraduateStudent207, Y=http://www.Department10.University0.edu, Z=UndergraduateStudent207@Department10.University0.edu}, {X=http://www.Department10.University0.edu/UndergraduateStudent248, Y=http://www.Department10.University0.edu, Z=UndergraduateStudent248@Department10.University0.edu}, {X=http://www.Department10.University0.edu/GraduateStudent11, Y=http://www.Department10.University0.edu, Z=GraduateStudent11@Department10.University0.edu}, {X=http://www.Department10.University0.edu/UndergraduateStudent298, Y=http://www.Department10.University0.edu, Z=UndergraduateStudent298@Department10.University0.edu}, {X=http://www.Department10.University0.edu/GraduateStudent13, Y=http://www.Department10.University0.edu, Z=GraduateStudent13@Department10.University0.edu}, {X=http://www.Department10.University0.edu/UndergraduateStudent90, Y=http://www.Department10.University0.edu, Z=UndergraduateStudent90@Department10.University0.edu}, {X=http://www.Department10.University0.edu/UndergraduateStudent194, Y=http://www.Department10.University0.edu, Z=UndergraduateStudent194@Department10.University0.edu}, {X=http://www.Department10.University0.edu/GraduateStudent68, Y=http://www.Department10.University0.edu, Z=GraduateStudent68@Department10.University0.edu}, {X=http://www.Department10.University0.edu/GraduateStudent10, Y=http://www.Department10.University0.edu, Z=GraduateStudent10@Department10.University0.edu}, {X=http://www.Department10.University0.edu/UndergraduateStudent173, Y=http://www.Department10.University0.edu, Z=UndergraduateStudent173@Department10.University0.edu}, {X=http://www.Department10.University0.edu/UndergraduateStudent39, Y=http://www.Department10.University0.edu, Z=UndergraduateStudent39@Department10.University0.edu}, {X=http://www.Department10.University0.edu/UndergraduateStudent217, Y=http://www.Department10.University0.edu, Z=UndergraduateStudent217@Department10.University0.edu}, {X=http://www.Department10.University0.edu/UndergraduateStudent158, Y=http://www.Department10.University0.edu, Z=UndergraduateStudent158@Department10.University0.edu}, {X=http://www.Department10.University0.edu/GraduateStudent93, Y=http://www.Department10.University0.edu, Z=GraduateStudent93@Department10.University0.edu}, {X=http://www.Department10.University0.edu/UndergraduateStudent211, Y=http://www.Department10.University0.edu, Z=UndergraduateStudent211@Department10.University0.edu}, {X=http://www.Department10.University0.edu/UndergraduateStudent382, Y=http://www.Department10.University0.edu, Z=UndergraduateStudent382@Department10.University0.edu}, {X=http://www.Department10.University0.edu/GraduateStudent39, Y=http://www.Department10.University0.edu, Z=GraduateStudent39@Department10.University0.edu}, {X=http://www.Department10.University0.edu/UndergraduateStudent201, Y=http://www.Department10.University0.edu, Z=UndergraduateStudent201@Department10.University0.edu}, {X=http://www.Department10.University0.edu/GraduateStudent63, Y=http://www.Department10.University0.edu, Z=GraduateStudent63@Department10.University0.edu}, {X=http://www.Department10.University0.edu/GraduateStudent52, Y=http://www.Department10.University0.edu, Z=GraduateStudent52@Department10.University0.edu}, {X=http://www.Department10.University0.edu/UndergraduateStudent353, Y=http://www.Department10.University0.edu, Z=UndergraduateStudent353@Department10.University0.edu}, {X=http://www.Department10.University0.edu/GraduateStudent101, Y=http://www.Department10.University0.edu, Z=GraduateStudent101@Department10.University0.edu}, {X=http://www.Department10.University0.edu/GraduateStudent125, Y=http://www.Department10.University0.edu, Z=GraduateStudent125@Department10.University0.edu}, {X=http://www.Department10.University0.edu/UndergraduateStudent2, Y=http://www.Department10.University0.edu, Z=UndergraduateStudent2@Department10.University0.edu}, {X=http://www.Department10.University0.edu/UndergraduateStudent62, Y=http://www.Department10.University0.edu, Z=UndergraduateStudent62@Department10.University0.edu}, {X=http://www.Department10.University0.edu/UndergraduateStudent22, Y=http://www.Department10.University0.edu, Z=UndergraduateStudent22@Department10.University0.edu}, {X=http://www.Department10.University0.edu/UndergraduateStudent234, Y=http://www.Department10.University0.edu, Z=UndergraduateStudent234@Department10.University0.edu}, {X=http://www.Department10.University0.edu/UndergraduateStudent308, Y=http://www.Department10.University0.edu, Z=UndergraduateStudent308@Department10.University0.edu}, {X=http://www.Department10.University0.edu/UndergraduateStudent97, Y=http://www.Department10.University0.edu, Z=UndergraduateStudent97@Department10.University0.edu}, {X=http://www.Department10.University0.edu/GraduateStudent4, Y=http://www.Department10.University0.edu, Z=GraduateStudent4@Department10.University0.edu}, {X=http://www.Department10.University0.edu/UndergraduateStudent377, Y=http://www.Department10.University0.edu, Z=UndergraduateStudent377@Department10.University0.edu}, {X=http://www.Department10.University0.edu/UndergraduateStudent41, Y=http://www.Department10.University0.edu, Z=UndergraduateStudent41@Department10.University0.edu}, {X=http://www.Department10.University0.edu/UndergraduateStudent250, Y=http://www.Department10.University0.edu, Z=UndergraduateStudent250@Department10.University0.edu}, {X=http://www.Department10.University0.edu/UndergraduateStudent330, Y=http://www.Department10.University0.edu, Z=UndergraduateStudent330@Department10.University0.edu}, {X=http://www.Department10.University0.edu/UndergraduateStudent227, Y=http://www.Department10.University0.edu, Z=UndergraduateStudent227@Department10.University0.edu}, {X=http://www.Department10.University0.edu/GraduateStudent96, Y=http://www.Department10.University0.edu, Z=GraduateStudent96@Department10.University0.edu}, {X=http://www.Department10.University0.edu/UndergraduateStudent199, Y=http://www.Department10.University0.edu, Z=UndergraduateStudent199@Department10.University0.edu}, {X=http://www.Department10.University0.edu/GraduateStudent131, Y=http://www.Department10.University0.edu, Z=GraduateStudent131@Department10.University0.edu}, {X=http://www.Department10.University0.edu/UndergraduateStudent265, Y=http://www.Department10.University0.edu, Z=UndergraduateStudent265@Department10.University0.edu}, {X=http://www.Department10.University0.edu/UndergraduateStudent131, Y=http://www.Department10.University0.edu, Z=UndergraduateStudent131@Department10.University0.edu}, {X=http://www.Department10.University0.edu/UndergraduateStudent48, Y=http://www.Department10.University0.edu, Z=UndergraduateStudent48@Department10.University0.edu}, {X=http://www.Department10.University0.edu/GraduateStudent33, Y=http://www.Department10.University0.edu, Z=GraduateStudent33@Department10.University0.edu}, {X=http://www.Department10.University0.edu/UndergraduateStudent137, Y=http://www.Department10.University0.edu, Z=UndergraduateStudent137@Department10.University0.edu}, {X=http://www.Department10.University0.edu/UndergraduateStudent281, Y=http://www.Department10.University0.edu, Z=UndergraduateStudent281@Department10.University0.edu}, {X=http://www.Department10.University0.edu/UndergraduateStudent166, Y=http://www.Department10.University0.edu, Z=UndergraduateStudent166@Department10.University0.edu}, {X=http://www.Department10.University0.edu/UndergraduateStudent233, Y=http://www.Department10.University0.edu, Z=UndergraduateStudent233@Department10.University0.edu}, {X=http://www.Department10.University0.edu/GraduateStudent98, Y=http://www.Department10.University0.edu, Z=GraduateStudent98@Department10.University0.edu}, {X=http://www.Department10.University0.edu/UndergraduateStudent67, Y=http://www.Department10.University0.edu, Z=UndergraduateStudent67@Department10.University0.edu}, {X=http://www.Department10.University0.edu/UndergraduateStudent85, Y=http://www.Department10.University0.edu, Z=UndergraduateStudent85@Department10.University0.edu}, {X=http://www.Department10.University0.edu/UndergraduateStudent88, Y=http://www.Department10.University0.edu, Z=UndergraduateStudent88@Department10.University0.edu}, {X=http://www.Department10.University0.edu/UndergraduateStudent120, Y=http://www.Department10.University0.edu, Z=UndergraduateStudent120@Department10.University0.edu}, {X=http://www.Department10.University0.edu/GraduateStudent123, Y=http://www.Department10.University0.edu, Z=GraduateStudent123@Department10.University0.edu}, {X=http://www.Department10.University0.edu/GraduateStudent110, Y=http://www.Department10.University0.edu, Z=GraduateStudent110@Department10.University0.edu}, {X=http://www.Department10.University0.edu/UndergraduateStudent36, Y=http://www.Department10.University0.edu, Z=UndergraduateStudent36@Department10.University0.edu}, {X=http://www.Department10.University0.edu/UndergraduateStudent151, Y=http://www.Department10.University0.edu, Z=UndergraduateStudent151@Department10.University0.edu}, {X=http://www.Department10.University0.edu/GraduateStudent31, Y=http://www.Department10.University0.edu, Z=GraduateStudent31@Department10.University0.edu}, {X=http://www.Department10.University0.edu/UndergraduateStudent82, Y=http://www.Department10.University0.edu, Z=UndergraduateStudent82@Department10.University0.edu}, {X=http://www.Department10.University0.edu/GraduateStudent35, Y=http://www.Department10.University0.edu, Z=GraduateStudent35@Department10.University0.edu}, {X=http://www.Department10.University0.edu/UndergraduateStudent241, Y=http://www.Department10.University0.edu, Z=UndergraduateStudent241@Department10.University0.edu}, {X=http://www.Department10.University0.edu/GraduateStudent34, Y=http://www.Department10.University0.edu, Z=GraduateStudent34@Department10.University0.edu}, {X=http://www.Department10.University0.edu/UndergraduateStudent126, Y=http://www.Department10.University0.edu, Z=UndergraduateStudent126@Department10.University0.edu}, {X=http://www.Department10.University0.edu/UndergraduateStudent184, Y=http://www.Department10.University0.edu, Z=UndergraduateStudent184@Department10.University0.edu}, {X=http://www.Department10.University0.edu/UndergraduateStudent169, Y=http://www.Department10.University0.edu, Z=UndergraduateStudent169@Department10.University0.edu}, {X=http://www.Department10.University0.edu/UndergraduateStudent12, Y=http://www.Department10.University0.edu, Z=UndergraduateStudent12@Department10.University0.edu}, {X=http://www.Department10.University0.edu/UndergraduateStudent133, Y=http://www.Department10.University0.edu, Z=UndergraduateStudent133@Department10.University0.edu}, {X=http://www.Department10.University0.edu/UndergraduateStudent84, Y=http://www.Department10.University0.edu, Z=UndergraduateStudent84@Department10.University0.edu}, {X=http://www.Department10.University0.edu/GraduateStudent8, Y=http://www.Department10.University0.edu, Z=GraduateStudent8@Department10.University0.edu}, {X=http://www.Department10.University0.edu/UndergraduateStudent403, Y=http://www.Department10.University0.edu, Z=UndergraduateStudent403@Department10.University0.edu}, {X=http://www.Department10.University0.edu/UndergraduateStudent60, Y=http://www.Department10.University0.edu, Z=UndergraduateStudent60@Department10.University0.edu}, {X=http://www.Department10.University0.edu/GraduateStudent26, Y=http://www.Department10.University0.edu, Z=GraduateStudent26@Department10.University0.edu}, {X=http://www.Department10.University0.edu/UndergraduateStudent402, Y=http://www.Department10.University0.edu, Z=UndergraduateStudent402@Department10.University0.edu}, {X=http://www.Department10.University0.edu/UndergraduateStudent210, Y=http://www.Department10.University0.edu, Z=UndergraduateStudent210@Department10.University0.edu}, {X=http://www.Department10.University0.edu/GraduateStudent69, Y=http://www.Department10.University0.edu, Z=GraduateStudent69@Department10.University0.edu}, {X=http://www.Department10.University0.edu/UndergraduateStudent123, Y=http://www.Department10.University0.edu, Z=UndergraduateStudent123@Department10.University0.edu}, {X=http://www.Department10.University0.edu/UndergraduateStudent167, Y=http://www.Department10.University0.edu, Z=UndergraduateStudent167@Department10.University0.edu}, {X=http://www.Department10.University0.edu/UndergraduateStudent361, Y=http://www.Department10.University0.edu, Z=UndergraduateStudent361@Department10.University0.edu}, {X=http://www.Department10.University0.edu/GraduateStudent5, Y=http://www.Department10.University0.edu, Z=GraduateStudent5@Department10.University0.edu}, {X=http://www.Department10.University0.edu/GraduateStudent55, Y=http://www.Department10.University0.edu, Z=GraduateStudent55@Department10.University0.edu}, {X=http://www.Department10.University0.edu/GraduateStudent134, Y=http://www.Department10.University0.edu, Z=GraduateStudent134@Department10.University0.edu}, {X=http://www.Department10.University0.edu/UndergraduateStudent200, Y=http://www.Department10.University0.edu, Z=UndergraduateStudent200@Department10.University0.edu}, {X=http://www.Department10.University0.edu/UndergraduateStudent29, Y=http://www.Department10.University0.edu, Z=UndergraduateStudent29@Department10.University0.edu}, {X=http://www.Department10.University0.edu/GraduateStudent16, Y=http://www.Department10.University0.edu, Z=GraduateStudent16@Department10.University0.edu}, {X=http://www.Department10.University0.edu/UndergraduateStudent271, Y=http://www.Department10.University0.edu, Z=UndergraduateStudent271@Department10.University0.edu}, {X=http://www.Department10.University0.edu/UndergraduateStudent322, Y=http://www.Department10.University0.edu, Z=UndergraduateStudent322@Department10.University0.edu}, {X=http://www.Department10.University0.edu/UndergraduateStudent33, Y=http://www.Department10.University0.edu, Z=UndergraduateStudent33@Department10.University0.edu}, {X=http://www.Department10.University0.edu/UndergraduateStudent405, Y=http://www.Department10.University0.edu, Z=UndergraduateStudent405@Department10.University0.edu}, {X=http://www.Department10.University0.edu/UndergraduateStudent146, Y=http://www.Department10.University0.edu, Z=UndergraduateStudent146@Department10.University0.edu}, {X=http://www.Department10.University0.edu/UndergraduateStudent56, Y=http://www.Department10.University0.edu, Z=UndergraduateStudent56@Department10.University0.edu}, {X=http://www.Department10.University0.edu/UndergraduateStudent107, Y=http://www.Department10.University0.edu, Z=UndergraduateStudent107@Department10.University0.edu}, {X=http://www.Department10.University0.edu/UndergraduateStudent170, Y=http://www.Department10.University0.edu, Z=UndergraduateStudent170@Department10.University0.edu}, {X=http://www.Department10.University0.edu/UndergraduateStudent395, Y=http://www.Department10.University0.edu, Z=UndergraduateStudent395@Department10.University0.edu}, {X=http://www.Department10.University0.edu/UndergraduateStudent230, Y=http://www.Department10.University0.edu, Z=UndergraduateStudent230@Department10.University0.edu}, {X=http://www.Department10.University0.edu/GraduateStudent36, Y=http://www.Department10.University0.edu, Z=GraduateStudent36@Department10.University0.edu}, {X=http://www.Department10.University0.edu/UndergraduateStudent352, Y=http://www.Department10.University0.edu, Z=UndergraduateStudent352@Department10.University0.edu}, {X=http://www.Department10.University0.edu/UndergraduateStudent110, Y=http://www.Department10.University0.edu, Z=UndergraduateStudent110@Department10.University0.edu}, {X=http://www.Department10.University0.edu/GraduateStudent74, Y=http://www.Department10.University0.edu, Z=GraduateStudent74@Department10.University0.edu}, {X=http://www.Department10.University0.edu/GraduateStudent120, Y=http://www.Department10.University0.edu, Z=GraduateStudent120@Department10.University0.edu}, {X=http://www.Department10.University0.edu/GraduateStudent83, Y=http://www.Department10.University0.edu, Z=GraduateStudent83@Department10.University0.edu}, {X=http://www.Department10.University0.edu/UndergraduateStudent312, Y=http://www.Department10.University0.edu, Z=UndergraduateStudent312@Department10.University0.edu}, {X=http://www.Department10.University0.edu/UndergraduateStudent141, Y=http://www.Department10.University0.edu, Z=UndergraduateStudent141@Department10.University0.edu}, {X=http://www.Department10.University0.edu/GraduateStudent137, Y=http://www.Department10.University0.edu, Z=GraduateStudent137@Department10.University0.edu}, {X=http://www.Department10.University0.edu/GraduateStudent75, Y=http://www.Department10.University0.edu, Z=GraduateStudent75@Department10.University0.edu}, {X=http://www.Department10.University0.edu/UndergraduateStudent380, Y=http://www.Department10.University0.edu, Z=UndergraduateStudent380@Department10.University0.edu}, {X=http://www.Department10.University0.edu/GraduateStudent117, Y=http://www.Department10.University0.edu, Z=GraduateStudent117@Department10.University0.edu}, {X=http://www.Department10.University0.edu/GraduateStudent27, Y=http://www.Department10.University0.edu, Z=GraduateStudent27@Department10.University0.edu}, {X=http://www.Department10.University0.edu/UndergraduateStudent363, Y=http://www.Department10.University0.edu, Z=UndergraduateStudent363@Department10.University0.edu}, {X=http://www.Department10.University0.edu/UndergraduateStudent389, Y=http://www.Department10.University0.edu, Z=UndergraduateStudent389@Department10.University0.edu}, {X=http://www.Department10.University0.edu/UndergraduateStudent105, Y=http://www.Department10.University0.edu, Z=UndergraduateStudent105@Department10.University0.edu}, {X=http://www.Department10.University0.edu/GraduateStudent73, Y=http://www.Department10.University0.edu, Z=GraduateStudent73@Department10.University0.edu}, {X=http://www.Department10.University0.edu/UndergraduateStudent280, Y=http://www.Department10.University0.edu, Z=UndergraduateStudent280@Department10.University0.edu}, {X=http://www.Department10.University0.edu/UndergraduateStudent115, Y=http://www.Department10.University0.edu, Z=UndergraduateStudent115@Department10.University0.edu}, {X=http://www.Department10.University0.edu/GraduateStudent58, Y=http://www.Department10.University0.edu, Z=GraduateStudent58@Department10.University0.edu}, {X=http://www.Department10.University0.edu/UndergraduateStudent191, Y=http://www.Department10.University0.edu, Z=UndergraduateStudent191@Department10.University0.edu}, {X=http://www.Department10.University0.edu/UndergraduateStudent79, Y=http://www.Department10.University0.edu, Z=UndergraduateStudent79@Department10.University0.edu}, {X=http://www.Department10.University0.edu/UndergraduateStudent259, Y=http://www.Department10.University0.edu, Z=UndergraduateStudent259@Department10.University0.edu}, {X=http://www.Department10.University0.edu/UndergraduateStudent324, Y=http://www.Department10.University0.edu, Z=UndergraduateStudent324@Department10.University0.edu}, {X=http://www.Department10.University0.edu/UndergraduateStudent188, Y=http://www.Department10.University0.edu, Z=UndergraduateStudent188@Department10.University0.edu}, {X=http://www.Department10.University0.edu/UndergraduateStudent100, Y=http://www.Department10.University0.edu, Z=UndergraduateStudent100@Department10.University0.edu}, {X=http://www.Department10.University0.edu/UndergraduateStudent50, Y=http://www.Department10.University0.edu, Z=UndergraduateStudent50@Department10.University0.edu}, {X=http://www.Department10.University0.edu/UndergraduateStudent65, Y=http://www.Department10.University0.edu, Z=UndergraduateStudent65@Department10.University0.edu}, {X=http://www.Department10.University0.edu/UndergraduateStudent49, Y=http://www.Department10.University0.edu, Z=UndergraduateStudent49@Department10.University0.edu}, {X=http://www.Department10.University0.edu/UndergraduateStudent189, Y=http://www.Department10.University0.edu, Z=UndergraduateStudent189@Department10.University0.edu}, {X=http://www.Department10.University0.edu/UndergraduateStudent140, Y=http://www.Department10.University0.edu, Z=UndergraduateStudent140@Department10.University0.edu}, {X=http://www.Department10.University0.edu/GraduateStudent17, Y=http://www.Department10.University0.edu, Z=GraduateStudent17@Department10.University0.edu}, {X=http://www.Department10.University0.edu/GraduateStudent85, Y=http://www.Department10.University0.edu, Z=GraduateStudent85@Department10.University0.edu}, {X=http://www.Department10.University0.edu/UndergraduateStudent366, Y=http://www.Department10.University0.edu, Z=UndergraduateStudent366@Department10.University0.edu}, {X=http://www.Department10.University0.edu/UndergraduateStudent136, Y=http://www.Department10.University0.edu, Z=UndergraduateStudent136@Department10.University0.edu}, {X=http://www.Department10.University0.edu/UndergraduateStudent138, Y=http://www.Department10.University0.edu, Z=UndergraduateStudent138@Department10.University0.edu}, {X=http://www.Department10.University0.edu/UndergraduateStudent327, Y=http://www.Department10.University0.edu, Z=UndergraduateStudent327@Department10.University0.edu}, {X=http://www.Department10.University0.edu/GraduateStudent119, Y=http://www.Department10.University0.edu, Z=GraduateStudent119@Department10.University0.edu}, {X=http://www.Department10.University0.edu/UndergraduateStudent269, Y=http://www.Department10.University0.edu, Z=UndergraduateStudent269@Department10.University0.edu}, {X=http://www.Department10.University0.edu/UndergraduateStudent73, Y=http://www.Department10.University0.edu, Z=UndergraduateStudent73@Department10.University0.edu}, {X=http://www.Department10.University0.edu/UndergraduateStudent103, Y=http://www.Department10.University0.edu, Z=UndergraduateStudent103@Department10.University0.edu}, {X=http://www.Department10.University0.edu/UndergraduateStudent54, Y=http://www.Department10.University0.edu, Z=UndergraduateStudent54@Department10.University0.edu}, {X=http://www.Department10.University0.edu/GraduateStudent128, Y=http://www.Department10.University0.edu, Z=GraduateStudent128@Department10.University0.edu}, {X=http://www.Department10.University0.edu/GraduateStudent130, Y=http://www.Department10.University0.edu, Z=GraduateStudent130@Department10.University0.edu}, {X=http://www.Department10.University0.edu/UndergraduateStudent368, Y=http://www.Department10.University0.edu, Z=UndergraduateStudent368@Department10.University0.edu}, {X=http://www.Department10.University0.edu/GraduateStudent87, Y=http://www.Department10.University0.edu, Z=GraduateStudent87@Department10.University0.edu}, {X=http://www.Department10.University0.edu/UndergraduateStudent215, Y=http://www.Department10.University0.edu, Z=UndergraduateStudent215@Department10.University0.edu}, {X=http://www.Department10.University0.edu/UndergraduateStudent351, Y=http://www.Department10.University0.edu, Z=UndergraduateStudent351@Department10.University0.edu}, {X=http://www.Department10.University0.edu/GraduateStudent37, Y=http://www.Department10.University0.edu, Z=GraduateStudent37@Department10.University0.edu}, {X=http://www.Department10.University0.edu/GraduateStudent79, Y=http://www.Department10.University0.edu, Z=GraduateStudent79@Department10.University0.edu}, {X=http://www.Department10.University0.edu/UndergraduateStudent5, Y=http://www.Department10.University0.edu, Z=UndergraduateStudent5@Department10.University0.edu}, {X=http://www.Department10.University0.edu/GraduateStudent67, Y=http://www.Department10.University0.edu, Z=GraduateStudent67@Department10.University0.edu}, {X=http://www.Department10.University0.edu/GraduateStudent41, Y=http://www.Department10.University0.edu, Z=GraduateStudent41@Department10.University0.edu}, {X=http://www.Department10.University0.edu/UndergraduateStudent134, Y=http://www.Department10.University0.edu, Z=UndergraduateStudent134@Department10.University0.edu}, {X=http://www.Department10.University0.edu/UndergraduateStudent276, Y=http://www.Department10.University0.edu, Z=UndergraduateStudent276@Department10.University0.edu}, {X=http://www.Department10.University0.edu/GraduateStudent42, Y=http://www.Department10.University0.edu, Z=GraduateStudent42@Department10.University0.edu}, {X=http://www.Department10.University0.edu/UndergraduateStudent253, Y=http://www.Department10.University0.edu, Z=UndergraduateStudent253@Department10.University0.edu}, {X=http://www.Department10.University0.edu/GraduateStudent22, Y=http://www.Department10.University0.edu, Z=GraduateStudent22@Department10.University0.edu}, {X=http://www.Department10.University0.edu/UndergraduateStudent91, Y=http://www.Department10.University0.edu, Z=UndergraduateStudent91@Department10.University0.edu}, {X=http://www.Department10.University0.edu/UndergraduateStudent355, Y=http://www.Department10.University0.edu, Z=UndergraduateStudent355@Department10.University0.edu}, {X=http://www.Department10.University0.edu/UndergraduateStudent245, Y=http://www.Department10.University0.edu, Z=UndergraduateStudent245@Department10.University0.edu}, {X=http://www.Department10.University0.edu/UndergraduateStudent260, Y=http://www.Department10.University0.edu, Z=UndergraduateStudent260@Department10.University0.edu}, {X=http://www.Department10.University0.edu/UndergraduateStudent357, Y=http://www.Department10.University0.edu, Z=UndergraduateStudent357@Department10.University0.edu}, {X=http://www.Department10.University0.edu/UndergraduateStudent150, Y=http://www.Department10.University0.edu, Z=UndergraduateStudent150@Department10.University0.edu}, {X=http://www.Department10.University0.edu/UndergraduateStudent106, Y=http://www.Department10.University0.edu, Z=UndergraduateStudent106@Department10.University0.edu}, {X=http://www.Department10.University0.edu/GraduateStudent48, Y=http://www.Department10.University0.edu, Z=GraduateStudent48@Department10.University0.edu}, {X=http://www.Department10.University0.edu/UndergraduateStudent305, Y=http://www.Department10.University0.edu, Z=UndergraduateStudent305@Department10.University0.edu}, {X=http://www.Department10.University0.edu/GraduateStudent7, Y=http://www.Department10.University0.edu, Z=GraduateStudent7@Department10.University0.edu}, {X=http://www.Department10.University0.edu/UndergraduateStudent290, Y=http://www.Department10.University0.edu, Z=UndergraduateStudent290@Department10.University0.edu}, {X=http://www.Department10.University0.edu/UndergraduateStudent343, Y=http://www.Department10.University0.edu, Z=UndergraduateStudent343@Department10.University0.edu}, {X=http://www.Department10.University0.edu/UndergraduateStudent246, Y=http://www.Department10.University0.edu, Z=UndergraduateStudent246@Department10.University0.edu}, {X=http://www.Department10.University0.edu/UndergraduateStudent302, Y=http://www.Department10.University0.edu, Z=UndergraduateStudent302@Department10.University0.edu}, {X=http://www.Department10.University0.edu/UndergraduateStudent407, Y=http://www.Department10.University0.edu, Z=UndergraduateStudent407@Department10.University0.edu}, {X=http://www.Department10.University0.edu/UndergraduateStudent348, Y=http://www.Department10.University0.edu, Z=UndergraduateStudent348@Department10.University0.edu}, {X=http://www.Department10.University0.edu/UndergraduateStudent273, Y=http://www.Department10.University0.edu, Z=UndergraduateStudent273@Department10.University0.edu}, {X=http://www.Department10.University0.edu/UndergraduateStudent128, Y=http://www.Department10.University0.edu, Z=UndergraduateStudent128@Department10.University0.edu}, {X=http://www.Department10.University0.edu/UndergraduateStudent92, Y=http://www.Department10.University0.edu, Z=UndergraduateStudent92@Department10.University0.edu}, {X=http://www.Department10.University0.edu/GraduateStudent71, Y=http://www.Department10.University0.edu, Z=GraduateStudent71@Department10.University0.edu}, {X=http://www.Department10.University0.edu/GraduateStudent53, Y=http://www.Department10.University0.edu, Z=GraduateStudent53@Department10.University0.edu}, {X=http://www.Department10.University0.edu/UndergraduateStudent7, Y=http://www.Department10.University0.edu, Z=UndergraduateStudent7@Department10.University0.edu}, {X=http://www.Department10.University0.edu/UndergraduateStudent220, Y=http://www.Department10.University0.edu, Z=UndergraduateStudent220@Department10.University0.edu}, {X=http://www.Department10.University0.edu/UndergraduateStudent409, Y=http://www.Department10.University0.edu, Z=UndergraduateStudent409@Department10.University0.edu}, {X=http://www.Department10.University0.edu/UndergraduateStudent297, Y=http://www.Department10.University0.edu, Z=UndergraduateStudent297@Department10.University0.edu}, {X=http://www.Department10.University0.edu/UndergraduateStudent339, Y=http://www.Department10.University0.edu, Z=UndergraduateStudent339@Department10.University0.edu}, {X=http://www.Department10.University0.edu/UndergraduateStudent83, Y=http://www.Department10.University0.edu, Z=UndergraduateStudent83@Department10.University0.edu}, {X=http://www.Department10.University0.edu/UndergraduateStudent394, Y=http://www.Department10.University0.edu, Z=UndergraduateStudent394@Department10.University0.edu}, {X=http://www.Department10.University0.edu/UndergraduateStudent376, Y=http://www.Department10.University0.edu, Z=UndergraduateStudent376@Department10.University0.edu}, {X=http://www.Department10.University0.edu/UndergraduateStudent21, Y=http://www.Department10.University0.edu, Z=UndergraduateStudent21@Department10.University0.edu}, {X=http://www.Department10.University0.edu/UndergraduateStudent218, Y=http://www.Department10.University0.edu, Z=UndergraduateStudent218@Department10.University0.edu}, {X=http://www.Department10.University0.edu/UndergraduateStudent293, Y=http://www.Department10.University0.edu, Z=UndergraduateStudent293@Department10.University0.edu}, {X=http://www.Department10.University0.edu/UndergraduateStudent31, Y=http://www.Department10.University0.edu, Z=UndergraduateStudent31@Department10.University0.edu}, {X=http://www.Department10.University0.edu/GraduateStudent111, Y=http://www.Department10.University0.edu, Z=GraduateStudent111@Department10.University0.edu}, {X=http://www.Department10.University0.edu/UndergraduateStudent314, Y=http://www.Department10.University0.edu, Z=UndergraduateStudent314@Department10.University0.edu}, {X=http://www.Department10.University0.edu/GraduateStudent78, Y=http://www.Department10.University0.edu, Z=GraduateStudent78@Department10.University0.edu}, {X=http://www.Department10.University0.edu/UndergraduateStudent332, Y=http://www.Department10.University0.edu, Z=UndergraduateStudent332@Department10.University0.edu}, {X=http://www.Department10.University0.edu/UndergraduateStudent284, Y=http://www.Department10.University0.edu, Z=UndergraduateStudent284@Department10.University0.edu}, {X=http://www.Department10.University0.edu/UndergraduateStudent397, Y=http://www.Department10.University0.edu, Z=UndergraduateStudent397@Department10.University0.edu}, {X=http://www.Department10.University0.edu/UndergraduateStudent51, Y=http://www.Department10.University0.edu, Z=UndergraduateStudent51@Department10.University0.edu}, {X=http://www.Department10.University0.edu/GraduateStudent77, Y=http://www.Department10.University0.edu, Z=GraduateStudent77@Department10.University0.edu}, {X=http://www.Department10.University0.edu/UndergraduateStudent104, Y=http://www.Department10.University0.edu, Z=UndergraduateStudent104@Department10.University0.edu}, {X=http://www.Department10.University0.edu/GraduateStudent103, Y=http://www.Department10.University0.edu, Z=GraduateStudent103@Department10.University0.edu}, {X=http://www.Department10.University0.edu/UndergraduateStudent323, Y=http://www.Department10.University0.edu, Z=UndergraduateStudent323@Department10.University0.edu}, {X=http://www.Department10.University0.edu/GraduateStudent135, Y=http://www.Department10.University0.edu, Z=GraduateStudent135@Department10.University0.edu}, {X=http://www.Department10.University0.edu/UndergraduateStudent317, Y=http://www.Department10.University0.edu, Z=UndergraduateStudent317@Department10.University0.edu}, {X=http://www.Department10.University0.edu/GraduateStudent126, Y=http://www.Department10.University0.edu, Z=GraduateStudent126@Department10.University0.edu}, {X=http://www.Department10.University0.edu/UndergraduateStudent24, Y=http://www.Department10.University0.edu, Z=UndergraduateStudent24@Department10.University0.edu}, {X=http://www.Department10.University0.edu/UndergraduateStudent64, Y=http://www.Department10.University0.edu, Z=UndergraduateStudent64@Department10.University0.edu}, {X=http://www.Department10.University0.edu/GraduateStudent59, Y=http://www.Department10.University0.edu, Z=GraduateStudent59@Department10.University0.edu}, {X=http://www.Department10.University0.edu/UndergraduateStudent46, Y=http://www.Department10.University0.edu, Z=UndergraduateStudent46@Department10.University0.edu}, {X=http://www.Department10.University0.edu/UndergraduateStudent266, Y=http://www.Department10.University0.edu, Z=UndergraduateStudent266@Department10.University0.edu}, {X=http://www.Department10.University0.edu/GraduateStudent3, Y=http://www.Department10.University0.edu, Z=GraduateStudent3@Department10.University0.edu}, {X=http://www.Department10.University0.edu/UndergraduateStudent256, Y=http://www.Department10.University0.edu, Z=UndergraduateStudent256@Department10.University0.edu}, {X=http://www.Department10.University0.edu/GraduateStudent6, Y=http://www.Department10.University0.edu, Z=GraduateStudent6@Department10.University0.edu}, {X=http://www.Department10.University0.edu/UndergraduateStudent222, Y=http://www.Department10.University0.edu, Z=UndergraduateStudent222@Department10.University0.edu}, {X=http://www.Department10.University0.edu/UndergraduateStudent347, Y=http://www.Department10.University0.edu, Z=UndergraduateStudent347@Department10.University0.edu}, {X=http://www.Department10.University0.edu/UndergraduateStudent275, Y=http://www.Department10.University0.edu, Z=UndergraduateStudent275@Department10.University0.edu}, {X=http://www.Department10.University0.edu/UndergraduateStudent205, Y=http://www.Department10.University0.edu, Z=UndergraduateStudent205@Department10.University0.edu}, {X=http://www.Department10.University0.edu/UndergraduateStudent381, Y=http://www.Department10.University0.edu, Z=UndergraduateStudent381@Department10.University0.edu}, {X=http://www.Department10.University0.edu/UndergraduateStudent291, Y=http://www.Department10.University0.edu, Z=UndergraduateStudent291@Department10.University0.edu}, {X=http://www.Department10.University0.edu/GraduateStudent107, Y=http://www.Department10.University0.edu, Z=GraduateStudent107@Department10.University0.edu}, {X=http://www.Department10.University0.edu/UndergraduateStudent145, Y=http://www.Department10.University0.edu, Z=UndergraduateStudent145@Department10.University0.edu}, {X=http://www.Department10.University0.edu/UndergraduateStudent237, Y=http://www.Department10.University0.edu, Z=UndergraduateStudent237@Department10.University0.edu}, {X=http://www.Department10.University0.edu/UndergraduateStudent124, Y=http://www.Department10.University0.edu, Z=UndergraduateStudent124@Department10.University0.edu}, {X=http://www.Department10.University0.edu/UndergraduateStudent242, Y=http://www.Department10.University0.edu, Z=UndergraduateStudent242@Department10.University0.edu}, {X=http://www.Department10.University0.edu/UndergraduateStudent197, Y=http://www.Department10.University0.edu, Z=UndergraduateStudent197@Department10.University0.edu}, {X=http://www.Department10.University0.edu/UndergraduateStudent372, Y=http://www.Department10.University0.edu, Z=UndergraduateStudent372@Department10.University0.edu}, {X=http://www.Department10.University0.edu/UndergraduateStudent177, Y=http://www.Department10.University0.edu, Z=UndergraduateStudent177@Department10.University0.edu}, {X=http://www.Department10.University0.edu/GraduateStudent102, Y=http://www.Department10.University0.edu, Z=GraduateStudent102@Department10.University0.edu}, {X=http://www.Department10.University0.edu/GraduateStudent38, Y=http://www.Department10.University0.edu, Z=GraduateStudent38@Department10.University0.edu}, {X=http://www.Department10.University0.edu/UndergraduateStudent43, Y=http://www.Department10.University0.edu, Z=UndergraduateStudent43@Department10.University0.edu}, {X=http://www.Department10.University0.edu/UndergraduateStudent392, Y=http://www.Department10.University0.edu, Z=UndergraduateStudent392@Department10.University0.edu}, {X=http://www.Department10.University0.edu/UndergraduateStudent98, Y=http://www.Department10.University0.edu, Z=UndergraduateStudent98@Department10.University0.edu}, {X=http://www.Department10.University0.edu/GraduateStudent56, Y=http://www.Department10.University0.edu, Z=GraduateStudent56@Department10.University0.edu}, {X=http://www.Department10.University0.edu/UndergraduateStudent223, Y=http://www.Department10.University0.edu, Z=UndergraduateStudent223@Department10.University0.edu}, {X=http://www.Department10.University0.edu/UndergraduateStudent32, Y=http://www.Department10.University0.edu, Z=UndergraduateStudent32@Department10.University0.edu}, {X=http://www.Department10.University0.edu/UndergraduateStudent319, Y=http://www.Department10.University0.edu, Z=UndergraduateStudent319@Department10.University0.edu}, {X=http://www.Department10.University0.edu/UndergraduateStudent112, Y=http://www.Department10.University0.edu, Z=UndergraduateStudent112@Department10.University0.edu}, {X=http://www.Department10.University0.edu/UndergraduateStudent44, Y=http://www.Department10.University0.edu, Z=UndergraduateStudent44@Department10.University0.edu}, {X=http://www.Department10.University0.edu/UndergraduateStudent117, Y=http://www.Department10.University0.edu, Z=UndergraduateStudent117@Department10.University0.edu}, {X=http://www.Department10.University0.edu/UndergraduateStudent371, Y=http://www.Department10.University0.edu, Z=UndergraduateStudent371@Department10.University0.edu}, {X=http://www.Department10.University0.edu/UndergraduateStudent289, Y=http://www.Department10.University0.edu, Z=UndergraduateStudent289@Department10.University0.edu}, {X=http://www.Department10.University0.edu/UndergraduateStudent263, Y=http://www.Department10.University0.edu, Z=UndergraduateStudent263@Department10.University0.edu}, {X=http://www.Department10.University0.edu/UndergraduateStudent19, Y=http://www.Department10.University0.edu, Z=UndergraduateStudent19@Department10.University0.edu}, {X=http://www.Department10.University0.edu/UndergraduateStudent390, Y=http://www.Department10.University0.edu, Z=UndergraduateStudent390@Department10.University0.edu}, {X=http://www.Department10.University0.edu/UndergraduateStudent307, Y=http://www.Department10.University0.edu, Z=UndergraduateStudent307@Department10.University0.edu}, {X=http://www.Department10.University0.edu/UndergraduateStudent1, Y=http://www.Department10.University0.edu, Z=UndergraduateStudent1@Department10.University0.edu}, {X=http://www.Department10.University0.edu/UndergraduateStudent95, Y=http://www.Department10.University0.edu, Z=UndergraduateStudent95@Department10.University0.edu}, {X=http://www.Department10.University0.edu/GraduateStudent50, Y=http://www.Department10.University0.edu, Z=GraduateStudent50@Department10.University0.edu}, {X=http://www.Department10.University0.edu/UndergraduateStudent288, Y=http://www.Department10.University0.edu, Z=UndergraduateStudent288@Department10.University0.edu}, {X=http://www.Department10.University0.edu/GraduateStudent28, Y=http://www.Department10.University0.edu, Z=GraduateStudent28@Department10.University0.edu}, {X=http://www.Department10.University0.edu/GraduateStudent47, Y=http://www.Department10.University0.edu, Z=GraduateStudent47@Department10.University0.edu}, {X=http://www.Department10.University0.edu/GraduateStudent24, Y=http://www.Department10.University0.edu, Z=GraduateStudent24@Department10.University0.edu}, {X=http://www.Department10.University0.edu/GraduateStudent95, Y=http://www.Department10.University0.edu, Z=GraduateStudent95@Department10.University0.edu}, {X=http://www.Department10.University0.edu/UndergraduateStudent393, Y=http://www.Department10.University0.edu, Z=UndergraduateStudent393@Department10.University0.edu}, {X=http://www.Department10.University0.edu/UndergraduateStudent208, Y=http://www.Department10.University0.edu, Z=UndergraduateStudent208@Department10.University0.edu}, {X=http://www.Department10.University0.edu/UndergraduateStudent68, Y=http://www.Department10.University0.edu, Z=UndergraduateStudent68@Department10.University0.edu}, {X=http://www.Department10.University0.edu/UndergraduateStudent186, Y=http://www.Department10.University0.edu, Z=UndergraduateStudent186@Department10.University0.edu}, {X=http://www.Department10.University0.edu/UndergraduateStudent114, Y=http://www.Department10.University0.edu, Z=UndergraduateStudent114@Department10.University0.edu}, {X=http://www.Department10.University0.edu/UndergraduateStudent278, Y=http://www.Department10.University0.edu, Z=UndergraduateStudent278@Department10.University0.edu}, {X=http://www.Department10.University0.edu/UndergraduateStudent232, Y=http://www.Department10.University0.edu, Z=UndergraduateStudent232@Department10.University0.edu}, {X=http://www.Department10.University0.edu/UndergraduateStudent360, Y=http://www.Department10.University0.edu, Z=UndergraduateStudent360@Department10.University0.edu}, {X=http://www.Department10.University0.edu/UndergraduateStudent179, Y=http://www.Department10.University0.edu, Z=UndergraduateStudent179@Department10.University0.edu}, {X=http://www.Department10.University0.edu/UndergraduateStudent287, Y=http://www.Department10.University0.edu, Z=UndergraduateStudent287@Department10.University0.edu}, {X=http://www.Department10.University0.edu/GraduateStudent106, Y=http://www.Department10.University0.edu, Z=GraduateStudent106@Department10.University0.edu}, {X=http://www.Department10.University0.edu/UndergraduateStudent274, Y=http://www.Department10.University0.edu, Z=UndergraduateStudent274@Department10.University0.edu}, {X=http://www.Department10.University0.edu/UndergraduateStudent89, Y=http://www.Department10.University0.edu, Z=UndergraduateStudent89@Department10.University0.edu}, {X=http://www.Department10.University0.edu/GraduateStudent133, Y=http://www.Department10.University0.edu, Z=GraduateStudent133@Department10.University0.edu}, {X=http://www.Department10.University0.edu/UndergraduateStudent285, Y=http://www.Department10.University0.edu, Z=UndergraduateStudent285@Department10.University0.edu}, {X=http://www.Department10.University0.edu/UndergraduateStudent224, Y=http://www.Department10.University0.edu, Z=UndergraduateStudent224@Department10.University0.edu}, {X=http://www.Department10.University0.edu/UndergraduateStudent387, Y=http://www.Department10.University0.edu, Z=UndergraduateStudent387@Department10.University0.edu}, {X=http://www.Department10.University0.edu/UndergraduateStudent345, Y=http://www.Department10.University0.edu, Z=UndergraduateStudent345@Department10.University0.edu}, {X=http://www.Department10.University0.edu/UndergraduateStudent364, Y=http://www.Department10.University0.edu, Z=UndergraduateStudent364@Department10.University0.edu}, {X=http://www.Department10.University0.edu/UndergraduateStudent375, Y=http://www.Department10.University0.edu, Z=UndergraduateStudent375@Department10.University0.edu}, {X=http://www.Department10.University0.edu/UndergraduateStudent156, Y=http://www.Department10.University0.edu, Z=UndergraduateStudent156@Department10.University0.edu}, {X=http://www.Department10.University0.edu/UndergraduateStudent337, Y=http://www.Department10.University0.edu, Z=UndergraduateStudent337@Department10.University0.edu}, {X=http://www.Department10.University0.edu/GraduateStudent32, Y=http://www.Department10.University0.edu, Z=GraduateStudent32@Department10.University0.edu}]
1490623207875;0;10;9;2886955;2444444;2302231;2210474;2136126;2170674;2154965;4017755;3333471;2355296;2601239;7124;140;[{X=http://www.Department10.University0.edu/UndergraduateStudent243, Y=http://www.Department10.University0.edu/AssociateProfessor4, Z=http://www.Department10.University0.edu/Course18}, {X=http://www.Department10.University0.edu/UndergraduateStudent39, Y=http://www.Department10.University0.edu/FullProfessor6, Z=http://www.Department10.University0.edu/Course11}, {X=http://www.Department10.University0.edu/GraduateStudent52, Y=http://www.Department10.University0.edu/AssistantProfessor6, Z=http://www.Department10.University0.edu/GraduateCourse32}, {X=http://www.Department10.University0.edu/GraduateStudent98, Y=http://www.Department10.University0.edu/FullProfessor5, Z=http://www.Department10.University0.edu/GraduateCourse6}, {X=http://www.Department10.University0.edu/GraduateStudent41, Y=http://www.Department10.University0.edu/AssociateProfessor4, Z=http://www.Department10.University0.edu/GraduateCourse14}, {X=http://www.Department10.University0.edu/GraduateStudent127, Y=http://www.Department10.University0.edu/AssociateProfessor1, Z=http://www.Department10.University0.edu/GraduateCourse9}, {X=http://www.Department10.University0.edu/GraduateStudent99, Y=http://www.Department10.University0.edu/AssistantProfessor8, Z=http://www.Department10.University0.edu/GraduateCourse36}, {X=http://www.Department10.University0.edu/UndergraduateStudent34, Y=http://www.Department10.University0.edu/AssistantProfessor9, Z=http://www.Department10.University0.edu/Course44}, {X=http://www.Department10.University0.edu/UndergraduateStudent102, Y=http://www.Department10.University0.edu/AssociateProfessor8, Z=http://www.Department10.University0.edu/Course24}, {X=http://www.Department10.University0.edu/GraduateStudent54, Y=http://www.Department10.University0.edu/FullProfessor6, Z=http://www.Department10.University0.edu/GraduateCourse7}, {X=http://www.Department10.University0.edu/GraduateStudent31, Y=http://www.Department10.University0.edu/AssociateProfessor1, Z=http://www.Department10.University0.edu/GraduateCourse9}, {X=http://www.Department10.University0.edu/GraduateStudent130, Y=http://www.Department10.University0.edu/FullProfessor2, Z=http://www.Department10.University0.edu/GraduateCourse3}, {X=http://www.Department10.University0.edu/UndergraduateStudent21, Y=http://www.Department10.University0.edu/AssistantProfessor0, Z=http://www.Department10.University0.edu/Course29}, {X=http://www.Department10.University0.edu/UndergraduateStudent98, Y=http://www.Department10.University0.edu/AssistantProfessor3, Z=http://www.Department10.University0.edu/Course34}, {X=http://www.Department10.University0.edu/UndergraduateStudent243, Y=http://www.Department10.University0.edu/AssociateProfessor4, Z=http://www.Department10.University0.edu/Course18}, {X=http://www.Department10.University0.edu/UndergraduateStudent39, Y=http://www.Department10.University0.edu/FullProfessor6, Z=http://www.Department10.University0.edu/Course11}, {X=http://www.Department10.University0.edu/GraduateStudent52, Y=http://www.Department10.University0.edu/AssistantProfessor6, Z=http://www.Department10.University0.edu/GraduateCourse32}, {X=http://www.Department10.University0.edu/GraduateStudent98, Y=http://www.Department10.University0.edu/FullProfessor5, Z=http://www.Department10.University0.edu/GraduateCourse6}, {X=http://www.Department10.University0.edu/GraduateStudent41, Y=http://www.Department10.University0.edu/AssociateProfessor4, Z=http://www.Department10.University0.edu/GraduateCourse14}, {X=http://www.Department10.University0.edu/GraduateStudent127, Y=http://www.Department10.University0.edu/AssociateProfessor1, Z=http://www.Department10.University0.edu/GraduateCourse9}, {X=http://www.Department10.University0.edu/GraduateStudent99, Y=http://www.Department10.University0.edu/AssistantProfessor8, Z=http://www.Department10.University0.edu/GraduateCourse36}, {X=http://www.Department10.University0.edu/UndergraduateStudent34, Y=http://www.Department10.University0.edu/AssistantProfessor9, Z=http://www.Department10.University0.edu/Course44}, {X=http://www.Department10.University0.edu/UndergraduateStudent102, Y=http://www.Department10.University0.edu/AssociateProfessor8, Z=http://www.Department10.University0.edu/Course24}, {X=http://www.Department10.University0.edu/GraduateStudent54, Y=http://www.Department10.University0.edu/FullProfessor6, Z=http://www.Department10.University0.edu/GraduateCourse7}, {X=http://www.Department10.University0.edu/GraduateStudent31, Y=http://www.Department10.University0.edu/AssociateProfessor1, Z=http://www.Department10.University0.edu/GraduateCourse9}, {X=http://www.Department10.University0.edu/GraduateStudent130, Y=http://www.Department10.University0.edu/FullProfessor2, Z=http://www.Department10.University0.edu/GraduateCourse3}, {X=http://www.Department10.University0.edu/UndergraduateStudent21, Y=http://www.Department10.University0.edu/AssistantProfessor0, Z=http://www.Department10.University0.edu/Course29}, {X=http://www.Department10.University0.edu/UndergraduateStudent98, Y=http://www.Department10.University0.edu/AssistantProfessor3, Z=http://www.Department10.University0.edu/Course34}, {X=http://www.Department10.University0.edu/UndergraduateStudent243, Y=http://www.Department10.University0.edu/AssociateProfessor4, Z=http://www.Department10.University0.edu/Course18}, {X=http://www.Department10.University0.edu/UndergraduateStudent39, Y=http://www.Department10.University0.edu/FullProfessor6, Z=http://www.Department10.University0.edu/Course11}, {X=http://www.Department10.University0.edu/GraduateStudent52, Y=http://www.Department10.University0.edu/AssistantProfessor6, Z=http://www.Department10.University0.edu/GraduateCourse32}, {X=http://www.Department10.University0.edu/GraduateStudent98, Y=http://www.Department10.University0.edu/FullProfessor5, Z=http://www.Department10.University0.edu/GraduateCourse6}, {X=http://www.Department10.University0.edu/GraduateStudent41, Y=http://www.Department10.University0.edu/AssociateProfessor4, Z=http://www.Department10.University0.edu/GraduateCourse14}, {X=http://www.Department10.University0.edu/GraduateStudent127, Y=http://www.Department10.University0.edu/AssociateProfessor1, Z=http://www.Department10.University0.edu/GraduateCourse9}, {X=http://www.Department10.University0.edu/GraduateStudent99, Y=http://www.Department10.University0.edu/AssistantProfessor8, Z=http://www.Department10.University0.edu/GraduateCourse36}, {X=http://www.Department10.University0.edu/UndergraduateStudent34, Y=http://www.Department10.University0.edu/AssistantProfessor9, Z=http://www.Department10.University0.edu/Course44}, {X=http://www.Department10.University0.edu/UndergraduateStudent102, Y=http://www.Department10.University0.edu/AssociateProfessor8, Z=http://www.Department10.University0.edu/Course24}, {X=http://www.Department10.University0.edu/GraduateStudent54, Y=http://www.Department10.University0.edu/FullProfessor6, Z=http://www.Department10.University0.edu/GraduateCourse7}, {X=http://www.Department10.University0.edu/GraduateStudent31, Y=http://www.Department10.University0.edu/AssociateProfessor1, Z=http://www.Department10.University0.edu/GraduateCourse9}, {X=http://www.Department10.University0.edu/GraduateStudent130, Y=http://www.Department10.University0.edu/FullProfessor2, Z=http://www.Department10.University0.edu/GraduateCourse3}, {X=http://www.Department10.University0.edu/UndergraduateStudent21, Y=http://www.Department10.University0.edu/AssistantProfessor0, Z=http://www.Department10.University0.edu/Course29}, {X=http://www.Department10.University0.edu/UndergraduateStudent98, Y=http://www.Department10.University0.edu/AssistantProfessor3, Z=http://www.Department10.University0.edu/Course34}, {X=http://www.Department10.University0.edu/UndergraduateStudent243, Y=http://www.Department10.University0.edu/AssociateProfessor4, Z=http://www.Department10.University0.edu/Course18}, {X=http://www.Department10.University0.edu/UndergraduateStudent39, Y=http://www.Department10.University0.edu/FullProfessor6, Z=http://www.Department10.University0.edu/Course11}, {X=http://www.Department10.University0.edu/GraduateStudent52, Y=http://www.Department10.University0.edu/AssistantProfessor6, Z=http://www.Department10.University0.edu/GraduateCourse32}, {X=http://www.Department10.University0.edu/GraduateStudent98, Y=http://www.Department10.University0.edu/FullProfessor5, Z=http://www.Department10.University0.edu/GraduateCourse6}, {X=http://www.Department10.University0.edu/GraduateStudent41, Y=http://www.Department10.University0.edu/AssociateProfessor4, Z=http://www.Department10.University0.edu/GraduateCourse14}, {X=http://www.Department10.University0.edu/GraduateStudent127, Y=http://www.Department10.University0.edu/AssociateProfessor1, Z=http://www.Department10.University0.edu/GraduateCourse9}, {X=http://www.Department10.University0.edu/GraduateStudent99, Y=http://www.Department10.University0.edu/AssistantProfessor8, Z=http://www.Department10.University0.edu/GraduateCourse36}, {X=http://www.Department10.University0.edu/UndergraduateStudent34, Y=http://www.Department10.University0.edu/AssistantProfessor9, Z=http://www.Department10.University0.edu/Course44}, {X=http://www.Department10.University0.edu/UndergraduateStudent102, Y=http://www.Department10.University0.edu/AssociateProfessor8, Z=http://www.Department10.University0.edu/Course24}, {X=http://www.Department10.University0.edu/GraduateStudent54, Y=http://www.Department10.University0.edu/FullProfessor6, Z=http://www.Department10.University0.edu/GraduateCourse7}, {X=http://www.Department10.University0.edu/GraduateStudent31, Y=http://www.Department10.University0.edu/AssociateProfessor1, Z=http://www.Department10.University0.edu/GraduateCourse9}, {X=http://www.Department10.University0.edu/GraduateStudent130, Y=http://www.Department10.University0.edu/FullProfessor2, Z=http://www.Department10.University0.edu/GraduateCourse3}, {X=http://www.Department10.University0.edu/UndergraduateStudent21, Y=http://www.Department10.University0.edu/AssistantProfessor0, Z=http://www.Department10.University0.edu/Course29}, {X=http://www.Department10.University0.edu/UndergraduateStudent98, Y=http://www.Department10.University0.edu/AssistantProfessor3, Z=http://www.Department10.University0.edu/Course34}, {X=http://www.Department10.University0.edu/UndergraduateStudent243, Y=http://www.Department10.University0.edu/AssociateProfessor4, Z=http://www.Department10.University0.edu/Course18}, {X=http://www.Department10.University0.edu/UndergraduateStudent39, Y=http://www.Department10.University0.edu/FullProfessor6, Z=http://www.Department10.University0.edu/Course11}, {X=http://www.Department10.University0.edu/GraduateStudent52, Y=http://www.Department10.University0.edu/AssistantProfessor6, Z=http://www.Department10.University0.edu/GraduateCourse32}, {X=http://www.Department10.University0.edu/GraduateStudent98, Y=http://www.Department10.University0.edu/FullProfessor5, Z=http://www.Department10.University0.edu/GraduateCourse6}, {X=http://www.Department10.University0.edu/GraduateStudent41, Y=http://www.Department10.University0.edu/AssociateProfessor4, Z=http://www.Department10.University0.edu/GraduateCourse14}, {X=http://www.Department10.University0.edu/GraduateStudent127, Y=http://www.Department10.University0.edu/AssociateProfessor1, Z=http://www.Department10.University0.edu/GraduateCourse9}, {X=http://www.Department10.University0.edu/GraduateStudent99, Y=http://www.Department10.University0.edu/AssistantProfessor8, Z=http://www.Department10.University0.edu/GraduateCourse36}, {X=http://www.Department10.University0.edu/UndergraduateStudent34, Y=http://www.Department10.University0.edu/AssistantProfessor9, Z=http://www.Department10.University0.edu/Course44}, {X=http://www.Department10.University0.edu/UndergraduateStudent102, Y=http://www.Department10.University0.edu/AssociateProfessor8, Z=http://www.Department10.University0.edu/Course24}, {X=http://www.Department10.University0.edu/GraduateStudent54, Y=http://www.Department10.University0.edu/FullProfessor6, Z=http://www.Department10.University0.edu/GraduateCourse7}, {X=http://www.Department10.University0.edu/GraduateStudent31, Y=http://www.Department10.University0.edu/AssociateProfessor1, Z=http://www.Department10.University0.edu/GraduateCourse9}, {X=http://www.Department10.University0.edu/GraduateStudent130, Y=http://www.Department10.University0.edu/FullProfessor2, Z=http://www.Department10.University0.edu/GraduateCourse3}, {X=http://www.Department10.University0.edu/UndergraduateStudent21, Y=http://www.Department10.University0.edu/AssistantProfessor0, Z=http://www.Department10.University0.edu/Course29}, {X=http://www.Department10.University0.edu/UndergraduateStudent98, Y=http://www.Department10.University0.edu/AssistantProfessor3, Z=http://www.Department10.University0.edu/Course34}, {X=http://www.Department10.University0.edu/UndergraduateStudent243, Y=http://www.Department10.University0.edu/AssociateProfessor4, Z=http://www.Department10.University0.edu/Course18}, {X=http://www.Department10.University0.edu/UndergraduateStudent39, Y=http://www.Department10.University0.edu/FullProfessor6, Z=http://www.Department10.University0.edu/Course11}, {X=http://www.Department10.University0.edu/GraduateStudent52, Y=http://www.Department10.University0.edu/AssistantProfessor6, Z=http://www.Department10.University0.edu/GraduateCourse32}, {X=http://www.Department10.University0.edu/GraduateStudent98, Y=http://www.Department10.University0.edu/FullProfessor5, Z=http://www.Department10.University0.edu/GraduateCourse6}, {X=http://www.Department10.University0.edu/GraduateStudent41, Y=http://www.Department10.University0.edu/AssociateProfessor4, Z=http://www.Department10.University0.edu/GraduateCourse14}, {X=http://www.Department10.University0.edu/GraduateStudent127, Y=http://www.Department10.University0.edu/AssociateProfessor1, Z=http://www.Department10.University0.edu/GraduateCourse9}, {X=http://www.Department10.University0.edu/GraduateStudent99, Y=http://www.Department10.University0.edu/AssistantProfessor8, Z=http://www.Department10.University0.edu/GraduateCourse36}, {X=http://www.Department10.University0.edu/UndergraduateStudent34, Y=http://www.Department10.University0.edu/AssistantProfessor9, Z=http://www.Department10.University0.edu/Course44}, {X=http://www.Department10.University0.edu/UndergraduateStudent102, Y=http://www.Department10.University0.edu/AssociateProfessor8, Z=http://www.Department10.University0.edu/Course24}, {X=http://www.Department10.University0.edu/GraduateStudent54, Y=http://www.Department10.University0.edu/FullProfessor6, Z=http://www.Department10.University0.edu/GraduateCourse7}, {X=http://www.Department10.University0.edu/GraduateStudent31, Y=http://www.Department10.University0.edu/AssociateProfessor1, Z=http://www.Department10.University0.edu/GraduateCourse9}, {X=http://www.Department10.University0.edu/GraduateStudent130, Y=http://www.Department10.University0.edu/FullProfessor2, Z=http://www.Department10.University0.edu/GraduateCourse3}, {X=http://www.Department10.University0.edu/UndergraduateStudent21, Y=http://www.Department10.University0.edu/AssistantProfessor0, Z=http://www.Department10.University0.edu/Course29}, {X=http://www.Department10.University0.edu/UndergraduateStudent98, Y=http://www.Department10.University0.edu/AssistantProfessor3, Z=http://www.Department10.University0.edu/Course34}, {X=http://www.Department10.University0.edu/UndergraduateStudent243, Y=http://www.Department10.University0.edu/AssociateProfessor4, Z=http://www.Department10.University0.edu/Course18}, {X=http://www.Department10.University0.edu/UndergraduateStudent39, Y=http://www.Department10.University0.edu/FullProfessor6, Z=http://www.Department10.University0.edu/Course11}, {X=http://www.Department10.University0.edu/GraduateStudent52, Y=http://www.Department10.University0.edu/AssistantProfessor6, Z=http://www.Department10.University0.edu/GraduateCourse32}, {X=http://www.Department10.University0.edu/GraduateStudent98, Y=http://www.Department10.University0.edu/FullProfessor5, Z=http://www.Department10.University0.edu/GraduateCourse6}, {X=http://www.Department10.University0.edu/GraduateStudent41, Y=http://www.Department10.University0.edu/AssociateProfessor4, Z=http://www.Department10.University0.edu/GraduateCourse14}, {X=http://www.Department10.University0.edu/GraduateStudent127, Y=http://www.Department10.University0.edu/AssociateProfessor1, Z=http://www.Department10.University0.edu/GraduateCourse9}, {X=http://www.Department10.University0.edu/GraduateStudent99, Y=http://www.Department10.University0.edu/AssistantProfessor8, Z=http://www.Department10.University0.edu/GraduateCourse36}, {X=http://www.Department10.University0.edu/UndergraduateStudent34, Y=http://www.Department10.University0.edu/AssistantProfessor9, Z=http://www.Department10.University0.edu/Course44}, {X=http://www.Department10.University0.edu/UndergraduateStudent102, Y=http://www.Department10.University0.edu/AssociateProfessor8, Z=http://www.Department10.University0.edu/Course24}, {X=http://www.Department10.University0.edu/GraduateStudent54, Y=http://www.Department10.University0.edu/FullProfessor6, Z=http://www.Department10.University0.edu/GraduateCourse7}, {X=http://www.Department10.University0.edu/GraduateStudent31, Y=http://www.Department10.University0.edu/AssociateProfessor1, Z=http://www.Department10.University0.edu/GraduateCourse9}, {X=http://www.Department10.University0.edu/GraduateStudent130, Y=http://www.Department10.University0.edu/FullProfessor2, Z=http://www.Department10.University0.edu/GraduateCourse3}, {X=http://www.Department10.University0.edu/UndergraduateStudent21, Y=http://www.Department10.University0.edu/AssistantProfessor0, Z=http://www.Department10.University0.edu/Course29}, {X=http://www.Department10.University0.edu/UndergraduateStudent98, Y=http://www.Department10.University0.edu/AssistantProfessor3, Z=http://www.Department10.University0.edu/Course34}, {X=http://www.Department10.University0.edu/UndergraduateStudent243, Y=http://www.Department10.University0.edu/AssociateProfessor4, Z=http://www.Department10.University0.edu/Course18}, {X=http://www.Department10.University0.edu/UndergraduateStudent39, Y=http://www.Department10.University0.edu/FullProfessor6, Z=http://www.Department10.University0.edu/Course11}, {X=http://www.Department10.University0.edu/GraduateStudent52, Y=http://www.Department10.University0.edu/AssistantProfessor6, Z=http://www.Department10.University0.edu/GraduateCourse32}, {X=http://www.Department10.University0.edu/GraduateStudent98, Y=http://www.Department10.University0.edu/FullProfessor5, Z=http://www.Department10.University0.edu/GraduateCourse6}, {X=http://www.Department10.University0.edu/GraduateStudent41, Y=http://www.Department10.University0.edu/AssociateProfessor4, Z=http://www.Department10.University0.edu/GraduateCourse14}, {X=http://www.Department10.University0.edu/GraduateStudent127, Y=http://www.Department10.University0.edu/AssociateProfessor1, Z=http://www.Department10.University0.edu/GraduateCourse9}, {X=http://www.Department10.University0.edu/GraduateStudent99, Y=http://www.Department10.University0.edu/AssistantProfessor8, Z=http://www.Department10.University0.edu/GraduateCourse36}, {X=http://www.Department10.University0.edu/UndergraduateStudent34, Y=http://www.Department10.University0.edu/AssistantProfessor9, Z=http://www.Department10.University0.edu/Course44}, {X=http://www.Department10.University0.edu/UndergraduateStudent102, Y=http://www.Department10.University0.edu/AssociateProfessor8, Z=http://www.Department10.University0.edu/Course24}, {X=http://www.Department10.University0.edu/GraduateStudent54, Y=http://www.Department10.University0.edu/FullProfessor6, Z=http://www.Department10.University0.edu/GraduateCourse7}, {X=http://www.Department10.University0.edu/GraduateStudent31, Y=http://www.Department10.University0.edu/AssociateProfessor1, Z=http://www.Department10.University0.edu/GraduateCourse9}, {X=http://www.Department10.University0.edu/GraduateStudent130, Y=http://www.Department10.University0.edu/FullProfessor2, Z=http://www.Department10.University0.edu/GraduateCourse3}, {X=http://www.Department10.University0.edu/UndergraduateStudent21, Y=http://www.Department10.University0.edu/AssistantProfessor0, Z=http://www.Department10.University0.edu/Course29}, {X=http://www.Department10.University0.edu/UndergraduateStudent98, Y=http://www.Department10.University0.edu/AssistantProfessor3, Z=http://www.Department10.University0.edu/Course34}, {X=http://www.Department10.University0.edu/UndergraduateStudent243, Y=http://www.Department10.University0.edu/AssociateProfessor4, Z=http://www.Department10.University0.edu/Course18}, {X=http://www.Department10.University0.edu/UndergraduateStudent39, Y=http://www.Department10.University0.edu/FullProfessor6, Z=http://www.Department10.University0.edu/Course11}, {X=http://www.Department10.University0.edu/GraduateStudent52, Y=http://www.Department10.University0.edu/AssistantProfessor6, Z=http://www.Department10.University0.edu/GraduateCourse32}, {X=http://www.Department10.University0.edu/GraduateStudent98, Y=http://www.Department10.University0.edu/FullProfessor5, Z=http://www.Department10.University0.edu/GraduateCourse6}, {X=http://www.Department10.University0.edu/GraduateStudent41, Y=http://www.Department10.University0.edu/AssociateProfessor4, Z=http://www.Department10.University0.edu/GraduateCourse14}, {X=http://www.Department10.University0.edu/GraduateStudent127, Y=http://www.Department10.University0.edu/AssociateProfessor1, Z=http://www.Department10.University0.edu/GraduateCourse9}, {X=http://www.Department10.University0.edu/GraduateStudent99, Y=http://www.Department10.University0.edu/AssistantProfessor8, Z=http://www.Department10.University0.edu/GraduateCourse36}, {X=http://www.Department10.University0.edu/UndergraduateStudent34, Y=http://www.Department10.University0.edu/AssistantProfessor9, Z=http://www.Department10.University0.edu/Course44}, {X=http://www.Department10.University0.edu/UndergraduateStudent102, Y=http://www.Department10.University0.edu/AssociateProfessor8, Z=http://www.Department10.University0.edu/Course24}, {X=http://www.Department10.University0.edu/GraduateStudent54, Y=http://www.Department10.University0.edu/FullProfessor6, Z=http://www.Department10.University0.edu/GraduateCourse7}, {X=http://www.Department10.University0.edu/GraduateStudent31, Y=http://www.Department10.University0.edu/AssociateProfessor1, Z=http://www.Department10.University0.edu/GraduateCourse9}, {X=http://www.Department10.University0.edu/GraduateStudent130, Y=http://www.Department10.University0.edu/FullProfessor2, Z=http://www.Department10.University0.edu/GraduateCourse3}, {X=http://www.Department10.University0.edu/UndergraduateStudent21, Y=http://www.Department10.University0.edu/AssistantProfessor0, Z=http://www.Department10.University0.edu/Course29}, {X=http://www.Department10.University0.edu/UndergraduateStudent98, Y=http://www.Department10.University0.edu/AssistantProfessor3, Z=http://www.Department10.University0.edu/Course34}, {X=http://www.Department10.University0.edu/UndergraduateStudent243, Y=http://www.Department10.University0.edu/AssociateProfessor4, Z=http://www.Department10.University0.edu/Course18}, {X=http://www.Department10.University0.edu/UndergraduateStudent39, Y=http://www.Department10.University0.edu/FullProfessor6, Z=http://www.Department10.University0.edu/Course11}, {X=http://www.Department10.University0.edu/GraduateStudent52, Y=http://www.Department10.University0.edu/AssistantProfessor6, Z=http://www.Department10.University0.edu/GraduateCourse32}, {X=http://www.Department10.University0.edu/GraduateStudent98, Y=http://www.Department10.University0.edu/FullProfessor5, Z=http://www.Department10.University0.edu/GraduateCourse6}, {X=http://www.Department10.University0.edu/GraduateStudent41, Y=http://www.Department10.University0.edu/AssociateProfessor4, Z=http://www.Department10.University0.edu/GraduateCourse14}, {X=http://www.Department10.University0.edu/GraduateStudent127, Y=http://www.Department10.University0.edu/AssociateProfessor1, Z=http://www.Department10.University0.edu/GraduateCourse9}, {X=http://www.Department10.University0.edu/GraduateStudent99, Y=http://www.Department10.University0.edu/AssistantProfessor8, Z=http://www.Department10.University0.edu/GraduateCourse36}, {X=http://www.Department10.University0.edu/UndergraduateStudent34, Y=http://www.Department10.University0.edu/AssistantProfessor9, Z=http://www.Department10.University0.edu/Course44}, {X=http://www.Department10.University0.edu/UndergraduateStudent102, Y=http://www.Department10.University0.edu/AssociateProfessor8, Z=http://www.Department10.University0.edu/Course24}, {X=http://www.Department10.University0.edu/GraduateStudent54, Y=http://www.Department10.University0.edu/FullProfessor6, Z=http://www.Department10.University0.edu/GraduateCourse7}, {X=http://www.Department10.University0.edu/GraduateStudent31, Y=http://www.Department10.University0.edu/AssociateProfessor1, Z=http://www.Department10.University0.edu/GraduateCourse9}, {X=http://www.Department10.University0.edu/GraduateStudent130, Y=http://www.Department10.University0.edu/FullProfessor2, Z=http://www.Department10.University0.edu/GraduateCourse3}, {X=http://www.Department10.University0.edu/UndergraduateStudent21, Y=http://www.Department10.University0.edu/AssistantProfessor0, Z=http://www.Department10.University0.edu/Course29}, {X=http://www.Department10.University0.edu/UndergraduateStudent98, Y=http://www.Department10.University0.edu/AssistantProfessor3, Z=http://www.Department10.University0.edu/Course34}]
1490623207902;0;10;10;770192;622973;619134;611710;614105;606375;671442;671980;692112;663525;654354;7124;40;[{X=http://www.Department10.University0.edu/GraduateStudent81}, {X=http://www.Department10.University0.edu/GraduateStudent29}, {X=http://www.Department10.University0.edu/GraduateStudent137}, {X=http://www.Department10.University0.edu/GraduateStudent107}, {X=http://www.Department10.University0.edu/GraduateStudent81}, {X=http://www.Department10.University0.edu/GraduateStudent29}, {X=http://www.Department10.University0.edu/GraduateStudent137}, {X=http://www.Department10.University0.edu/GraduateStudent107}, {X=http://www.Department10.University0.edu/GraduateStudent81}, {X=http://www.Department10.University0.edu/GraduateStudent29}, {X=http://www.Department10.University0.edu/GraduateStudent137}, {X=http://www.Department10.University0.edu/GraduateStudent107}, {X=http://www.Department10.University0.edu/GraduateStudent81}, {X=http://www.Department10.University0.edu/GraduateStudent29}, {X=http://www.Department10.University0.edu/GraduateStudent137}, {X=http://www.Department10.University0.edu/GraduateStudent107}, {X=http://www.Department10.University0.edu/GraduateStudent81}, {X=http://www.Department10.University0.edu/GraduateStudent29}, {X=http://www.Department10.University0.edu/GraduateStudent137}, {X=http://www.Department10.University0.edu/GraduateStudent107}, {X=http://www.Department10.University0.edu/GraduateStudent81}, {X=http://www.Department10.University0.edu/GraduateStudent29}, {X=http://www.Department10.University0.edu/GraduateStudent137}, {X=http://www.Department10.University0.edu/GraduateStudent107}, {X=http://www.Department10.University0.edu/GraduateStudent81}, {X=http://www.Department10.University0.edu/GraduateStudent29}, {X=http://www.Department10.University0.edu/GraduateStudent137}, {X=http://www.Department10.University0.edu/GraduateStudent107}, {X=http://www.Department10.University0.edu/GraduateStudent81}, {X=http://www.Department10.University0.edu/GraduateStudent29}, {X=http://www.Department10.University0.edu/GraduateStudent137}, {X=http://www.Department10.University0.edu/GraduateStudent107}, {X=http://www.Department10.University0.edu/GraduateStudent81}, {X=http://www.Department10.University0.edu/GraduateStudent29}, {X=http://www.Department10.University0.edu/GraduateStudent137}, {X=http://www.Department10.University0.edu/GraduateStudent107}, {X=http://www.Department10.University0.edu/GraduateStudent81}, {X=http://www.Department10.University0.edu/GraduateStudent29}, {X=http://www.Department10.University0.edu/GraduateStudent137}, {X=http://www.Department10.University0.edu/GraduateStudent107}]
1490623207909;0;10;11;955419;671454;600540;582648;592723;565737;568484;571370;574155;566103;624863;7124;150;[{X=http://www.Department10.University0.edu/ResearchGroup1}, {X=http://www.Department10.University0.edu/ResearchGroup10}, {X=http://www.Department10.University0.edu/ResearchGroup13}, {X=http://www.Department10.University0.edu/ResearchGroup14}, {X=http://www.Department10.University0.edu/ResearchGroup4}, {X=http://www.Department10.University0.edu/ResearchGroup9}, {X=http://www.Department10.University0.edu/ResearchGroup3}, {X=http://www.Department10.University0.edu/ResearchGroup8}, {X=http://www.Department10.University0.edu/ResearchGroup2}, {X=http://www.Department10.University0.edu/ResearchGroup0}, {X=http://www.Department10.University0.edu/ResearchGroup5}, {X=http://www.Department10.University0.edu/ResearchGroup7}, {X=http://www.Department10.University0.edu/ResearchGroup11}, {X=http://www.Department10.University0.edu/ResearchGroup12}, {X=http://www.Department10.University0.edu/ResearchGroup6}, {X=http://www.Department10.University0.edu/ResearchGroup1}, {X=http://www.Department10.University0.edu/ResearchGroup10}, {X=http://www.Department10.University0.edu/ResearchGroup13}, {X=http://www.Department10.University0.edu/ResearchGroup14}, {X=http://www.Department10.University0.edu/ResearchGroup4}, {X=http://www.Department10.University0.edu/ResearchGroup9}, {X=http://www.Department10.University0.edu/ResearchGroup3}, {X=http://www.Department10.University0.edu/ResearchGroup8}, {X=http://www.Department10.University0.edu/ResearchGroup2}, {X=http://www.Department10.University0.edu/ResearchGroup0}, {X=http://www.Department10.University0.edu/ResearchGroup5}, {X=http://www.Department10.University0.edu/ResearchGroup7}, {X=http://www.Department10.University0.edu/ResearchGroup11}, {X=http://www.Department10.University0.edu/ResearchGroup12}, {X=http://www.Department10.University0.edu/ResearchGroup6}, {X=http://www.Department10.University0.edu/ResearchGroup1}, {X=http://www.Department10.University0.edu/ResearchGroup10}, {X=http://www.Department10.University0.edu/ResearchGroup13}, {X=http://www.Department10.University0.edu/ResearchGroup14}, {X=http://www.Department10.University0.edu/ResearchGroup4}, {X=http://www.Department10.University0.edu/ResearchGroup9}, {X=http://www.Department10.University0.edu/ResearchGroup3}, {X=http://www.Department10.University0.edu/ResearchGroup8}, {X=http://www.Department10.University0.edu/ResearchGroup2}, {X=http://www.Department10.University0.edu/ResearchGroup0}, {X=http://www.Department10.University0.edu/ResearchGroup5}, {X=http://www.Department10.University0.edu/ResearchGroup7}, {X=http://www.Department10.University0.edu/ResearchGroup11}, {X=http://www.Department10.University0.edu/ResearchGroup12}, {X=http://www.Department10.University0.edu/ResearchGroup6}, {X=http://www.Department10.University0.edu/ResearchGroup1}, {X=http://www.Department10.University0.edu/ResearchGroup10}, {X=http://www.Department10.University0.edu/ResearchGroup13}, {X=http://www.Department10.University0.edu/ResearchGroup14}, {X=http://www.Department10.University0.edu/ResearchGroup4}, {X=http://www.Department10.University0.edu/ResearchGroup9}, {X=http://www.Department10.University0.edu/ResearchGroup3}, {X=http://www.Department10.University0.edu/ResearchGroup8}, {X=http://www.Department10.University0.edu/ResearchGroup2}, {X=http://www.Department10.University0.edu/ResearchGroup0}, {X=http://www.Department10.University0.edu/ResearchGroup5}, {X=http://www.Department10.University0.edu/ResearchGroup7}, {X=http://www.Department10.University0.edu/ResearchGroup11}, {X=http://www.Department10.University0.edu/ResearchGroup12}, {X=http://www.Department10.University0.edu/ResearchGroup6}, {X=http://www.Department10.University0.edu/ResearchGroup1}, {X=http://www.Department10.University0.edu/ResearchGroup10}, {X=http://www.Department10.University0.edu/ResearchGroup13}, {X=http://www.Department10.University0.edu/ResearchGroup14}, {X=http://www.Department10.University0.edu/ResearchGroup4}, {X=http://www.Department10.University0.edu/ResearchGroup9}, {X=http://www.Department10.University0.edu/ResearchGroup3}, {X=http://www.Department10.University0.edu/ResearchGroup8}, {X=http://www.Department10.University0.edu/ResearchGroup2}, {X=http://www.Department10.University0.edu/ResearchGroup0}, {X=http://www.Department10.University0.edu/ResearchGroup5}, {X=http://www.Department10.University0.edu/ResearchGroup7}, {X=http://www.Department10.University0.edu/ResearchGroup11}, {X=http://www.Department10.University0.edu/ResearchGroup12}, {X=http://www.Department10.University0.edu/ResearchGroup6}, {X=http://www.Department10.University0.edu/ResearchGroup1}, {X=http://www.Department10.University0.edu/ResearchGroup10}, {X=http://www.Department10.University0.edu/ResearchGroup13}, {X=http://www.Department10.University0.edu/ResearchGroup14}, {X=http://www.Department10.University0.edu/ResearchGroup4}, {X=http://www.Department10.University0.edu/ResearchGroup9}, {X=http://www.Department10.University0.edu/ResearchGroup3}, {X=http://www.Department10.University0.edu/ResearchGroup8}, {X=http://www.Department10.University0.edu/ResearchGroup2}, {X=http://www.Department10.University0.edu/ResearchGroup0}, {X=http://www.Department10.University0.edu/ResearchGroup5}, {X=http://www.Department10.University0.edu/ResearchGroup7}, {X=http://www.Department10.University0.edu/ResearchGroup11}, {X=http://www.Department10.University0.edu/ResearchGroup12}, {X=http://www.Department10.University0.edu/ResearchGroup6}, {X=http://www.Department10.University0.edu/ResearchGroup1}, {X=http://www.Department10.University0.edu/ResearchGroup10}, {X=http://www.Department10.University0.edu/ResearchGroup13}, {X=http://www.Department10.University0.edu/ResearchGroup14}, {X=http://www.Department10.University0.edu/ResearchGroup4}, {X=http://www.Department10.University0.edu/ResearchGroup9}, {X=http://www.Department10.University0.edu/ResearchGroup3}, {X=http://www.Department10.University0.edu/ResearchGroup8}, {X=http://www.Department10.University0.edu/ResearchGroup2}, {X=http://www.Department10.University0.edu/ResearchGroup0}, {X=http://www.Department10.University0.edu/ResearchGroup5}, {X=http://www.Department10.University0.edu/ResearchGroup7}, {X=http://www.Department10.University0.edu/ResearchGroup11}, {X=http://www.Department10.University0.edu/ResearchGroup12}, {X=http://www.Department10.University0.edu/ResearchGroup6}, {X=http://www.Department10.University0.edu/ResearchGroup1}, {X=http://www.Department10.University0.edu/ResearchGroup10}, {X=http://www.Department10.University0.edu/ResearchGroup13}, {X=http://www.Department10.University0.edu/ResearchGroup14}, {X=http://www.Department10.University0.edu/ResearchGroup4}, {X=http://www.Department10.University0.edu/ResearchGroup9}, {X=http://www.Department10.University0.edu/ResearchGroup3}, {X=http://www.Department10.University0.edu/ResearchGroup8}, {X=http://www.Department10.University0.edu/ResearchGroup2}, {X=http://www.Department10.University0.edu/ResearchGroup0}, {X=http://www.Department10.University0.edu/ResearchGroup5}, {X=http://www.Department10.University0.edu/ResearchGroup7}, {X=http://www.Department10.University0.edu/ResearchGroup11}, {X=http://www.Department10.University0.edu/ResearchGroup12}, {X=http://www.Department10.University0.edu/ResearchGroup6}, {X=http://www.Department10.University0.edu/ResearchGroup1}, {X=http://www.Department10.University0.edu/ResearchGroup10}, {X=http://www.Department10.University0.edu/ResearchGroup13}, {X=http://www.Department10.University0.edu/ResearchGroup14}, {X=http://www.Department10.University0.edu/ResearchGroup4}, {X=http://www.Department10.University0.edu/ResearchGroup9}, {X=http://www.Department10.University0.edu/ResearchGroup3}, {X=http://www.Department10.University0.edu/ResearchGroup8}, {X=http://www.Department10.University0.edu/ResearchGroup2}, {X=http://www.Department10.University0.edu/ResearchGroup0}, {X=http://www.Department10.University0.edu/ResearchGroup5}, {X=http://www.Department10.University0.edu/ResearchGroup7}, {X=http://www.Department10.University0.edu/ResearchGroup11}, {X=http://www.Department10.University0.edu/ResearchGroup12}, {X=http://www.Department10.University0.edu/ResearchGroup6}, {X=http://www.Department10.University0.edu/ResearchGroup1}, {X=http://www.Department10.University0.edu/ResearchGroup10}, {X=http://www.Department10.University0.edu/ResearchGroup13}, {X=http://www.Department10.University0.edu/ResearchGroup14}, {X=http://www.Department10.University0.edu/ResearchGroup4}, {X=http://www.Department10.University0.edu/ResearchGroup9}, {X=http://www.Department10.University0.edu/ResearchGroup3}, {X=http://www.Department10.University0.edu/ResearchGroup8}, {X=http://www.Department10.University0.edu/ResearchGroup2}, {X=http://www.Department10.University0.edu/ResearchGroup0}, {X=http://www.Department10.University0.edu/ResearchGroup5}, {X=http://www.Department10.University0.edu/ResearchGroup7}, {X=http://www.Department10.University0.edu/ResearchGroup11}, {X=http://www.Department10.University0.edu/ResearchGroup12}, {X=http://www.Department10.University0.edu/ResearchGroup6}]
1490623207915;0;10;12;2688658;1975517;1983432;1918515;2272479;2426121;3154067;2340471;1890877;1914984;2256512;7124;10;[{X=http://www.Department10.University0.edu/FullProfessor5, Y=http://www.Department10.University0.edu}, {X=http://www.Department10.University0.edu/FullProfessor5, Y=http://www.Department10.University0.edu}, {X=http://www.Department10.University0.edu/FullProfessor5, Y=http://www.Department10.University0.edu}, {X=http://www.Department10.University0.edu/FullProfessor5, Y=http://www.Department10.University0.edu}, {X=http://www.Department10.University0.edu/FullProfessor5, Y=http://www.Department10.University0.edu}, {X=http://www.Department10.University0.edu/FullProfessor5, Y=http://www.Department10.University0.edu}, {X=http://www.Department10.University0.edu/FullProfessor5, Y=http://www.Department10.University0.edu}, {X=http://www.Department10.University0.edu/FullProfessor5, Y=http://www.Department10.University0.edu}, {X=http://www.Department10.University0.edu/FullProfessor5, Y=http://www.Department10.University0.edu}, {X=http://www.Department10.University0.edu/FullProfessor5, Y=http://www.Department10.University0.edu}]
1490623207938;0;10;13;761331;542137;523743;543501;526512;534903;518064;529730;528598;520315;552883;7124;0;[]
1490623207943;0;10;14;1174039;793042;757783;766780;838304;797262;756946;755429;750608;750598;814079;7124;4110;[{X=http://www.Department10.University0.edu/UndergraduateStudent111}, {X=http://www.Department10.University0.edu/UndergraduateStudent55}, {X=http://www.Department10.University0.edu/UndergraduateStudent193}, {X=http://www.Department10.University0.edu/UndergraduateStudent108}, {X=http://www.Department10.University0.edu/UndergraduateStudent400}, {X=http://www.Department10.University0.edu/UndergraduateStudent69}, {X=http://www.Department10.University0.edu/UndergraduateStudent132}, {X=http://www.Department10.University0.edu/UndergraduateStudent99}, {X=http://www.Department10.University0.edu/UndergraduateStudent226}, {X=http://www.Department10.University0.edu/UndergraduateStudent362}, {X=http://www.Department10.University0.edu/UndergraduateStudent81}, {X=http://www.Department10.University0.edu/UndergraduateStudent203}, {X=http://www.Department10.University0.edu/UndergraduateStudent334}, {X=http://www.Department10.University0.edu/UndergraduateStudent378}, {X=http://www.Department10.University0.edu/UndergraduateStudent264}, {X=http://www.Department10.University0.edu/UndergraduateStudent338}, {X=http://www.Department10.University0.edu/UndergraduateStudent176}, {X=http://www.Department10.University0.edu/UndergraduateStudent45}, {X=http://www.Department10.University0.edu/UndergraduateStudent86}, {X=http://www.Department10.University0.edu/UndergraduateStudent165}, {X=http://www.Department10.University0.edu/UndergraduateStudent172}, {X=http://www.Department10.University0.edu/UndergraduateStudent268}, {X=http://www.Department10.University0.edu/UndergraduateStudent251}, {X=http://www.Department10.University0.edu/UndergraduateStudent254}, {X=http://www.Department10.University0.edu/UndergraduateStudent190}, {X=http://www.Department10.University0.edu/UndergraduateStudent408}, {X=http://www.Department10.University0.edu/UndergraduateStudent118}, {X=http://www.Department10.University0.edu/UndergraduateStudent367}, {X=http://www.Department10.University0.edu/UndergraduateStudent77}, {X=http://www.Department10.University0.edu/UndergraduateStudent374}, {X=http://www.Department10.University0.edu/UndergraduateStudent398}, {X=http://www.Department10.University0.edu/UndergraduateStudent135}, {X=http://www.Department10.University0.edu/UndergraduateStudent58}, {X=http://www.Department10.University0.edu/UndergraduateStudent306}, {X=http://www.Department10.University0.edu/UndergraduateStudent71}, {X=http://www.Department10.University0.edu/UndergraduateStudent157}, {X=http://www.Department10.University0.edu/UndergraduateStudent119}, {X=http://www.Department10.University0.edu/UndergraduateStudent235}, {X=http://www.Department10.University0.edu/UndergraduateStudent25}, {X=http://www.Department10.University0.edu/UndergraduateStudent325}, {X=http://www.Department10.University0.edu/UndergraduateStudent236}, {X=http://www.Department10.University0.edu/UndergraduateStudent96}, {X=http://www.Department10.University0.edu/UndergraduateStudent255}, {X=http://www.Department10.University0.edu/UndergraduateStudent0}, {X=http://www.Department10.University0.edu/UndergraduateStudent313}, {X=http://www.Department10.University0.edu/UndergraduateStudent399}, {X=http://www.Department10.University0.edu/UndergraduateStudent267}, {X=http://www.Department10.University0.edu/UndergraduateStudent38}, {X=http://www.Department10.University0.edu/UndergraduateStudent180}, {X=http://www.Department10.University0.edu/UndergraduateStudent101}, {X=http://www.Department10.University0.edu/UndergraduateStudent76}, {X=http://www.Department10.University0.edu/UndergraduateStudent143}, {X=http://www.Department10.University0.edu/UndergraduateStudent342}, {X=http://www.Department10.University0.edu/UndergraduateStudent168}, {X=http://www.Department10.University0.edu/UndergraduateStudent144}, {X=http://www.Department10.University0.edu/UndergraduateStudent6}, {X=http://www.Department10.University0.edu/UndergraduateStudent311}, {X=http://www.Department10.University0.edu/UndergraduateStudent152}, {X=http://www.Department10.University0.edu/UndergraduateStudent72}, {X=http://www.Department10.University0.edu/UndergraduateStudent341}, {X=http://www.Department10.University0.edu/UndergraduateStudent350}, {X=http://www.Department10.University0.edu/UndergraduateStudent336}, {X=http://www.Department10.University0.edu/UndergraduateStudent162}, {X=http://www.Department10.University0.edu/UndergraduateStudent159}, {X=http://www.Department10.University0.edu/UndergraduateStudent109}, {X=http://www.Department10.University0.edu/UndergraduateStudent365}, {X=http://www.Department10.University0.edu/UndergraduateStudent4}, {X=http://www.Department10.University0.edu/UndergraduateStudent379}, {X=http://www.Department10.University0.edu/UndergraduateStudent384}, {X=http://www.Department10.University0.edu/UndergraduateStudent192}, {X=http://www.Department10.University0.edu/UndergraduateStudent28}, {X=http://www.Department10.University0.edu/UndergraduateStudent42}, {X=http://www.Department10.University0.edu/UndergraduateStudent153}, {X=http://www.Department10.University0.edu/UndergraduateStudent160}, {X=http://www.Department10.University0.edu/UndergraduateStudent154}, {X=http://www.Department10.University0.edu/UndergraduateStudent18}, {X=http://www.Department10.University0.edu/UndergraduateStudent328}, {X=http://www.Department10.University0.edu/UndergraduateStudent315}, {X=http://www.Department10.University0.edu/UndergraduateStudent130}, {X=http://www.Department10.University0.edu/UndergraduateStudent34}, {X=http://www.Department10.University0.edu/UndergraduateStudent231}, {X=http://www.Department10.University0.edu/UndergraduateStudent229}, {X=http://www.Department10.University0.edu/UndergraduateStudent171}, {X=http://www.Department10.University0.edu/UndergraduateStudent303}, {X=http://www.Department10.University0.edu/UndergraduateStudent47}, {X=http://www.Department10.University0.edu/UndergraduateStudent94}, {X=http://www.Department10.University0.edu/UndergraduateStudent318}, {X=http://www.Department10.University0.edu/UndergraduateStudent35}, {X=http://www.Department10.University0.edu/UndergraduateStudent320}, {X=http://www.Department10.University0.edu/UndergraduateStudent113}, {X=http://www.Department10.University0.edu/UndergraduateStudent9}, {X=http://www.Department10.University0.edu/UndergraduateStudent258}, {X=http://www.Department10.University0.edu/UndergraduateStudent127}, {X=http://www.Department10.University0.edu/UndergraduateStudent373}, {X=http://www.Department10.University0.edu/UndergraduateStudent78}, {X=http://www.Department10.University0.edu/UndergraduateStudent238}, {X=http://www.Department10.University0.edu/UndergraduateStudent331}, {X=http://www.Department10.University0.edu/UndergraduateStudent209}, {X=http://www.Department10.University0.edu/UndergraduateStudent221}, {X=http://www.Department10.University0.edu/UndergraduateStudent326}, {X=http://www.Department10.University0.edu/UndergraduateStudent8}, {X=http://www.Department10.University0.edu/UndergraduateStudent87}, {X=http://www.Department10.University0.edu/UndergraduateStudent244}, {X=http://www.Department10.University0.edu/UndergraduateStudent300}, {X=http://www.Department10.University0.edu/UndergraduateStudent262}, {X=http://www.Department10.University0.edu/UndergraduateStudent10}, {X=http://www.Department10.University0.edu/UndergraduateStudent391}, {X=http://www.Department10.University0.edu/UndergraduateStudent356}, {X=http://www.Department10.University0.edu/UndergraduateStudent346}, {X=http://www.Department10.University0.edu/UndergraduateStudent185}, {X=http://www.Department10.University0.edu/UndergraduateStudent301}, {X=http://www.Department10.University0.edu/UndergraduateStudent404}, {X=http://www.Department10.University0.edu/UndergraduateStudent11}, {X=http://www.Department10.University0.edu/UndergraduateStudent316}, {X=http://www.Department10.University0.edu/UndergraduateStudent75}, {X=http://www.Department10.University0.edu/UndergraduateStudent93}, {X=http://www.Department10.University0.edu/UndergraduateStudent52}, {X=http://www.Department10.University0.edu/UndergraduateStudent358}, {X=http://www.Department10.University0.edu/UndergraduateStudent40}, {X=http://www.Department10.University0.edu/UndergraduateStudent37}, {X=http://www.Department10.University0.edu/UndergraduateStudent196}, {X=http://www.Department10.University0.edu/UndergraduateStudent164}, {X=http://www.Department10.University0.edu/UndergraduateStudent16}, {X=http://www.Department10.University0.edu/UndergraduateStudent17}, {X=http://www.Department10.University0.edu/UndergraduateStudent20}, {X=http://www.Department10.University0.edu/UndergraduateStudent294}, {X=http://www.Department10.University0.edu/UndergraduateStudent282}, {X=http://www.Department10.University0.edu/UndergraduateStudent388}, {X=http://www.Department10.University0.edu/UndergraduateStudent370}, {X=http://www.Department10.University0.edu/UndergraduateStudent216}, {X=http://www.Department10.University0.edu/UndergraduateStudent292}, {X=http://www.Department10.University0.edu/UndergraduateStudent340}, {X=http://www.Department10.University0.edu/UndergraduateStudent270}, {X=http://www.Department10.University0.edu/UndergraduateStudent309}, {X=http://www.Department10.University0.edu/UndergraduateStudent142}, {X=http://www.Department10.University0.edu/UndergraduateStudent310}, {X=http://www.Department10.University0.edu/UndergraduateStudent129}, {X=http://www.Department10.University0.edu/UndergraduateStudent249}, {X=http://www.Department10.University0.edu/UndergraduateStudent410}, {X=http://www.Department10.University0.edu/UndergraduateStudent147}, {X=http://www.Department10.University0.edu/UndergraduateStudent59}, {X=http://www.Department10.University0.edu/UndergraduateStudent181}, {X=http://www.Department10.University0.edu/UndergraduateStudent386}, {X=http://www.Department10.University0.edu/UndergraduateStudent213}, {X=http://www.Department10.University0.edu/UndergraduateStudent295}, {X=http://www.Department10.University0.edu/UndergraduateStudent396}, {X=http://www.Department10.University0.edu/UndergraduateStudent121}, {X=http://www.Department10.University0.edu/UndergraduateStudent212}, {X=http://www.Department10.University0.edu/UndergraduateStudent66}, {X=http://www.Department10.University0.edu/UndergraduateStudent61}, {X=http://www.Department10.University0.edu/UndergraduateStudent279}, {X=http://www.Department10.University0.edu/UndergraduateStudent74}, {X=http://www.Department10.University0.edu/UndergraduateStudent198}, {X=http://www.Department10.University0.edu/UndergraduateStudent277}, {X=http://www.Department10.University0.edu/UndergraduateStudent240}, {X=http://www.Department10.University0.edu/UndergraduateStudent304}, {X=http://www.Department10.University0.edu/UndergraduateStudent204}, {X=http://www.Department10.University0.edu/UndergraduateStudent252}, {X=http://www.Department10.University0.edu/UndergraduateStudent214}, {X=http://www.Department10.University0.edu/UndergraduateStudent149}, {X=http://www.Department10.University0.edu/UndergraduateStudent116}, {X=http://www.Department10.University0.edu/UndergraduateStudent299}, {X=http://www.Department10.University0.edu/UndergraduateStudent3}, {X=http://www.Department10.University0.edu/UndergraduateStudent15}, {X=http://www.Department10.University0.edu/UndergraduateStudent261}, {X=http://www.Department10.University0.edu/UndergraduateStudent80}, {X=http://www.Department10.University0.edu/UndergraduateStudent369}, {X=http://www.Department10.University0.edu/UndergraduateStudent406}, {X=http://www.Department10.University0.edu/UndergraduateStudent175}, {X=http://www.Department10.University0.edu/UndergraduateStudent148}, {X=http://www.Department10.University0.edu/UndergraduateStudent228}, {X=http://www.Department10.University0.edu/UndergraduateStudent122}, {X=http://www.Department10.University0.edu/UndergraduateStudent102}, {X=http://www.Department10.University0.edu/UndergraduateStudent354}, {X=http://www.Department10.University0.edu/UndergraduateStudent174}, {X=http://www.Department10.University0.edu/UndergraduateStudent155}, {X=http://www.Department10.University0.edu/UndergraduateStudent349}, {X=http://www.Department10.University0.edu/UndergraduateStudent219}, {X=http://www.Department10.University0.edu/UndergraduateStudent243}, {X=http://www.Department10.University0.edu/UndergraduateStudent26}, {X=http://www.Department10.University0.edu/UndergraduateStudent247}, {X=http://www.Department10.University0.edu/UndergraduateStudent272}, {X=http://www.Department10.University0.edu/UndergraduateStudent239}, {X=http://www.Department10.University0.edu/UndergraduateStudent13}, {X=http://www.Department10.University0.edu/UndergraduateStudent195}, {X=http://www.Department10.University0.edu/UndergraduateStudent183}, {X=http://www.Department10.University0.edu/UndergraduateStudent163}, {X=http://www.Department10.University0.edu/UndergraduateStudent27}, {X=http://www.Department10.University0.edu/UndergraduateStudent30}, {X=http://www.Department10.University0.edu/UndergraduateStudent125}, {X=http://www.Department10.University0.edu/UndergraduateStudent14}, {X=http://www.Department10.University0.edu/UndergraduateStudent70}, {X=http://www.Department10.University0.edu/UndergraduateStudent53}, {X=http://www.Department10.University0.edu/UndergraduateStudent329}, {X=http://www.Department10.University0.edu/UndergraduateStudent139}, {X=http://www.Department10.University0.edu/UndergraduateStudent333}, {X=http://www.Department10.University0.edu/UndergraduateStudent359}, {X=http://www.Department10.University0.edu/UndergraduateStudent187}, {X=http://www.Department10.University0.edu/UndergraduateStudent202}, {X=http://www.Department10.University0.edu/UndergraduateStudent385}, {X=http://www.Department10.University0.edu/UndergraduateStudent286}, {X=http://www.Department10.University0.edu/UndergraduateStudent206}, {X=http://www.Department10.University0.edu/UndergraduateStudent225}, {X=http://www.Department10.University0.edu/UndergraduateStudent182}, {X=http://www.Department10.University0.edu/UndergraduateStudent283}, {X=http://www.Department10.University0.edu/UndergraduateStudent161}, {X=http://www.Department10.University0.edu/UndergraduateStudent23}, {X=http://www.Department10.University0.edu/UndergraduateStudent401}, {X=http://www.Department10.University0.edu/UndergraduateStudent321}, {X=http://www.Department10.University0.edu/UndergraduateStudent296}, {X=http://www.Department10.University0.edu/UndergraduateStudent178}, {X=http://www.Department10.University0.edu/UndergraduateStudent344}, {X=http://www.Department10.University0.edu/UndergraduateStudent257}, {X=http://www.Department10.University0.edu/UndergraduateStudent63}, {X=http://www.Department10.University0.edu/UndergraduateStudent383}, {X=http://www.Department10.University0.edu/UndergraduateStudent57}, {X=http://www.Department10.University0.edu/UndergraduateStudent335}, {X=http://www.Department10.University0.edu/UndergraduateStudent207}, {X=http://www.Department10.University0.edu/UndergraduateStudent248}, {X=http://www.Department10.University0.edu/UndergraduateStudent298}, {X=http://www.Department10.University0.edu/UndergraduateStudent90}, {X=http://www.Department10.University0.edu/UndergraduateStudent194}, {X=http://www.Department10.University0.edu/UndergraduateStudent173}, {X=http://www.Department10.University0.edu/UndergraduateStudent39}, {X=http://www.Department10.University0.edu/UndergraduateStudent217}, {X=http://www.Department10.University0.edu/UndergraduateStudent158}, {X=http://www.Department10.University0.edu/UndergraduateStudent211}, {X=http://www.Department10.University0.edu/UndergraduateStudent382}, {X=http://www.Department10.University0.edu/UndergraduateStudent201}, {X=http://www.Department10.University0.edu/UndergraduateStudent353}, {X=http://www.Department10.University0.edu/UndergraduateStudent2}, {X=http://www.Department10.University0.edu/UndergraduateStudent62}, {X=http://www.Department10.University0.edu/UndergraduateStudent22}, {X=http://www.Department10.University0.edu/UndergraduateStudent234}, {X=http://www.Department10.University0.edu/UndergraduateStudent308}, {X=http://www.Department10.University0.edu/UndergraduateStudent97}, {X=http://www.Department10.University0.edu/UndergraduateStudent377}, {X=http://www.Department10.University0.edu/UndergraduateStudent41}, {X=http://www.Department10.University0.edu/UndergraduateStudent250}, {X=http://www.Department10.University0.edu/UndergraduateStudent330}, {X=http://www.Department10.University0.edu/UndergraduateStudent227}, {X=http://www.Department10.University0.edu/UndergraduateStudent199}, {X=http://www.Department10.University0.edu/UndergraduateStudent265}, {X=http://www.Department10.University0.edu/UndergraduateStudent131}, {X=http://www.Department10.University0.edu/UndergraduateStudent48}, {X=http://www.Department10.University0.edu/UndergraduateStudent137}, {X=http://www.Department10.University0.edu/UndergraduateStudent281}, {X=http://www.Department10.University0.edu/UndergraduateStudent166}, {X=http://www.Department10.University0.edu/UndergraduateStudent233}, {X=http://www.Department10.University0.edu/UndergraduateStudent67}, {X=http://www.Department10.University0.edu/UndergraduateStudent85}, {X=http://www.Department10.University0.edu/UndergraduateStudent88}, {X=http://www.Department10.University0.edu/UndergraduateStudent120}, {X=http://www.Department10.University0.edu/UndergraduateStudent36}, {X=http://www.Department10.University0.edu/UndergraduateStudent151}, {X=http://www.Department10.University0.edu/UndergraduateStudent82}, {X=http://www.Department10.University0.edu/UndergraduateStudent241}, {X=http://www.Department10.University0.edu/UndergraduateStudent126}, {X=http://www.Department10.University0.edu/UndergraduateStudent184}, {X=http://www.Department10.University0.edu/UndergraduateStudent12}, {X=http://www.Department10.University0.edu/UndergraduateStudent169}, {X=http://www.Department10.University0.edu/UndergraduateStudent133}, {X=http://www.Department10.University0.edu/UndergraduateStudent84}, {X=http://www.Department10.University0.edu/UndergraduateStudent403}, {X=http://www.Department10.University0.edu/UndergraduateStudent60}, {X=http://www.Department10.University0.edu/UndergraduateStudent402}, {X=http://www.Department10.University0.edu/UndergraduateStudent210}, {X=http://www.Department10.University0.edu/UndergraduateStudent123}, {X=http://www.Department10.University0.edu/UndergraduateStudent167}, {X=http://www.Department10.University0.edu/UndergraduateStudent361}, {X=http://www.Department10.University0.edu/UndergraduateStudent200}, {X=http://www.Department10.University0.edu/UndergraduateStudent29}, {X=http://www.Department10.University0.edu/UndergraduateStudent271}, {X=http://www.Department10.University0.edu/UndergraduateStudent322}, {X=http://www.Department10.University0.edu/UndergraduateStudent33}, {X=http://www.Department10.University0.edu/UndergraduateStudent405}, {X=http://www.Department10.University0.edu/UndergraduateStudent146}, {X=http://www.Department10.University0.edu/UndergraduateStudent56}, {X=http://www.Department10.University0.edu/UndergraduateStudent107}, {X=http://www.Department10.University0.edu/UndergraduateStudent170}, {X=http://www.Department10.University0.edu/UndergraduateStudent395}, {X=http://www.Department10.University0.edu/UndergraduateStudent230}, {X=http://www.Department10.University0.edu/UndergraduateStudent352}, {X=http://www.Department10.University0.edu/UndergraduateStudent110}, {X=http://www.Department10.University0.edu/UndergraduateStudent312}, {X=http://www.Department10.University0.edu/UndergraduateStudent141}, {X=http://www.Department10.University0.edu/UndergraduateStudent380}, {X=http://www.Department10.University0.edu/UndergraduateStudent389}, {X=http://www.Department10.University0.edu/UndergraduateStudent363}, {X=http://www.Department10.University0.edu/UndergraduateStudent105}, {X=http://www.Department10.University0.edu/UndergraduateStudent280}, {X=http://www.Department10.University0.edu/UndergraduateStudent115}, {X=http://www.Department10.University0.edu/UndergraduateStudent191}, {X=http://www.Department10.University0.edu/UndergraduateStudent79}, {X=http://www.Department10.University0.edu/UndergraduateStudent259}, {X=http://www.Department10.University0.edu/UndergraduateStudent324}, {X=http://www.Department10.University0.edu/UndergraduateStudent188}, {X=http://www.Department10.University0.edu/UndergraduateStudent100}, {X=http://www.Department10.University0.edu/UndergraduateStudent50}, {X=http://www.Department10.University0.edu/UndergraduateStudent65}, {X=http://www.Department10.University0.edu/UndergraduateStudent49}, {X=http://www.Department10.University0.edu/UndergraduateStudent140}, {X=http://www.Department10.University0.edu/UndergraduateStudent189}, {X=http://www.Department10.University0.edu/UndergraduateStudent366}, {X=http://www.Department10.University0.edu/UndergraduateStudent138}, {X=http://www.Department10.University0.edu/UndergraduateStudent136}, {X=http://www.Department10.University0.edu/UndergraduateStudent327}, {X=http://www.Department10.University0.edu/UndergraduateStudent269}, {X=http://www.Department10.University0.edu/UndergraduateStudent73}, {X=http://www.Department10.University0.edu/UndergraduateStudent103}, {X=http://www.Department10.University0.edu/UndergraduateStudent54}, {X=http://www.Department10.University0.edu/UndergraduateStudent368}, {X=http://www.Department10.University0.edu/UndergraduateStudent215}, {X=http://www.Department10.University0.edu/UndergraduateStudent351}, {X=http://www.Department10.University0.edu/UndergraduateStudent5}, {X=http://www.Department10.University0.edu/UndergraduateStudent134}, {X=http://www.Department10.University0.edu/UndergraduateStudent276}, {X=http://www.Department10.University0.edu/UndergraduateStudent253}, {X=http://www.Department10.University0.edu/UndergraduateStudent91}, {X=http://www.Department10.University0.edu/UndergraduateStudent355}, {X=http://www.Department10.University0.edu/UndergraduateStudent245}, {X=http://www.Department10.University0.edu/UndergraduateStudent357}, {X=http://www.Department10.University0.edu/UndergraduateStudent260}, {X=http://www.Department10.University0.edu/UndergraduateStudent150}, {X=http://www.Department10.University0.edu/UndergraduateStudent106}, {X=http://www.Department10.University0.edu/UndergraduateStudent305}, {X=http://www.Department10.University0.edu/UndergraduateStudent290}, {X=http://www.Department10.University0.edu/UndergraduateStudent343}, {X=http://www.Department10.University0.edu/UndergraduateStudent246}, {X=http://www.Department10.University0.edu/UndergraduateStudent302}, {X=http://www.Department10.University0.edu/UndergraduateStudent407}, {X=http://www.Department10.University0.edu/UndergraduateStudent348}, {X=http://www.Department10.University0.edu/UndergraduateStudent273}, {X=http://www.Department10.University0.edu/UndergraduateStudent128}, {X=http://www.Department10.University0.edu/UndergraduateStudent92}, {X=http://www.Department10.University0.edu/UndergraduateStudent7}, {X=http://www.Department10.University0.edu/UndergraduateStudent220}, {X=http://www.Department10.University0.edu/UndergraduateStudent409}, {X=http://www.Department10.University0.edu/UndergraduateStudent297}, {X=http://www.Department10.University0.edu/UndergraduateStudent83}, {X=http://www.Department10.University0.edu/UndergraduateStudent339}, {X=http://www.Department10.University0.edu/UndergraduateStudent394}, {X=http://www.Department10.University0.edu/UndergraduateStudent376}, {X=http://www.Department10.University0.edu/UndergraduateStudent21}, {X=http://www.Department10.University0.edu/UndergraduateStudent293}, {X=http://www.Department10.University0.edu/UndergraduateStudent218}, {X=http://www.Department10.University0.edu/UndergraduateStudent31}, {X=http://www.Department10.University0.edu/UndergraduateStudent314}, {X=http://www.Department10.University0.edu/UndergraduateStudent332}, {X=http://www.Department10.University0.edu/UndergraduateStudent284}, {X=http://www.Department10.University0.edu/UndergraduateStudent397}, {X=http://www.Department10.University0.edu/UndergraduateStudent51}, {X=http://www.Department10.University0.edu/UndergraduateStudent104}, {X=http://www.Department10.University0.edu/UndergraduateStudent323}, {X=http://www.Department10.University0.edu/UndergraduateStudent24}, {X=http://www.Department10.University0.edu/UndergraduateStudent317}, {X=http://www.Department10.University0.edu/UndergraduateStudent64}, {X=http://www.Department10.University0.edu/UndergraduateStudent46}, {X=http://www.Department10.University0.edu/UndergraduateStudent266}, {X=http://www.Department10.University0.edu/UndergraduateStudent256}, {X=http://www.Department10.University0.edu/UndergraduateStudent222}, {X=http://www.Department10.University0.edu/UndergraduateStudent347}, {X=http://www.Department10.University0.edu/UndergraduateStudent275}, {X=http://www.Department10.University0.edu/UndergraduateStudent205}, {X=http://www.Department10.University0.edu/UndergraduateStudent381}, {X=http://www.Department10.University0.edu/UndergraduateStudent291}, {X=http://www.Department10.University0.edu/UndergraduateStudent145}, {X=http://www.Department10.University0.edu/UndergraduateStudent237}, {X=http://www.Department10.University0.edu/UndergraduateStudent124}, {X=http://www.Department10.University0.edu/UndergraduateStudent197}, {X=http://www.Department10.University0.edu/UndergraduateStudent242}, {X=http://www.Department10.University0.edu/UndergraduateStudent372}, {X=http://www.Department10.University0.edu/UndergraduateStudent177}, {X=http://www.Department10.University0.edu/UndergraduateStudent43}, {X=http://www.Department10.University0.edu/UndergraduateStudent392}, {X=http://www.Department10.University0.edu/UndergraduateStudent98}, {X=http://www.Department10.University0.edu/UndergraduateStudent223}, {X=http://www.Department10.University0.edu/UndergraduateStudent32}, {X=http://www.Department10.University0.edu/UndergraduateStudent319}, {X=http://www.Department10.University0.edu/UndergraduateStudent112}, {X=http://www.Department10.University0.edu/UndergraduateStudent44}, {X=http://www.Department10.University0.edu/UndergraduateStudent117}, {X=http://www.Department10.University0.edu/UndergraduateStudent289}, {X=http://www.Department10.University0.edu/UndergraduateStudent371}, {X=http://www.Department10.University0.edu/UndergraduateStudent263}, {X=http://www.Department10.University0.edu/UndergraduateStudent19}, {X=http://www.Department10.University0.edu/UndergraduateStudent390}, {X=http://www.Department10.University0.edu/UndergraduateStudent307}, {X=http://www.Department10.University0.edu/UndergraduateStudent1}, {X=http://www.Department10.University0.edu/UndergraduateStudent95}, {X=http://www.Department10.University0.edu/UndergraduateStudent288}, {X=http://www.Department10.University0.edu/UndergraduateStudent393}, {X=http://www.Department10.University0.edu/UndergraduateStudent208}, {X=http://www.Department10.University0.edu/UndergraduateStudent68}, {X=http://www.Department10.University0.edu/UndergraduateStudent186}, {X=http://www.Department10.University0.edu/UndergraduateStudent114}, {X=http://www.Department10.University0.edu/UndergraduateStudent278}, {X=http://www.Department10.University0.edu/UndergraduateStudent232}, {X=http://www.Department10.University0.edu/UndergraduateStudent179}, {X=http://www.Department10.University0.edu/UndergraduateStudent360}, {X=http://www.Department10.University0.edu/UndergraduateStudent287}, {X=http://www.Department10.University0.edu/UndergraduateStudent274}, {X=http://www.Department10.University0.edu/UndergraduateStudent89}, {X=http://www.Department10.University0.edu/UndergraduateStudent285}, {X=http://www.Department10.University0.edu/UndergraduateStudent224}, {X=http://www.Department10.University0.edu/UndergraduateStudent387}, {X=http://www.Department10.University0.edu/UndergraduateStudent345}, {X=http://www.Department10.University0.edu/UndergraduateStudent364}, {X=http://www.Department10.University0.edu/UndergraduateStudent375}, {X=http://www.Department10.University0.edu/UndergraduateStudent156}, {X=http://www.Department10.University0.edu/UndergraduateStudent337}, {X=http://www.Department10.University0.edu/UndergraduateStudent111}, {X=http://www.Department10.University0.edu/UndergraduateStudent55}, {X=http://www.Department10.University0.edu/UndergraduateStudent193}, {X=http://www.Department10.University0.edu/UndergraduateStudent108}, {X=http://www.Department10.University0.edu/UndergraduateStudent400}, {X=http://www.Department10.University0.edu/UndergraduateStudent69}, {X=http://www.Department10.University0.edu/UndergraduateStudent132}, {X=http://www.Department10.University0.edu/UndergraduateStudent99}, {X=http://www.Department10.University0.edu/UndergraduateStudent226}, {X=http://www.Department10.University0.edu/UndergraduateStudent362}, {X=http://www.Department10.University0.edu/UndergraduateStudent81}, {X=http://www.Department10.University0.edu/UndergraduateStudent203}, {X=http://www.Department10.University0.edu/UndergraduateStudent334}, {X=http://www.Department10.University0.edu/UndergraduateStudent378}, {X=http://www.Department10.University0.edu/UndergraduateStudent264}, {X=http://www.Department10.University0.edu/UndergraduateStudent338}, {X=http://www.Department10.University0.edu/UndergraduateStudent176}, {X=http://www.Department10.University0.edu/UndergraduateStudent45}, {X=http://www.Department10.University0.edu/UndergraduateStudent86}, {X=http://www.Department10.University0.edu/UndergraduateStudent165}, {X=http://www.Department10.University0.edu/UndergraduateStudent172}, {X=http://www.Department10.University0.edu/UndergraduateStudent268}, {X=http://www.Department10.University0.edu/UndergraduateStudent251}, {X=http://www.Department10.University0.edu/UndergraduateStudent254}, {X=http://www.Department10.University0.edu/UndergraduateStudent190}, {X=http://www.Department10.University0.edu/UndergraduateStudent408}, {X=http://www.Department10.University0.edu/UndergraduateStudent118}, {X=http://www.Department10.University0.edu/UndergraduateStudent367}, {X=http://www.Department10.University0.edu/UndergraduateStudent77}, {X=http://www.Department10.University0.edu/UndergraduateStudent374}, {X=http://www.Department10.University0.edu/UndergraduateStudent398}, {X=http://www.Department10.University0.edu/UndergraduateStudent135}, {X=http://www.Department10.University0.edu/UndergraduateStudent58}, {X=http://www.Department10.University0.edu/UndergraduateStudent306}, {X=http://www.Department10.University0.edu/UndergraduateStudent71}, {X=http://www.Department10.University0.edu/UndergraduateStudent157}, {X=http://www.Department10.University0.edu/UndergraduateStudent119}, {X=http://www.Department10.University0.edu/UndergraduateStudent235}, {X=http://www.Department10.University0.edu/UndergraduateStudent25}, {X=http://www.Department10.University0.edu/UndergraduateStudent325}, {X=http://www.Department10.University0.edu/UndergraduateStudent236}, {X=http://www.Department10.University0.edu/UndergraduateStudent96}, {X=http://www.Department10.University0.edu/UndergraduateStudent255}, {X=http://www.Department10.University0.edu/UndergraduateStudent0}, {X=http://www.Department10.University0.edu/UndergraduateStudent313}, {X=http://www.Department10.University0.edu/UndergraduateStudent399}, {X=http://www.Department10.University0.edu/UndergraduateStudent267}, {X=http://www.Department10.University0.edu/UndergraduateStudent38}, {X=http://www.Department10.University0.edu/UndergraduateStudent180}, {X=http://www.Department10.University0.edu/UndergraduateStudent101}, {X=http://www.Department10.University0.edu/UndergraduateStudent76}, {X=http://www.Department10.University0.edu/UndergraduateStudent143}, {X=http://www.Department10.University0.edu/UndergraduateStudent342}, {X=http://www.Department10.University0.edu/UndergraduateStudent168}, {X=http://www.Department10.University0.edu/UndergraduateStudent144}, {X=http://www.Department10.University0.edu/UndergraduateStudent6}, {X=http://www.Department10.University0.edu/UndergraduateStudent311}, {X=http://www.Department10.University0.edu/UndergraduateStudent152}, {X=http://www.Department10.University0.edu/UndergraduateStudent72}, {X=http://www.Department10.University0.edu/UndergraduateStudent341}, {X=http://www.Department10.University0.edu/UndergraduateStudent350}, {X=http://www.Department10.University0.edu/UndergraduateStudent336}, {X=http://www.Department10.University0.edu/UndergraduateStudent162}, {X=http://www.Department10.University0.edu/UndergraduateStudent159}, {X=http://www.Department10.University0.edu/UndergraduateStudent109}, {X=http://www.Department10.University0.edu/UndergraduateStudent365}, {X=http://www.Department10.University0.edu/UndergraduateStudent4}, {X=http://www.Department10.University0.edu/UndergraduateStudent379}, {X=http://www.Department10.University0.edu/UndergraduateStudent384}, {X=http://www.Department10.University0.edu/UndergraduateStudent192}, {X=http://www.Department10.University0.edu/UndergraduateStudent28}, {X=http://www.Department10.University0.edu/UndergraduateStudent42}, {X=http://www.Department10.University0.edu/UndergraduateStudent153}, {X=http://www.Department10.University0.edu/UndergraduateStudent160}, {X=http://www.Department10.University0.edu/UndergraduateStudent154}, {X=http://www.Department10.University0.edu/UndergraduateStudent18}, {X=http://www.Department10.University0.edu/UndergraduateStudent328}, {X=http://www.Department10.University0.edu/UndergraduateStudent315}, {X=http://www.Department10.University0.edu/UndergraduateStudent130}, {X=http://www.Department10.University0.edu/UndergraduateStudent34}, {X=http://www.Department10.University0.edu/UndergraduateStudent231}, {X=http://www.Department10.University0.edu/UndergraduateStudent229}, {X=http://www.Department10.University0.edu/UndergraduateStudent171}, {X=http://www.Department10.University0.edu/UndergraduateStudent303}, {X=http://www.Department10.University0.edu/UndergraduateStudent47}, {X=http://www.Department10.University0.edu/UndergraduateStudent94}, {X=http://www.Department10.University0.edu/UndergraduateStudent318}, {X=http://www.Department10.University0.edu/UndergraduateStudent35}, {X=http://www.Department10.University0.edu/UndergraduateStudent320}, {X=http://www.Department10.University0.edu/UndergraduateStudent113}, {X=http://www.Department10.University0.edu/UndergraduateStudent9}, {X=http://www.Department10.University0.edu/UndergraduateStudent258}, {X=http://www.Department10.University0.edu/UndergraduateStudent127}, {X=http://www.Department10.University0.edu/UndergraduateStudent373}, {X=http://www.Department10.University0.edu/UndergraduateStudent78}, {X=http://www.Department10.University0.edu/UndergraduateStudent238}, {X=http://www.Department10.University0.edu/UndergraduateStudent331}, {X=http://www.Department10.University0.edu/UndergraduateStudent209}, {X=http://www.Department10.University0.edu/UndergraduateStudent221}, {X=http://www.Department10.University0.edu/UndergraduateStudent326}, {X=http://www.Department10.University0.edu/UndergraduateStudent8}, {X=http://www.Department10.University0.edu/UndergraduateStudent87}, {X=http://www.Department10.University0.edu/UndergraduateStudent244}, {X=http://www.Department10.University0.edu/UndergraduateStudent300}, {X=http://www.Department10.University0.edu/UndergraduateStudent262}, {X=http://www.Department10.University0.edu/UndergraduateStudent10}, {X=http://www.Department10.University0.edu/UndergraduateStudent391}, {X=http://www.Department10.University0.edu/UndergraduateStudent356}, {X=http://www.Department10.University0.edu/UndergraduateStudent346}, {X=http://www.Department10.University0.edu/UndergraduateStudent185}, {X=http://www.Department10.University0.edu/UndergraduateStudent301}, {X=http://www.Department10.University0.edu/UndergraduateStudent404}, {X=http://www.Department10.University0.edu/UndergraduateStudent11}, {X=http://www.Department10.University0.edu/UndergraduateStudent316}, {X=http://www.Department10.University0.edu/UndergraduateStudent75}, {X=http://www.Department10.University0.edu/UndergraduateStudent93}, {X=http://www.Department10.University0.edu/UndergraduateStudent52}, {X=http://www.Department10.University0.edu/UndergraduateStudent358}, {X=http://www.Department10.University0.edu/UndergraduateStudent40}, {X=http://www.Department10.University0.edu/UndergraduateStudent37}, {X=http://www.Department10.University0.edu/UndergraduateStudent196}, {X=http://www.Department10.University0.edu/UndergraduateStudent164}, {X=http://www.Department10.University0.edu/UndergraduateStudent16}, {X=http://www.Department10.University0.edu/UndergraduateStudent17}, {X=http://www.Department10.University0.edu/UndergraduateStudent20}, {X=http://www.Department10.University0.edu/UndergraduateStudent294}, {X=http://www.Department10.University0.edu/UndergraduateStudent282}, {X=http://www.Department10.University0.edu/UndergraduateStudent388}, {X=http://www.Department10.University0.edu/UndergraduateStudent370}, {X=http://www.Department10.University0.edu/UndergraduateStudent216}, {X=http://www.Department10.University0.edu/UndergraduateStudent292}, {X=http://www.Department10.University0.edu/UndergraduateStudent340}, {X=http://www.Department10.University0.edu/UndergraduateStudent270}, {X=http://www.Department10.University0.edu/UndergraduateStudent309}, {X=http://www.Department10.University0.edu/UndergraduateStudent142}, {X=http://www.Department10.University0.edu/UndergraduateStudent310}, {X=http://www.Department10.University0.edu/UndergraduateStudent129}, {X=http://www.Department10.University0.edu/UndergraduateStudent249}, {X=http://www.Department10.University0.edu/UndergraduateStudent410}, {X=http://www.Department10.University0.edu/UndergraduateStudent147}, {X=http://www.Department10.University0.edu/UndergraduateStudent59}, {X=http://www.Department10.University0.edu/UndergraduateStudent181}, {X=http://www.Department10.University0.edu/UndergraduateStudent386}, {X=http://www.Department10.University0.edu/UndergraduateStudent213}, {X=http://www.Department10.University0.edu/UndergraduateStudent295}, {X=http://www.Department10.University0.edu/UndergraduateStudent396}, {X=http://www.Department10.University0.edu/UndergraduateStudent121}, {X=http://www.Department10.University0.edu/UndergraduateStudent212}, {X=http://www.Department10.University0.edu/UndergraduateStudent66}, {X=http://www.Department10.University0.edu/UndergraduateStudent61}, {X=http://www.Department10.University0.edu/UndergraduateStudent279}, {X=http://www.Department10.University0.edu/UndergraduateStudent74}, {X=http://www.Department10.University0.edu/UndergraduateStudent198}, {X=http://www.Department10.University0.edu/UndergraduateStudent277}, {X=http://www.Department10.University0.edu/UndergraduateStudent240}, {X=http://www.Department10.University0.edu/UndergraduateStudent304}, {X=http://www.Department10.University0.edu/UndergraduateStudent204}, {X=http://www.Department10.University0.edu/UndergraduateStudent252}, {X=http://www.Department10.University0.edu/UndergraduateStudent214}, {X=http://www.Department10.University0.edu/UndergraduateStudent149}, {X=http://www.Department10.University0.edu/UndergraduateStudent116}, {X=http://www.Department10.University0.edu/UndergraduateStudent299}, {X=http://www.Department10.University0.edu/UndergraduateStudent3}, {X=http://www.Department10.University0.edu/UndergraduateStudent15}, {X=http://www.Department10.University0.edu/UndergraduateStudent261}, {X=http://www.Department10.University0.edu/UndergraduateStudent80}, {X=http://www.Department10.University0.edu/UndergraduateStudent369}, {X=http://www.Department10.University0.edu/UndergraduateStudent406}, {X=http://www.Department10.University0.edu/UndergraduateStudent175}, {X=http://www.Department10.University0.edu/UndergraduateStudent148}, {X=http://www.Department10.University0.edu/UndergraduateStudent228}, {X=http://www.Department10.University0.edu/UndergraduateStudent122}, {X=http://www.Department10.University0.edu/UndergraduateStudent102}, {X=http://www.Department10.University0.edu/UndergraduateStudent354}, {X=http://www.Department10.University0.edu/UndergraduateStudent174}, {X=http://www.Department10.University0.edu/UndergraduateStudent155}, {X=http://www.Department10.University0.edu/UndergraduateStudent349}, {X=http://www.Department10.University0.edu/UndergraduateStudent219}, {X=http://www.Department10.University0.edu/UndergraduateStudent243}, {X=http://www.Department10.University0.edu/UndergraduateStudent26}, {X=http://www.Department10.University0.edu/UndergraduateStudent247}, {X=http://www.Department10.University0.edu/UndergraduateStudent272}, {X=http://www.Department10.University0.edu/UndergraduateStudent239}, {X=http://www.Department10.University0.edu/UndergraduateStudent13}, {X=http://www.Department10.University0.edu/UndergraduateStudent195}, {X=http://www.Department10.University0.edu/UndergraduateStudent183}, {X=http://www.Department10.University0.edu/UndergraduateStudent163}, {X=http://www.Department10.University0.edu/UndergraduateStudent27}, {X=http://www.Department10.University0.edu/UndergraduateStudent30}, {X=http://www.Department10.University0.edu/UndergraduateStudent125}, {X=http://www.Department10.University0.edu/UndergraduateStudent14}, {X=http://www.Department10.University0.edu/UndergraduateStudent70}, {X=http://www.Department10.University0.edu/UndergraduateStudent53}, {X=http://www.Department10.University0.edu/UndergraduateStudent329}, {X=http://www.Department10.University0.edu/UndergraduateStudent139}, {X=http://www.Department10.University0.edu/UndergraduateStudent333}, {X=http://www.Department10.University0.edu/UndergraduateStudent359}, {X=http://www.Department10.University0.edu/UndergraduateStudent187}, {X=http://www.Department10.University0.edu/UndergraduateStudent202}, {X=http://www.Department10.University0.edu/UndergraduateStudent385}, {X=http://www.Department10.University0.edu/UndergraduateStudent286}, {X=http://www.Department10.University0.edu/UndergraduateStudent206}, {X=http://www.Department10.University0.edu/UndergraduateStudent225}, {X=http://www.Department10.University0.edu/UndergraduateStudent182}, {X=http://www.Department10.University0.edu/UndergraduateStudent283}, {X=http://www.Department10.University0.edu/UndergraduateStudent161}, {X=http://www.Department10.University0.edu/UndergraduateStudent23}, {X=http://www.Department10.University0.edu/UndergraduateStudent401}, {X=http://www.Department10.University0.edu/UndergraduateStudent321}, {X=http://www.Department10.University0.edu/UndergraduateStudent296}, {X=http://www.Department10.University0.edu/UndergraduateStudent178}, {X=http://www.Department10.University0.edu/UndergraduateStudent344}, {X=http://www.Department10.University0.edu/UndergraduateStudent257}, {X=http://www.Department10.University0.edu/UndergraduateStudent63}, {X=http://www.Department10.University0.edu/UndergraduateStudent383}, {X=http://www.Department10.University0.edu/UndergraduateStudent57}, {X=http://www.Department10.University0.edu/UndergraduateStudent335}, {X=http://www.Department10.University0.edu/UndergraduateStudent207}, {X=http://www.Department10.University0.edu/UndergraduateStudent248}, {X=http://www.Department10.University0.edu/UndergraduateStudent298}, {X=http://www.Department10.University0.edu/UndergraduateStudent90}, {X=http://www.Department10.University0.edu/UndergraduateStudent194}, {X=http://www.Department10.University0.edu/UndergraduateStudent173}, {X=http://www.Department10.University0.edu/UndergraduateStudent39}, {X=http://www.Department10.University0.edu/UndergraduateStudent217}, {X=http://www.Department10.University0.edu/UndergraduateStudent158}, {X=http://www.Department10.University0.edu/UndergraduateStudent211}, {X=http://www.Department10.University0.edu/UndergraduateStudent382}, {X=http://www.Department10.University0.edu/UndergraduateStudent201}, {X=http://www.Department10.University0.edu/UndergraduateStudent353}, {X=http://www.Department10.University0.edu/UndergraduateStudent2}, {X=http://www.Department10.University0.edu/UndergraduateStudent62}, {X=http://www.Department10.University0.edu/UndergraduateStudent22}, {X=http://www.Department10.University0.edu/UndergraduateStudent234}, {X=http://www.Department10.University0.edu/UndergraduateStudent308}, {X=http://www.Department10.University0.edu/UndergraduateStudent97}, {X=http://www.Department10.University0.edu/UndergraduateStudent377}, {X=http://www.Department10.University0.edu/UndergraduateStudent41}, {X=http://www.Department10.University0.edu/UndergraduateStudent250}, {X=http://www.Department10.University0.edu/UndergraduateStudent330}, {X=http://www.Department10.University0.edu/UndergraduateStudent227}, {X=http://www.Department10.University0.edu/UndergraduateStudent199}, {X=http://www.Department10.University0.edu/UndergraduateStudent265}, {X=http://www.Department10.University0.edu/UndergraduateStudent131}, {X=http://www.Department10.University0.edu/UndergraduateStudent48}, {X=http://www.Department10.University0.edu/UndergraduateStudent137}, {X=http://www.Department10.University0.edu/UndergraduateStudent281}, {X=http://www.Department10.University0.edu/UndergraduateStudent166}, {X=http://www.Department10.University0.edu/UndergraduateStudent233}, {X=http://www.Department10.University0.edu/UndergraduateStudent67}, {X=http://www.Department10.University0.edu/UndergraduateStudent85}, {X=http://www.Department10.University0.edu/UndergraduateStudent88}, {X=http://www.Department10.University0.edu/UndergraduateStudent120}, {X=http://www.Department10.University0.edu/UndergraduateStudent36}, {X=http://www.Department10.University0.edu/UndergraduateStudent151}, {X=http://www.Department10.University0.edu/UndergraduateStudent82}, {X=http://www.Department10.University0.edu/UndergraduateStudent241}, {X=http://www.Department10.University0.edu/UndergraduateStudent126}, {X=http://www.Department10.University0.edu/UndergraduateStudent184}, {X=http://www.Department10.University0.edu/UndergraduateStudent12}, {X=http://www.Department10.University0.edu/UndergraduateStudent169}, {X=http://www.Department10.University0.edu/UndergraduateStudent133}, {X=http://www.Department10.University0.edu/UndergraduateStudent84}, {X=http://www.Department10.University0.edu/UndergraduateStudent403}, {X=http://www.Department10.University0.edu/UndergraduateStudent60}, {X=http://www.Department10.University0.edu/UndergraduateStudent402}, {X=http://www.Department10.University0.edu/UndergraduateStudent210}, {X=http://www.Department10.University0.edu/UndergraduateStudent123}, {X=http://www.Department10.University0.edu/UndergraduateStudent167}, {X=http://www.Department10.University0.edu/UndergraduateStudent361}, {X=http://www.Department10.University0.edu/UndergraduateStudent200}, {X=http://www.Department10.University0.edu/UndergraduateStudent29}, {X=http://www.Department10.University0.edu/UndergraduateStudent271}, {X=http://www.Department10.University0.edu/UndergraduateStudent322}, {X=http://www.Department10.University0.edu/UndergraduateStudent33}, {X=http://www.Department10.University0.edu/UndergraduateStudent405}, {X=http://www.Department10.University0.edu/UndergraduateStudent146}, {X=http://www.Department10.University0.edu/UndergraduateStudent56}, {X=http://www.Department10.University0.edu/UndergraduateStudent107}, {X=http://www.Department10.University0.edu/UndergraduateStudent170}, {X=http://www.Department10.University0.edu/UndergraduateStudent395}, {X=http://www.Department10.University0.edu/UndergraduateStudent230}, {X=http://www.Department10.University0.edu/UndergraduateStudent352}, {X=http://www.Department10.University0.edu/UndergraduateStudent110}, {X=http://www.Department10.University0.edu/UndergraduateStudent312}, {X=http://www.Department10.University0.edu/UndergraduateStudent141}, {X=http://www.Department10.University0.edu/UndergraduateStudent380}, {X=http://www.Department10.University0.edu/UndergraduateStudent389}, {X=http://www.Department10.University0.edu/UndergraduateStudent363}, {X=http://www.Department10.University0.edu/UndergraduateStudent105}, {X=http://www.Department10.University0.edu/UndergraduateStudent280}, {X=http://www.Department10.University0.edu/UndergraduateStudent115}, {X=http://www.Department10.University0.edu/UndergraduateStudent191}, {X=http://www.Department10.University0.edu/UndergraduateStudent79}, {X=http://www.Department10.University0.edu/UndergraduateStudent259}, {X=http://www.Department10.University0.edu/UndergraduateStudent324}, {X=http://www.Department10.University0.edu/UndergraduateStudent188}, {X=http://www.Department10.University0.edu/UndergraduateStudent100}, {X=http://www.Department10.University0.edu/UndergraduateStudent50}, {X=http://www.Department10.University0.edu/UndergraduateStudent65}, {X=http://www.Department10.University0.edu/UndergraduateStudent49}, {X=http://www.Department10.University0.edu/UndergraduateStudent140}, {X=http://www.Department10.University0.edu/UndergraduateStudent189}, {X=http://www.Department10.University0.edu/UndergraduateStudent366}, {X=http://www.Department10.University0.edu/UndergraduateStudent138}, {X=http://www.Department10.University0.edu/UndergraduateStudent136}, {X=http://www.Department10.University0.edu/UndergraduateStudent327}, {X=http://www.Department10.University0.edu/UndergraduateStudent269}, {X=http://www.Department10.University0.edu/UndergraduateStudent73}, {X=http://www.Department10.University0.edu/UndergraduateStudent103}, {X=http://www.Department10.University0.edu/UndergraduateStudent54}, {X=http://www.Department10.University0.edu/UndergraduateStudent368}, {X=http://www.Department10.University0.edu/UndergraduateStudent215}, {X=http://www.Department10.University0.edu/UndergraduateStudent351}, {X=http://www.Department10.University0.edu/UndergraduateStudent5}, {X=http://www.Department10.University0.edu/UndergraduateStudent134}, {X=http://www.Department10.University0.edu/UndergraduateStudent276}, {X=http://www.Department10.University0.edu/UndergraduateStudent253}, {X=http://www.Department10.University0.edu/UndergraduateStudent91}, {X=http://www.Department10.University0.edu/UndergraduateStudent355}, {X=http://www.Department10.University0.edu/UndergraduateStudent245}, {X=http://www.Department10.University0.edu/UndergraduateStudent357}, {X=http://www.Department10.University0.edu/UndergraduateStudent260}, {X=http://www.Department10.University0.edu/UndergraduateStudent150}, {X=http://www.Department10.University0.edu/UndergraduateStudent106}, {X=http://www.Department10.University0.edu/UndergraduateStudent305}, {X=http://www.Department10.University0.edu/UndergraduateStudent290}, {X=http://www.Department10.University0.edu/UndergraduateStudent343}, {X=http://www.Department10.University0.edu/UndergraduateStudent246}, {X=http://www.Department10.University0.edu/UndergraduateStudent302}, {X=http://www.Department10.University0.edu/UndergraduateStudent407}, {X=http://www.Department10.University0.edu/UndergraduateStudent348}, {X=http://www.Department10.University0.edu/UndergraduateStudent273}, {X=http://www.Department10.University0.edu/UndergraduateStudent128}, {X=http://www.Department10.University0.edu/UndergraduateStudent92}, {X=http://www.Department10.University0.edu/UndergraduateStudent7}, {X=http://www.Department10.University0.edu/UndergraduateStudent220}, {X=http://www.Department10.University0.edu/UndergraduateStudent409}, {X=http://www.Department10.University0.edu/UndergraduateStudent297}, {X=http://www.Department10.University0.edu/UndergraduateStudent83}, {X=http://www.Department10.University0.edu/UndergraduateStudent339}, {X=http://www.Department10.University0.edu/UndergraduateStudent394}, {X=http://www.Department10.University0.edu/UndergraduateStudent376}, {X=http://www.Department10.University0.edu/UndergraduateStudent21}, {X=http://www.Department10.University0.edu/UndergraduateStudent293}, {X=http://www.Department10.University0.edu/UndergraduateStudent218}, {X=http://www.Department10.University0.edu/UndergraduateStudent31}, {X=http://www.Department10.University0.edu/UndergraduateStudent314}, {X=http://www.Department10.University0.edu/UndergraduateStudent332}, {X=http://www.Department10.University0.edu/UndergraduateStudent284}, {X=http://www.Department10.University0.edu/UndergraduateStudent397}, {X=http://www.Department10.University0.edu/UndergraduateStudent51}, {X=http://www.Department10.University0.edu/UndergraduateStudent104}, {X=http://www.Department10.University0.edu/UndergraduateStudent323}, {X=http://www.Department10.University0.edu/UndergraduateStudent24}, {X=http://www.Department10.University0.edu/UndergraduateStudent317}, {X=http://www.Department10.University0.edu/UndergraduateStudent64}, {X=http://www.Department10.University0.edu/UndergraduateStudent46}, {X=http://www.Department10.University0.edu/UndergraduateStudent266}, {X=http://www.Department10.University0.edu/UndergraduateStudent256}, {X=http://www.Department10.University0.edu/UndergraduateStudent222}, {X=http://www.Department10.University0.edu/UndergraduateStudent347}, {X=http://www.Department10.University0.edu/UndergraduateStudent275}, {X=http://www.Department10.University0.edu/UndergraduateStudent205}, {X=http://www.Department10.University0.edu/UndergraduateStudent381}, {X=http://www.Department10.University0.edu/UndergraduateStudent291}, {X=http://www.Department10.University0.edu/UndergraduateStudent145}, {X=http://www.Department10.University0.edu/UndergraduateStudent237}, {X=http://www.Department10.University0.edu/UndergraduateStudent124}, {X=http://www.Department10.University0.edu/UndergraduateStudent197}, {X=http://www.Department10.University0.edu/UndergraduateStudent242}, {X=http://www.Department10.University0.edu/UndergraduateStudent372}, {X=http://www.Department10.University0.edu/UndergraduateStudent177}, {X=http://www.Department10.University0.edu/UndergraduateStudent43}, {X=http://www.Department10.University0.edu/UndergraduateStudent392}, {X=http://www.Department10.University0.edu/UndergraduateStudent98}, {X=http://www.Department10.University0.edu/UndergraduateStudent223}, {X=http://www.Department10.University0.edu/UndergraduateStudent32}, {X=http://www.Department10.University0.edu/UndergraduateStudent319}, {X=http://www.Department10.University0.edu/UndergraduateStudent112}, {X=http://www.Department10.University0.edu/UndergraduateStudent44}, {X=http://www.Department10.University0.edu/UndergraduateStudent117}, {X=http://www.Department10.University0.edu/UndergraduateStudent289}, {X=http://www.Department10.University0.edu/UndergraduateStudent371}, {X=http://www.Department10.University0.edu/UndergraduateStudent263}, {X=http://www.Department10.University0.edu/UndergraduateStudent19}, {X=http://www.Department10.University0.edu/UndergraduateStudent390}, {X=http://www.Department10.University0.edu/UndergraduateStudent307}, {X=http://www.Department10.University0.edu/UndergraduateStudent1}, {X=http://www.Department10.University0.edu/UndergraduateStudent95}, {X=http://www.Department10.University0.edu/UndergraduateStudent288}, {X=http://www.Department10.University0.edu/UndergraduateStudent393}, {X=http://www.Department10.University0.edu/UndergraduateStudent208}, {X=http://www.Department10.University0.edu/UndergraduateStudent68}, {X=http://www.Department10.University0.edu/UndergraduateStudent186}, {X=http://www.Department10.University0.edu/UndergraduateStudent114}, {X=http://www.Department10.University0.edu/UndergraduateStudent278}, {X=http://www.Department10.University0.edu/UndergraduateStudent232}, {X=http://www.Department10.University0.edu/UndergraduateStudent179}, {X=http://www.Department10.University0.edu/UndergraduateStudent360}, {X=http://www.Department10.University0.edu/UndergraduateStudent287}, {X=http://www.Department10.University0.edu/UndergraduateStudent274}, {X=http://www.Department10.University0.edu/UndergraduateStudent89}, {X=http://www.Department10.University0.edu/UndergraduateStudent285}, {X=http://www.Department10.University0.edu/UndergraduateStudent224}, {X=http://www.Department10.University0.edu/UndergraduateStudent387}, {X=http://www.Department10.University0.edu/UndergraduateStudent345}, {X=http://www.Department10.University0.edu/UndergraduateStudent364}, {X=http://www.Department10.University0.edu/UndergraduateStudent375}, {X=http://www.Department10.University0.edu/UndergraduateStudent156}, {X=http://www.Department10.University0.edu/UndergraduateStudent337}, {X=http://www.Department10.University0.edu/UndergraduateStudent111}, {X=http://www.Department10.University0.edu/UndergraduateStudent55}, {X=http://www.Department10.University0.edu/UndergraduateStudent193}, {X=http://www.Department10.University0.edu/UndergraduateStudent108}, {X=http://www.Department10.University0.edu/UndergraduateStudent400}, {X=http://www.Department10.University0.edu/UndergraduateStudent69}, {X=http://www.Department10.University0.edu/UndergraduateStudent132}, {X=http://www.Department10.University0.edu/UndergraduateStudent99}, {X=http://www.Department10.University0.edu/UndergraduateStudent226}, {X=http://www.Department10.University0.edu/UndergraduateStudent362}, {X=http://www.Department10.University0.edu/UndergraduateStudent81}, {X=http://www.Department10.University0.edu/UndergraduateStudent203}, {X=http://www.Department10.University0.edu/UndergraduateStudent334}, {X=http://www.Department10.University0.edu/UndergraduateStudent378}, {X=http://www.Department10.University0.edu/UndergraduateStudent264}, {X=http://www.Department10.University0.edu/UndergraduateStudent338}, {X=http://www.Department10.University0.edu/UndergraduateStudent176}, {X=http://www.Department10.University0.edu/UndergraduateStudent45}, {X=http://www.Department10.University0.edu/UndergraduateStudent86}, {X=http://www.Department10.University0.edu/UndergraduateStudent165}, {X=http://www.Department10.University0.edu/UndergraduateStudent172}, {X=http://www.Department10.University0.edu/UndergraduateStudent268}, {X=http://www.Department10.University0.edu/UndergraduateStudent251}, {X=http://www.Department10.University0.edu/UndergraduateStudent254}, {X=http://www.Department10.University0.edu/UndergraduateStudent190}, {X=http://www.Department10.University0.edu/UndergraduateStudent408}, {X=http://www.Department10.University0.edu/UndergraduateStudent118}, {X=http://www.Department10.University0.edu/UndergraduateStudent367}, {X=http://www.Department10.University0.edu/UndergraduateStudent77}, {X=http://www.Department10.University0.edu/UndergraduateStudent374}, {X=http://www.Department10.University0.edu/UndergraduateStudent398}, {X=http://www.Department10.University0.edu/UndergraduateStudent135}, {X=http://www.Department10.University0.edu/UndergraduateStudent58}, {X=http://www.Department10.University0.edu/UndergraduateStudent306}, {X=http://www.Department10.University0.edu/UndergraduateStudent71}, {X=http://www.Department10.University0.edu/UndergraduateStudent157}, {X=http://www.Department10.University0.edu/UndergraduateStudent119}, {X=http://www.Department10.University0.edu/UndergraduateStudent235}, {X=http://www.Department10.University0.edu/UndergraduateStudent25}, {X=http://www.Department10.University0.edu/UndergraduateStudent325}, {X=http://www.Department10.University0.edu/UndergraduateStudent236}, {X=http://www.Department10.University0.edu/UndergraduateStudent96}, {X=http://www.Department10.University0.edu/UndergraduateStudent255}, {X=http://www.Department10.University0.edu/UndergraduateStudent0}, {X=http://www.Department10.University0.edu/UndergraduateStudent313}, {X=http://www.Department10.University0.edu/UndergraduateStudent399}, {X=http://www.Department10.University0.edu/UndergraduateStudent267}, {X=http://www.Department10.University0.edu/UndergraduateStudent38}, {X=http://www.Department10.University0.edu/UndergraduateStudent180}, {X=http://www.Department10.University0.edu/UndergraduateStudent101}, {X=http://www.Department10.University0.edu/UndergraduateStudent76}, {X=http://www.Department10.University0.edu/UndergraduateStudent143}, {X=http://www.Department10.University0.edu/UndergraduateStudent342}, {X=http://www.Department10.University0.edu/UndergraduateStudent168}, {X=http://www.Department10.University0.edu/UndergraduateStudent144}, {X=http://www.Department10.University0.edu/UndergraduateStudent6}, {X=http://www.Department10.University0.edu/UndergraduateStudent311}, {X=http://www.Department10.University0.edu/UndergraduateStudent152}, {X=http://www.Department10.University0.edu/UndergraduateStudent72}, {X=http://www.Department10.University0.edu/UndergraduateStudent341}, {X=http://www.Department10.University0.edu/UndergraduateStudent350}, {X=http://www.Department10.University0.edu/UndergraduateStudent336}, {X=http://www.Department10.University0.edu/UndergraduateStudent162}, {X=http://www.Department10.University0.edu/UndergraduateStudent159}, {X=http://www.Department10.University0.edu/UndergraduateStudent109}, {X=http://www.Department10.University0.edu/UndergraduateStudent365}, {X=http://www.Department10.University0.edu/UndergraduateStudent4}, {X=http://www.Department10.University0.edu/UndergraduateStudent379}, {X=http://www.Department10.University0.edu/UndergraduateStudent384}, {X=http://www.Department10.University0.edu/UndergraduateStudent192}, {X=http://www.Department10.University0.edu/UndergraduateStudent28}, {X=http://www.Department10.University0.edu/UndergraduateStudent42}, {X=http://www.Department10.University0.edu/UndergraduateStudent153}, {X=http://www.Department10.University0.edu/UndergraduateStudent160}, {X=http://www.Department10.University0.edu/UndergraduateStudent154}, {X=http://www.Department10.University0.edu/UndergraduateStudent18}, {X=http://www.Department10.University0.edu/UndergraduateStudent328}, {X=http://www.Department10.University0.edu/UndergraduateStudent315}, {X=http://www.Department10.University0.edu/UndergraduateStudent130}, {X=http://www.Department10.University0.edu/UndergraduateStudent34}, {X=http://www.Department10.University0.edu/UndergraduateStudent231}, {X=http://www.Department10.University0.edu/UndergraduateStudent229}, {X=http://www.Department10.University0.edu/UndergraduateStudent171}, {X=http://www.Department10.University0.edu/UndergraduateStudent303}, {X=http://www.Department10.University0.edu/UndergraduateStudent47}, {X=http://www.Department10.University0.edu/UndergraduateStudent94}, {X=http://www.Department10.University0.edu/UndergraduateStudent318}, {X=http://www.Department10.University0.edu/UndergraduateStudent35}, {X=http://www.Department10.University0.edu/UndergraduateStudent320}, {X=http://www.Department10.University0.edu/UndergraduateStudent113}, {X=http://www.Department10.University0.edu/UndergraduateStudent9}, {X=http://www.Department10.University0.edu/UndergraduateStudent258}, {X=http://www.Department10.University0.edu/UndergraduateStudent127}, {X=http://www.Department10.University0.edu/UndergraduateStudent373}, {X=http://www.Department10.University0.edu/UndergraduateStudent78}, {X=http://www.Department10.University0.edu/UndergraduateStudent238}, {X=http://www.Department10.University0.edu/UndergraduateStudent331}, {X=http://www.Department10.University0.edu/UndergraduateStudent209}, {X=http://www.Department10.University0.edu/UndergraduateStudent221}, {X=http://www.Department10.University0.edu/UndergraduateStudent326}, {X=http://www.Department10.University0.edu/UndergraduateStudent8}, {X=http://www.Department10.University0.edu/UndergraduateStudent87}, {X=http://www.Department10.University0.edu/UndergraduateStudent244}, {X=http://www.Department10.University0.edu/UndergraduateStudent300}, {X=http://www.Department10.University0.edu/UndergraduateStudent262}, {X=http://www.Department10.University0.edu/UndergraduateStudent10}, {X=http://www.Department10.University0.edu/UndergraduateStudent391}, {X=http://www.Department10.University0.edu/UndergraduateStudent356}, {X=http://www.Department10.University0.edu/UndergraduateStudent346}, {X=http://www.Department10.University0.edu/UndergraduateStudent185}, {X=http://www.Department10.University0.edu/UndergraduateStudent301}, {X=http://www.Department10.University0.edu/UndergraduateStudent404}, {X=http://www.Department10.University0.edu/UndergraduateStudent11}, {X=http://www.Department10.University0.edu/UndergraduateStudent316}, {X=http://www.Department10.University0.edu/UndergraduateStudent75}, {X=http://www.Department10.University0.edu/UndergraduateStudent93}, {X=http://www.Department10.University0.edu/UndergraduateStudent52}, {X=http://www.Department10.University0.edu/UndergraduateStudent358}, {X=http://www.Department10.University0.edu/UndergraduateStudent40}, {X=http://www.Department10.University0.edu/UndergraduateStudent37}, {X=http://www.Department10.University0.edu/UndergraduateStudent196}, {X=http://www.Department10.University0.edu/UndergraduateStudent164}, {X=http://www.Department10.University0.edu/UndergraduateStudent16}, {X=http://www.Department10.University0.edu/UndergraduateStudent17}, {X=http://www.Department10.University0.edu/UndergraduateStudent20}, {X=http://www.Department10.University0.edu/UndergraduateStudent294}, {X=http://www.Department10.University0.edu/UndergraduateStudent282}, {X=http://www.Department10.University0.edu/UndergraduateStudent388}, {X=http://www.Department10.University0.edu/UndergraduateStudent370}, {X=http://www.Department10.University0.edu/UndergraduateStudent216}, {X=http://www.Department10.University0.edu/UndergraduateStudent292}, {X=http://www.Department10.University0.edu/UndergraduateStudent340}, {X=http://www.Department10.University0.edu/UndergraduateStudent270}, {X=http://www.Department10.University0.edu/UndergraduateStudent309}, {X=http://www.Department10.University0.edu/UndergraduateStudent142}, {X=http://www.Department10.University0.edu/UndergraduateStudent310}, {X=http://www.Department10.University0.edu/UndergraduateStudent129}, {X=http://www.Department10.University0.edu/UndergraduateStudent249}, {X=http://www.Department10.University0.edu/UndergraduateStudent410}, {X=http://www.Department10.University0.edu/UndergraduateStudent147}, {X=http://www.Department10.University0.edu/UndergraduateStudent59}, {X=http://www.Department10.University0.edu/UndergraduateStudent181}, {X=http://www.Department10.University0.edu/UndergraduateStudent386}, {X=http://www.Department10.University0.edu/UndergraduateStudent213}, {X=http://www.Department10.University0.edu/UndergraduateStudent295}, {X=http://www.Department10.University0.edu/UndergraduateStudent396}, {X=http://www.Department10.University0.edu/UndergraduateStudent121}, {X=http://www.Department10.University0.edu/UndergraduateStudent212}, {X=http://www.Department10.University0.edu/UndergraduateStudent66}, {X=http://www.Department10.University0.edu/UndergraduateStudent61}, {X=http://www.Department10.University0.edu/UndergraduateStudent279}, {X=http://www.Department10.University0.edu/UndergraduateStudent74}, {X=http://www.Department10.University0.edu/UndergraduateStudent198}, {X=http://www.Department10.University0.edu/UndergraduateStudent277}, {X=http://www.Department10.University0.edu/UndergraduateStudent240}, {X=http://www.Department10.University0.edu/UndergraduateStudent304}, {X=http://www.Department10.University0.edu/UndergraduateStudent204}, {X=http://www.Department10.University0.edu/UndergraduateStudent252}, {X=http://www.Department10.University0.edu/UndergraduateStudent214}, {X=http://www.Department10.University0.edu/UndergraduateStudent149}, {X=http://www.Department10.University0.edu/UndergraduateStudent116}, {X=http://www.Department10.University0.edu/UndergraduateStudent299}, {X=http://www.Department10.University0.edu/UndergraduateStudent3}, {X=http://www.Department10.University0.edu/UndergraduateStudent15}, {X=http://www.Department10.University0.edu/UndergraduateStudent261}, {X=http://www.Department10.University0.edu/UndergraduateStudent80}, {X=http://www.Department10.University0.edu/UndergraduateStudent369}, {X=http://www.Department10.University0.edu/UndergraduateStudent406}, {X=http://www.Department10.University0.edu/UndergraduateStudent175}, {X=http://www.Department10.University0.edu/UndergraduateStudent148}, {X=http://www.Department10.University0.edu/UndergraduateStudent228}, {X=http://www.Department10.University0.edu/UndergraduateStudent122}, {X=http://www.Department10.University0.edu/UndergraduateStudent102}, {X=http://www.Department10.University0.edu/UndergraduateStudent354}, {X=http://www.Department10.University0.edu/UndergraduateStudent174}, {X=http://www.Department10.University0.edu/UndergraduateStudent155}, {X=http://www.Department10.University0.edu/UndergraduateStudent349}, {X=http://www.Department10.University0.edu/UndergraduateStudent219}, {X=http://www.Department10.University0.edu/UndergraduateStudent243}, {X=http://www.Department10.University0.edu/UndergraduateStudent26}, {X=http://www.Department10.University0.edu/UndergraduateStudent247}, {X=http://www.Department10.University0.edu/UndergraduateStudent272}, {X=http://www.Department10.University0.edu/UndergraduateStudent239}, {X=http://www.Department10.University0.edu/UndergraduateStudent13}, {X=http://www.Department10.University0.edu/UndergraduateStudent195}, {X=http://www.Department10.University0.edu/UndergraduateStudent183}, {X=http://www.Department10.University0.edu/UndergraduateStudent163}, {X=http://www.Department10.University0.edu/UndergraduateStudent27}, {X=http://www.Department10.University0.edu/UndergraduateStudent30}, {X=http://www.Department10.University0.edu/UndergraduateStudent125}, {X=http://www.Department10.University0.edu/UndergraduateStudent14}, {X=http://www.Department10.University0.edu/UndergraduateStudent70}, {X=http://www.Department10.University0.edu/UndergraduateStudent53}, {X=http://www.Department10.University0.edu/UndergraduateStudent329}, {X=http://www.Department10.University0.edu/UndergraduateStudent139}, {X=http://www.Department10.University0.edu/UndergraduateStudent333}, {X=http://www.Department10.University0.edu/UndergraduateStudent359}, {X=http://www.Department10.University0.edu/UndergraduateStudent187}, {X=http://www.Department10.University0.edu/UndergraduateStudent202}, {X=http://www.Department10.University0.edu/UndergraduateStudent385}, {X=http://www.Department10.University0.edu/UndergraduateStudent286}, {X=http://www.Department10.University0.edu/UndergraduateStudent206}, {X=http://www.Department10.University0.edu/UndergraduateStudent225}, {X=http://www.Department10.University0.edu/UndergraduateStudent182}, {X=http://www.Department10.University0.edu/UndergraduateStudent283}, {X=http://www.Department10.University0.edu/UndergraduateStudent161}, {X=http://www.Department10.University0.edu/UndergraduateStudent23}, {X=http://www.Department10.University0.edu/UndergraduateStudent401}, {X=http://www.Department10.University0.edu/UndergraduateStudent321}, {X=http://www.Department10.University0.edu/UndergraduateStudent296}, {X=http://www.Department10.University0.edu/UndergraduateStudent178}, {X=http://www.Department10.University0.edu/UndergraduateStudent344}, {X=http://www.Department10.University0.edu/UndergraduateStudent257}, {X=http://www.Department10.University0.edu/UndergraduateStudent63}, {X=http://www.Department10.University0.edu/UndergraduateStudent383}, {X=http://www.Department10.University0.edu/UndergraduateStudent57}, {X=http://www.Department10.University0.edu/UndergraduateStudent335}, {X=http://www.Department10.University0.edu/UndergraduateStudent207}, {X=http://www.Department10.University0.edu/UndergraduateStudent248}, {X=http://www.Department10.University0.edu/UndergraduateStudent298}, {X=http://www.Department10.University0.edu/UndergraduateStudent90}, {X=http://www.Department10.University0.edu/UndergraduateStudent194}, {X=http://www.Department10.University0.edu/UndergraduateStudent173}, {X=http://www.Department10.University0.edu/UndergraduateStudent39}, {X=http://www.Department10.University0.edu/UndergraduateStudent217}, {X=http://www.Department10.University0.edu/UndergraduateStudent158}, {X=http://www.Department10.University0.edu/UndergraduateStudent211}, {X=http://www.Department10.University0.edu/UndergraduateStudent382}, {X=http://www.Department10.University0.edu/UndergraduateStudent201}, {X=http://www.Department10.University0.edu/UndergraduateStudent353}, {X=http://www.Department10.University0.edu/UndergraduateStudent2}, {X=http://www.Department10.University0.edu/UndergraduateStudent62}, {X=http://www.Department10.University0.edu/UndergraduateStudent22}, {X=http://www.Department10.University0.edu/UndergraduateStudent234}, {X=http://www.Department10.University0.edu/UndergraduateStudent308}, {X=http://www.Department10.University0.edu/UndergraduateStudent97}, {X=http://www.Department10.University0.edu/UndergraduateStudent377}, {X=http://www.Department10.University0.edu/UndergraduateStudent41}, {X=http://www.Department10.University0.edu/UndergraduateStudent250}, {X=http://www.Department10.University0.edu/UndergraduateStudent330}, {X=http://www.Department10.University0.edu/UndergraduateStudent227}, {X=http://www.Department10.University0.edu/UndergraduateStudent199}, {X=http://www.Department10.University0.edu/UndergraduateStudent265}, {X=http://www.Department10.University0.edu/UndergraduateStudent131}, {X=http://www.Department10.University0.edu/UndergraduateStudent48}, {X=http://www.Department10.University0.edu/UndergraduateStudent137}, {X=http://www.Department10.University0.edu/UndergraduateStudent281}, {X=http://www.Department10.University0.edu/UndergraduateStudent166}, {X=http://www.Department10.University0.edu/UndergraduateStudent233}, {X=http://www.Department10.University0.edu/UndergraduateStudent67}, {X=http://www.Department10.University0.edu/UndergraduateStudent85}, {X=http://www.Department10.University0.edu/UndergraduateStudent88}, {X=http://www.Department10.University0.edu/UndergraduateStudent120}, {X=http://www.Department10.University0.edu/UndergraduateStudent36}, {X=http://www.Department10.University0.edu/UndergraduateStudent151}, {X=http://www.Department10.University0.edu/UndergraduateStudent82}, {X=http://www.Department10.University0.edu/UndergraduateStudent241}, {X=http://www.Department10.University0.edu/UndergraduateStudent126}, {X=http://www.Department10.University0.edu/UndergraduateStudent184}, {X=http://www.Department10.University0.edu/UndergraduateStudent12}, {X=http://www.Department10.University0.edu/UndergraduateStudent169}, {X=http://www.Department10.University0.edu/UndergraduateStudent133}, {X=http://www.Department10.University0.edu/UndergraduateStudent84}, {X=http://www.Department10.University0.edu/UndergraduateStudent403}, {X=http://www.Department10.University0.edu/UndergraduateStudent60}, {X=http://www.Department10.University0.edu/UndergraduateStudent402}, {X=http://www.Department10.University0.edu/UndergraduateStudent210}, {X=http://www.Department10.University0.edu/UndergraduateStudent123}, {X=http://www.Department10.University0.edu/UndergraduateStudent167}, {X=http://www.Department10.University0.edu/UndergraduateStudent361}, {X=http://www.Department10.University0.edu/UndergraduateStudent200}, {X=http://www.Department10.University0.edu/UndergraduateStudent29}, {X=http://www.Department10.University0.edu/UndergraduateStudent271}, {X=http://www.Department10.University0.edu/UndergraduateStudent322}, {X=http://www.Department10.University0.edu/UndergraduateStudent33}, {X=http://www.Department10.University0.edu/UndergraduateStudent405}, {X=http://www.Department10.University0.edu/UndergraduateStudent146}, {X=http://www.Department10.University0.edu/UndergraduateStudent56}, {X=http://www.Department10.University0.edu/UndergraduateStudent107}, {X=http://www.Department10.University0.edu/UndergraduateStudent170}, {X=http://www.Department10.University0.edu/UndergraduateStudent395}, {X=http://www.Department10.University0.edu/UndergraduateStudent230}, {X=http://www.Department10.University0.edu/UndergraduateStudent352}, {X=http://www.Department10.University0.edu/UndergraduateStudent110}, {X=http://www.Department10.University0.edu/UndergraduateStudent312}, {X=http://www.Department10.University0.edu/UndergraduateStudent141}, {X=http://www.Department10.University0.edu/UndergraduateStudent380}, {X=http://www.Department10.University0.edu/UndergraduateStudent389}, {X=http://www.Department10.University0.edu/UndergraduateStudent363}, {X=http://www.Department10.University0.edu/UndergraduateStudent105}, {X=http://www.Department10.University0.edu/UndergraduateStudent280}, {X=http://www.Department10.University0.edu/UndergraduateStudent115}, {X=http://www.Department10.University0.edu/UndergraduateStudent191}, {X=http://www.Department10.University0.edu/UndergraduateStudent79}, {X=http://www.Department10.University0.edu/UndergraduateStudent259}, {X=http://www.Department10.University0.edu/UndergraduateStudent324}, {X=http://www.Department10.University0.edu/UndergraduateStudent188}, {X=http://www.Department10.University0.edu/UndergraduateStudent100}, {X=http://www.Department10.University0.edu/UndergraduateStudent50}, {X=http://www.Department10.University0.edu/UndergraduateStudent65}, {X=http://www.Department10.University0.edu/UndergraduateStudent49}, {X=http://www.Department10.University0.edu/UndergraduateStudent140}, {X=http://www.Department10.University0.edu/UndergraduateStudent189}, {X=http://www.Department10.University0.edu/UndergraduateStudent366}, {X=http://www.Department10.University0.edu/UndergraduateStudent138}, {X=http://www.Department10.University0.edu/UndergraduateStudent136}, {X=http://www.Department10.University0.edu/UndergraduateStudent327}, {X=http://www.Department10.University0.edu/UndergraduateStudent269}, {X=http://www.Department10.University0.edu/UndergraduateStudent73}, {X=http://www.Department10.University0.edu/UndergraduateStudent103}, {X=http://www.Department10.University0.edu/UndergraduateStudent54}, {X=http://www.Department10.University0.edu/UndergraduateStudent368}, {X=http://www.Department10.University0.edu/UndergraduateStudent215}, {X=http://www.Department10.University0.edu/UndergraduateStudent351}, {X=http://www.Department10.University0.edu/UndergraduateStudent5}, {X=http://www.Department10.University0.edu/UndergraduateStudent134}, {X=http://www.Department10.University0.edu/UndergraduateStudent276}, {X=http://www.Department10.University0.edu/UndergraduateStudent253}, {X=http://www.Department10.University0.edu/UndergraduateStudent91}, {X=http://www.Department10.University0.edu/UndergraduateStudent355}, {X=http://www.Department10.University0.edu/UndergraduateStudent245}, {X=http://www.Department10.University0.edu/UndergraduateStudent357}, {X=http://www.Department10.University0.edu/UndergraduateStudent260}, {X=http://www.Department10.University0.edu/UndergraduateStudent150}, {X=http://www.Department10.University0.edu/UndergraduateStudent106}, {X=http://www.Department10.University0.edu/UndergraduateStudent305}, {X=http://www.Department10.University0.edu/UndergraduateStudent290}, {X=http://www.Department10.University0.edu/UndergraduateStudent343}, {X=http://www.Department10.University0.edu/UndergraduateStudent246}, {X=http://www.Department10.University0.edu/UndergraduateStudent302}, {X=http://www.Department10.University0.edu/UndergraduateStudent407}, {X=http://www.Department10.University0.edu/UndergraduateStudent348}, {X=http://www.Department10.University0.edu/UndergraduateStudent273}, {X=http://www.Department10.University0.edu/UndergraduateStudent128}, {X=http://www.Department10.University0.edu/UndergraduateStudent92}, {X=http://www.Department10.University0.edu/UndergraduateStudent7}, {X=http://www.Department10.University0.edu/UndergraduateStudent220}, {X=http://www.Department10.University0.edu/UndergraduateStudent409}, {X=http://www.Department10.University0.edu/UndergraduateStudent297}, {X=http://www.Department10.University0.edu/UndergraduateStudent83}, {X=http://www.Department10.University0.edu/UndergraduateStudent339}, {X=http://www.Department10.University0.edu/UndergraduateStudent394}, {X=http://www.Department10.University0.edu/UndergraduateStudent376}, {X=http://www.Department10.University0.edu/UndergraduateStudent21}, {X=http://www.Department10.University0.edu/UndergraduateStudent293}, {X=http://www.Department10.University0.edu/UndergraduateStudent218}, {X=http://www.Department10.University0.edu/UndergraduateStudent31}, {X=http://www.Department10.University0.edu/UndergraduateStudent314}, {X=http://www.Department10.University0.edu/UndergraduateStudent332}, {X=http://www.Department10.University0.edu/UndergraduateStudent284}, {X=http://www.Department10.University0.edu/UndergraduateStudent397}, {X=http://www.Department10.University0.edu/UndergraduateStudent51}, {X=http://www.Department10.University0.edu/UndergraduateStudent104}, {X=http://www.Department10.University0.edu/UndergraduateStudent323}, {X=http://www.Department10.University0.edu/UndergraduateStudent24}, {X=http://www.Department10.University0.edu/UndergraduateStudent317}, {X=http://www.Department10.University0.edu/UndergraduateStudent64}, {X=http://www.Department10.University0.edu/UndergraduateStudent46}, {X=http://www.Department10.University0.edu/UndergraduateStudent266}, {X=http://www.Department10.University0.edu/UndergraduateStudent256}, {X=http://www.Department10.University0.edu/UndergraduateStudent222}, {X=http://www.Department10.University0.edu/UndergraduateStudent347}, {X=http://www.Department10.University0.edu/UndergraduateStudent275}, {X=http://www.Department10.University0.edu/UndergraduateStudent205}, {X=http://www.Department10.University0.edu/UndergraduateStudent381}, {X=http://www.Department10.University0.edu/UndergraduateStudent291}, {X=http://www.Department10.University0.edu/UndergraduateStudent145}, {X=http://www.Department10.University0.edu/UndergraduateStudent237}, {X=http://www.Department10.University0.edu/UndergraduateStudent124}, {X=http://www.Department10.University0.edu/UndergraduateStudent197}, {X=http://www.Department10.University0.edu/UndergraduateStudent242}, {X=http://www.Department10.University0.edu/UndergraduateStudent372}, {X=http://www.Department10.University0.edu/UndergraduateStudent177}, {X=http://www.Department10.University0.edu/UndergraduateStudent43}, {X=http://www.Department10.University0.edu/UndergraduateStudent392}, {X=http://www.Department10.University0.edu/UndergraduateStudent98}, {X=http://www.Department10.University0.edu/UndergraduateStudent223}, {X=http://www.Department10.University0.edu/UndergraduateStudent32}, {X=http://www.Department10.University0.edu/UndergraduateStudent319}, {X=http://www.Department10.University0.edu/UndergraduateStudent112}, {X=http://www.Department10.University0.edu/UndergraduateStudent44}, {X=http://www.Department10.University0.edu/UndergraduateStudent117}, {X=http://www.Department10.University0.edu/UndergraduateStudent289}, {X=http://www.Department10.University0.edu/UndergraduateStudent371}, {X=http://www.Department10.University0.edu/UndergraduateStudent263}, {X=http://www.Department10.University0.edu/UndergraduateStudent19}, {X=http://www.Department10.University0.edu/UndergraduateStudent390}, {X=http://www.Department10.University0.edu/UndergraduateStudent307}, {X=http://www.Department10.University0.edu/UndergraduateStudent1}, {X=http://www.Department10.University0.edu/UndergraduateStudent95}, {X=http://www.Department10.University0.edu/UndergraduateStudent288}, {X=http://www.Department10.University0.edu/UndergraduateStudent393}, {X=http://www.Department10.University0.edu/UndergraduateStudent208}, {X=http://www.Department10.University0.edu/UndergraduateStudent68}, {X=http://www.Department10.University0.edu/UndergraduateStudent186}, {X=http://www.Department10.University0.edu/UndergraduateStudent114}, {X=http://www.Department10.University0.edu/UndergraduateStudent278}, {X=http://www.Department10.University0.edu/UndergraduateStudent232}, {X=http://www.Department10.University0.edu/UndergraduateStudent179}, {X=http://www.Department10.University0.edu/UndergraduateStudent360}, {X=http://www.Department10.University0.edu/UndergraduateStudent287}, {X=http://www.Department10.University0.edu/UndergraduateStudent274}, {X=http://www.Department10.University0.edu/UndergraduateStudent89}, {X=http://www.Department10.University0.edu/UndergraduateStudent285}, {X=http://www.Department10.University0.edu/UndergraduateStudent224}, {X=http://www.Department10.University0.edu/UndergraduateStudent387}, {X=http://www.Department10.University0.edu/UndergraduateStudent345}, {X=http://www.Department10.University0.edu/UndergraduateStudent364}, {X=http://www.Department10.University0.edu/UndergraduateStudent375}, {X=http://www.Department10.University0.edu/UndergraduateStudent156}, {X=http://www.Department10.University0.edu/UndergraduateStudent337}, {X=http://www.Department10.University0.edu/UndergraduateStudent111}, {X=http://www.Department10.University0.edu/UndergraduateStudent55}, {X=http://www.Department10.University0.edu/UndergraduateStudent193}, {X=http://www.Department10.University0.edu/UndergraduateStudent108}, {X=http://www.Department10.University0.edu/UndergraduateStudent400}, {X=http://www.Department10.University0.edu/UndergraduateStudent69}, {X=http://www.Department10.University0.edu/UndergraduateStudent132}, {X=http://www.Department10.University0.edu/UndergraduateStudent99}, {X=http://www.Department10.University0.edu/UndergraduateStudent226}, {X=http://www.Department10.University0.edu/UndergraduateStudent362}, {X=http://www.Department10.University0.edu/UndergraduateStudent81}, {X=http://www.Department10.University0.edu/UndergraduateStudent203}, {X=http://www.Department10.University0.edu/UndergraduateStudent334}, {X=http://www.Department10.University0.edu/UndergraduateStudent378}, {X=http://www.Department10.University0.edu/UndergraduateStudent264}, {X=http://www.Department10.University0.edu/UndergraduateStudent338}, {X=http://www.Department10.University0.edu/UndergraduateStudent176}, {X=http://www.Department10.University0.edu/UndergraduateStudent45}, {X=http://www.Department10.University0.edu/UndergraduateStudent86}, {X=http://www.Department10.University0.edu/UndergraduateStudent165}, {X=http://www.Department10.University0.edu/UndergraduateStudent172}, {X=http://www.Department10.University0.edu/UndergraduateStudent268}, {X=http://www.Department10.University0.edu/UndergraduateStudent251}, {X=http://www.Department10.University0.edu/UndergraduateStudent254}, {X=http://www.Department10.University0.edu/UndergraduateStudent190}, {X=http://www.Department10.University0.edu/UndergraduateStudent408}, {X=http://www.Department10.University0.edu/UndergraduateStudent118}, {X=http://www.Department10.University0.edu/UndergraduateStudent367}, {X=http://www.Department10.University0.edu/UndergraduateStudent77}, {X=http://www.Department10.University0.edu/UndergraduateStudent374}, {X=http://www.Department10.University0.edu/UndergraduateStudent398}, {X=http://www.Department10.University0.edu/UndergraduateStudent135}, {X=http://www.Department10.University0.edu/UndergraduateStudent58}, {X=http://www.Department10.University0.edu/UndergraduateStudent306}, {X=http://www.Department10.University0.edu/UndergraduateStudent71}, {X=http://www.Department10.University0.edu/UndergraduateStudent157}, {X=http://www.Department10.University0.edu/UndergraduateStudent119}, {X=http://www.Department10.University0.edu/UndergraduateStudent235}, {X=http://www.Department10.University0.edu/UndergraduateStudent25}, {X=http://www.Department10.University0.edu/UndergraduateStudent325}, {X=http://www.Department10.University0.edu/UndergraduateStudent236}, {X=http://www.Department10.University0.edu/UndergraduateStudent96}, {X=http://www.Department10.University0.edu/UndergraduateStudent255}, {X=http://www.Department10.University0.edu/UndergraduateStudent0}, {X=http://www.Department10.University0.edu/UndergraduateStudent313}, {X=http://www.Department10.University0.edu/UndergraduateStudent399}, {X=http://www.Department10.University0.edu/UndergraduateStudent267}, {X=http://www.Department10.University0.edu/UndergraduateStudent38}, {X=http://www.Department10.University0.edu/UndergraduateStudent180}, {X=http://www.Department10.University0.edu/UndergraduateStudent101}, {X=http://www.Department10.University0.edu/UndergraduateStudent76}, {X=http://www.Department10.University0.edu/UndergraduateStudent143}, {X=http://www.Department10.University0.edu/UndergraduateStudent342}, {X=http://www.Department10.University0.edu/UndergraduateStudent168}, {X=http://www.Department10.University0.edu/UndergraduateStudent144}, {X=http://www.Department10.University0.edu/UndergraduateStudent6}, {X=http://www.Department10.University0.edu/UndergraduateStudent311}, {X=http://www.Department10.University0.edu/UndergraduateStudent152}, {X=http://www.Department10.University0.edu/UndergraduateStudent72}, {X=http://www.Department10.University0.edu/UndergraduateStudent341}, {X=http://www.Department10.University0.edu/UndergraduateStudent350}, {X=http://www.Department10.University0.edu/UndergraduateStudent336}, {X=http://www.Department10.University0.edu/UndergraduateStudent162}, {X=http://www.Department10.University0.edu/UndergraduateStudent159}, {X=http://www.Department10.University0.edu/UndergraduateStudent109}, {X=http://www.Department10.University0.edu/UndergraduateStudent365}, {X=http://www.Department10.University0.edu/UndergraduateStudent4}, {X=http://www.Department10.University0.edu/UndergraduateStudent379}, {X=http://www.Department10.University0.edu/UndergraduateStudent384}, {X=http://www.Department10.University0.edu/UndergraduateStudent192}, {X=http://www.Department10.University0.edu/UndergraduateStudent28}, {X=http://www.Department10.University0.edu/UndergraduateStudent42}, {X=http://www.Department10.University0.edu/UndergraduateStudent153}, {X=http://www.Department10.University0.edu/UndergraduateStudent160}, {X=http://www.Department10.University0.edu/UndergraduateStudent154}, {X=http://www.Department10.University0.edu/UndergraduateStudent18}, {X=http://www.Department10.University0.edu/UndergraduateStudent328}, {X=http://www.Department10.University0.edu/UndergraduateStudent315}, {X=http://www.Department10.University0.edu/UndergraduateStudent130}, {X=http://www.Department10.University0.edu/UndergraduateStudent34}, {X=http://www.Department10.University0.edu/UndergraduateStudent231}, {X=http://www.Department10.University0.edu/UndergraduateStudent229}, {X=http://www.Department10.University0.edu/UndergraduateStudent171}, {X=http://www.Department10.University0.edu/UndergraduateStudent303}, {X=http://www.Department10.University0.edu/UndergraduateStudent47}, {X=http://www.Department10.University0.edu/UndergraduateStudent94}, {X=http://www.Department10.University0.edu/UndergraduateStudent318}, {X=http://www.Department10.University0.edu/UndergraduateStudent35}, {X=http://www.Department10.University0.edu/UndergraduateStudent320}, {X=http://www.Department10.University0.edu/UndergraduateStudent113}, {X=http://www.Department10.University0.edu/UndergraduateStudent9}, {X=http://www.Department10.University0.edu/UndergraduateStudent258}, {X=http://www.Department10.University0.edu/UndergraduateStudent127}, {X=http://www.Department10.University0.edu/UndergraduateStudent373}, {X=http://www.Department10.University0.edu/UndergraduateStudent78}, {X=http://www.Department10.University0.edu/UndergraduateStudent238}, {X=http://www.Department10.University0.edu/UndergraduateStudent331}, {X=http://www.Department10.University0.edu/UndergraduateStudent209}, {X=http://www.Department10.University0.edu/UndergraduateStudent221}, {X=http://www.Department10.University0.edu/UndergraduateStudent326}, {X=http://www.Department10.University0.edu/UndergraduateStudent8}, {X=http://www.Department10.University0.edu/UndergraduateStudent87}, {X=http://www.Department10.University0.edu/UndergraduateStudent244}, {X=http://www.Department10.University0.edu/UndergraduateStudent300}, {X=http://www.Department10.University0.edu/UndergraduateStudent262}, {X=http://www.Department10.University0.edu/UndergraduateStudent10}, {X=http://www.Department10.University0.edu/UndergraduateStudent391}, {X=http://www.Department10.University0.edu/UndergraduateStudent356}, {X=http://www.Department10.University0.edu/UndergraduateStudent346}, {X=http://www.Department10.University0.edu/UndergraduateStudent185}, {X=http://www.Department10.University0.edu/UndergraduateStudent301}, {X=http://www.Department10.University0.edu/UndergraduateStudent404}, {X=http://www.Department10.University0.edu/UndergraduateStudent11}, {X=http://www.Department10.University0.edu/UndergraduateStudent316}, {X=http://www.Department10.University0.edu/UndergraduateStudent75}, {X=http://www.Department10.University0.edu/UndergraduateStudent93}, {X=http://www.Department10.University0.edu/UndergraduateStudent52}, {X=http://www.Department10.University0.edu/UndergraduateStudent358}, {X=http://www.Department10.University0.edu/UndergraduateStudent40}, {X=http://www.Department10.University0.edu/UndergraduateStudent37}, {X=http://www.Department10.University0.edu/UndergraduateStudent196}, {X=http://www.Department10.University0.edu/UndergraduateStudent164}, {X=http://www.Department10.University0.edu/UndergraduateStudent16}, {X=http://www.Department10.University0.edu/UndergraduateStudent17}, {X=http://www.Department10.University0.edu/UndergraduateStudent20}, {X=http://www.Department10.University0.edu/UndergraduateStudent294}, {X=http://www.Department10.University0.edu/UndergraduateStudent282}, {X=http://www.Department10.University0.edu/UndergraduateStudent388}, {X=http://www.Department10.University0.edu/UndergraduateStudent370}, {X=http://www.Department10.University0.edu/UndergraduateStudent216}, {X=http://www.Department10.University0.edu/UndergraduateStudent292}, {X=http://www.Department10.University0.edu/UndergraduateStudent340}, {X=http://www.Department10.University0.edu/UndergraduateStudent270}, {X=http://www.Department10.University0.edu/UndergraduateStudent309}, {X=http://www.Department10.University0.edu/UndergraduateStudent142}, {X=http://www.Department10.University0.edu/UndergraduateStudent310}, {X=http://www.Department10.University0.edu/UndergraduateStudent129}, {X=http://www.Department10.University0.edu/UndergraduateStudent249}, {X=http://www.Department10.University0.edu/UndergraduateStudent410}, {X=http://www.Department10.University0.edu/UndergraduateStudent147}, {X=http://www.Department10.University0.edu/UndergraduateStudent59}, {X=http://www.Department10.University0.edu/UndergraduateStudent181}, {X=http://www.Department10.University0.edu/UndergraduateStudent386}, {X=http://www.Department10.University0.edu/UndergraduateStudent213}, {X=http://www.Department10.University0.edu/UndergraduateStudent295}, {X=http://www.Department10.University0.edu/UndergraduateStudent396}, {X=http://www.Department10.University0.edu/UndergraduateStudent121}, {X=http://www.Department10.University0.edu/UndergraduateStudent212}, {X=http://www.Department10.University0.edu/UndergraduateStudent66}, {X=http://www.Department10.University0.edu/UndergraduateStudent61}, {X=http://www.Department10.University0.edu/UndergraduateStudent279}, {X=http://www.Department10.University0.edu/UndergraduateStudent74}, {X=http://www.Department10.University0.edu/UndergraduateStudent198}, {X=http://www.Department10.University0.edu/UndergraduateStudent277}, {X=http://www.Department10.University0.edu/UndergraduateStudent240}, {X=http://www.Department10.University0.edu/UndergraduateStudent304}, {X=http://www.Department10.University0.edu/UndergraduateStudent204}, {X=http://www.Department10.University0.edu/UndergraduateStudent252}, {X=http://www.Department10.University0.edu/UndergraduateStudent214}, {X=http://www.Department10.University0.edu/UndergraduateStudent149}, {X=http://www.Department10.University0.edu/UndergraduateStudent116}, {X=http://www.Department10.University0.edu/UndergraduateStudent299}, {X=http://www.Department10.University0.edu/UndergraduateStudent3}, {X=http://www.Department10.University0.edu/UndergraduateStudent15}, {X=http://www.Department10.University0.edu/UndergraduateStudent261}, {X=http://www.Department10.University0.edu/UndergraduateStudent80}, {X=http://www.Department10.University0.edu/UndergraduateStudent369}, {X=http://www.Department10.University0.edu/UndergraduateStudent406}, {X=http://www.Department10.University0.edu/UndergraduateStudent175}, {X=http://www.Department10.University0.edu/UndergraduateStudent148}, {X=http://www.Department10.University0.edu/UndergraduateStudent228}, {X=http://www.Department10.University0.edu/UndergraduateStudent122}, {X=http://www.Department10.University0.edu/UndergraduateStudent102}, {X=http://www.Department10.University0.edu/UndergraduateStudent354}, {X=http://www.Department10.University0.edu/UndergraduateStudent174}, {X=http://www.Department10.University0.edu/UndergraduateStudent155}, {X=http://www.Department10.University0.edu/UndergraduateStudent349}, {X=http://www.Department10.University0.edu/UndergraduateStudent219}, {X=http://www.Department10.University0.edu/UndergraduateStudent243}, {X=http://www.Department10.University0.edu/UndergraduateStudent26}, {X=http://www.Department10.University0.edu/UndergraduateStudent247}, {X=http://www.Department10.University0.edu/UndergraduateStudent272}, {X=http://www.Department10.University0.edu/UndergraduateStudent239}, {X=http://www.Department10.University0.edu/UndergraduateStudent13}, {X=http://www.Department10.University0.edu/UndergraduateStudent195}, {X=http://www.Department10.University0.edu/UndergraduateStudent183}, {X=http://www.Department10.University0.edu/UndergraduateStudent163}, {X=http://www.Department10.University0.edu/UndergraduateStudent27}, {X=http://www.Department10.University0.edu/UndergraduateStudent30}, {X=http://www.Department10.University0.edu/UndergraduateStudent125}, {X=http://www.Department10.University0.edu/UndergraduateStudent14}, {X=http://www.Department10.University0.edu/UndergraduateStudent70}, {X=http://www.Department10.University0.edu/UndergraduateStudent53}, {X=http://www.Department10.University0.edu/UndergraduateStudent329}, {X=http://www.Department10.University0.edu/UndergraduateStudent139}, {X=http://www.Department10.University0.edu/UndergraduateStudent333}, {X=http://www.Department10.University0.edu/UndergraduateStudent359}, {X=http://www.Department10.University0.edu/UndergraduateStudent187}, {X=http://www.Department10.University0.edu/UndergraduateStudent202}, {X=http://www.Department10.University0.edu/UndergraduateStudent385}, {X=http://www.Department10.University0.edu/UndergraduateStudent286}, {X=http://www.Department10.University0.edu/UndergraduateStudent206}, {X=http://www.Department10.University0.edu/UndergraduateStudent225}, {X=http://www.Department10.University0.edu/UndergraduateStudent182}, {X=http://www.Department10.University0.edu/UndergraduateStudent283}, {X=http://www.Department10.University0.edu/UndergraduateStudent161}, {X=http://www.Department10.University0.edu/UndergraduateStudent23}, {X=http://www.Department10.University0.edu/UndergraduateStudent401}, {X=http://www.Department10.University0.edu/UndergraduateStudent321}, {X=http://www.Department10.University0.edu/UndergraduateStudent296}, {X=http://www.Department10.University0.edu/UndergraduateStudent178}, {X=http://www.Department10.University0.edu/UndergraduateStudent344}, {X=http://www.Department10.University0.edu/UndergraduateStudent257}, {X=http://www.Department10.University0.edu/UndergraduateStudent63}, {X=http://www.Department10.University0.edu/UndergraduateStudent383}, {X=http://www.Department10.University0.edu/UndergraduateStudent57}, {X=http://www.Department10.University0.edu/UndergraduateStudent335}, {X=http://www.Department10.University0.edu/UndergraduateStudent207}, {X=http://www.Department10.University0.edu/UndergraduateStudent248}, {X=http://www.Department10.University0.edu/UndergraduateStudent298}, {X=http://www.Department10.University0.edu/UndergraduateStudent90}, {X=http://www.Department10.University0.edu/UndergraduateStudent194}, {X=http://www.Department10.University0.edu/UndergraduateStudent173}, {X=http://www.Department10.University0.edu/UndergraduateStudent39}, {X=http://www.Department10.University0.edu/UndergraduateStudent217}, {X=http://www.Department10.University0.edu/UndergraduateStudent158}, {X=http://www.Department10.University0.edu/UndergraduateStudent211}, {X=http://www.Department10.University0.edu/UndergraduateStudent382}, {X=http://www.Department10.University0.edu/UndergraduateStudent201}, {X=http://www.Department10.University0.edu/UndergraduateStudent353}, {X=http://www.Department10.University0.edu/UndergraduateStudent2}, {X=http://www.Department10.University0.edu/UndergraduateStudent62}, {X=http://www.Department10.University0.edu/UndergraduateStudent22}, {X=http://www.Department10.University0.edu/UndergraduateStudent234}, {X=http://www.Department10.University0.edu/UndergraduateStudent308}, {X=http://www.Department10.University0.edu/UndergraduateStudent97}, {X=http://www.Department10.University0.edu/UndergraduateStudent377}, {X=http://www.Department10.University0.edu/UndergraduateStudent41}, {X=http://www.Department10.University0.edu/UndergraduateStudent250}, {X=http://www.Department10.University0.edu/UndergraduateStudent330}, {X=http://www.Department10.University0.edu/UndergraduateStudent227}, {X=http://www.Department10.University0.edu/UndergraduateStudent199}, {X=http://www.Department10.University0.edu/UndergraduateStudent265}, {X=http://www.Department10.University0.edu/UndergraduateStudent131}, {X=http://www.Department10.University0.edu/UndergraduateStudent48}, {X=http://www.Department10.University0.edu/UndergraduateStudent137}, {X=http://www.Department10.University0.edu/UndergraduateStudent281}, {X=http://www.Department10.University0.edu/UndergraduateStudent166}, {X=http://www.Department10.University0.edu/UndergraduateStudent233}, {X=http://www.Department10.University0.edu/UndergraduateStudent67}, {X=http://www.Department10.University0.edu/UndergraduateStudent85}, {X=http://www.Department10.University0.edu/UndergraduateStudent88}, {X=http://www.Department10.University0.edu/UndergraduateStudent120}, {X=http://www.Department10.University0.edu/UndergraduateStudent36}, {X=http://www.Department10.University0.edu/UndergraduateStudent151}, {X=http://www.Department10.University0.edu/UndergraduateStudent82}, {X=http://www.Department10.University0.edu/UndergraduateStudent241}, {X=http://www.Department10.University0.edu/UndergraduateStudent126}, {X=http://www.Department10.University0.edu/UndergraduateStudent184}, {X=http://www.Department10.University0.edu/UndergraduateStudent12}, {X=http://www.Department10.University0.edu/UndergraduateStudent169}, {X=http://www.Department10.University0.edu/UndergraduateStudent133}, {X=http://www.Department10.University0.edu/UndergraduateStudent84}, {X=http://www.Department10.University0.edu/UndergraduateStudent403}, {X=http://www.Department10.University0.edu/UndergraduateStudent60}, {X=http://www.Department10.University0.edu/UndergraduateStudent402}, {X=http://www.Department10.University0.edu/UndergraduateStudent210}, {X=http://www.Department10.University0.edu/UndergraduateStudent123}, {X=http://www.Department10.University0.edu/UndergraduateStudent167}, {X=http://www.Department10.University0.edu/UndergraduateStudent361}, {X=http://www.Department10.University0.edu/UndergraduateStudent200}, {X=http://www.Department10.University0.edu/UndergraduateStudent29}, {X=http://www.Department10.University0.edu/UndergraduateStudent271}, {X=http://www.Department10.University0.edu/UndergraduateStudent322}, {X=http://www.Department10.University0.edu/UndergraduateStudent33}, {X=http://www.Department10.University0.edu/UndergraduateStudent405}, {X=http://www.Department10.University0.edu/UndergraduateStudent146}, {X=http://www.Department10.University0.edu/UndergraduateStudent56}, {X=http://www.Department10.University0.edu/UndergraduateStudent107}, {X=http://www.Department10.University0.edu/UndergraduateStudent170}, {X=http://www.Department10.University0.edu/UndergraduateStudent395}, {X=http://www.Department10.University0.edu/UndergraduateStudent230}, {X=http://www.Department10.University0.edu/UndergraduateStudent352}, {X=http://www.Department10.University0.edu/UndergraduateStudent110}, {X=http://www.Department10.University0.edu/UndergraduateStudent312}, {X=http://www.Department10.University0.edu/UndergraduateStudent141}, {X=http://www.Department10.University0.edu/UndergraduateStudent380}, {X=http://www.Department10.University0.edu/UndergraduateStudent389}, {X=http://www.Department10.University0.edu/UndergraduateStudent363}, {X=http://www.Department10.University0.edu/UndergraduateStudent105}, {X=http://www.Department10.University0.edu/UndergraduateStudent280}, {X=http://www.Department10.University0.edu/UndergraduateStudent115}, {X=http://www.Department10.University0.edu/UndergraduateStudent191}, {X=http://www.Department10.University0.edu/UndergraduateStudent79}, {X=http://www.Department10.University0.edu/UndergraduateStudent259}, {X=http://www.Department10.University0.edu/UndergraduateStudent324}, {X=http://www.Department10.University0.edu/UndergraduateStudent188}, {X=http://www.Department10.University0.edu/UndergraduateStudent100}, {X=http://www.Department10.University0.edu/UndergraduateStudent50}, {X=http://www.Department10.University0.edu/UndergraduateStudent65}, {X=http://www.Department10.University0.edu/UndergraduateStudent49}, {X=http://www.Department10.University0.edu/UndergraduateStudent140}, {X=http://www.Department10.University0.edu/UndergraduateStudent189}, {X=http://www.Department10.University0.edu/UndergraduateStudent366}, {X=http://www.Department10.University0.edu/UndergraduateStudent138}, {X=http://www.Department10.University0.edu/UndergraduateStudent136}, {X=http://www.Department10.University0.edu/UndergraduateStudent327}, {X=http://www.Department10.University0.edu/UndergraduateStudent269}, {X=http://www.Department10.University0.edu/UndergraduateStudent73}, {X=http://www.Department10.University0.edu/UndergraduateStudent103}, {X=http://www.Department10.University0.edu/UndergraduateStudent54}, {X=http://www.Department10.University0.edu/UndergraduateStudent368}, {X=http://www.Department10.University0.edu/UndergraduateStudent215}, {X=http://www.Department10.University0.edu/UndergraduateStudent351}, {X=http://www.Department10.University0.edu/UndergraduateStudent5}, {X=http://www.Department10.University0.edu/UndergraduateStudent134}, {X=http://www.Department10.University0.edu/UndergraduateStudent276}, {X=http://www.Department10.University0.edu/UndergraduateStudent253}, {X=http://www.Department10.University0.edu/UndergraduateStudent91}, {X=http://www.Department10.University0.edu/UndergraduateStudent355}, {X=http://www.Department10.University0.edu/UndergraduateStudent245}, {X=http://www.Department10.University0.edu/UndergraduateStudent357}, {X=http://www.Department10.University0.edu/UndergraduateStudent260}, {X=http://www.Department10.University0.edu/UndergraduateStudent150}, {X=http://www.Department10.University0.edu/UndergraduateStudent106}, {X=http://www.Department10.University0.edu/UndergraduateStudent305}, {X=http://www.Department10.University0.edu/UndergraduateStudent290}, {X=http://www.Department10.University0.edu/UndergraduateStudent343}, {X=http://www.Department10.University0.edu/UndergraduateStudent246}, {X=http://www.Department10.University0.edu/UndergraduateStudent302}, {X=http://www.Department10.University0.edu/UndergraduateStudent407}, {X=http://www.Department10.University0.edu/UndergraduateStudent348}, {X=http://www.Department10.University0.edu/UndergraduateStudent273}, {X=http://www.Department10.University0.edu/UndergraduateStudent128}, {X=http://www.Department10.University0.edu/UndergraduateStudent92}, {X=http://www.Department10.University0.edu/UndergraduateStudent7}, {X=http://www.Department10.University0.edu/UndergraduateStudent220}, {X=http://www.Department10.University0.edu/UndergraduateStudent409}, {X=http://www.Department10.University0.edu/UndergraduateStudent297}, {X=http://www.Department10.University0.edu/UndergraduateStudent83}, {X=http://www.Department10.University0.edu/UndergraduateStudent339}, {X=http://www.Department10.University0.edu/UndergraduateStudent394}, {X=http://www.Department10.University0.edu/UndergraduateStudent376}, {X=http://www.Department10.University0.edu/UndergraduateStudent21}, {X=http://www.Department10.University0.edu/UndergraduateStudent293}, {X=http://www.Department10.University0.edu/UndergraduateStudent218}, {X=http://www.Department10.University0.edu/UndergraduateStudent31}, {X=http://www.Department10.University0.edu/UndergraduateStudent314}, {X=http://www.Department10.University0.edu/UndergraduateStudent332}, {X=http://www.Department10.University0.edu/UndergraduateStudent284}, {X=http://www.Department10.University0.edu/UndergraduateStudent397}, {X=http://www.Department10.University0.edu/UndergraduateStudent51}, {X=http://www.Department10.University0.edu/UndergraduateStudent104}, {X=http://www.Department10.University0.edu/UndergraduateStudent323}, {X=http://www.Department10.University0.edu/UndergraduateStudent24}, {X=http://www.Department10.University0.edu/UndergraduateStudent317}, {X=http://www.Department10.University0.edu/UndergraduateStudent64}, {X=http://www.Department10.University0.edu/UndergraduateStudent46}, {X=http://www.Department10.University0.edu/UndergraduateStudent266}, {X=http://www.Department10.University0.edu/UndergraduateStudent256}, {X=http://www.Department10.University0.edu/UndergraduateStudent222}, {X=http://www.Department10.University0.edu/UndergraduateStudent347}, {X=http://www.Department10.University0.edu/UndergraduateStudent275}, {X=http://www.Department10.University0.edu/UndergraduateStudent205}, {X=http://www.Department10.University0.edu/UndergraduateStudent381}, {X=http://www.Department10.University0.edu/UndergraduateStudent291}, {X=http://www.Department10.University0.edu/UndergraduateStudent145}, {X=http://www.Department10.University0.edu/UndergraduateStudent237}, {X=http://www.Department10.University0.edu/UndergraduateStudent124}, {X=http://www.Department10.University0.edu/UndergraduateStudent197}, {X=http://www.Department10.University0.edu/UndergraduateStudent242}, {X=http://www.Department10.University0.edu/UndergraduateStudent372}, {X=http://www.Department10.University0.edu/UndergraduateStudent177}, {X=http://www.Department10.University0.edu/UndergraduateStudent43}, {X=http://www.Department10.University0.edu/UndergraduateStudent392}, {X=http://www.Department10.University0.edu/UndergraduateStudent98}, {X=http://www.Department10.University0.edu/UndergraduateStudent223}, {X=http://www.Department10.University0.edu/UndergraduateStudent32}, {X=http://www.Department10.University0.edu/UndergraduateStudent319}, {X=http://www.Department10.University0.edu/UndergraduateStudent112}, {X=http://www.Department10.University0.edu/UndergraduateStudent44}, {X=http://www.Department10.University0.edu/UndergraduateStudent117}, {X=http://www.Department10.University0.edu/UndergraduateStudent289}, {X=http://www.Department10.University0.edu/UndergraduateStudent371}, {X=http://www.Department10.University0.edu/UndergraduateStudent263}, {X=http://www.Department10.University0.edu/UndergraduateStudent19}, {X=http://www.Department10.University0.edu/UndergraduateStudent390}, {X=http://www.Department10.University0.edu/UndergraduateStudent307}, {X=http://www.Department10.University0.edu/UndergraduateStudent1}, {X=http://www.Department10.University0.edu/UndergraduateStudent95}, {X=http://www.Department10.University0.edu/UndergraduateStudent288}, {X=http://www.Department10.University0.edu/UndergraduateStudent393}, {X=http://www.Department10.University0.edu/UndergraduateStudent208}, {X=http://www.Department10.University0.edu/UndergraduateStudent68}, {X=http://www.Department10.University0.edu/UndergraduateStudent186}, {X=http://www.Department10.University0.edu/UndergraduateStudent114}, {X=http://www.Department10.University0.edu/UndergraduateStudent278}, {X=http://www.Department10.University0.edu/UndergraduateStudent232}, {X=http://www.Department10.University0.edu/UndergraduateStudent179}, {X=http://www.Department10.University0.edu/UndergraduateStudent360}, {X=http://www.Department10.University0.edu/UndergraduateStudent287}, {X=http://www.Department10.University0.edu/UndergraduateStudent274}, {X=http://www.Department10.University0.edu/UndergraduateStudent89}, {X=http://www.Department10.University0.edu/UndergraduateStudent285}, {X=http://www.Department10.University0.edu/UndergraduateStudent224}, {X=http://www.Department10.University0.edu/UndergraduateStudent387}, {X=http://www.Department10.University0.edu/UndergraduateStudent345}, {X=http://www.Department10.University0.edu/UndergraduateStudent364}, {X=http://www.Department10.University0.edu/UndergraduateStudent375}, {X=http://www.Department10.University0.edu/UndergraduateStudent156}, {X=http://www.Department10.University0.edu/UndergraduateStudent337}, {X=http://www.Department10.University0.edu/UndergraduateStudent111}, {X=http://www.Department10.University0.edu/UndergraduateStudent55}, {X=http://www.Department10.University0.edu/UndergraduateStudent193}, {X=http://www.Department10.University0.edu/UndergraduateStudent108}, {X=http://www.Department10.University0.edu/UndergraduateStudent400}, {X=http://www.Department10.University0.edu/UndergraduateStudent69}, {X=http://www.Department10.University0.edu/UndergraduateStudent132}, {X=http://www.Department10.University0.edu/UndergraduateStudent99}, {X=http://www.Department10.University0.edu/UndergraduateStudent226}, {X=http://www.Department10.University0.edu/UndergraduateStudent362}, {X=http://www.Department10.University0.edu/UndergraduateStudent81}, {X=http://www.Department10.University0.edu/UndergraduateStudent203}, {X=http://www.Department10.University0.edu/UndergraduateStudent334}, {X=http://www.Department10.University0.edu/UndergraduateStudent378}, {X=http://www.Department10.University0.edu/UndergraduateStudent264}, {X=http://www.Department10.University0.edu/UndergraduateStudent338}, {X=http://www.Department10.University0.edu/UndergraduateStudent176}, {X=http://www.Department10.University0.edu/UndergraduateStudent45}, {X=http://www.Department10.University0.edu/UndergraduateStudent86}, {X=http://www.Department10.University0.edu/UndergraduateStudent165}, {X=http://www.Department10.University0.edu/UndergraduateStudent172}, {X=http://www.Department10.University0.edu/UndergraduateStudent268}, {X=http://www.Department10.University0.edu/UndergraduateStudent251}, {X=http://www.Department10.University0.edu/UndergraduateStudent254}, {X=http://www.Department10.University0.edu/UndergraduateStudent190}, {X=http://www.Department10.University0.edu/UndergraduateStudent408}, {X=http://www.Department10.University0.edu/UndergraduateStudent118}, {X=http://www.Department10.University0.edu/UndergraduateStudent367}, {X=http://www.Department10.University0.edu/UndergraduateStudent77}, {X=http://www.Department10.University0.edu/UndergraduateStudent374}, {X=http://www.Department10.University0.edu/UndergraduateStudent398}, {X=http://www.Department10.University0.edu/UndergraduateStudent135}, {X=http://www.Department10.University0.edu/UndergraduateStudent58}, {X=http://www.Department10.University0.edu/UndergraduateStudent306}, {X=http://www.Department10.University0.edu/UndergraduateStudent71}, {X=http://www.Department10.University0.edu/UndergraduateStudent157}, {X=http://www.Department10.University0.edu/UndergraduateStudent119}, {X=http://www.Department10.University0.edu/UndergraduateStudent235}, {X=http://www.Department10.University0.edu/UndergraduateStudent25}, {X=http://www.Department10.University0.edu/UndergraduateStudent325}, {X=http://www.Department10.University0.edu/UndergraduateStudent236}, {X=http://www.Department10.University0.edu/UndergraduateStudent96}, {X=http://www.Department10.University0.edu/UndergraduateStudent255}, {X=http://www.Department10.University0.edu/UndergraduateStudent0}, {X=http://www.Department10.University0.edu/UndergraduateStudent313}, {X=http://www.Department10.University0.edu/UndergraduateStudent399}, {X=http://www.Department10.University0.edu/UndergraduateStudent267}, {X=http://www.Department10.University0.edu/UndergraduateStudent38}, {X=http://www.Department10.University0.edu/UndergraduateStudent180}, {X=http://www.Department10.University0.edu/UndergraduateStudent101}, {X=http://www.Department10.University0.edu/UndergraduateStudent76}, {X=http://www.Department10.University0.edu/UndergraduateStudent143}, {X=http://www.Department10.University0.edu/UndergraduateStudent342}, {X=http://www.Department10.University0.edu/UndergraduateStudent168}, {X=http://www.Department10.University0.edu/UndergraduateStudent144}, {X=http://www.Department10.University0.edu/UndergraduateStudent6}, {X=http://www.Department10.University0.edu/UndergraduateStudent311}, {X=http://www.Department10.University0.edu/UndergraduateStudent152}, {X=http://www.Department10.University0.edu/UndergraduateStudent72}, {X=http://www.Department10.University0.edu/UndergraduateStudent341}, {X=http://www.Department10.University0.edu/UndergraduateStudent350}, {X=http://www.Department10.University0.edu/UndergraduateStudent336}, {X=http://www.Department10.University0.edu/UndergraduateStudent162}, {X=http://www.Department10.University0.edu/UndergraduateStudent159}, {X=http://www.Department10.University0.edu/UndergraduateStudent109}, {X=http://www.Department10.University0.edu/UndergraduateStudent365}, {X=http://www.Department10.University0.edu/UndergraduateStudent4}, {X=http://www.Department10.University0.edu/UndergraduateStudent379}, {X=http://www.Department10.University0.edu/UndergraduateStudent384}, {X=http://www.Department10.University0.edu/UndergraduateStudent192}, {X=http://www.Department10.University0.edu/UndergraduateStudent28}, {X=http://www.Department10.University0.edu/UndergraduateStudent42}, {X=http://www.Department10.University0.edu/UndergraduateStudent153}, {X=http://www.Department10.University0.edu/UndergraduateStudent160}, {X=http://www.Department10.University0.edu/UndergraduateStudent154}, {X=http://www.Department10.University0.edu/UndergraduateStudent18}, {X=http://www.Department10.University0.edu/UndergraduateStudent328}, {X=http://www.Department10.University0.edu/UndergraduateStudent315}, {X=http://www.Department10.University0.edu/UndergraduateStudent130}, {X=http://www.Department10.University0.edu/UndergraduateStudent34}, {X=http://www.Department10.University0.edu/UndergraduateStudent231}, {X=http://www.Department10.University0.edu/UndergraduateStudent229}, {X=http://www.Department10.University0.edu/UndergraduateStudent171}, {X=http://www.Department10.University0.edu/UndergraduateStudent303}, {X=http://www.Department10.University0.edu/UndergraduateStudent47}, {X=http://www.Department10.University0.edu/UndergraduateStudent94}, {X=http://www.Department10.University0.edu/UndergraduateStudent318}, {X=http://www.Department10.University0.edu/UndergraduateStudent35}, {X=http://www.Department10.University0.edu/UndergraduateStudent320}, {X=http://www.Department10.University0.edu/UndergraduateStudent113}, {X=http://www.Department10.University0.edu/UndergraduateStudent9}, {X=http://www.Department10.University0.edu/UndergraduateStudent258}, {X=http://www.Department10.University0.edu/UndergraduateStudent127}, {X=http://www.Department10.University0.edu/UndergraduateStudent373}, {X=http://www.Department10.University0.edu/UndergraduateStudent78}, {X=http://www.Department10.University0.edu/UndergraduateStudent238}, {X=http://www.Department10.University0.edu/UndergraduateStudent331}, {X=http://www.Department10.University0.edu/UndergraduateStudent209}, {X=http://www.Department10.University0.edu/UndergraduateStudent221}, {X=http://www.Department10.University0.edu/UndergraduateStudent326}, {X=http://www.Department10.University0.edu/UndergraduateStudent8}, {X=http://www.Department10.University0.edu/UndergraduateStudent87}, {X=http://www.Department10.University0.edu/UndergraduateStudent244}, {X=http://www.Department10.University0.edu/UndergraduateStudent300}, {X=http://www.Department10.University0.edu/UndergraduateStudent262}, {X=http://www.Department10.University0.edu/UndergraduateStudent10}, {X=http://www.Department10.University0.edu/UndergraduateStudent391}, {X=http://www.Department10.University0.edu/UndergraduateStudent356}, {X=http://www.Department10.University0.edu/UndergraduateStudent346}, {X=http://www.Department10.University0.edu/UndergraduateStudent185}, {X=http://www.Department10.University0.edu/UndergraduateStudent301}, {X=http://www.Department10.University0.edu/UndergraduateStudent404}, {X=http://www.Department10.University0.edu/UndergraduateStudent11}, {X=http://www.Department10.University0.edu/UndergraduateStudent316}, {X=http://www.Department10.University0.edu/UndergraduateStudent75}, {X=http://www.Department10.University0.edu/UndergraduateStudent93}, {X=http://www.Department10.University0.edu/UndergraduateStudent52}, {X=http://www.Department10.University0.edu/UndergraduateStudent358}, {X=http://www.Department10.University0.edu/UndergraduateStudent40}, {X=http://www.Department10.University0.edu/UndergraduateStudent37}, {X=http://www.Department10.University0.edu/UndergraduateStudent196}, {X=http://www.Department10.University0.edu/UndergraduateStudent164}, {X=http://www.Department10.University0.edu/UndergraduateStudent16}, {X=http://www.Department10.University0.edu/UndergraduateStudent17}, {X=http://www.Department10.University0.edu/UndergraduateStudent20}, {X=http://www.Department10.University0.edu/UndergraduateStudent294}, {X=http://www.Department10.University0.edu/UndergraduateStudent282}, {X=http://www.Department10.University0.edu/UndergraduateStudent388}, {X=http://www.Department10.University0.edu/UndergraduateStudent370}, {X=http://www.Department10.University0.edu/UndergraduateStudent216}, {X=http://www.Department10.University0.edu/UndergraduateStudent292}, {X=http://www.Department10.University0.edu/UndergraduateStudent340}, {X=http://www.Department10.University0.edu/UndergraduateStudent270}, {X=http://www.Department10.University0.edu/UndergraduateStudent309}, {X=http://www.Department10.University0.edu/UndergraduateStudent142}, {X=http://www.Department10.University0.edu/UndergraduateStudent310}, {X=http://www.Department10.University0.edu/UndergraduateStudent129}, {X=http://www.Department10.University0.edu/UndergraduateStudent249}, {X=http://www.Department10.University0.edu/UndergraduateStudent410}, {X=http://www.Department10.University0.edu/UndergraduateStudent147}, {X=http://www.Department10.University0.edu/UndergraduateStudent59}, {X=http://www.Department10.University0.edu/UndergraduateStudent181}, {X=http://www.Department10.University0.edu/UndergraduateStudent386}, {X=http://www.Department10.University0.edu/UndergraduateStudent213}, {X=http://www.Department10.University0.edu/UndergraduateStudent295}, {X=http://www.Department10.University0.edu/UndergraduateStudent396}, {X=http://www.Department10.University0.edu/UndergraduateStudent121}, {X=http://www.Department10.University0.edu/UndergraduateStudent212}, {X=http://www.Department10.University0.edu/UndergraduateStudent66}, {X=http://www.Department10.University0.edu/UndergraduateStudent61}, {X=http://www.Department10.University0.edu/UndergraduateStudent279}, {X=http://www.Department10.University0.edu/UndergraduateStudent74}, {X=http://www.Department10.University0.edu/UndergraduateStudent198}, {X=http://www.Department10.University0.edu/UndergraduateStudent277}, {X=http://www.Department10.University0.edu/UndergraduateStudent240}, {X=http://www.Department10.University0.edu/UndergraduateStudent304}, {X=http://www.Department10.University0.edu/UndergraduateStudent204}, {X=http://www.Department10.University0.edu/UndergraduateStudent252}, {X=http://www.Department10.University0.edu/UndergraduateStudent214}, {X=http://www.Department10.University0.edu/UndergraduateStudent149}, {X=http://www.Department10.University0.edu/UndergraduateStudent116}, {X=http://www.Department10.University0.edu/UndergraduateStudent299}, {X=http://www.Department10.University0.edu/UndergraduateStudent3}, {X=http://www.Department10.University0.edu/UndergraduateStudent15}, {X=http://www.Department10.University0.edu/UndergraduateStudent261}, {X=http://www.Department10.University0.edu/UndergraduateStudent80}, {X=http://www.Department10.University0.edu/UndergraduateStudent369}, {X=http://www.Department10.University0.edu/UndergraduateStudent406}, {X=http://www.Department10.University0.edu/UndergraduateStudent175}, {X=http://www.Department10.University0.edu/UndergraduateStudent148}, {X=http://www.Department10.University0.edu/UndergraduateStudent228}, {X=http://www.Department10.University0.edu/UndergraduateStudent122}, {X=http://www.Department10.University0.edu/UndergraduateStudent102}, {X=http://www.Department10.University0.edu/UndergraduateStudent354}, {X=http://www.Department10.University0.edu/UndergraduateStudent174}, {X=http://www.Department10.University0.edu/UndergraduateStudent155}, {X=http://www.Department10.University0.edu/UndergraduateStudent349}, {X=http://www.Department10.University0.edu/UndergraduateStudent219}, {X=http://www.Department10.University0.edu/UndergraduateStudent243}, {X=http://www.Department10.University0.edu/UndergraduateStudent26}, {X=http://www.Department10.University0.edu/UndergraduateStudent247}, {X=http://www.Department10.University0.edu/UndergraduateStudent272}, {X=http://www.Department10.University0.edu/UndergraduateStudent239}, {X=http://www.Department10.University0.edu/UndergraduateStudent13}, {X=http://www.Department10.University0.edu/UndergraduateStudent195}, {X=http://www.Department10.University0.edu/UndergraduateStudent183}, {X=http://www.Department10.University0.edu/UndergraduateStudent163}, {X=http://www.Department10.University0.edu/UndergraduateStudent27}, {X=http://www.Department10.University0.edu/UndergraduateStudent30}, {X=http://www.Department10.University0.edu/UndergraduateStudent125}, {X=http://www.Department10.University0.edu/UndergraduateStudent14}, {X=http://www.Department10.University0.edu/UndergraduateStudent70}, {X=http://www.Department10.University0.edu/UndergraduateStudent53}, {X=http://www.Department10.University0.edu/UndergraduateStudent329}, {X=http://www.Department10.University0.edu/UndergraduateStudent139}, {X=http://www.Department10.University0.edu/UndergraduateStudent333}, {X=http://www.Department10.University0.edu/UndergraduateStudent359}, {X=http://www.Department10.University0.edu/UndergraduateStudent187}, {X=http://www.Department10.University0.edu/UndergraduateStudent202}, {X=http://www.Department10.University0.edu/UndergraduateStudent385}, {X=http://www.Department10.University0.edu/UndergraduateStudent286}, {X=http://www.Department10.University0.edu/UndergraduateStudent206}, {X=http://www.Department10.University0.edu/UndergraduateStudent225}, {X=http://www.Department10.University0.edu/UndergraduateStudent182}, {X=http://www.Department10.University0.edu/UndergraduateStudent283}, {X=http://www.Department10.University0.edu/UndergraduateStudent161}, {X=http://www.Department10.University0.edu/UndergraduateStudent23}, {X=http://www.Department10.University0.edu/UndergraduateStudent401}, {X=http://www.Department10.University0.edu/UndergraduateStudent321}, {X=http://www.Department10.University0.edu/UndergraduateStudent296}, {X=http://www.Department10.University0.edu/UndergraduateStudent178}, {X=http://www.Department10.University0.edu/UndergraduateStudent344}, {X=http://www.Department10.University0.edu/UndergraduateStudent257}, {X=http://www.Department10.University0.edu/UndergraduateStudent63}, {X=http://www.Department10.University0.edu/UndergraduateStudent383}, {X=http://www.Department10.University0.edu/UndergraduateStudent57}, {X=http://www.Department10.University0.edu/UndergraduateStudent335}, {X=http://www.Department10.University0.edu/UndergraduateStudent207}, {X=http://www.Department10.University0.edu/UndergraduateStudent248}, {X=http://www.Department10.University0.edu/UndergraduateStudent298}, {X=http://www.Department10.University0.edu/UndergraduateStudent90}, {X=http://www.Department10.University0.edu/UndergraduateStudent194}, {X=http://www.Department10.University0.edu/UndergraduateStudent173}, {X=http://www.Department10.University0.edu/UndergraduateStudent39}, {X=http://www.Department10.University0.edu/UndergraduateStudent217}, {X=http://www.Department10.University0.edu/UndergraduateStudent158}, {X=http://www.Department10.University0.edu/UndergraduateStudent211}, {X=http://www.Department10.University0.edu/UndergraduateStudent382}, {X=http://www.Department10.University0.edu/UndergraduateStudent201}, {X=http://www.Department10.University0.edu/UndergraduateStudent353}, {X=http://www.Department10.University0.edu/UndergraduateStudent2}, {X=http://www.Department10.University0.edu/UndergraduateStudent62}, {X=http://www.Department10.University0.edu/UndergraduateStudent22}, {X=http://www.Department10.University0.edu/UndergraduateStudent234}, {X=http://www.Department10.University0.edu/UndergraduateStudent308}, {X=http://www.Department10.University0.edu/UndergraduateStudent97}, {X=http://www.Department10.University0.edu/UndergraduateStudent377}, {X=http://www.Department10.University0.edu/UndergraduateStudent41}, {X=http://www.Department10.University0.edu/UndergraduateStudent250}, {X=http://www.Department10.University0.edu/UndergraduateStudent330}, {X=http://www.Department10.University0.edu/UndergraduateStudent227}, {X=http://www.Department10.University0.edu/UndergraduateStudent199}, {X=http://www.Department10.University0.edu/UndergraduateStudent265}, {X=http://www.Department10.University0.edu/UndergraduateStudent131}, {X=http://www.Department10.University0.edu/UndergraduateStudent48}, {X=http://www.Department10.University0.edu/UndergraduateStudent137}, {X=http://www.Department10.University0.edu/UndergraduateStudent281}, {X=http://www.Department10.University0.edu/UndergraduateStudent166}, {X=http://www.Department10.University0.edu/UndergraduateStudent233}, {X=http://www.Department10.University0.edu/UndergraduateStudent67}, {X=http://www.Department10.University0.edu/UndergraduateStudent85}, {X=http://www.Department10.University0.edu/UndergraduateStudent88}, {X=http://www.Department10.University0.edu/UndergraduateStudent120}, {X=http://www.Department10.University0.edu/UndergraduateStudent36}, {X=http://www.Department10.University0.edu/UndergraduateStudent151}, {X=http://www.Department10.University0.edu/UndergraduateStudent82}, {X=http://www.Department10.University0.edu/UndergraduateStudent241}, {X=http://www.Department10.University0.edu/UndergraduateStudent126}, {X=http://www.Department10.University0.edu/UndergraduateStudent184}, {X=http://www.Department10.University0.edu/UndergraduateStudent12}, {X=http://www.Department10.University0.edu/UndergraduateStudent169}, {X=http://www.Department10.University0.edu/UndergraduateStudent133}, {X=http://www.Department10.University0.edu/UndergraduateStudent84}, {X=http://www.Department10.University0.edu/UndergraduateStudent403}, {X=http://www.Department10.University0.edu/UndergraduateStudent60}, {X=http://www.Department10.University0.edu/UndergraduateStudent402}, {X=http://www.Department10.University0.edu/UndergraduateStudent210}, {X=http://www.Department10.University0.edu/UndergraduateStudent123}, {X=http://www.Department10.University0.edu/UndergraduateStudent167}, {X=http://www.Department10.University0.edu/UndergraduateStudent361}, {X=http://www.Department10.University0.edu/UndergraduateStudent200}, {X=http://www.Department10.University0.edu/UndergraduateStudent29}, {X=http://www.Department10.University0.edu/UndergraduateStudent271}, {X=http://www.Department10.University0.edu/UndergraduateStudent322}, {X=http://www.Department10.University0.edu/UndergraduateStudent33}, {X=http://www.Department10.University0.edu/UndergraduateStudent405}, {X=http://www.Department10.University0.edu/UndergraduateStudent146}, {X=http://www.Department10.University0.edu/UndergraduateStudent56}, {X=http://www.Department10.University0.edu/UndergraduateStudent107}, {X=http://www.Department10.University0.edu/UndergraduateStudent170}, {X=http://www.Department10.University0.edu/UndergraduateStudent395}, {X=http://www.Department10.University0.edu/UndergraduateStudent230}, {X=http://www.Department10.University0.edu/UndergraduateStudent352}, {X=http://www.Department10.University0.edu/UndergraduateStudent110}, {X=http://www.Department10.University0.edu/UndergraduateStudent312}, {X=http://www.Department10.University0.edu/UndergraduateStudent141}, {X=http://www.Department10.University0.edu/UndergraduateStudent380}, {X=http://www.Department10.University0.edu/UndergraduateStudent389}, {X=http://www.Department10.University0.edu/UndergraduateStudent363}, {X=http://www.Department10.University0.edu/UndergraduateStudent105}, {X=http://www.Department10.University0.edu/UndergraduateStudent280}, {X=http://www.Department10.University0.edu/UndergraduateStudent115}, {X=http://www.Department10.University0.edu/UndergraduateStudent191}, {X=http://www.Department10.University0.edu/UndergraduateStudent79}, {X=http://www.Department10.University0.edu/UndergraduateStudent259}, {X=http://www.Department10.University0.edu/UndergraduateStudent324}, {X=http://www.Department10.University0.edu/UndergraduateStudent188}, {X=http://www.Department10.University0.edu/UndergraduateStudent100}, {X=http://www.Department10.University0.edu/UndergraduateStudent50}, {X=http://www.Department10.University0.edu/UndergraduateStudent65}, {X=http://www.Department10.University0.edu/UndergraduateStudent49}, {X=http://www.Department10.University0.edu/UndergraduateStudent140}, {X=http://www.Department10.University0.edu/UndergraduateStudent189}, {X=http://www.Department10.University0.edu/UndergraduateStudent366}, {X=http://www.Department10.University0.edu/UndergraduateStudent138}, {X=http://www.Department10.University0.edu/UndergraduateStudent136}, {X=http://www.Department10.University0.edu/UndergraduateStudent327}, {X=http://www.Department10.University0.edu/UndergraduateStudent269}, {X=http://www.Department10.University0.edu/UndergraduateStudent73}, {X=http://www.Department10.University0.edu/UndergraduateStudent103}, {X=http://www.Department10.University0.edu/UndergraduateStudent54}, {X=http://www.Department10.University0.edu/UndergraduateStudent368}, {X=http://www.Department10.University0.edu/UndergraduateStudent215}, {X=http://www.Department10.University0.edu/UndergraduateStudent351}, {X=http://www.Department10.University0.edu/UndergraduateStudent5}, {X=http://www.Department10.University0.edu/UndergraduateStudent134}, {X=http://www.Department10.University0.edu/UndergraduateStudent276}, {X=http://www.Department10.University0.edu/UndergraduateStudent253}, {X=http://www.Department10.University0.edu/UndergraduateStudent91}, {X=http://www.Department10.University0.edu/UndergraduateStudent355}, {X=http://www.Department10.University0.edu/UndergraduateStudent245}, {X=http://www.Department10.University0.edu/UndergraduateStudent357}, {X=http://www.Department10.University0.edu/UndergraduateStudent260}, {X=http://www.Department10.University0.edu/UndergraduateStudent150}, {X=http://www.Department10.University0.edu/UndergraduateStudent106}, {X=http://www.Department10.University0.edu/UndergraduateStudent305}, {X=http://www.Department10.University0.edu/UndergraduateStudent290}, {X=http://www.Department10.University0.edu/UndergraduateStudent343}, {X=http://www.Department10.University0.edu/UndergraduateStudent246}, {X=http://www.Department10.University0.edu/UndergraduateStudent302}, {X=http://www.Department10.University0.edu/UndergraduateStudent407}, {X=http://www.Department10.University0.edu/UndergraduateStudent348}, {X=http://www.Department10.University0.edu/UndergraduateStudent273}, {X=http://www.Department10.University0.edu/UndergraduateStudent128}, {X=http://www.Department10.University0.edu/UndergraduateStudent92}, {X=http://www.Department10.University0.edu/UndergraduateStudent7}, {X=http://www.Department10.University0.edu/UndergraduateStudent220}, {X=http://www.Department10.University0.edu/UndergraduateStudent409}, {X=http://www.Department10.University0.edu/UndergraduateStudent297}, {X=http://www.Department10.University0.edu/UndergraduateStudent83}, {X=http://www.Department10.University0.edu/UndergraduateStudent339}, {X=http://www.Department10.University0.edu/UndergraduateStudent394}, {X=http://www.Department10.University0.edu/UndergraduateStudent376}, {X=http://www.Department10.University0.edu/UndergraduateStudent21}, {X=http://www.Department10.University0.edu/UndergraduateStudent293}, {X=http://www.Department10.University0.edu/UndergraduateStudent218}, {X=http://www.Department10.University0.edu/UndergraduateStudent31}, {X=http://www.Department10.University0.edu/UndergraduateStudent314}, {X=http://www.Department10.University0.edu/UndergraduateStudent332}, {X=http://www.Department10.University0.edu/UndergraduateStudent284}, {X=http://www.Department10.University0.edu/UndergraduateStudent397}, {X=http://www.Department10.University0.edu/UndergraduateStudent51}, {X=http://www.Department10.University0.edu/UndergraduateStudent104}, {X=http://www.Department10.University0.edu/UndergraduateStudent323}, {X=http://www.Department10.University0.edu/UndergraduateStudent24}, {X=http://www.Department10.University0.edu/UndergraduateStudent317}, {X=http://www.Department10.University0.edu/UndergraduateStudent64}, {X=http://www.Department10.University0.edu/UndergraduateStudent46}, {X=http://www.Department10.University0.edu/UndergraduateStudent266}, {X=http://www.Department10.University0.edu/UndergraduateStudent256}, {X=http://www.Department10.University0.edu/UndergraduateStudent222}, {X=http://www.Department10.University0.edu/UndergraduateStudent347}, {X=http://www.Department10.University0.edu/UndergraduateStudent275}, {X=http://www.Department10.University0.edu/UndergraduateStudent205}, {X=http://www.Department10.University0.edu/UndergraduateStudent381}, {X=http://www.Department10.University0.edu/UndergraduateStudent291}, {X=http://www.Department10.University0.edu/UndergraduateStudent145}, {X=http://www.Department10.University0.edu/UndergraduateStudent237}, {X=http://www.Department10.University0.edu/UndergraduateStudent124}, {X=http://www.Department10.University0.edu/UndergraduateStudent197}, {X=http://www.Department10.University0.edu/UndergraduateStudent242}, {X=http://www.Department10.University0.edu/UndergraduateStudent372}, {X=http://www.Department10.University0.edu/UndergraduateStudent177}, {X=http://www.Department10.University0.edu/UndergraduateStudent43}, {X=http://www.Department10.University0.edu/UndergraduateStudent392}, {X=http://www.Department10.University0.edu/UndergraduateStudent98}, {X=http://www.Department10.University0.edu/UndergraduateStudent223}, {X=http://www.Department10.University0.edu/UndergraduateStudent32}, {X=http://www.Department10.University0.edu/UndergraduateStudent319}, {X=http://www.Department10.University0.edu/UndergraduateStudent112}, {X=http://www.Department10.University0.edu/UndergraduateStudent44}, {X=http://www.Department10.University0.edu/UndergraduateStudent117}, {X=http://www.Department10.University0.edu/UndergraduateStudent289}, {X=http://www.Department10.University0.edu/UndergraduateStudent371}, {X=http://www.Department10.University0.edu/UndergraduateStudent263}, {X=http://www.Department10.University0.edu/UndergraduateStudent19}, {X=http://www.Department10.University0.edu/UndergraduateStudent390}, {X=http://www.Department10.University0.edu/UndergraduateStudent307}, {X=http://www.Department10.University0.edu/UndergraduateStudent1}, {X=http://www.Department10.University0.edu/UndergraduateStudent95}, {X=http://www.Department10.University0.edu/UndergraduateStudent288}, {X=http://www.Department10.University0.edu/UndergraduateStudent393}, {X=http://www.Department10.University0.edu/UndergraduateStudent208}, {X=http://www.Department10.University0.edu/UndergraduateStudent68}, {X=http://www.Department10.University0.edu/UndergraduateStudent186}, {X=http://www.Department10.University0.edu/UndergraduateStudent114}, {X=http://www.Department10.University0.edu/UndergraduateStudent278}, {X=http://www.Department10.University0.edu/UndergraduateStudent232}, {X=http://www.Department10.University0.edu/UndergraduateStudent179}, {X=http://www.Department10.University0.edu/UndergraduateStudent360}, {X=http://www.Department10.University0.edu/UndergraduateStudent287}, {X=http://www.Department10.University0.edu/UndergraduateStudent274}, {X=http://www.Department10.University0.edu/UndergraduateStudent89}, {X=http://www.Department10.University0.edu/UndergraduateStudent285}, {X=http://www.Department10.University0.edu/UndergraduateStudent224}, {X=http://www.Department10.University0.edu/UndergraduateStudent387}, {X=http://www.Department10.University0.edu/UndergraduateStudent345}, {X=http://www.Department10.University0.edu/UndergraduateStudent364}, {X=http://www.Department10.University0.edu/UndergraduateStudent375}, {X=http://www.Department10.University0.edu/UndergraduateStudent156}, {X=http://www.Department10.University0.edu/UndergraduateStudent337}, {X=http://www.Department10.University0.edu/UndergraduateStudent111}, {X=http://www.Department10.University0.edu/UndergraduateStudent55}, {X=http://www.Department10.University0.edu/UndergraduateStudent193}, {X=http://www.Department10.University0.edu/UndergraduateStudent108}, {X=http://www.Department10.University0.edu/UndergraduateStudent400}, {X=http://www.Department10.University0.edu/UndergraduateStudent69}, {X=http://www.Department10.University0.edu/UndergraduateStudent132}, {X=http://www.Department10.University0.edu/UndergraduateStudent99}, {X=http://www.Department10.University0.edu/UndergraduateStudent226}, {X=http://www.Department10.University0.edu/UndergraduateStudent362}, {X=http://www.Department10.University0.edu/UndergraduateStudent81}, {X=http://www.Department10.University0.edu/UndergraduateStudent203}, {X=http://www.Department10.University0.edu/UndergraduateStudent334}, {X=http://www.Department10.University0.edu/UndergraduateStudent378}, {X=http://www.Department10.University0.edu/UndergraduateStudent264}, {X=http://www.Department10.University0.edu/UndergraduateStudent338}, {X=http://www.Department10.University0.edu/UndergraduateStudent176}, {X=http://www.Department10.University0.edu/UndergraduateStudent45}, {X=http://www.Department10.University0.edu/UndergraduateStudent86}, {X=http://www.Department10.University0.edu/UndergraduateStudent165}, {X=http://www.Department10.University0.edu/UndergraduateStudent172}, {X=http://www.Department10.University0.edu/UndergraduateStudent268}, {X=http://www.Department10.University0.edu/UndergraduateStudent251}, {X=http://www.Department10.University0.edu/UndergraduateStudent254}, {X=http://www.Department10.University0.edu/UndergraduateStudent190}, {X=http://www.Department10.University0.edu/UndergraduateStudent408}, {X=http://www.Department10.University0.edu/UndergraduateStudent118}, {X=http://www.Department10.University0.edu/UndergraduateStudent367}, {X=http://www.Department10.University0.edu/UndergraduateStudent77}, {X=http://www.Department10.University0.edu/UndergraduateStudent374}, {X=http://www.Department10.University0.edu/UndergraduateStudent398}, {X=http://www.Department10.University0.edu/UndergraduateStudent135}, {X=http://www.Department10.University0.edu/UndergraduateStudent58}, {X=http://www.Department10.University0.edu/UndergraduateStudent306}, {X=http://www.Department10.University0.edu/UndergraduateStudent71}, {X=http://www.Department10.University0.edu/UndergraduateStudent157}, {X=http://www.Department10.University0.edu/UndergraduateStudent119}, {X=http://www.Department10.University0.edu/UndergraduateStudent235}, {X=http://www.Department10.University0.edu/UndergraduateStudent25}, {X=http://www.Department10.University0.edu/UndergraduateStudent325}, {X=http://www.Department10.University0.edu/UndergraduateStudent236}, {X=http://www.Department10.University0.edu/UndergraduateStudent96}, {X=http://www.Department10.University0.edu/UndergraduateStudent255}, {X=http://www.Department10.University0.edu/UndergraduateStudent0}, {X=http://www.Department10.University0.edu/UndergraduateStudent313}, {X=http://www.Department10.University0.edu/UndergraduateStudent399}, {X=http://www.Department10.University0.edu/UndergraduateStudent267}, {X=http://www.Department10.University0.edu/UndergraduateStudent38}, {X=http://www.Department10.University0.edu/UndergraduateStudent180}, {X=http://www.Department10.University0.edu/UndergraduateStudent101}, {X=http://www.Department10.University0.edu/UndergraduateStudent76}, {X=http://www.Department10.University0.edu/UndergraduateStudent143}, {X=http://www.Department10.University0.edu/UndergraduateStudent342}, {X=http://www.Department10.University0.edu/UndergraduateStudent168}, {X=http://www.Department10.University0.edu/UndergraduateStudent144}, {X=http://www.Department10.University0.edu/UndergraduateStudent6}, {X=http://www.Department10.University0.edu/UndergraduateStudent311}, {X=http://www.Department10.University0.edu/UndergraduateStudent152}, {X=http://www.Department10.University0.edu/UndergraduateStudent72}, {X=http://www.Department10.University0.edu/UndergraduateStudent341}, {X=http://www.Department10.University0.edu/UndergraduateStudent350}, {X=http://www.Department10.University0.edu/UndergraduateStudent336}, {X=http://www.Department10.University0.edu/UndergraduateStudent162}, {X=http://www.Department10.University0.edu/UndergraduateStudent159}, {X=http://www.Department10.University0.edu/UndergraduateStudent109}, {X=http://www.Department10.University0.edu/UndergraduateStudent365}, {X=http://www.Department10.University0.edu/UndergraduateStudent4}, {X=http://www.Department10.University0.edu/UndergraduateStudent379}, {X=http://www.Department10.University0.edu/UndergraduateStudent384}, {X=http://www.Department10.University0.edu/UndergraduateStudent192}, {X=http://www.Department10.University0.edu/UndergraduateStudent28}, {X=http://www.Department10.University0.edu/UndergraduateStudent42}, {X=http://www.Department10.University0.edu/UndergraduateStudent153}, {X=http://www.Department10.University0.edu/UndergraduateStudent160}, {X=http://www.Department10.University0.edu/UndergraduateStudent154}, {X=http://www.Department10.University0.edu/UndergraduateStudent18}, {X=http://www.Department10.University0.edu/UndergraduateStudent328}, {X=http://www.Department10.University0.edu/UndergraduateStudent315}, {X=http://www.Department10.University0.edu/UndergraduateStudent130}, {X=http://www.Department10.University0.edu/UndergraduateStudent34}, {X=http://www.Department10.University0.edu/UndergraduateStudent231}, {X=http://www.Department10.University0.edu/UndergraduateStudent229}, {X=http://www.Department10.University0.edu/UndergraduateStudent171}, {X=http://www.Department10.University0.edu/UndergraduateStudent303}, {X=http://www.Department10.University0.edu/UndergraduateStudent47}, {X=http://www.Department10.University0.edu/UndergraduateStudent94}, {X=http://www.Department10.University0.edu/UndergraduateStudent318}, {X=http://www.Department10.University0.edu/UndergraduateStudent35}, {X=http://www.Department10.University0.edu/UndergraduateStudent320}, {X=http://www.Department10.University0.edu/UndergraduateStudent113}, {X=http://www.Department10.University0.edu/UndergraduateStudent9}, {X=http://www.Department10.University0.edu/UndergraduateStudent258}, {X=http://www.Department10.University0.edu/UndergraduateStudent127}, {X=http://www.Department10.University0.edu/UndergraduateStudent373}, {X=http://www.Department10.University0.edu/UndergraduateStudent78}, {X=http://www.Department10.University0.edu/UndergraduateStudent238}, {X=http://www.Department10.University0.edu/UndergraduateStudent331}, {X=http://www.Department10.University0.edu/UndergraduateStudent209}, {X=http://www.Department10.University0.edu/UndergraduateStudent221}, {X=http://www.Department10.University0.edu/UndergraduateStudent326}, {X=http://www.Department10.University0.edu/UndergraduateStudent8}, {X=http://www.Department10.University0.edu/UndergraduateStudent87}, {X=http://www.Department10.University0.edu/UndergraduateStudent244}, {X=http://www.Department10.University0.edu/UndergraduateStudent300}, {X=http://www.Department10.University0.edu/UndergraduateStudent262}, {X=http://www.Department10.University0.edu/UndergraduateStudent10}, {X=http://www.Department10.University0.edu/UndergraduateStudent391}, {X=http://www.Department10.University0.edu/UndergraduateStudent356}, {X=http://www.Department10.University0.edu/UndergraduateStudent346}, {X=http://www.Department10.University0.edu/UndergraduateStudent185}, {X=http://www.Department10.University0.edu/UndergraduateStudent301}, {X=http://www.Department10.University0.edu/UndergraduateStudent404}, {X=http://www.Department10.University0.edu/UndergraduateStudent11}, {X=http://www.Department10.University0.edu/UndergraduateStudent316}, {X=http://www.Department10.University0.edu/UndergraduateStudent75}, {X=http://www.Department10.University0.edu/UndergraduateStudent93}, {X=http://www.Department10.University0.edu/UndergraduateStudent52}, {X=http://www.Department10.University0.edu/UndergraduateStudent358}, {X=http://www.Department10.University0.edu/UndergraduateStudent40}, {X=http://www.Department10.University0.edu/UndergraduateStudent37}, {X=http://www.Department10.University0.edu/UndergraduateStudent196}, {X=http://www.Department10.University0.edu/UndergraduateStudent164}, {X=http://www.Department10.University0.edu/UndergraduateStudent16}, {X=http://www.Department10.University0.edu/UndergraduateStudent17}, {X=http://www.Department10.University0.edu/UndergraduateStudent20}, {X=http://www.Department10.University0.edu/UndergraduateStudent294}, {X=http://www.Department10.University0.edu/UndergraduateStudent282}, {X=http://www.Department10.University0.edu/UndergraduateStudent388}, {X=http://www.Department10.University0.edu/UndergraduateStudent370}, {X=http://www.Department10.University0.edu/UndergraduateStudent216}, {X=http://www.Department10.University0.edu/UndergraduateStudent292}, {X=http://www.Department10.University0.edu/UndergraduateStudent340}, {X=http://www.Department10.University0.edu/UndergraduateStudent270}, {X=http://www.Department10.University0.edu/UndergraduateStudent309}, {X=http://www.Department10.University0.edu/UndergraduateStudent142}, {X=http://www.Department10.University0.edu/UndergraduateStudent310}, {X=http://www.Department10.University0.edu/UndergraduateStudent129}, {X=http://www.Department10.University0.edu/UndergraduateStudent249}, {X=http://www.Department10.University0.edu/UndergraduateStudent410}, {X=http://www.Department10.University0.edu/UndergraduateStudent147}, {X=http://www.Department10.University0.edu/UndergraduateStudent59}, {X=http://www.Department10.University0.edu/UndergraduateStudent181}, {X=http://www.Department10.University0.edu/UndergraduateStudent386}, {X=http://www.Department10.University0.edu/UndergraduateStudent213}, {X=http://www.Department10.University0.edu/UndergraduateStudent295}, {X=http://www.Department10.University0.edu/UndergraduateStudent396}, {X=http://www.Department10.University0.edu/UndergraduateStudent121}, {X=http://www.Department10.University0.edu/UndergraduateStudent212}, {X=http://www.Department10.University0.edu/UndergraduateStudent66}, {X=http://www.Department10.University0.edu/UndergraduateStudent61}, {X=http://www.Department10.University0.edu/UndergraduateStudent279}, {X=http://www.Department10.University0.edu/UndergraduateStudent74}, {X=http://www.Department10.University0.edu/UndergraduateStudent198}, {X=http://www.Department10.University0.edu/UndergraduateStudent277}, {X=http://www.Department10.University0.edu/UndergraduateStudent240}, {X=http://www.Department10.University0.edu/UndergraduateStudent304}, {X=http://www.Department10.University0.edu/UndergraduateStudent204}, {X=http://www.Department10.University0.edu/UndergraduateStudent252}, {X=http://www.Department10.University0.edu/UndergraduateStudent214}, {X=http://www.Department10.University0.edu/UndergraduateStudent149}, {X=http://www.Department10.University0.edu/UndergraduateStudent116}, {X=http://www.Department10.University0.edu/UndergraduateStudent299}, {X=http://www.Department10.University0.edu/UndergraduateStudent3}, {X=http://www.Department10.University0.edu/UndergraduateStudent15}, {X=http://www.Department10.University0.edu/UndergraduateStudent261}, {X=http://www.Department10.University0.edu/UndergraduateStudent80}, {X=http://www.Department10.University0.edu/UndergraduateStudent369}, {X=http://www.Department10.University0.edu/UndergraduateStudent406}, {X=http://www.Department10.University0.edu/UndergraduateStudent175}, {X=http://www.Department10.University0.edu/UndergraduateStudent148}, {X=http://www.Department10.University0.edu/UndergraduateStudent228}, {X=http://www.Department10.University0.edu/UndergraduateStudent122}, {X=http://www.Department10.University0.edu/UndergraduateStudent102}, {X=http://www.Department10.University0.edu/UndergraduateStudent354}, {X=http://www.Department10.University0.edu/UndergraduateStudent174}, {X=http://www.Department10.University0.edu/UndergraduateStudent155}, {X=http://www.Department10.University0.edu/UndergraduateStudent349}, {X=http://www.Department10.University0.edu/UndergraduateStudent219}, {X=http://www.Department10.University0.edu/UndergraduateStudent243}, {X=http://www.Department10.University0.edu/UndergraduateStudent26}, {X=http://www.Department10.University0.edu/UndergraduateStudent247}, {X=http://www.Department10.University0.edu/UndergraduateStudent272}, {X=http://www.Department10.University0.edu/UndergraduateStudent239}, {X=http://www.Department10.University0.edu/UndergraduateStudent13}, {X=http://www.Department10.University0.edu/UndergraduateStudent195}, {X=http://www.Department10.University0.edu/UndergraduateStudent183}, {X=http://www.Department10.University0.edu/UndergraduateStudent163}, {X=http://www.Department10.University0.edu/UndergraduateStudent27}, {X=http://www.Department10.University0.edu/UndergraduateStudent30}, {X=http://www.Department10.University0.edu/UndergraduateStudent125}, {X=http://www.Department10.University0.edu/UndergraduateStudent14}, {X=http://www.Department10.University0.edu/UndergraduateStudent70}, {X=http://www.Department10.University0.edu/UndergraduateStudent53}, {X=http://www.Department10.University0.edu/UndergraduateStudent329}, {X=http://www.Department10.University0.edu/UndergraduateStudent139}, {X=http://www.Department10.University0.edu/UndergraduateStudent333}, {X=http://www.Department10.University0.edu/UndergraduateStudent359}, {X=http://www.Department10.University0.edu/UndergraduateStudent187}, {X=http://www.Department10.University0.edu/UndergraduateStudent202}, {X=http://www.Department10.University0.edu/UndergraduateStudent385}, {X=http://www.Department10.University0.edu/UndergraduateStudent286}, {X=http://www.Department10.University0.edu/UndergraduateStudent206}, {X=http://www.Department10.University0.edu/UndergraduateStudent225}, {X=http://www.Department10.University0.edu/UndergraduateStudent182}, {X=http://www.Department10.University0.edu/UndergraduateStudent283}, {X=http://www.Department10.University0.edu/UndergraduateStudent161}, {X=http://www.Department10.University0.edu/UndergraduateStudent23}, {X=http://www.Department10.University0.edu/UndergraduateStudent401}, {X=http://www.Department10.University0.edu/UndergraduateStudent321}, {X=http://www.Department10.University0.edu/UndergraduateStudent296}, {X=http://www.Department10.University0.edu/UndergraduateStudent178}, {X=http://www.Department10.University0.edu/UndergraduateStudent344}, {X=http://www.Department10.University0.edu/UndergraduateStudent257}, {X=http://www.Department10.University0.edu/UndergraduateStudent63}, {X=http://www.Department10.University0.edu/UndergraduateStudent383}, {X=http://www.Department10.University0.edu/UndergraduateStudent57}, {X=http://www.Department10.University0.edu/UndergraduateStudent335}, {X=http://www.Department10.University0.edu/UndergraduateStudent207}, {X=http://www.Department10.University0.edu/UndergraduateStudent248}, {X=http://www.Department10.University0.edu/UndergraduateStudent298}, {X=http://www.Department10.University0.edu/UndergraduateStudent90}, {X=http://www.Department10.University0.edu/UndergraduateStudent194}, {X=http://www.Department10.University0.edu/UndergraduateStudent173}, {X=http://www.Department10.University0.edu/UndergraduateStudent39}, {X=http://www.Department10.University0.edu/UndergraduateStudent217}, {X=http://www.Department10.University0.edu/UndergraduateStudent158}, {X=http://www.Department10.University0.edu/UndergraduateStudent211}, {X=http://www.Department10.University0.edu/UndergraduateStudent382}, {X=http://www.Department10.University0.edu/UndergraduateStudent201}, {X=http://www.Department10.University0.edu/UndergraduateStudent353}, {X=http://www.Department10.University0.edu/UndergraduateStudent2}, {X=http://www.Department10.University0.edu/UndergraduateStudent62}, {X=http://www.Department10.University0.edu/UndergraduateStudent22}, {X=http://www.Department10.University0.edu/UndergraduateStudent234}, {X=http://www.Department10.University0.edu/UndergraduateStudent308}, {X=http://www.Department10.University0.edu/UndergraduateStudent97}, {X=http://www.Department10.University0.edu/UndergraduateStudent377}, {X=http://www.Department10.University0.edu/UndergraduateStudent41}, {X=http://www.Department10.University0.edu/UndergraduateStudent250}, {X=http://www.Department10.University0.edu/UndergraduateStudent330}, {X=http://www.Department10.University0.edu/UndergraduateStudent227}, {X=http://www.Department10.University0.edu/UndergraduateStudent199}, {X=http://www.Department10.University0.edu/UndergraduateStudent265}, {X=http://www.Department10.University0.edu/UndergraduateStudent131}, {X=http://www.Department10.University0.edu/UndergraduateStudent48}, {X=http://www.Department10.University0.edu/UndergraduateStudent137}, {X=http://www.Department10.University0.edu/UndergraduateStudent281}, {X=http://www.Department10.University0.edu/UndergraduateStudent166}, {X=http://www.Department10.University0.edu/UndergraduateStudent233}, {X=http://www.Department10.University0.edu/UndergraduateStudent67}, {X=http://www.Department10.University0.edu/UndergraduateStudent85}, {X=http://www.Department10.University0.edu/UndergraduateStudent88}, {X=http://www.Department10.University0.edu/UndergraduateStudent120}, {X=http://www.Department10.University0.edu/UndergraduateStudent36}, {X=http://www.Department10.University0.edu/UndergraduateStudent151}, {X=http://www.Department10.University0.edu/UndergraduateStudent82}, {X=http://www.Department10.University0.edu/UndergraduateStudent241}, {X=http://www.Department10.University0.edu/UndergraduateStudent126}, {X=http://www.Department10.University0.edu/UndergraduateStudent184}, {X=http://www.Department10.University0.edu/UndergraduateStudent12}, {X=http://www.Department10.University0.edu/UndergraduateStudent169}, {X=http://www.Department10.University0.edu/UndergraduateStudent133}, {X=http://www.Department10.University0.edu/UndergraduateStudent84}, {X=http://www.Department10.University0.edu/UndergraduateStudent403}, {X=http://www.Department10.University0.edu/UndergraduateStudent60}, {X=http://www.Department10.University0.edu/UndergraduateStudent402}, {X=http://www.Department10.University0.edu/UndergraduateStudent210}, {X=http://www.Department10.University0.edu/UndergraduateStudent123}, {X=http://www.Department10.University0.edu/UndergraduateStudent167}, {X=http://www.Department10.University0.edu/UndergraduateStudent361}, {X=http://www.Department10.University0.edu/UndergraduateStudent200}, {X=http://www.Department10.University0.edu/UndergraduateStudent29}, {X=http://www.Department10.University0.edu/UndergraduateStudent271}, {X=http://www.Department10.University0.edu/UndergraduateStudent322}, {X=http://www.Department10.University0.edu/UndergraduateStudent33}, {X=http://www.Department10.University0.edu/UndergraduateStudent405}, {X=http://www.Department10.University0.edu/UndergraduateStudent146}, {X=http://www.Department10.University0.edu/UndergraduateStudent56}, {X=http://www.Department10.University0.edu/UndergraduateStudent107}, {X=http://www.Department10.University0.edu/UndergraduateStudent170}, {X=http://www.Department10.University0.edu/UndergraduateStudent395}, {X=http://www.Department10.University0.edu/UndergraduateStudent230}, {X=http://www.Department10.University0.edu/UndergraduateStudent352}, {X=http://www.Department10.University0.edu/UndergraduateStudent110}, {X=http://www.Department10.University0.edu/UndergraduateStudent312}, {X=http://www.Department10.University0.edu/UndergraduateStudent141}, {X=http://www.Department10.University0.edu/UndergraduateStudent380}, {X=http://www.Department10.University0.edu/UndergraduateStudent389}, {X=http://www.Department10.University0.edu/UndergraduateStudent363}, {X=http://www.Department10.University0.edu/UndergraduateStudent105}, {X=http://www.Department10.University0.edu/UndergraduateStudent280}, {X=http://www.Department10.University0.edu/UndergraduateStudent115}, {X=http://www.Department10.University0.edu/UndergraduateStudent191}, {X=http://www.Department10.University0.edu/UndergraduateStudent79}, {X=http://www.Department10.University0.edu/UndergraduateStudent259}, {X=http://www.Department10.University0.edu/UndergraduateStudent324}, {X=http://www.Department10.University0.edu/UndergraduateStudent188}, {X=http://www.Department10.University0.edu/UndergraduateStudent100}, {X=http://www.Department10.University0.edu/UndergraduateStudent50}, {X=http://www.Department10.University0.edu/UndergraduateStudent65}, {X=http://www.Department10.University0.edu/UndergraduateStudent49}, {X=http://www.Department10.University0.edu/UndergraduateStudent140}, {X=http://www.Department10.University0.edu/UndergraduateStudent189}, {X=http://www.Department10.University0.edu/UndergraduateStudent366}, {X=http://www.Department10.University0.edu/UndergraduateStudent138}, {X=http://www.Department10.University0.edu/UndergraduateStudent136}, {X=http://www.Department10.University0.edu/UndergraduateStudent327}, {X=http://www.Department10.University0.edu/UndergraduateStudent269}, {X=http://www.Department10.University0.edu/UndergraduateStudent73}, {X=http://www.Department10.University0.edu/UndergraduateStudent103}, {X=http://www.Department10.University0.edu/UndergraduateStudent54}, {X=http://www.Department10.University0.edu/UndergraduateStudent368}, {X=http://www.Department10.University0.edu/UndergraduateStudent215}, {X=http://www.Department10.University0.edu/UndergraduateStudent351}, {X=http://www.Department10.University0.edu/UndergraduateStudent5}, {X=http://www.Department10.University0.edu/UndergraduateStudent134}, {X=http://www.Department10.University0.edu/UndergraduateStudent276}, {X=http://www.Department10.University0.edu/UndergraduateStudent253}, {X=http://www.Department10.University0.edu/UndergraduateStudent91}, {X=http://www.Department10.University0.edu/UndergraduateStudent355}, {X=http://www.Department10.University0.edu/UndergraduateStudent245}, {X=http://www.Department10.University0.edu/UndergraduateStudent357}, {X=http://www.Department10.University0.edu/UndergraduateStudent260}, {X=http://www.Department10.University0.edu/UndergraduateStudent150}, {X=http://www.Department10.University0.edu/UndergraduateStudent106}, {X=http://www.Department10.University0.edu/UndergraduateStudent305}, {X=http://www.Department10.University0.edu/UndergraduateStudent290}, {X=http://www.Department10.University0.edu/UndergraduateStudent343}, {X=http://www.Department10.University0.edu/UndergraduateStudent246}, {X=http://www.Department10.University0.edu/UndergraduateStudent302}, {X=http://www.Department10.University0.edu/UndergraduateStudent407}, {X=http://www.Department10.University0.edu/UndergraduateStudent348}, {X=http://www.Department10.University0.edu/UndergraduateStudent273}, {X=http://www.Department10.University0.edu/UndergraduateStudent128}, {X=http://www.Department10.University0.edu/UndergraduateStudent92}, {X=http://www.Department10.University0.edu/UndergraduateStudent7}, {X=http://www.Department10.University0.edu/UndergraduateStudent220}, {X=http://www.Department10.University0.edu/UndergraduateStudent409}, {X=http://www.Department10.University0.edu/UndergraduateStudent297}, {X=http://www.Department10.University0.edu/UndergraduateStudent83}, {X=http://www.Department10.University0.edu/UndergraduateStudent339}, {X=http://www.Department10.University0.edu/UndergraduateStudent394}, {X=http://www.Department10.University0.edu/UndergraduateStudent376}, {X=http://www.Department10.University0.edu/UndergraduateStudent21}, {X=http://www.Department10.University0.edu/UndergraduateStudent293}, {X=http://www.Department10.University0.edu/UndergraduateStudent218}, {X=http://www.Department10.University0.edu/UndergraduateStudent31}, {X=http://www.Department10.University0.edu/UndergraduateStudent314}, {X=http://www.Department10.University0.edu/UndergraduateStudent332}, {X=http://www.Department10.University0.edu/UndergraduateStudent284}, {X=http://www.Department10.University0.edu/UndergraduateStudent397}, {X=http://www.Department10.University0.edu/UndergraduateStudent51}, {X=http://www.Department10.University0.edu/UndergraduateStudent104}, {X=http://www.Department10.University0.edu/UndergraduateStudent323}, {X=http://www.Department10.University0.edu/UndergraduateStudent24}, {X=http://www.Department10.University0.edu/UndergraduateStudent317}, {X=http://www.Department10.University0.edu/UndergraduateStudent64}, {X=http://www.Department10.University0.edu/UndergraduateStudent46}, {X=http://www.Department10.University0.edu/UndergraduateStudent266}, {X=http://www.Department10.University0.edu/UndergraduateStudent256}, {X=http://www.Department10.University0.edu/UndergraduateStudent222}, {X=http://www.Department10.University0.edu/UndergraduateStudent347}, {X=http://www.Department10.University0.edu/UndergraduateStudent275}, {X=http://www.Department10.University0.edu/UndergraduateStudent205}, {X=http://www.Department10.University0.edu/UndergraduateStudent381}, {X=http://www.Department10.University0.edu/UndergraduateStudent291}, {X=http://www.Department10.University0.edu/UndergraduateStudent145}, {X=http://www.Department10.University0.edu/UndergraduateStudent237}, {X=http://www.Department10.University0.edu/UndergraduateStudent124}, {X=http://www.Department10.University0.edu/UndergraduateStudent197}, {X=http://www.Department10.University0.edu/UndergraduateStudent242}, {X=http://www.Department10.University0.edu/UndergraduateStudent372}, {X=http://www.Department10.University0.edu/UndergraduateStudent177}, {X=http://www.Department10.University0.edu/UndergraduateStudent43}, {X=http://www.Department10.University0.edu/UndergraduateStudent392}, {X=http://www.Department10.University0.edu/UndergraduateStudent98}, {X=http://www.Department10.University0.edu/UndergraduateStudent223}, {X=http://www.Department10.University0.edu/UndergraduateStudent32}, {X=http://www.Department10.University0.edu/UndergraduateStudent319}, {X=http://www.Department10.University0.edu/UndergraduateStudent112}, {X=http://www.Department10.University0.edu/UndergraduateStudent44}, {X=http://www.Department10.University0.edu/UndergraduateStudent117}, {X=http://www.Department10.University0.edu/UndergraduateStudent289}, {X=http://www.Department10.University0.edu/UndergraduateStudent371}, {X=http://www.Department10.University0.edu/UndergraduateStudent263}, {X=http://www.Department10.University0.edu/UndergraduateStudent19}, {X=http://www.Department10.University0.edu/UndergraduateStudent390}, {X=http://www.Department10.University0.edu/UndergraduateStudent307}, {X=http://www.Department10.University0.edu/UndergraduateStudent1}, {X=http://www.Department10.University0.edu/UndergraduateStudent95}, {X=http://www.Department10.University0.edu/UndergraduateStudent288}, {X=http://www.Department10.University0.edu/UndergraduateStudent393}, {X=http://www.Department10.University0.edu/UndergraduateStudent208}, {X=http://www.Department10.University0.edu/UndergraduateStudent68}, {X=http://www.Department10.University0.edu/UndergraduateStudent186}, {X=http://www.Department10.University0.edu/UndergraduateStudent114}, {X=http://www.Department10.University0.edu/UndergraduateStudent278}, {X=http://www.Department10.University0.edu/UndergraduateStudent232}, {X=http://www.Department10.University0.edu/UndergraduateStudent179}, {X=http://www.Department10.University0.edu/UndergraduateStudent360}, {X=http://www.Department10.University0.edu/UndergraduateStudent287}, {X=http://www.Department10.University0.edu/UndergraduateStudent274}, {X=http://www.Department10.University0.edu/UndergraduateStudent89}, {X=http://www.Department10.University0.edu/UndergraduateStudent285}, {X=http://www.Department10.University0.edu/UndergraduateStudent224}, {X=http://www.Department10.University0.edu/UndergraduateStudent387}, {X=http://www.Department10.University0.edu/UndergraduateStudent345}, {X=http://www.Department10.University0.edu/UndergraduateStudent364}, {X=http://www.Department10.University0.edu/UndergraduateStudent375}, {X=http://www.Department10.University0.edu/UndergraduateStudent156}, {X=http://www.Department10.University0.edu/UndergraduateStudent337}, {X=http://www.Department10.University0.edu/UndergraduateStudent111}, {X=http://www.Department10.University0.edu/UndergraduateStudent55}, {X=http://www.Department10.University0.edu/UndergraduateStudent193}, {X=http://www.Department10.University0.edu/UndergraduateStudent108}, {X=http://www.Department10.University0.edu/UndergraduateStudent400}, {X=http://www.Department10.University0.edu/UndergraduateStudent69}, {X=http://www.Department10.University0.edu/UndergraduateStudent132}, {X=http://www.Department10.University0.edu/UndergraduateStudent99}, {X=http://www.Department10.University0.edu/UndergraduateStudent226}, {X=http://www.Department10.University0.edu/UndergraduateStudent362}, {X=http://www.Department10.University0.edu/UndergraduateStudent81}, {X=http://www.Department10.University0.edu/UndergraduateStudent203}, {X=http://www.Department10.University0.edu/UndergraduateStudent334}, {X=http://www.Department10.University0.edu/UndergraduateStudent378}, {X=http://www.Department10.University0.edu/UndergraduateStudent264}, {X=http://www.Department10.University0.edu/UndergraduateStudent338}, {X=http://www.Department10.University0.edu/UndergraduateStudent176}, {X=http://www.Department10.University0.edu/UndergraduateStudent45}, {X=http://www.Department10.University0.edu/UndergraduateStudent86}, {X=http://www.Department10.University0.edu/UndergraduateStudent165}, {X=http://www.Department10.University0.edu/UndergraduateStudent172}, {X=http://www.Department10.University0.edu/UndergraduateStudent268}, {X=http://www.Department10.University0.edu/UndergraduateStudent251}, {X=http://www.Department10.University0.edu/UndergraduateStudent254}, {X=http://www.Department10.University0.edu/UndergraduateStudent190}, {X=http://www.Department10.University0.edu/UndergraduateStudent408}, {X=http://www.Department10.University0.edu/UndergraduateStudent118}, {X=http://www.Department10.University0.edu/UndergraduateStudent367}, {X=http://www.Department10.University0.edu/UndergraduateStudent77}, {X=http://www.Department10.University0.edu/UndergraduateStudent374}, {X=http://www.Department10.University0.edu/UndergraduateStudent398}, {X=http://www.Department10.University0.edu/UndergraduateStudent135}, {X=http://www.Department10.University0.edu/UndergraduateStudent58}, {X=http://www.Department10.University0.edu/UndergraduateStudent306}, {X=http://www.Department10.University0.edu/UndergraduateStudent71}, {X=http://www.Department10.University0.edu/UndergraduateStudent157}, {X=http://www.Department10.University0.edu/UndergraduateStudent119}, {X=http://www.Department10.University0.edu/UndergraduateStudent235}, {X=http://www.Department10.University0.edu/UndergraduateStudent25}, {X=http://www.Department10.University0.edu/UndergraduateStudent325}, {X=http://www.Department10.University0.edu/UndergraduateStudent236}, {X=http://www.Department10.University0.edu/UndergraduateStudent96}, {X=http://www.Department10.University0.edu/UndergraduateStudent255}, {X=http://www.Department10.University0.edu/UndergraduateStudent0}, {X=http://www.Department10.University0.edu/UndergraduateStudent313}, {X=http://www.Department10.University0.edu/UndergraduateStudent399}, {X=http://www.Department10.University0.edu/UndergraduateStudent267}, {X=http://www.Department10.University0.edu/UndergraduateStudent38}, {X=http://www.Department10.University0.edu/UndergraduateStudent180}, {X=http://www.Department10.University0.edu/UndergraduateStudent101}, {X=http://www.Department10.University0.edu/UndergraduateStudent76}, {X=http://www.Department10.University0.edu/UndergraduateStudent143}, {X=http://www.Department10.University0.edu/UndergraduateStudent342}, {X=http://www.Department10.University0.edu/UndergraduateStudent168}, {X=http://www.Department10.University0.edu/UndergraduateStudent144}, {X=http://www.Department10.University0.edu/UndergraduateStudent6}, {X=http://www.Department10.University0.edu/UndergraduateStudent311}, {X=http://www.Department10.University0.edu/UndergraduateStudent152}, {X=http://www.Department10.University0.edu/UndergraduateStudent72}, {X=http://www.Department10.University0.edu/UndergraduateStudent341}, {X=http://www.Department10.University0.edu/UndergraduateStudent350}, {X=http://www.Department10.University0.edu/UndergraduateStudent336}, {X=http://www.Department10.University0.edu/UndergraduateStudent162}, {X=http://www.Department10.University0.edu/UndergraduateStudent159}, {X=http://www.Department10.University0.edu/UndergraduateStudent109}, {X=http://www.Department10.University0.edu/UndergraduateStudent365}, {X=http://www.Department10.University0.edu/UndergraduateStudent4}, {X=http://www.Department10.University0.edu/UndergraduateStudent379}, {X=http://www.Department10.University0.edu/UndergraduateStudent384}, {X=http://www.Department10.University0.edu/UndergraduateStudent192}, {X=http://www.Department10.University0.edu/UndergraduateStudent28}, {X=http://www.Department10.University0.edu/UndergraduateStudent42}, {X=http://www.Department10.University0.edu/UndergraduateStudent153}, {X=http://www.Department10.University0.edu/UndergraduateStudent160}, {X=http://www.Department10.University0.edu/UndergraduateStudent154}, {X=http://www.Department10.University0.edu/UndergraduateStudent18}, {X=http://www.Department10.University0.edu/UndergraduateStudent328}, {X=http://www.Department10.University0.edu/UndergraduateStudent315}, {X=http://www.Department10.University0.edu/UndergraduateStudent130}, {X=http://www.Department10.University0.edu/UndergraduateStudent34}, {X=http://www.Department10.University0.edu/UndergraduateStudent231}, {X=http://www.Department10.University0.edu/UndergraduateStudent229}, {X=http://www.Department10.University0.edu/UndergraduateStudent171}, {X=http://www.Department10.University0.edu/UndergraduateStudent303}, {X=http://www.Department10.University0.edu/UndergraduateStudent47}, {X=http://www.Department10.University0.edu/UndergraduateStudent94}, {X=http://www.Department10.University0.edu/UndergraduateStudent318}, {X=http://www.Department10.University0.edu/UndergraduateStudent35}, {X=http://www.Department10.University0.edu/UndergraduateStudent320}, {X=http://www.Department10.University0.edu/UndergraduateStudent113}, {X=http://www.Department10.University0.edu/UndergraduateStudent9}, {X=http://www.Department10.University0.edu/UndergraduateStudent258}, {X=http://www.Department10.University0.edu/UndergraduateStudent127}, {X=http://www.Department10.University0.edu/UndergraduateStudent373}, {X=http://www.Department10.University0.edu/UndergraduateStudent78}, {X=http://www.Department10.University0.edu/UndergraduateStudent238}, {X=http://www.Department10.University0.edu/UndergraduateStudent331}, {X=http://www.Department10.University0.edu/UndergraduateStudent209}, {X=http://www.Department10.University0.edu/UndergraduateStudent221}, {X=http://www.Department10.University0.edu/UndergraduateStudent326}, {X=http://www.Department10.University0.edu/UndergraduateStudent8}, {X=http://www.Department10.University0.edu/UndergraduateStudent87}, {X=http://www.Department10.University0.edu/UndergraduateStudent244}, {X=http://www.Department10.University0.edu/UndergraduateStudent300}, {X=http://www.Department10.University0.edu/UndergraduateStudent262}, {X=http://www.Department10.University0.edu/UndergraduateStudent10}, {X=http://www.Department10.University0.edu/UndergraduateStudent391}, {X=http://www.Department10.University0.edu/UndergraduateStudent356}, {X=http://www.Department10.University0.edu/UndergraduateStudent346}, {X=http://www.Department10.University0.edu/UndergraduateStudent185}, {X=http://www.Department10.University0.edu/UndergraduateStudent301}, {X=http://www.Department10.University0.edu/UndergraduateStudent404}, {X=http://www.Department10.University0.edu/UndergraduateStudent11}, {X=http://www.Department10.University0.edu/UndergraduateStudent316}, {X=http://www.Department10.University0.edu/UndergraduateStudent75}, {X=http://www.Department10.University0.edu/UndergraduateStudent93}, {X=http://www.Department10.University0.edu/UndergraduateStudent52}, {X=http://www.Department10.University0.edu/UndergraduateStudent358}, {X=http://www.Department10.University0.edu/UndergraduateStudent40}, {X=http://www.Department10.University0.edu/UndergraduateStudent37}, {X=http://www.Department10.University0.edu/UndergraduateStudent196}, {X=http://www.Department10.University0.edu/UndergraduateStudent164}, {X=http://www.Department10.University0.edu/UndergraduateStudent16}, {X=http://www.Department10.University0.edu/UndergraduateStudent17}, {X=http://www.Department10.University0.edu/UndergraduateStudent20}, {X=http://www.Department10.University0.edu/UndergraduateStudent294}, {X=http://www.Department10.University0.edu/UndergraduateStudent282}, {X=http://www.Department10.University0.edu/UndergraduateStudent388}, {X=http://www.Department10.University0.edu/UndergraduateStudent370}, {X=http://www.Department10.University0.edu/UndergraduateStudent216}, {X=http://www.Department10.University0.edu/UndergraduateStudent292}, {X=http://www.Department10.University0.edu/UndergraduateStudent340}, {X=http://www.Department10.University0.edu/UndergraduateStudent270}, {X=http://www.Department10.University0.edu/UndergraduateStudent309}, {X=http://www.Department10.University0.edu/UndergraduateStudent142}, {X=http://www.Department10.University0.edu/UndergraduateStudent310}, {X=http://www.Department10.University0.edu/UndergraduateStudent129}, {X=http://www.Department10.University0.edu/UndergraduateStudent249}, {X=http://www.Department10.University0.edu/UndergraduateStudent410}, {X=http://www.Department10.University0.edu/UndergraduateStudent147}, {X=http://www.Department10.University0.edu/UndergraduateStudent59}, {X=http://www.Department10.University0.edu/UndergraduateStudent181}, {X=http://www.Department10.University0.edu/UndergraduateStudent386}, {X=http://www.Department10.University0.edu/UndergraduateStudent213}, {X=http://www.Department10.University0.edu/UndergraduateStudent295}, {X=http://www.Department10.University0.edu/UndergraduateStudent396}, {X=http://www.Department10.University0.edu/UndergraduateStudent121}, {X=http://www.Department10.University0.edu/UndergraduateStudent212}, {X=http://www.Department10.University0.edu/UndergraduateStudent66}, {X=http://www.Department10.University0.edu/UndergraduateStudent61}, {X=http://www.Department10.University0.edu/UndergraduateStudent279}, {X=http://www.Department10.University0.edu/UndergraduateStudent74}, {X=http://www.Department10.University0.edu/UndergraduateStudent198}, {X=http://www.Department10.University0.edu/UndergraduateStudent277}, {X=http://www.Department10.University0.edu/UndergraduateStudent240}, {X=http://www.Department10.University0.edu/UndergraduateStudent304}, {X=http://www.Department10.University0.edu/UndergraduateStudent204}, {X=http://www.Department10.University0.edu/UndergraduateStudent252}, {X=http://www.Department10.University0.edu/UndergraduateStudent214}, {X=http://www.Department10.University0.edu/UndergraduateStudent149}, {X=http://www.Department10.University0.edu/UndergraduateStudent116}, {X=http://www.Department10.University0.edu/UndergraduateStudent299}, {X=http://www.Department10.University0.edu/UndergraduateStudent3}, {X=http://www.Department10.University0.edu/UndergraduateStudent15}, {X=http://www.Department10.University0.edu/UndergraduateStudent261}, {X=http://www.Department10.University0.edu/UndergraduateStudent80}, {X=http://www.Department10.University0.edu/UndergraduateStudent369}, {X=http://www.Department10.University0.edu/UndergraduateStudent406}, {X=http://www.Department10.University0.edu/UndergraduateStudent175}, {X=http://www.Department10.University0.edu/UndergraduateStudent148}, {X=http://www.Department10.University0.edu/UndergraduateStudent228}, {X=http://www.Department10.University0.edu/UndergraduateStudent122}, {X=http://www.Department10.University0.edu/UndergraduateStudent102}, {X=http://www.Department10.University0.edu/UndergraduateStudent354}, {X=http://www.Department10.University0.edu/UndergraduateStudent174}, {X=http://www.Department10.University0.edu/UndergraduateStudent155}, {X=http://www.Department10.University0.edu/UndergraduateStudent349}, {X=http://www.Department10.University0.edu/UndergraduateStudent219}, {X=http://www.Department10.University0.edu/UndergraduateStudent243}, {X=http://www.Department10.University0.edu/UndergraduateStudent26}, {X=http://www.Department10.University0.edu/UndergraduateStudent247}, {X=http://www.Department10.University0.edu/UndergraduateStudent272}, {X=http://www.Department10.University0.edu/UndergraduateStudent239}, {X=http://www.Department10.University0.edu/UndergraduateStudent13}, {X=http://www.Department10.University0.edu/UndergraduateStudent195}, {X=http://www.Department10.University0.edu/UndergraduateStudent183}, {X=http://www.Department10.University0.edu/UndergraduateStudent163}, {X=http://www.Department10.University0.edu/UndergraduateStudent27}, {X=http://www.Department10.University0.edu/UndergraduateStudent30}, {X=http://www.Department10.University0.edu/UndergraduateStudent125}, {X=http://www.Department10.University0.edu/UndergraduateStudent14}, {X=http://www.Department10.University0.edu/UndergraduateStudent70}, {X=http://www.Department10.University0.edu/UndergraduateStudent53}, {X=http://www.Department10.University0.edu/UndergraduateStudent329}, {X=http://www.Department10.University0.edu/UndergraduateStudent139}, {X=http://www.Department10.University0.edu/UndergraduateStudent333}, {X=http://www.Department10.University0.edu/UndergraduateStudent359}, {X=http://www.Department10.University0.edu/UndergraduateStudent187}, {X=http://www.Department10.University0.edu/UndergraduateStudent202}, {X=http://www.Department10.University0.edu/UndergraduateStudent385}, {X=http://www.Department10.University0.edu/UndergraduateStudent286}, {X=http://www.Department10.University0.edu/UndergraduateStudent206}, {X=http://www.Department10.University0.edu/UndergraduateStudent225}, {X=http://www.Department10.University0.edu/UndergraduateStudent182}, {X=http://www.Department10.University0.edu/UndergraduateStudent283}, {X=http://www.Department10.University0.edu/UndergraduateStudent161}, {X=http://www.Department10.University0.edu/UndergraduateStudent23}, {X=http://www.Department10.University0.edu/UndergraduateStudent401}, {X=http://www.Department10.University0.edu/UndergraduateStudent321}, {X=http://www.Department10.University0.edu/UndergraduateStudent296}, {X=http://www.Department10.University0.edu/UndergraduateStudent178}, {X=http://www.Department10.University0.edu/UndergraduateStudent344}, {X=http://www.Department10.University0.edu/UndergraduateStudent257}, {X=http://www.Department10.University0.edu/UndergraduateStudent63}, {X=http://www.Department10.University0.edu/UndergraduateStudent383}, {X=http://www.Department10.University0.edu/UndergraduateStudent57}, {X=http://www.Department10.University0.edu/UndergraduateStudent335}, {X=http://www.Department10.University0.edu/UndergraduateStudent207}, {X=http://www.Department10.University0.edu/UndergraduateStudent248}, {X=http://www.Department10.University0.edu/UndergraduateStudent298}, {X=http://www.Department10.University0.edu/UndergraduateStudent90}, {X=http://www.Department10.University0.edu/UndergraduateStudent194}, {X=http://www.Department10.University0.edu/UndergraduateStudent173}, {X=http://www.Department10.University0.edu/UndergraduateStudent39}, {X=http://www.Department10.University0.edu/UndergraduateStudent217}, {X=http://www.Department10.University0.edu/UndergraduateStudent158}, {X=http://www.Department10.University0.edu/UndergraduateStudent211}, {X=http://www.Department10.University0.edu/UndergraduateStudent382}, {X=http://www.Department10.University0.edu/UndergraduateStudent201}, {X=http://www.Department10.University0.edu/UndergraduateStudent353}, {X=http://www.Department10.University0.edu/UndergraduateStudent2}, {X=http://www.Department10.University0.edu/UndergraduateStudent62}, {X=http://www.Department10.University0.edu/UndergraduateStudent22}, {X=http://www.Department10.University0.edu/UndergraduateStudent234}, {X=http://www.Department10.University0.edu/UndergraduateStudent308}, {X=http://www.Department10.University0.edu/UndergraduateStudent97}, {X=http://www.Department10.University0.edu/UndergraduateStudent377}, {X=http://www.Department10.University0.edu/UndergraduateStudent41}, {X=http://www.Department10.University0.edu/UndergraduateStudent250}, {X=http://www.Department10.University0.edu/UndergraduateStudent330}, {X=http://www.Department10.University0.edu/UndergraduateStudent227}, {X=http://www.Department10.University0.edu/UndergraduateStudent199}, {X=http://www.Department10.University0.edu/UndergraduateStudent265}, {X=http://www.Department10.University0.edu/UndergraduateStudent131}, {X=http://www.Department10.University0.edu/UndergraduateStudent48}, {X=http://www.Department10.University0.edu/UndergraduateStudent137}, {X=http://www.Department10.University0.edu/UndergraduateStudent281}, {X=http://www.Department10.University0.edu/UndergraduateStudent166}, {X=http://www.Department10.University0.edu/UndergraduateStudent233}, {X=http://www.Department10.University0.edu/UndergraduateStudent67}, {X=http://www.Department10.University0.edu/UndergraduateStudent85}, {X=http://www.Department10.University0.edu/UndergraduateStudent88}, {X=http://www.Department10.University0.edu/UndergraduateStudent120}, {X=http://www.Department10.University0.edu/UndergraduateStudent36}, {X=http://www.Department10.University0.edu/UndergraduateStudent151}, {X=http://www.Department10.University0.edu/UndergraduateStudent82}, {X=http://www.Department10.University0.edu/UndergraduateStudent241}, {X=http://www.Department10.University0.edu/UndergraduateStudent126}, {X=http://www.Department10.University0.edu/UndergraduateStudent184}, {X=http://www.Department10.University0.edu/UndergraduateStudent12}, {X=http://www.Department10.University0.edu/UndergraduateStudent169}, {X=http://www.Department10.University0.edu/UndergraduateStudent133}, {X=http://www.Department10.University0.edu/UndergraduateStudent84}, {X=http://www.Department10.University0.edu/UndergraduateStudent403}, {X=http://www.Department10.University0.edu/UndergraduateStudent60}, {X=http://www.Department10.University0.edu/UndergraduateStudent402}, {X=http://www.Department10.University0.edu/UndergraduateStudent210}, {X=http://www.Department10.University0.edu/UndergraduateStudent123}, {X=http://www.Department10.University0.edu/UndergraduateStudent167}, {X=http://www.Department10.University0.edu/UndergraduateStudent361}, {X=http://www.Department10.University0.edu/UndergraduateStudent200}, {X=http://www.Department10.University0.edu/UndergraduateStudent29}, {X=http://www.Department10.University0.edu/UndergraduateStudent271}, {X=http://www.Department10.University0.edu/UndergraduateStudent322}, {X=http://www.Department10.University0.edu/UndergraduateStudent33}, {X=http://www.Department10.University0.edu/UndergraduateStudent405}, {X=http://www.Department10.University0.edu/UndergraduateStudent146}, {X=http://www.Department10.University0.edu/UndergraduateStudent56}, {X=http://www.Department10.University0.edu/UndergraduateStudent107}, {X=http://www.Department10.University0.edu/UndergraduateStudent170}, {X=http://www.Department10.University0.edu/UndergraduateStudent395}, {X=http://www.Department10.University0.edu/UndergraduateStudent230}, {X=http://www.Department10.University0.edu/UndergraduateStudent352}, {X=http://www.Department10.University0.edu/UndergraduateStudent110}, {X=http://www.Department10.University0.edu/UndergraduateStudent312}, {X=http://www.Department10.University0.edu/UndergraduateStudent141}, {X=http://www.Department10.University0.edu/UndergraduateStudent380}, {X=http://www.Department10.University0.edu/UndergraduateStudent389}, {X=http://www.Department10.University0.edu/UndergraduateStudent363}, {X=http://www.Department10.University0.edu/UndergraduateStudent105}, {X=http://www.Department10.University0.edu/UndergraduateStudent280}, {X=http://www.Department10.University0.edu/UndergraduateStudent115}, {X=http://www.Department10.University0.edu/UndergraduateStudent191}, {X=http://www.Department10.University0.edu/UndergraduateStudent79}, {X=http://www.Department10.University0.edu/UndergraduateStudent259}, {X=http://www.Department10.University0.edu/UndergraduateStudent324}, {X=http://www.Department10.University0.edu/UndergraduateStudent188}, {X=http://www.Department10.University0.edu/UndergraduateStudent100}, {X=http://www.Department10.University0.edu/UndergraduateStudent50}, {X=http://www.Department10.University0.edu/UndergraduateStudent65}, {X=http://www.Department10.University0.edu/UndergraduateStudent49}, {X=http://www.Department10.University0.edu/UndergraduateStudent140}, {X=http://www.Department10.University0.edu/UndergraduateStudent189}, {X=http://www.Department10.University0.edu/UndergraduateStudent366}, {X=http://www.Department10.University0.edu/UndergraduateStudent138}, {X=http://www.Department10.University0.edu/UndergraduateStudent136}, {X=http://www.Department10.University0.edu/UndergraduateStudent327}, {X=http://www.Department10.University0.edu/UndergraduateStudent269}, {X=http://www.Department10.University0.edu/UndergraduateStudent73}, {X=http://www.Department10.University0.edu/UndergraduateStudent103}, {X=http://www.Department10.University0.edu/UndergraduateStudent54}, {X=http://www.Department10.University0.edu/UndergraduateStudent368}, {X=http://www.Department10.University0.edu/UndergraduateStudent215}, {X=http://www.Department10.University0.edu/UndergraduateStudent351}, {X=http://www.Department10.University0.edu/UndergraduateStudent5}, {X=http://www.Department10.University0.edu/UndergraduateStudent134}, {X=http://www.Department10.University0.edu/UndergraduateStudent276}, {X=http://www.Department10.University0.edu/UndergraduateStudent253}, {X=http://www.Department10.University0.edu/UndergraduateStudent91}, {X=http://www.Department10.University0.edu/UndergraduateStudent355}, {X=http://www.Department10.University0.edu/UndergraduateStudent245}, {X=http://www.Department10.University0.edu/UndergraduateStudent357}, {X=http://www.Department10.University0.edu/UndergraduateStudent260}, {X=http://www.Department10.University0.edu/UndergraduateStudent150}, {X=http://www.Department10.University0.edu/UndergraduateStudent106}, {X=http://www.Department10.University0.edu/UndergraduateStudent305}, {X=http://www.Department10.University0.edu/UndergraduateStudent290}, {X=http://www.Department10.University0.edu/UndergraduateStudent343}, {X=http://www.Department10.University0.edu/UndergraduateStudent246}, {X=http://www.Department10.University0.edu/UndergraduateStudent302}, {X=http://www.Department10.University0.edu/UndergraduateStudent407}, {X=http://www.Department10.University0.edu/UndergraduateStudent348}, {X=http://www.Department10.University0.edu/UndergraduateStudent273}, {X=http://www.Department10.University0.edu/UndergraduateStudent128}, {X=http://www.Department10.University0.edu/UndergraduateStudent92}, {X=http://www.Department10.University0.edu/UndergraduateStudent7}, {X=http://www.Department10.University0.edu/UndergraduateStudent220}, {X=http://www.Department10.University0.edu/UndergraduateStudent409}, {X=http://www.Department10.University0.edu/UndergraduateStudent297}, {X=http://www.Department10.University0.edu/UndergraduateStudent83}, {X=http://www.Department10.University0.edu/UndergraduateStudent339}, {X=http://www.Department10.University0.edu/UndergraduateStudent394}, {X=http://www.Department10.University0.edu/UndergraduateStudent376}, {X=http://www.Department10.University0.edu/UndergraduateStudent21}, {X=http://www.Department10.University0.edu/UndergraduateStudent293}, {X=http://www.Department10.University0.edu/UndergraduateStudent218}, {X=http://www.Department10.University0.edu/UndergraduateStudent31}, {X=http://www.Department10.University0.edu/UndergraduateStudent314}, {X=http://www.Department10.University0.edu/UndergraduateStudent332}, {X=http://www.Department10.University0.edu/UndergraduateStudent284}, {X=http://www.Department10.University0.edu/UndergraduateStudent397}, {X=http://www.Department10.University0.edu/UndergraduateStudent51}, {X=http://www.Department10.University0.edu/UndergraduateStudent104}, {X=http://www.Department10.University0.edu/UndergraduateStudent323}, {X=http://www.Department10.University0.edu/UndergraduateStudent24}, {X=http://www.Department10.University0.edu/UndergraduateStudent317}, {X=http://www.Department10.University0.edu/UndergraduateStudent64}, {X=http://www.Department10.University0.edu/UndergraduateStudent46}, {X=http://www.Department10.University0.edu/UndergraduateStudent266}, {X=http://www.Department10.University0.edu/UndergraduateStudent256}, {X=http://www.Department10.University0.edu/UndergraduateStudent222}, {X=http://www.Department10.University0.edu/UndergraduateStudent347}, {X=http://www.Department10.University0.edu/UndergraduateStudent275}, {X=http://www.Department10.University0.edu/UndergraduateStudent205}, {X=http://www.Department10.University0.edu/UndergraduateStudent381}, {X=http://www.Department10.University0.edu/UndergraduateStudent291}, {X=http://www.Department10.University0.edu/UndergraduateStudent145}, {X=http://www.Department10.University0.edu/UndergraduateStudent237}, {X=http://www.Department10.University0.edu/UndergraduateStudent124}, {X=http://www.Department10.University0.edu/UndergraduateStudent197}, {X=http://www.Department10.University0.edu/UndergraduateStudent242}, {X=http://www.Department10.University0.edu/UndergraduateStudent372}, {X=http://www.Department10.University0.edu/UndergraduateStudent177}, {X=http://www.Department10.University0.edu/UndergraduateStudent43}, {X=http://www.Department10.University0.edu/UndergraduateStudent392}, {X=http://www.Department10.University0.edu/UndergraduateStudent98}, {X=http://www.Department10.University0.edu/UndergraduateStudent223}, {X=http://www.Department10.University0.edu/UndergraduateStudent32}, {X=http://www.Department10.University0.edu/UndergraduateStudent319}, {X=http://www.Department10.University0.edu/UndergraduateStudent112}, {X=http://www.Department10.University0.edu/UndergraduateStudent44}, {X=http://www.Department10.University0.edu/UndergraduateStudent117}, {X=http://www.Department10.University0.edu/UndergraduateStudent289}, {X=http://www.Department10.University0.edu/UndergraduateStudent371}, {X=http://www.Department10.University0.edu/UndergraduateStudent263}, {X=http://www.Department10.University0.edu/UndergraduateStudent19}, {X=http://www.Department10.University0.edu/UndergraduateStudent390}, {X=http://www.Department10.University0.edu/UndergraduateStudent307}, {X=http://www.Department10.University0.edu/UndergraduateStudent1}, {X=http://www.Department10.University0.edu/UndergraduateStudent95}, {X=http://www.Department10.University0.edu/UndergraduateStudent288}, {X=http://www.Department10.University0.edu/UndergraduateStudent393}, {X=http://www.Department10.University0.edu/UndergraduateStudent208}, {X=http://www.Department10.University0.edu/UndergraduateStudent68}, {X=http://www.Department10.University0.edu/UndergraduateStudent186}, {X=http://www.Department10.University0.edu/UndergraduateStudent114}, {X=http://www.Department10.University0.edu/UndergraduateStudent278}, {X=http://www.Department10.University0.edu/UndergraduateStudent232}, {X=http://www.Department10.University0.edu/UndergraduateStudent179}, {X=http://www.Department10.University0.edu/UndergraduateStudent360}, {X=http://www.Department10.University0.edu/UndergraduateStudent287}, {X=http://www.Department10.University0.edu/UndergraduateStudent274}, {X=http://www.Department10.University0.edu/UndergraduateStudent89}, {X=http://www.Department10.University0.edu/UndergraduateStudent285}, {X=http://www.Department10.University0.edu/UndergraduateStudent224}, {X=http://www.Department10.University0.edu/UndergraduateStudent387}, {X=http://www.Department10.University0.edu/UndergraduateStudent345}, {X=http://www.Department10.University0.edu/UndergraduateStudent364}, {X=http://www.Department10.University0.edu/UndergraduateStudent375}, {X=http://www.Department10.University0.edu/UndergraduateStudent156}, {X=http://www.Department10.University0.edu/UndergraduateStudent337}, {X=http://www.Department10.University0.edu/UndergraduateStudent111}, {X=http://www.Department10.University0.edu/UndergraduateStudent55}, {X=http://www.Department10.University0.edu/UndergraduateStudent193}, {X=http://www.Department10.University0.edu/UndergraduateStudent108}, {X=http://www.Department10.University0.edu/UndergraduateStudent400}, {X=http://www.Department10.University0.edu/UndergraduateStudent69}, {X=http://www.Department10.University0.edu/UndergraduateStudent132}, {X=http://www.Department10.University0.edu/UndergraduateStudent99}, {X=http://www.Department10.University0.edu/UndergraduateStudent226}, {X=http://www.Department10.University0.edu/UndergraduateStudent362}, {X=http://www.Department10.University0.edu/UndergraduateStudent81}, {X=http://www.Department10.University0.edu/UndergraduateStudent203}, {X=http://www.Department10.University0.edu/UndergraduateStudent334}, {X=http://www.Department10.University0.edu/UndergraduateStudent378}, {X=http://www.Department10.University0.edu/UndergraduateStudent264}, {X=http://www.Department10.University0.edu/UndergraduateStudent338}, {X=http://www.Department10.University0.edu/UndergraduateStudent176}, {X=http://www.Department10.University0.edu/UndergraduateStudent45}, {X=http://www.Department10.University0.edu/UndergraduateStudent86}, {X=http://www.Department10.University0.edu/UndergraduateStudent165}, {X=http://www.Department10.University0.edu/UndergraduateStudent172}, {X=http://www.Department10.University0.edu/UndergraduateStudent268}, {X=http://www.Department10.University0.edu/UndergraduateStudent251}, {X=http://www.Department10.University0.edu/UndergraduateStudent254}, {X=http://www.Department10.University0.edu/UndergraduateStudent190}, {X=http://www.Department10.University0.edu/UndergraduateStudent408}, {X=http://www.Department10.University0.edu/UndergraduateStudent118}, {X=http://www.Department10.University0.edu/UndergraduateStudent367}, {X=http://www.Department10.University0.edu/UndergraduateStudent77}, {X=http://www.Department10.University0.edu/UndergraduateStudent374}, {X=http://www.Department10.University0.edu/UndergraduateStudent398}, {X=http://www.Department10.University0.edu/UndergraduateStudent135}, {X=http://www.Department10.University0.edu/UndergraduateStudent58}, {X=http://www.Department10.University0.edu/UndergraduateStudent306}, {X=http://www.Department10.University0.edu/UndergraduateStudent71}, {X=http://www.Department10.University0.edu/UndergraduateStudent157}, {X=http://www.Department10.University0.edu/UndergraduateStudent119}, {X=http://www.Department10.University0.edu/UndergraduateStudent235}, {X=http://www.Department10.University0.edu/UndergraduateStudent25}, {X=http://www.Department10.University0.edu/UndergraduateStudent325}, {X=http://www.Department10.University0.edu/UndergraduateStudent236}, {X=http://www.Department10.University0.edu/UndergraduateStudent96}, {X=http://www.Department10.University0.edu/UndergraduateStudent255}, {X=http://www.Department10.University0.edu/UndergraduateStudent0}, {X=http://www.Department10.University0.edu/UndergraduateStudent313}, {X=http://www.Department10.University0.edu/UndergraduateStudent399}, {X=http://www.Department10.University0.edu/UndergraduateStudent267}, {X=http://www.Department10.University0.edu/UndergraduateStudent38}, {X=http://www.Department10.University0.edu/UndergraduateStudent180}, {X=http://www.Department10.University0.edu/UndergraduateStudent101}, {X=http://www.Department10.University0.edu/UndergraduateStudent76}, {X=http://www.Department10.University0.edu/UndergraduateStudent143}, {X=http://www.Department10.University0.edu/UndergraduateStudent342}, {X=http://www.Department10.University0.edu/UndergraduateStudent168}, {X=http://www.Department10.University0.edu/UndergraduateStudent144}, {X=http://www.Department10.University0.edu/UndergraduateStudent6}, {X=http://www.Department10.University0.edu/UndergraduateStudent311}, {X=http://www.Department10.University0.edu/UndergraduateStudent152}, {X=http://www.Department10.University0.edu/UndergraduateStudent72}, {X=http://www.Department10.University0.edu/UndergraduateStudent341}, {X=http://www.Department10.University0.edu/UndergraduateStudent350}, {X=http://www.Department10.University0.edu/UndergraduateStudent336}, {X=http://www.Department10.University0.edu/UndergraduateStudent162}, {X=http://www.Department10.University0.edu/UndergraduateStudent159}, {X=http://www.Department10.University0.edu/UndergraduateStudent109}, {X=http://www.Department10.University0.edu/UndergraduateStudent365}, {X=http://www.Department10.University0.edu/UndergraduateStudent4}, {X=http://www.Department10.University0.edu/UndergraduateStudent379}, {X=http://www.Department10.University0.edu/UndergraduateStudent384}, {X=http://www.Department10.University0.edu/UndergraduateStudent192}, {X=http://www.Department10.University0.edu/UndergraduateStudent28}, {X=http://www.Department10.University0.edu/UndergraduateStudent42}, {X=http://www.Department10.University0.edu/UndergraduateStudent153}, {X=http://www.Department10.University0.edu/UndergraduateStudent160}, {X=http://www.Department10.University0.edu/UndergraduateStudent154}, {X=http://www.Department10.University0.edu/UndergraduateStudent18}, {X=http://www.Department10.University0.edu/UndergraduateStudent328}, {X=http://www.Department10.University0.edu/UndergraduateStudent315}, {X=http://www.Department10.University0.edu/UndergraduateStudent130}, {X=http://www.Department10.University0.edu/UndergraduateStudent34}, {X=http://www.Department10.University0.edu/UndergraduateStudent231}, {X=http://www.Department10.University0.edu/UndergraduateStudent229}, {X=http://www.Department10.University0.edu/UndergraduateStudent171}, {X=http://www.Department10.University0.edu/UndergraduateStudent303}, {X=http://www.Department10.University0.edu/UndergraduateStudent47}, {X=http://www.Department10.University0.edu/UndergraduateStudent94}, {X=http://www.Department10.University0.edu/UndergraduateStudent318}, {X=http://www.Department10.University0.edu/UndergraduateStudent35}, {X=http://www.Department10.University0.edu/UndergraduateStudent320}, {X=http://www.Department10.University0.edu/UndergraduateStudent113}, {X=http://www.Department10.University0.edu/UndergraduateStudent9}, {X=http://www.Department10.University0.edu/UndergraduateStudent258}, {X=http://www.Department10.University0.edu/UndergraduateStudent127}, {X=http://www.Department10.University0.edu/UndergraduateStudent373}, {X=http://www.Department10.University0.edu/UndergraduateStudent78}, {X=http://www.Department10.University0.edu/UndergraduateStudent238}, {X=http://www.Department10.University0.edu/UndergraduateStudent331}, {X=http://www.Department10.University0.edu/UndergraduateStudent209}, {X=http://www.Department10.University0.edu/UndergraduateStudent221}, {X=http://www.Department10.University0.edu/UndergraduateStudent326}, {X=http://www.Department10.University0.edu/UndergraduateStudent8}, {X=http://www.Department10.University0.edu/UndergraduateStudent87}, {X=http://www.Department10.University0.edu/UndergraduateStudent244}, {X=http://www.Department10.University0.edu/UndergraduateStudent300}, {X=http://www.Department10.University0.edu/UndergraduateStudent262}, {X=http://www.Department10.University0.edu/UndergraduateStudent10}, {X=http://www.Department10.University0.edu/UndergraduateStudent391}, {X=http://www.Department10.University0.edu/UndergraduateStudent356}, {X=http://www.Department10.University0.edu/UndergraduateStudent346}, {X=http://www.Department10.University0.edu/UndergraduateStudent185}, {X=http://www.Department10.University0.edu/UndergraduateStudent301}, {X=http://www.Department10.University0.edu/UndergraduateStudent404}, {X=http://www.Department10.University0.edu/UndergraduateStudent11}, {X=http://www.Department10.University0.edu/UndergraduateStudent316}, {X=http://www.Department10.University0.edu/UndergraduateStudent75}, {X=http://www.Department10.University0.edu/UndergraduateStudent93}, {X=http://www.Department10.University0.edu/UndergraduateStudent52}, {X=http://www.Department10.University0.edu/UndergraduateStudent358}, {X=http://www.Department10.University0.edu/UndergraduateStudent40}, {X=http://www.Department10.University0.edu/UndergraduateStudent37}, {X=http://www.Department10.University0.edu/UndergraduateStudent196}, {X=http://www.Department10.University0.edu/UndergraduateStudent164}, {X=http://www.Department10.University0.edu/UndergraduateStudent16}, {X=http://www.Department10.University0.edu/UndergraduateStudent17}, {X=http://www.Department10.University0.edu/UndergraduateStudent20}, {X=http://www.Department10.University0.edu/UndergraduateStudent294}, {X=http://www.Department10.University0.edu/UndergraduateStudent282}, {X=http://www.Department10.University0.edu/UndergraduateStudent388}, {X=http://www.Department10.University0.edu/UndergraduateStudent370}, {X=http://www.Department10.University0.edu/UndergraduateStudent216}, {X=http://www.Department10.University0.edu/UndergraduateStudent292}, {X=http://www.Department10.University0.edu/UndergraduateStudent340}, {X=http://www.Department10.University0.edu/UndergraduateStudent270}, {X=http://www.Department10.University0.edu/UndergraduateStudent309}, {X=http://www.Department10.University0.edu/UndergraduateStudent142}, {X=http://www.Department10.University0.edu/UndergraduateStudent310}, {X=http://www.Department10.University0.edu/UndergraduateStudent129}, {X=http://www.Department10.University0.edu/UndergraduateStudent249}, {X=http://www.Department10.University0.edu/UndergraduateStudent410}, {X=http://www.Department10.University0.edu/UndergraduateStudent147}, {X=http://www.Department10.University0.edu/UndergraduateStudent59}, {X=http://www.Department10.University0.edu/UndergraduateStudent181}, {X=http://www.Department10.University0.edu/UndergraduateStudent386}, {X=http://www.Department10.University0.edu/UndergraduateStudent213}, {X=http://www.Department10.University0.edu/UndergraduateStudent295}, {X=http://www.Department10.University0.edu/UndergraduateStudent396}, {X=http://www.Department10.University0.edu/UndergraduateStudent121}, {X=http://www.Department10.University0.edu/UndergraduateStudent212}, {X=http://www.Department10.University0.edu/UndergraduateStudent66}, {X=http://www.Department10.University0.edu/UndergraduateStudent61}, {X=http://www.Department10.University0.edu/UndergraduateStudent279}, {X=http://www.Department10.University0.edu/UndergraduateStudent74}, {X=http://www.Department10.University0.edu/UndergraduateStudent198}, {X=http://www.Department10.University0.edu/UndergraduateStudent277}, {X=http://www.Department10.University0.edu/UndergraduateStudent240}, {X=http://www.Department10.University0.edu/UndergraduateStudent304}, {X=http://www.Department10.University0.edu/UndergraduateStudent204}, {X=http://www.Department10.University0.edu/UndergraduateStudent252}, {X=http://www.Department10.University0.edu/UndergraduateStudent214}, {X=http://www.Department10.University0.edu/UndergraduateStudent149}, {X=http://www.Department10.University0.edu/UndergraduateStudent116}, {X=http://www.Department10.University0.edu/UndergraduateStudent299}, {X=http://www.Department10.University0.edu/UndergraduateStudent3}, {X=http://www.Department10.University0.edu/UndergraduateStudent15}, {X=http://www.Department10.University0.edu/UndergraduateStudent261}, {X=http://www.Department10.University0.edu/UndergraduateStudent80}, {X=http://www.Department10.University0.edu/UndergraduateStudent369}, {X=http://www.Department10.University0.edu/UndergraduateStudent406}, {X=http://www.Department10.University0.edu/UndergraduateStudent175}, {X=http://www.Department10.University0.edu/UndergraduateStudent148}, {X=http://www.Department10.University0.edu/UndergraduateStudent228}, {X=http://www.Department10.University0.edu/UndergraduateStudent122}, {X=http://www.Department10.University0.edu/UndergraduateStudent102}, {X=http://www.Department10.University0.edu/UndergraduateStudent354}, {X=http://www.Department10.University0.edu/UndergraduateStudent174}, {X=http://www.Department10.University0.edu/UndergraduateStudent155}, {X=http://www.Department10.University0.edu/UndergraduateStudent349}, {X=http://www.Department10.University0.edu/UndergraduateStudent219}, {X=http://www.Department10.University0.edu/UndergraduateStudent243}, {X=http://www.Department10.University0.edu/UndergraduateStudent26}, {X=http://www.Department10.University0.edu/UndergraduateStudent247}, {X=http://www.Department10.University0.edu/UndergraduateStudent272}, {X=http://www.Department10.University0.edu/UndergraduateStudent239}, {X=http://www.Department10.University0.edu/UndergraduateStudent13}, {X=http://www.Department10.University0.edu/UndergraduateStudent195}, {X=http://www.Department10.University0.edu/UndergraduateStudent183}, {X=http://www.Department10.University0.edu/UndergraduateStudent163}, {X=http://www.Department10.University0.edu/UndergraduateStudent27}, {X=http://www.Department10.University0.edu/UndergraduateStudent30}, {X=http://www.Department10.University0.edu/UndergraduateStudent125}, {X=http://www.Department10.University0.edu/UndergraduateStudent14}, {X=http://www.Department10.University0.edu/UndergraduateStudent70}, {X=http://www.Department10.University0.edu/UndergraduateStudent53}, {X=http://www.Department10.University0.edu/UndergraduateStudent329}, {X=http://www.Department10.University0.edu/UndergraduateStudent139}, {X=http://www.Department10.University0.edu/UndergraduateStudent333}, {X=http://www.Department10.University0.edu/UndergraduateStudent359}, {X=http://www.Department10.University0.edu/UndergraduateStudent187}, {X=http://www.Department10.University0.edu/UndergraduateStudent202}, {X=http://www.Department10.University0.edu/UndergraduateStudent385}, {X=http://www.Department10.University0.edu/UndergraduateStudent286}, {X=http://www.Department10.University0.edu/UndergraduateStudent206}, {X=http://www.Department10.University0.edu/UndergraduateStudent225}, {X=http://www.Department10.University0.edu/UndergraduateStudent182}, {X=http://www.Department10.University0.edu/UndergraduateStudent283}, {X=http://www.Department10.University0.edu/UndergraduateStudent161}, {X=http://www.Department10.University0.edu/UndergraduateStudent23}, {X=http://www.Department10.University0.edu/UndergraduateStudent401}, {X=http://www.Department10.University0.edu/UndergraduateStudent321}, {X=http://www.Department10.University0.edu/UndergraduateStudent296}, {X=http://www.Department10.University0.edu/UndergraduateStudent178}, {X=http://www.Department10.University0.edu/UndergraduateStudent344}, {X=http://www.Department10.University0.edu/UndergraduateStudent257}, {X=http://www.Department10.University0.edu/UndergraduateStudent63}, {X=http://www.Department10.University0.edu/UndergraduateStudent383}, {X=http://www.Department10.University0.edu/UndergraduateStudent57}, {X=http://www.Department10.University0.edu/UndergraduateStudent335}, {X=http://www.Department10.University0.edu/UndergraduateStudent207}, {X=http://www.Department10.University0.edu/UndergraduateStudent248}, {X=http://www.Department10.University0.edu/UndergraduateStudent298}, {X=http://www.Department10.University0.edu/UndergraduateStudent90}, {X=http://www.Department10.University0.edu/UndergraduateStudent194}, {X=http://www.Department10.University0.edu/UndergraduateStudent173}, {X=http://www.Department10.University0.edu/UndergraduateStudent39}, {X=http://www.Department10.University0.edu/UndergraduateStudent217}, {X=http://www.Department10.University0.edu/UndergraduateStudent158}, {X=http://www.Department10.University0.edu/UndergraduateStudent211}, {X=http://www.Department10.University0.edu/UndergraduateStudent382}, {X=http://www.Department10.University0.edu/UndergraduateStudent201}, {X=http://www.Department10.University0.edu/UndergraduateStudent353}, {X=http://www.Department10.University0.edu/UndergraduateStudent2}, {X=http://www.Department10.University0.edu/UndergraduateStudent62}, {X=http://www.Department10.University0.edu/UndergraduateStudent22}, {X=http://www.Department10.University0.edu/UndergraduateStudent234}, {X=http://www.Department10.University0.edu/UndergraduateStudent308}, {X=http://www.Department10.University0.edu/UndergraduateStudent97}, {X=http://www.Department10.University0.edu/UndergraduateStudent377}, {X=http://www.Department10.University0.edu/UndergraduateStudent41}, {X=http://www.Department10.University0.edu/UndergraduateStudent250}, {X=http://www.Department10.University0.edu/UndergraduateStudent330}, {X=http://www.Department10.University0.edu/UndergraduateStudent227}, {X=http://www.Department10.University0.edu/UndergraduateStudent199}, {X=http://www.Department10.University0.edu/UndergraduateStudent265}, {X=http://www.Department10.University0.edu/UndergraduateStudent131}, {X=http://www.Department10.University0.edu/UndergraduateStudent48}, {X=http://www.Department10.University0.edu/UndergraduateStudent137}, {X=http://www.Department10.University0.edu/UndergraduateStudent281}, {X=http://www.Department10.University0.edu/UndergraduateStudent166}, {X=http://www.Department10.University0.edu/UndergraduateStudent233}, {X=http://www.Department10.University0.edu/UndergraduateStudent67}, {X=http://www.Department10.University0.edu/UndergraduateStudent85}, {X=http://www.Department10.University0.edu/UndergraduateStudent88}, {X=http://www.Department10.University0.edu/UndergraduateStudent120}, {X=http://www.Department10.University0.edu/UndergraduateStudent36}, {X=http://www.Department10.University0.edu/UndergraduateStudent151}, {X=http://www.Department10.University0.edu/UndergraduateStudent82}, {X=http://www.Department10.University0.edu/UndergraduateStudent241}, {X=http://www.Department10.University0.edu/UndergraduateStudent126}, {X=http://www.Department10.University0.edu/UndergraduateStudent184}, {X=http://www.Department10.University0.edu/UndergraduateStudent12}, {X=http://www.Department10.University0.edu/UndergraduateStudent169}, {X=http://www.Department10.University0.edu/UndergraduateStudent133}, {X=http://www.Department10.University0.edu/UndergraduateStudent84}, {X=http://www.Department10.University0.edu/UndergraduateStudent403}, {X=http://www.Department10.University0.edu/UndergraduateStudent60}, {X=http://www.Department10.University0.edu/UndergraduateStudent402}, {X=http://www.Department10.University0.edu/UndergraduateStudent210}, {X=http://www.Department10.University0.edu/UndergraduateStudent123}, {X=http://www.Department10.University0.edu/UndergraduateStudent167}, {X=http://www.Department10.University0.edu/UndergraduateStudent361}, {X=http://www.Department10.University0.edu/UndergraduateStudent200}, {X=http://www.Department10.University0.edu/UndergraduateStudent29}, {X=http://www.Department10.University0.edu/UndergraduateStudent271}, {X=http://www.Department10.University0.edu/UndergraduateStudent322}, {X=http://www.Department10.University0.edu/UndergraduateStudent33}, {X=http://www.Department10.University0.edu/UndergraduateStudent405}, {X=http://www.Department10.University0.edu/UndergraduateStudent146}, {X=http://www.Department10.University0.edu/UndergraduateStudent56}, {X=http://www.Department10.University0.edu/UndergraduateStudent107}, {X=http://www.Department10.University0.edu/UndergraduateStudent170}, {X=http://www.Department10.University0.edu/UndergraduateStudent395}, {X=http://www.Department10.University0.edu/UndergraduateStudent230}, {X=http://www.Department10.University0.edu/UndergraduateStudent352}, {X=http://www.Department10.University0.edu/UndergraduateStudent110}, {X=http://www.Department10.University0.edu/UndergraduateStudent312}, {X=http://www.Department10.University0.edu/UndergraduateStudent141}, {X=http://www.Department10.University0.edu/UndergraduateStudent380}, {X=http://www.Department10.University0.edu/UndergraduateStudent389}, {X=http://www.Department10.University0.edu/UndergraduateStudent363}, {X=http://www.Department10.University0.edu/UndergraduateStudent105}, {X=http://www.Department10.University0.edu/UndergraduateStudent280}, {X=http://www.Department10.University0.edu/UndergraduateStudent115}, {X=http://www.Department10.University0.edu/UndergraduateStudent191}, {X=http://www.Department10.University0.edu/UndergraduateStudent79}, {X=http://www.Department10.University0.edu/UndergraduateStudent259}, {X=http://www.Department10.University0.edu/UndergraduateStudent324}, {X=http://www.Department10.University0.edu/UndergraduateStudent188}, {X=http://www.Department10.University0.edu/UndergraduateStudent100}, {X=http://www.Department10.University0.edu/UndergraduateStudent50}, {X=http://www.Department10.University0.edu/UndergraduateStudent65}, {X=http://www.Department10.University0.edu/UndergraduateStudent49}, {X=http://www.Department10.University0.edu/UndergraduateStudent140}, {X=http://www.Department10.University0.edu/UndergraduateStudent189}, {X=http://www.Department10.University0.edu/UndergraduateStudent366}, {X=http://www.Department10.University0.edu/UndergraduateStudent138}, {X=http://www.Department10.University0.edu/UndergraduateStudent136}, {X=http://www.Department10.University0.edu/UndergraduateStudent327}, {X=http://www.Department10.University0.edu/UndergraduateStudent269}, {X=http://www.Department10.University0.edu/UndergraduateStudent73}, {X=http://www.Department10.University0.edu/UndergraduateStudent103}, {X=http://www.Department10.University0.edu/UndergraduateStudent54}, {X=http://www.Department10.University0.edu/UndergraduateStudent368}, {X=http://www.Department10.University0.edu/UndergraduateStudent215}, {X=http://www.Department10.University0.edu/UndergraduateStudent351}, {X=http://www.Department10.University0.edu/UndergraduateStudent5}, {X=http://www.Department10.University0.edu/UndergraduateStudent134}, {X=http://www.Department10.University0.edu/UndergraduateStudent276}, {X=http://www.Department10.University0.edu/UndergraduateStudent253}, {X=http://www.Department10.University0.edu/UndergraduateStudent91}, {X=http://www.Department10.University0.edu/UndergraduateStudent355}, {X=http://www.Department10.University0.edu/UndergraduateStudent245}, {X=http://www.Department10.University0.edu/UndergraduateStudent357}, {X=http://www.Department10.University0.edu/UndergraduateStudent260}, {X=http://www.Department10.University0.edu/UndergraduateStudent150}, {X=http://www.Department10.University0.edu/UndergraduateStudent106}, {X=http://www.Department10.University0.edu/UndergraduateStudent305}, {X=http://www.Department10.University0.edu/UndergraduateStudent290}, {X=http://www.Department10.University0.edu/UndergraduateStudent343}, {X=http://www.Department10.University0.edu/UndergraduateStudent246}, {X=http://www.Department10.University0.edu/UndergraduateStudent302}, {X=http://www.Department10.University0.edu/UndergraduateStudent407}, {X=http://www.Department10.University0.edu/UndergraduateStudent348}, {X=http://www.Department10.University0.edu/UndergraduateStudent273}, {X=http://www.Department10.University0.edu/UndergraduateStudent128}, {X=http://www.Department10.University0.edu/UndergraduateStudent92}, {X=http://www.Department10.University0.edu/UndergraduateStudent7}, {X=http://www.Department10.University0.edu/UndergraduateStudent220}, {X=http://www.Department10.University0.edu/UndergraduateStudent409}, {X=http://www.Department10.University0.edu/UndergraduateStudent297}, {X=http://www.Department10.University0.edu/UndergraduateStudent83}, {X=http://www.Department10.University0.edu/UndergraduateStudent339}, {X=http://www.Department10.University0.edu/UndergraduateStudent394}, {X=http://www.Department10.University0.edu/UndergraduateStudent376}, {X=http://www.Department10.University0.edu/UndergraduateStudent21}, {X=http://www.Department10.University0.edu/UndergraduateStudent293}, {X=http://www.Department10.University0.edu/UndergraduateStudent218}, {X=http://www.Department10.University0.edu/UndergraduateStudent31}, {X=http://www.Department10.University0.edu/UndergraduateStudent314}, {X=http://www.Department10.University0.edu/UndergraduateStudent332}, {X=http://www.Department10.University0.edu/UndergraduateStudent284}, {X=http://www.Department10.University0.edu/UndergraduateStudent397}, {X=http://www.Department10.University0.edu/UndergraduateStudent51}, {X=http://www.Department10.University0.edu/UndergraduateStudent104}, {X=http://www.Department10.University0.edu/UndergraduateStudent323}, {X=http://www.Department10.University0.edu/UndergraduateStudent24}, {X=http://www.Department10.University0.edu/UndergraduateStudent317}, {X=http://www.Department10.University0.edu/UndergraduateStudent64}, {X=http://www.Department10.University0.edu/UndergraduateStudent46}, {X=http://www.Department10.University0.edu/UndergraduateStudent266}, {X=http://www.Department10.University0.edu/UndergraduateStudent256}, {X=http://www.Department10.University0.edu/UndergraduateStudent222}, {X=http://www.Department10.University0.edu/UndergraduateStudent347}, {X=http://www.Department10.University0.edu/UndergraduateStudent275}, {X=http://www.Department10.University0.edu/UndergraduateStudent205}, {X=http://www.Department10.University0.edu/UndergraduateStudent381}, {X=http://www.Department10.University0.edu/UndergraduateStudent291}, {X=http://www.Department10.University0.edu/UndergraduateStudent145}, {X=http://www.Department10.University0.edu/UndergraduateStudent237}, {X=http://www.Department10.University0.edu/UndergraduateStudent124}, {X=http://www.Department10.University0.edu/UndergraduateStudent197}, {X=http://www.Department10.University0.edu/UndergraduateStudent242}, {X=http://www.Department10.University0.edu/UndergraduateStudent372}, {X=http://www.Department10.University0.edu/UndergraduateStudent177}, {X=http://www.Department10.University0.edu/UndergraduateStudent43}, {X=http://www.Department10.University0.edu/UndergraduateStudent392}, {X=http://www.Department10.University0.edu/UndergraduateStudent98}, {X=http://www.Department10.University0.edu/UndergraduateStudent223}, {X=http://www.Department10.University0.edu/UndergraduateStudent32}, {X=http://www.Department10.University0.edu/UndergraduateStudent319}, {X=http://www.Department10.University0.edu/UndergraduateStudent112}, {X=http://www.Department10.University0.edu/UndergraduateStudent44}, {X=http://www.Department10.University0.edu/UndergraduateStudent117}, {X=http://www.Department10.University0.edu/UndergraduateStudent289}, {X=http://www.Department10.University0.edu/UndergraduateStudent371}, {X=http://www.Department10.University0.edu/UndergraduateStudent263}, {X=http://www.Department10.University0.edu/UndergraduateStudent19}, {X=http://www.Department10.University0.edu/UndergraduateStudent390}, {X=http://www.Department10.University0.edu/UndergraduateStudent307}, {X=http://www.Department10.University0.edu/UndergraduateStudent1}, {X=http://www.Department10.University0.edu/UndergraduateStudent95}, {X=http://www.Department10.University0.edu/UndergraduateStudent288}, {X=http://www.Department10.University0.edu/UndergraduateStudent393}, {X=http://www.Department10.University0.edu/UndergraduateStudent208}, {X=http://www.Department10.University0.edu/UndergraduateStudent68}, {X=http://www.Department10.University0.edu/UndergraduateStudent186}, {X=http://www.Department10.University0.edu/UndergraduateStudent114}, {X=http://www.Department10.University0.edu/UndergraduateStudent278}, {X=http://www.Department10.University0.edu/UndergraduateStudent232}, {X=http://www.Department10.University0.edu/UndergraduateStudent179}, {X=http://www.Department10.University0.edu/UndergraduateStudent360}, {X=http://www.Department10.University0.edu/UndergraduateStudent287}, {X=http://www.Department10.University0.edu/UndergraduateStudent274}, {X=http://www.Department10.University0.edu/UndergraduateStudent89}, {X=http://www.Department10.University0.edu/UndergraduateStudent285}, {X=http://www.Department10.University0.edu/UndergraduateStudent224}, {X=http://www.Department10.University0.edu/UndergraduateStudent387}, {X=http://www.Department10.University0.edu/UndergraduateStudent345}, {X=http://www.Department10.University0.edu/UndergraduateStudent364}, {X=http://www.Department10.University0.edu/UndergraduateStudent375}, {X=http://www.Department10.University0.edu/UndergraduateStudent156}, {X=http://www.Department10.University0.edu/UndergraduateStudent337}, {X=http://www.Department10.University0.edu/UndergraduateStudent111}, {X=http://www.Department10.University0.edu/UndergraduateStudent55}, {X=http://www.Department10.University0.edu/UndergraduateStudent193}, {X=http://www.Department10.University0.edu/UndergraduateStudent108}, {X=http://www.Department10.University0.edu/UndergraduateStudent400}, {X=http://www.Department10.University0.edu/UndergraduateStudent69}, {X=http://www.Department10.University0.edu/UndergraduateStudent132}, {X=http://www.Department10.University0.edu/UndergraduateStudent99}, {X=http://www.Department10.University0.edu/UndergraduateStudent226}, {X=http://www.Department10.University0.edu/UndergraduateStudent362}, {X=http://www.Department10.University0.edu/UndergraduateStudent81}, {X=http://www.Department10.University0.edu/UndergraduateStudent203}, {X=http://www.Department10.University0.edu/UndergraduateStudent334}, {X=http://www.Department10.University0.edu/UndergraduateStudent378}, {X=http://www.Department10.University0.edu/UndergraduateStudent264}, {X=http://www.Department10.University0.edu/UndergraduateStudent338}, {X=http://www.Department10.University0.edu/UndergraduateStudent176}, {X=http://www.Department10.University0.edu/UndergraduateStudent45}, {X=http://www.Department10.University0.edu/UndergraduateStudent86}, {X=http://www.Department10.University0.edu/UndergraduateStudent165}, {X=http://www.Department10.University0.edu/UndergraduateStudent172}, {X=http://www.Department10.University0.edu/UndergraduateStudent268}, {X=http://www.Department10.University0.edu/UndergraduateStudent251}, {X=http://www.Department10.University0.edu/UndergraduateStudent254}, {X=http://www.Department10.University0.edu/UndergraduateStudent190}, {X=http://www.Department10.University0.edu/UndergraduateStudent408}, {X=http://www.Department10.University0.edu/UndergraduateStudent118}, {X=http://www.Department10.University0.edu/UndergraduateStudent367}, {X=http://www.Department10.University0.edu/UndergraduateStudent77}, {X=http://www.Department10.University0.edu/UndergraduateStudent374}, {X=http://www.Department10.University0.edu/UndergraduateStudent398}, {X=http://www.Department10.University0.edu/UndergraduateStudent135}, {X=http://www.Department10.University0.edu/UndergraduateStudent58}, {X=http://www.Department10.University0.edu/UndergraduateStudent306}, {X=http://www.Department10.University0.edu/UndergraduateStudent71}, {X=http://www.Department10.University0.edu/UndergraduateStudent157}, {X=http://www.Department10.University0.edu/UndergraduateStudent119}, {X=http://www.Department10.University0.edu/UndergraduateStudent235}, {X=http://www.Department10.University0.edu/UndergraduateStudent25}, {X=http://www.Department10.University0.edu/UndergraduateStudent325}, {X=http://www.Department10.University0.edu/UndergraduateStudent236}, {X=http://www.Department10.University0.edu/UndergraduateStudent96}, {X=http://www.Department10.University0.edu/UndergraduateStudent255}, {X=http://www.Department10.University0.edu/UndergraduateStudent0}, {X=http://www.Department10.University0.edu/UndergraduateStudent313}, {X=http://www.Department10.University0.edu/UndergraduateStudent399}, {X=http://www.Department10.University0.edu/UndergraduateStudent267}, {X=http://www.Department10.University0.edu/UndergraduateStudent38}, {X=http://www.Department10.University0.edu/UndergraduateStudent180}, {X=http://www.Department10.University0.edu/UndergraduateStudent101}, {X=http://www.Department10.University0.edu/UndergraduateStudent76}, {X=http://www.Department10.University0.edu/UndergraduateStudent143}, {X=http://www.Department10.University0.edu/UndergraduateStudent342}, {X=http://www.Department10.University0.edu/UndergraduateStudent168}, {X=http://www.Department10.University0.edu/UndergraduateStudent144}, {X=http://www.Department10.University0.edu/UndergraduateStudent6}, {X=http://www.Department10.University0.edu/UndergraduateStudent311}, {X=http://www.Department10.University0.edu/UndergraduateStudent152}, {X=http://www.Department10.University0.edu/UndergraduateStudent72}, {X=http://www.Department10.University0.edu/UndergraduateStudent341}, {X=http://www.Department10.University0.edu/UndergraduateStudent350}, {X=http://www.Department10.University0.edu/UndergraduateStudent336}, {X=http://www.Department10.University0.edu/UndergraduateStudent162}, {X=http://www.Department10.University0.edu/UndergraduateStudent159}, {X=http://www.Department10.University0.edu/UndergraduateStudent109}, {X=http://www.Department10.University0.edu/UndergraduateStudent365}, {X=http://www.Department10.University0.edu/UndergraduateStudent4}, {X=http://www.Department10.University0.edu/UndergraduateStudent379}, {X=http://www.Department10.University0.edu/UndergraduateStudent384}, {X=http://www.Department10.University0.edu/UndergraduateStudent192}, {X=http://www.Department10.University0.edu/UndergraduateStudent28}, {X=http://www.Department10.University0.edu/UndergraduateStudent42}, {X=http://www.Department10.University0.edu/UndergraduateStudent153}, {X=http://www.Department10.University0.edu/UndergraduateStudent160}, {X=http://www.Department10.University0.edu/UndergraduateStudent154}, {X=http://www.Department10.University0.edu/UndergraduateStudent18}, {X=http://www.Department10.University0.edu/UndergraduateStudent328}, {X=http://www.Department10.University0.edu/UndergraduateStudent315}, {X=http://www.Department10.University0.edu/UndergraduateStudent130}, {X=http://www.Department10.University0.edu/UndergraduateStudent34}, {X=http://www.Department10.University0.edu/UndergraduateStudent231}, {X=http://www.Department10.University0.edu/UndergraduateStudent229}, {X=http://www.Department10.University0.edu/UndergraduateStudent171}, {X=http://www.Department10.University0.edu/UndergraduateStudent303}, {X=http://www.Department10.University0.edu/UndergraduateStudent47}, {X=http://www.Department10.University0.edu/UndergraduateStudent94}, {X=http://www.Department10.University0.edu/UndergraduateStudent318}, {X=http://www.Department10.University0.edu/UndergraduateStudent35}, {X=http://www.Department10.University0.edu/UndergraduateStudent320}, {X=http://www.Department10.University0.edu/UndergraduateStudent113}, {X=http://www.Department10.University0.edu/UndergraduateStudent9}, {X=http://www.Department10.University0.edu/UndergraduateStudent258}, {X=http://www.Department10.University0.edu/UndergraduateStudent127}, {X=http://www.Department10.University0.edu/UndergraduateStudent373}, {X=http://www.Department10.University0.edu/UndergraduateStudent78}, {X=http://www.Department10.University0.edu/UndergraduateStudent238}, {X=http://www.Department10.University0.edu/UndergraduateStudent331}, {X=http://www.Department10.University0.edu/UndergraduateStudent209}, {X=http://www.Department10.University0.edu/UndergraduateStudent221}, {X=http://www.Department10.University0.edu/UndergraduateStudent326}, {X=http://www.Department10.University0.edu/UndergraduateStudent8}, {X=http://www.Department10.University0.edu/UndergraduateStudent87}, {X=http://www.Department10.University0.edu/UndergraduateStudent244}, {X=http://www.Department10.University0.edu/UndergraduateStudent300}, {X=http://www.Department10.University0.edu/UndergraduateStudent262}, {X=http://www.Department10.University0.edu/UndergraduateStudent10}, {X=http://www.Department10.University0.edu/UndergraduateStudent391}, {X=http://www.Department10.University0.edu/UndergraduateStudent356}, {X=http://www.Department10.University0.edu/UndergraduateStudent346}, {X=http://www.Department10.University0.edu/UndergraduateStudent185}, {X=http://www.Department10.University0.edu/UndergraduateStudent301}, {X=http://www.Department10.University0.edu/UndergraduateStudent404}, {X=http://www.Department10.University0.edu/UndergraduateStudent11}, {X=http://www.Department10.University0.edu/UndergraduateStudent316}, {X=http://www.Department10.University0.edu/UndergraduateStudent75}, {X=http://www.Department10.University0.edu/UndergraduateStudent93}, {X=http://www.Department10.University0.edu/UndergraduateStudent52}, {X=http://www.Department10.University0.edu/UndergraduateStudent358}, {X=http://www.Department10.University0.edu/UndergraduateStudent40}, {X=http://www.Department10.University0.edu/UndergraduateStudent37}, {X=http://www.Department10.University0.edu/UndergraduateStudent196}, {X=http://www.Department10.University0.edu/UndergraduateStudent164}, {X=http://www.Department10.University0.edu/UndergraduateStudent16}, {X=http://www.Department10.University0.edu/UndergraduateStudent17}, {X=http://www.Department10.University0.edu/UndergraduateStudent20}, {X=http://www.Department10.University0.edu/UndergraduateStudent294}, {X=http://www.Department10.University0.edu/UndergraduateStudent282}, {X=http://www.Department10.University0.edu/UndergraduateStudent388}, {X=http://www.Department10.University0.edu/UndergraduateStudent370}, {X=http://www.Department10.University0.edu/UndergraduateStudent216}, {X=http://www.Department10.University0.edu/UndergraduateStudent292}, {X=http://www.Department10.University0.edu/UndergraduateStudent340}, {X=http://www.Department10.University0.edu/UndergraduateStudent270}, {X=http://www.Department10.University0.edu/UndergraduateStudent309}, {X=http://www.Department10.University0.edu/UndergraduateStudent142}, {X=http://www.Department10.University0.edu/UndergraduateStudent310}, {X=http://www.Department10.University0.edu/UndergraduateStudent129}, {X=http://www.Department10.University0.edu/UndergraduateStudent249}, {X=http://www.Department10.University0.edu/UndergraduateStudent410}, {X=http://www.Department10.University0.edu/UndergraduateStudent147}, {X=http://www.Department10.University0.edu/UndergraduateStudent59}, {X=http://www.Department10.University0.edu/UndergraduateStudent181}, {X=http://www.Department10.University0.edu/UndergraduateStudent386}, {X=http://www.Department10.University0.edu/UndergraduateStudent213}, {X=http://www.Department10.University0.edu/UndergraduateStudent295}, {X=http://www.Department10.University0.edu/UndergraduateStudent396}, {X=http://www.Department10.University0.edu/UndergraduateStudent121}, {X=http://www.Department10.University0.edu/UndergraduateStudent212}, {X=http://www.Department10.University0.edu/UndergraduateStudent66}, {X=http://www.Department10.University0.edu/UndergraduateStudent61}, {X=http://www.Department10.University0.edu/UndergraduateStudent279}, {X=http://www.Department10.University0.edu/UndergraduateStudent74}, {X=http://www.Department10.University0.edu/UndergraduateStudent198}, {X=http://www.Department10.University0.edu/UndergraduateStudent277}, {X=http://www.Department10.University0.edu/UndergraduateStudent240}, {X=http://www.Department10.University0.edu/UndergraduateStudent304}, {X=http://www.Department10.University0.edu/UndergraduateStudent204}, {X=http://www.Department10.University0.edu/UndergraduateStudent252}, {X=http://www.Department10.University0.edu/UndergraduateStudent214}, {X=http://www.Department10.University0.edu/UndergraduateStudent149}, {X=http://www.Department10.University0.edu/UndergraduateStudent116}, {X=http://www.Department10.University0.edu/UndergraduateStudent299}, {X=http://www.Department10.University0.edu/UndergraduateStudent3}, {X=http://www.Department10.University0.edu/UndergraduateStudent15}, {X=http://www.Department10.University0.edu/UndergraduateStudent261}, {X=http://www.Department10.University0.edu/UndergraduateStudent80}, {X=http://www.Department10.University0.edu/UndergraduateStudent369}, {X=http://www.Department10.University0.edu/UndergraduateStudent406}, {X=http://www.Department10.University0.edu/UndergraduateStudent175}, {X=http://www.Department10.University0.edu/UndergraduateStudent148}, {X=http://www.Department10.University0.edu/UndergraduateStudent228}, {X=http://www.Department10.University0.edu/UndergraduateStudent122}, {X=http://www.Department10.University0.edu/UndergraduateStudent102}, {X=http://www.Department10.University0.edu/UndergraduateStudent354}, {X=http://www.Department10.University0.edu/UndergraduateStudent174}, {X=http://www.Department10.University0.edu/UndergraduateStudent155}, {X=http://www.Department10.University0.edu/UndergraduateStudent349}, {X=http://www.Department10.University0.edu/UndergraduateStudent219}, {X=http://www.Department10.University0.edu/UndergraduateStudent243}, {X=http://www.Department10.University0.edu/UndergraduateStudent26}, {X=http://www.Department10.University0.edu/UndergraduateStudent247}, {X=http://www.Department10.University0.edu/UndergraduateStudent272}, {X=http://www.Department10.University0.edu/UndergraduateStudent239}, {X=http://www.Department10.University0.edu/UndergraduateStudent13}, {X=http://www.Department10.University0.edu/UndergraduateStudent195}, {X=http://www.Department10.University0.edu/UndergraduateStudent183}, {X=http://www.Department10.University0.edu/UndergraduateStudent163}, {X=http://www.Department10.University0.edu/UndergraduateStudent27}, {X=http://www.Department10.University0.edu/UndergraduateStudent30}, {X=http://www.Department10.University0.edu/UndergraduateStudent125}, {X=http://www.Department10.University0.edu/UndergraduateStudent14}, {X=http://www.Department10.University0.edu/UndergraduateStudent70}, {X=http://www.Department10.University0.edu/UndergraduateStudent53}, {X=http://www.Department10.University0.edu/UndergraduateStudent329}, {X=http://www.Department10.University0.edu/UndergraduateStudent139}, {X=http://www.Department10.University0.edu/UndergraduateStudent333}, {X=http://www.Department10.University0.edu/UndergraduateStudent359}, {X=http://www.Department10.University0.edu/UndergraduateStudent187}, {X=http://www.Department10.University0.edu/UndergraduateStudent202}, {X=http://www.Department10.University0.edu/UndergraduateStudent385}, {X=http://www.Department10.University0.edu/UndergraduateStudent286}, {X=http://www.Department10.University0.edu/UndergraduateStudent206}, {X=http://www.Department10.University0.edu/UndergraduateStudent225}, {X=http://www.Department10.University0.edu/UndergraduateStudent182}, {X=http://www.Department10.University0.edu/UndergraduateStudent283}, {X=http://www.Department10.University0.edu/UndergraduateStudent161}, {X=http://www.Department10.University0.edu/UndergraduateStudent23}, {X=http://www.Department10.University0.edu/UndergraduateStudent401}, {X=http://www.Department10.University0.edu/UndergraduateStudent321}, {X=http://www.Department10.University0.edu/UndergraduateStudent296}, {X=http://www.Department10.University0.edu/UndergraduateStudent178}, {X=http://www.Department10.University0.edu/UndergraduateStudent344}, {X=http://www.Department10.University0.edu/UndergraduateStudent257}, {X=http://www.Department10.University0.edu/UndergraduateStudent63}, {X=http://www.Department10.University0.edu/UndergraduateStudent383}, {X=http://www.Department10.University0.edu/UndergraduateStudent57}, {X=http://www.Department10.University0.edu/UndergraduateStudent335}, {X=http://www.Department10.University0.edu/UndergraduateStudent207}, {X=http://www.Department10.University0.edu/UndergraduateStudent248}, {X=http://www.Department10.University0.edu/UndergraduateStudent298}, {X=http://www.Department10.University0.edu/UndergraduateStudent90}, {X=http://www.Department10.University0.edu/UndergraduateStudent194}, {X=http://www.Department10.University0.edu/UndergraduateStudent173}, {X=http://www.Department10.University0.edu/UndergraduateStudent39}, {X=http://www.Department10.University0.edu/UndergraduateStudent217}, {X=http://www.Department10.University0.edu/UndergraduateStudent158}, {X=http://www.Department10.University0.edu/UndergraduateStudent211}, {X=http://www.Department10.University0.edu/UndergraduateStudent382}, {X=http://www.Department10.University0.edu/UndergraduateStudent201}, {X=http://www.Department10.University0.edu/UndergraduateStudent353}, {X=http://www.Department10.University0.edu/UndergraduateStudent2}, {X=http://www.Department10.University0.edu/UndergraduateStudent62}, {X=http://www.Department10.University0.edu/UndergraduateStudent22}, {X=http://www.Department10.University0.edu/UndergraduateStudent234}, {X=http://www.Department10.University0.edu/UndergraduateStudent308}, {X=http://www.Department10.University0.edu/UndergraduateStudent97}, {X=http://www.Department10.University0.edu/UndergraduateStudent377}, {X=http://www.Department10.University0.edu/UndergraduateStudent41}, {X=http://www.Department10.University0.edu/UndergraduateStudent250}, {X=http://www.Department10.University0.edu/UndergraduateStudent330}, {X=http://www.Department10.University0.edu/UndergraduateStudent227}, {X=http://www.Department10.University0.edu/UndergraduateStudent199}, {X=http://www.Department10.University0.edu/UndergraduateStudent265}, {X=http://www.Department10.University0.edu/UndergraduateStudent131}, {X=http://www.Department10.University0.edu/UndergraduateStudent48}, {X=http://www.Department10.University0.edu/UndergraduateStudent137}, {X=http://www.Department10.University0.edu/UndergraduateStudent281}, {X=http://www.Department10.University0.edu/UndergraduateStudent166}, {X=http://www.Department10.University0.edu/UndergraduateStudent233}, {X=http://www.Department10.University0.edu/UndergraduateStudent67}, {X=http://www.Department10.University0.edu/UndergraduateStudent85}, {X=http://www.Department10.University0.edu/UndergraduateStudent88}, {X=http://www.Department10.University0.edu/UndergraduateStudent120}, {X=http://www.Department10.University0.edu/UndergraduateStudent36}, {X=http://www.Department10.University0.edu/UndergraduateStudent151}, {X=http://www.Department10.University0.edu/UndergraduateStudent82}, {X=http://www.Department10.University0.edu/UndergraduateStudent241}, {X=http://www.Department10.University0.edu/UndergraduateStudent126}, {X=http://www.Department10.University0.edu/UndergraduateStudent184}, {X=http://www.Department10.University0.edu/UndergraduateStudent12}, {X=http://www.Department10.University0.edu/UndergraduateStudent169}, {X=http://www.Department10.University0.edu/UndergraduateStudent133}, {X=http://www.Department10.University0.edu/UndergraduateStudent84}, {X=http://www.Department10.University0.edu/UndergraduateStudent403}, {X=http://www.Department10.University0.edu/UndergraduateStudent60}, {X=http://www.Department10.University0.edu/UndergraduateStudent402}, {X=http://www.Department10.University0.edu/UndergraduateStudent210}, {X=http://www.Department10.University0.edu/UndergraduateStudent123}, {X=http://www.Department10.University0.edu/UndergraduateStudent167}, {X=http://www.Department10.University0.edu/UndergraduateStudent361}, {X=http://www.Department10.University0.edu/UndergraduateStudent200}, {X=http://www.Department10.University0.edu/UndergraduateStudent29}, {X=http://www.Department10.University0.edu/UndergraduateStudent271}, {X=http://www.Department10.University0.edu/UndergraduateStudent322}, {X=http://www.Department10.University0.edu/UndergraduateStudent33}, {X=http://www.Department10.University0.edu/UndergraduateStudent405}, {X=http://www.Department10.University0.edu/UndergraduateStudent146}, {X=http://www.Department10.University0.edu/UndergraduateStudent56}, {X=http://www.Department10.University0.edu/UndergraduateStudent107}, {X=http://www.Department10.University0.edu/UndergraduateStudent170}, {X=http://www.Department10.University0.edu/UndergraduateStudent395}, {X=http://www.Department10.University0.edu/UndergraduateStudent230}, {X=http://www.Department10.University0.edu/UndergraduateStudent352}, {X=http://www.Department10.University0.edu/UndergraduateStudent110}, {X=http://www.Department10.University0.edu/UndergraduateStudent312}, {X=http://www.Department10.University0.edu/UndergraduateStudent141}, {X=http://www.Department10.University0.edu/UndergraduateStudent380}, {X=http://www.Department10.University0.edu/UndergraduateStudent389}, {X=http://www.Department10.University0.edu/UndergraduateStudent363}, {X=http://www.Department10.University0.edu/UndergraduateStudent105}, {X=http://www.Department10.University0.edu/UndergraduateStudent280}, {X=http://www.Department10.University0.edu/UndergraduateStudent115}, {X=http://www.Department10.University0.edu/UndergraduateStudent191}, {X=http://www.Department10.University0.edu/UndergraduateStudent79}, {X=http://www.Department10.University0.edu/UndergraduateStudent259}, {X=http://www.Department10.University0.edu/UndergraduateStudent324}, {X=http://www.Department10.University0.edu/UndergraduateStudent188}, {X=http://www.Department10.University0.edu/UndergraduateStudent100}, {X=http://www.Department10.University0.edu/UndergraduateStudent50}, {X=http://www.Department10.University0.edu/UndergraduateStudent65}, {X=http://www.Department10.University0.edu/UndergraduateStudent49}, {X=http://www.Department10.University0.edu/UndergraduateStudent140}, {X=http://www.Department10.University0.edu/UndergraduateStudent189}, {X=http://www.Department10.University0.edu/UndergraduateStudent366}, {X=http://www.Department10.University0.edu/UndergraduateStudent138}, {X=http://www.Department10.University0.edu/UndergraduateStudent136}, {X=http://www.Department10.University0.edu/UndergraduateStudent327}, {X=http://www.Department10.University0.edu/UndergraduateStudent269}, {X=http://www.Department10.University0.edu/UndergraduateStudent73}, {X=http://www.Department10.University0.edu/UndergraduateStudent103}, {X=http://www.Department10.University0.edu/UndergraduateStudent54}, {X=http://www.Department10.University0.edu/UndergraduateStudent368}, {X=http://www.Department10.University0.edu/UndergraduateStudent215}, {X=http://www.Department10.University0.edu/UndergraduateStudent351}, {X=http://www.Department10.University0.edu/UndergraduateStudent5}, {X=http://www.Department10.University0.edu/UndergraduateStudent134}, {X=http://www.Department10.University0.edu/UndergraduateStudent276}, {X=http://www.Department10.University0.edu/UndergraduateStudent253}, {X=http://www.Department10.University0.edu/UndergraduateStudent91}, {X=http://www.Department10.University0.edu/UndergraduateStudent355}, {X=http://www.Department10.University0.edu/UndergraduateStudent245}, {X=http://www.Department10.University0.edu/UndergraduateStudent357}, {X=http://www.Department10.University0.edu/UndergraduateStudent260}, {X=http://www.Department10.University0.edu/UndergraduateStudent150}, {X=http://www.Department10.University0.edu/UndergraduateStudent106}, {X=http://www.Department10.University0.edu/UndergraduateStudent305}, {X=http://www.Department10.University0.edu/UndergraduateStudent290}, {X=http://www.Department10.University0.edu/UndergraduateStudent343}, {X=http://www.Department10.University0.edu/UndergraduateStudent246}, {X=http://www.Department10.University0.edu/UndergraduateStudent302}, {X=http://www.Department10.University0.edu/UndergraduateStudent407}, {X=http://www.Department10.University0.edu/UndergraduateStudent348}, {X=http://www.Department10.University0.edu/UndergraduateStudent273}, {X=http://www.Department10.University0.edu/UndergraduateStudent128}, {X=http://www.Department10.University0.edu/UndergraduateStudent92}, {X=http://www.Department10.University0.edu/UndergraduateStudent7}, {X=http://www.Department10.University0.edu/UndergraduateStudent220}, {X=http://www.Department10.University0.edu/UndergraduateStudent409}, {X=http://www.Department10.University0.edu/UndergraduateStudent297}, {X=http://www.Department10.University0.edu/UndergraduateStudent83}, {X=http://www.Department10.University0.edu/UndergraduateStudent339}, {X=http://www.Department10.University0.edu/UndergraduateStudent394}, {X=http://www.Department10.University0.edu/UndergraduateStudent376}, {X=http://www.Department10.University0.edu/UndergraduateStudent21}, {X=http://www.Department10.University0.edu/UndergraduateStudent293}, {X=http://www.Department10.University0.edu/UndergraduateStudent218}, {X=http://www.Department10.University0.edu/UndergraduateStudent31}, {X=http://www.Department10.University0.edu/UndergraduateStudent314}, {X=http://www.Department10.University0.edu/UndergraduateStudent332}, {X=http://www.Department10.University0.edu/UndergraduateStudent284}, {X=http://www.Department10.University0.edu/UndergraduateStudent397}, {X=http://www.Department10.University0.edu/UndergraduateStudent51}, {X=http://www.Department10.University0.edu/UndergraduateStudent104}, {X=http://www.Department10.University0.edu/UndergraduateStudent323}, {X=http://www.Department10.University0.edu/UndergraduateStudent24}, {X=http://www.Department10.University0.edu/UndergraduateStudent317}, {X=http://www.Department10.University0.edu/UndergraduateStudent64}, {X=http://www.Department10.University0.edu/UndergraduateStudent46}, {X=http://www.Department10.University0.edu/UndergraduateStudent266}, {X=http://www.Department10.University0.edu/UndergraduateStudent256}, {X=http://www.Department10.University0.edu/UndergraduateStudent222}, {X=http://www.Department10.University0.edu/UndergraduateStudent347}, {X=http://www.Department10.University0.edu/UndergraduateStudent275}, {X=http://www.Department10.University0.edu/UndergraduateStudent205}, {X=http://www.Department10.University0.edu/UndergraduateStudent381}, {X=http://www.Department10.University0.edu/UndergraduateStudent291}, {X=http://www.Department10.University0.edu/UndergraduateStudent145}, {X=http://www.Department10.University0.edu/UndergraduateStudent237}, {X=http://www.Department10.University0.edu/UndergraduateStudent124}, {X=http://www.Department10.University0.edu/UndergraduateStudent197}, {X=http://www.Department10.University0.edu/UndergraduateStudent242}, {X=http://www.Department10.University0.edu/UndergraduateStudent372}, {X=http://www.Department10.University0.edu/UndergraduateStudent177}, {X=http://www.Department10.University0.edu/UndergraduateStudent43}, {X=http://www.Department10.University0.edu/UndergraduateStudent392}, {X=http://www.Department10.University0.edu/UndergraduateStudent98}, {X=http://www.Department10.University0.edu/UndergraduateStudent223}, {X=http://www.Department10.University0.edu/UndergraduateStudent32}, {X=http://www.Department10.University0.edu/UndergraduateStudent319}, {X=http://www.Department10.University0.edu/UndergraduateStudent112}, {X=http://www.Department10.University0.edu/UndergraduateStudent44}, {X=http://www.Department10.University0.edu/UndergraduateStudent117}, {X=http://www.Department10.University0.edu/UndergraduateStudent289}, {X=http://www.Department10.University0.edu/UndergraduateStudent371}, {X=http://www.Department10.University0.edu/UndergraduateStudent263}, {X=http://www.Department10.University0.edu/UndergraduateStudent19}, {X=http://www.Department10.University0.edu/UndergraduateStudent390}, {X=http://www.Department10.University0.edu/UndergraduateStudent307}, {X=http://www.Department10.University0.edu/UndergraduateStudent1}, {X=http://www.Department10.University0.edu/UndergraduateStudent95}, {X=http://www.Department10.University0.edu/UndergraduateStudent288}, {X=http://www.Department10.University0.edu/UndergraduateStudent393}, {X=http://www.Department10.University0.edu/UndergraduateStudent208}, {X=http://www.Department10.University0.edu/UndergraduateStudent68}, {X=http://www.Department10.University0.edu/UndergraduateStudent186}, {X=http://www.Department10.University0.edu/UndergraduateStudent114}, {X=http://www.Department10.University0.edu/UndergraduateStudent278}, {X=http://www.Department10.University0.edu/UndergraduateStudent232}, {X=http://www.Department10.University0.edu/UndergraduateStudent179}, {X=http://www.Department10.University0.edu/UndergraduateStudent360}, {X=http://www.Department10.University0.edu/UndergraduateStudent287}, {X=http://www.Department10.University0.edu/UndergraduateStudent274}, {X=http://www.Department10.University0.edu/UndergraduateStudent89}, {X=http://www.Department10.University0.edu/UndergraduateStudent285}, {X=http://www.Department10.University0.edu/UndergraduateStudent224}, {X=http://www.Department10.University0.edu/UndergraduateStudent387}, {X=http://www.Department10.University0.edu/UndergraduateStudent345}, {X=http://www.Department10.University0.edu/UndergraduateStudent364}, {X=http://www.Department10.University0.edu/UndergraduateStudent375}, {X=http://www.Department10.University0.edu/UndergraduateStudent156}, {X=http://www.Department10.University0.edu/UndergraduateStudent337}, {X=http://www.Department10.University0.edu/UndergraduateStudent111}, {X=http://www.Department10.University0.edu/UndergraduateStudent55}, {X=http://www.Department10.University0.edu/UndergraduateStudent193}, {X=http://www.Department10.University0.edu/UndergraduateStudent108}, {X=http://www.Department10.University0.edu/UndergraduateStudent400}, {X=http://www.Department10.University0.edu/UndergraduateStudent69}, {X=http://www.Department10.University0.edu/UndergraduateStudent132}, {X=http://www.Department10.University0.edu/UndergraduateStudent99}, {X=http://www.Department10.University0.edu/UndergraduateStudent226}, {X=http://www.Department10.University0.edu/UndergraduateStudent362}, {X=http://www.Department10.University0.edu/UndergraduateStudent81}, {X=http://www.Department10.University0.edu/UndergraduateStudent203}, {X=http://www.Department10.University0.edu/UndergraduateStudent334}, {X=http://www.Department10.University0.edu/UndergraduateStudent378}, {X=http://www.Department10.University0.edu/UndergraduateStudent264}, {X=http://www.Department10.University0.edu/UndergraduateStudent338}, {X=http://www.Department10.University0.edu/UndergraduateStudent176}, {X=http://www.Department10.University0.edu/UndergraduateStudent45}, {X=http://www.Department10.University0.edu/UndergraduateStudent86}, {X=http://www.Department10.University0.edu/UndergraduateStudent165}, {X=http://www.Department10.University0.edu/UndergraduateStudent172}, {X=http://www.Department10.University0.edu/UndergraduateStudent268}, {X=http://www.Department10.University0.edu/UndergraduateStudent251}, {X=http://www.Department10.University0.edu/UndergraduateStudent254}, {X=http://www.Department10.University0.edu/UndergraduateStudent190}, {X=http://www.Department10.University0.edu/UndergraduateStudent408}, {X=http://www.Department10.University0.edu/UndergraduateStudent118}, {X=http://www.Department10.University0.edu/UndergraduateStudent367}, {X=http://www.Department10.University0.edu/UndergraduateStudent77}, {X=http://www.Department10.University0.edu/UndergraduateStudent374}, {X=http://www.Department10.University0.edu/UndergraduateStudent398}, {X=http://www.Department10.University0.edu/UndergraduateStudent135}, {X=http://www.Department10.University0.edu/UndergraduateStudent58}, {X=http://www.Department10.University0.edu/UndergraduateStudent306}, {X=http://www.Department10.University0.edu/UndergraduateStudent71}, {X=http://www.Department10.University0.edu/UndergraduateStudent157}, {X=http://www.Department10.University0.edu/UndergraduateStudent119}, {X=http://www.Department10.University0.edu/UndergraduateStudent235}, {X=http://www.Department10.University0.edu/UndergraduateStudent25}, {X=http://www.Department10.University0.edu/UndergraduateStudent325}, {X=http://www.Department10.University0.edu/UndergraduateStudent236}, {X=http://www.Department10.University0.edu/UndergraduateStudent96}, {X=http://www.Department10.University0.edu/UndergraduateStudent255}, {X=http://www.Department10.University0.edu/UndergraduateStudent0}, {X=http://www.Department10.University0.edu/UndergraduateStudent313}, {X=http://www.Department10.University0.edu/UndergraduateStudent399}, {X=http://www.Department10.University0.edu/UndergraduateStudent267}, {X=http://www.Department10.University0.edu/UndergraduateStudent38}, {X=http://www.Department10.University0.edu/UndergraduateStudent180}, {X=http://www.Department10.University0.edu/UndergraduateStudent101}, {X=http://www.Department10.University0.edu/UndergraduateStudent76}, {X=http://www.Department10.University0.edu/UndergraduateStudent143}, {X=http://www.Department10.University0.edu/UndergraduateStudent342}, {X=http://www.Department10.University0.edu/UndergraduateStudent168}, {X=http://www.Department10.University0.edu/UndergraduateStudent144}, {X=http://www.Department10.University0.edu/UndergraduateStudent6}, {X=http://www.Department10.University0.edu/UndergraduateStudent311}, {X=http://www.Department10.University0.edu/UndergraduateStudent152}, {X=http://www.Department10.University0.edu/UndergraduateStudent72}, {X=http://www.Department10.University0.edu/UndergraduateStudent341}, {X=http://www.Department10.University0.edu/UndergraduateStudent350}, {X=http://www.Department10.University0.edu/UndergraduateStudent336}, {X=http://www.Department10.University0.edu/UndergraduateStudent162}, {X=http://www.Department10.University0.edu/UndergraduateStudent159}, {X=http://www.Department10.University0.edu/UndergraduateStudent109}, {X=http://www.Department10.University0.edu/UndergraduateStudent365}, {X=http://www.Department10.University0.edu/UndergraduateStudent4}, {X=http://www.Department10.University0.edu/UndergraduateStudent379}, {X=http://www.Department10.University0.edu/UndergraduateStudent384}, {X=http://www.Department10.University0.edu/UndergraduateStudent192}, {X=http://www.Department10.University0.edu/UndergraduateStudent28}, {X=http://www.Department10.University0.edu/UndergraduateStudent42}, {X=http://www.Department10.University0.edu/UndergraduateStudent153}, {X=http://www.Department10.University0.edu/UndergraduateStudent160}, {X=http://www.Department10.University0.edu/UndergraduateStudent154}, {X=http://www.Department10.University0.edu/UndergraduateStudent18}, {X=http://www.Department10.University0.edu/UndergraduateStudent328}, {X=http://www.Department10.University0.edu/UndergraduateStudent315}, {X=http://www.Department10.University0.edu/UndergraduateStudent130}, {X=http://www.Department10.University0.edu/UndergraduateStudent34}, {X=http://www.Department10.University0.edu/UndergraduateStudent231}, {X=http://www.Department10.University0.edu/UndergraduateStudent229}, {X=http://www.Department10.University0.edu/UndergraduateStudent171}, {X=http://www.Department10.University0.edu/UndergraduateStudent303}, {X=http://www.Department10.University0.edu/UndergraduateStudent47}, {X=http://www.Department10.University0.edu/UndergraduateStudent94}, {X=http://www.Department10.University0.edu/UndergraduateStudent318}, {X=http://www.Department10.University0.edu/UndergraduateStudent35}, {X=http://www.Department10.University0.edu/UndergraduateStudent320}, {X=http://www.Department10.University0.edu/UndergraduateStudent113}, {X=http://www.Department10.University0.edu/UndergraduateStudent9}, {X=http://www.Department10.University0.edu/UndergraduateStudent258}, {X=http://www.Department10.University0.edu/UndergraduateStudent127}, {X=http://www.Department10.University0.edu/UndergraduateStudent373}, {X=http://www.Department10.University0.edu/UndergraduateStudent78}, {X=http://www.Department10.University0.edu/UndergraduateStudent238}, {X=http://www.Department10.University0.edu/UndergraduateStudent331}, {X=http://www.Department10.University0.edu/UndergraduateStudent209}, {X=http://www.Department10.University0.edu/UndergraduateStudent221}, {X=http://www.Department10.University0.edu/UndergraduateStudent326}, {X=http://www.Department10.University0.edu/UndergraduateStudent8}, {X=http://www.Department10.University0.edu/UndergraduateStudent87}, {X=http://www.Department10.University0.edu/UndergraduateStudent244}, {X=http://www.Department10.University0.edu/UndergraduateStudent300}, {X=http://www.Department10.University0.edu/UndergraduateStudent262}, {X=http://www.Department10.University0.edu/UndergraduateStudent10}, {X=http://www.Department10.University0.edu/UndergraduateStudent391}, {X=http://www.Department10.University0.edu/UndergraduateStudent356}, {X=http://www.Department10.University0.edu/UndergraduateStudent346}, {X=http://www.Department10.University0.edu/UndergraduateStudent185}, {X=http://www.Department10.University0.edu/UndergraduateStudent301}, {X=http://www.Department10.University0.edu/UndergraduateStudent404}, {X=http://www.Department10.University0.edu/UndergraduateStudent11}, {X=http://www.Department10.University0.edu/UndergraduateStudent316}, {X=http://www.Department10.University0.edu/UndergraduateStudent75}, {X=http://www.Department10.University0.edu/UndergraduateStudent93}, {X=http://www.Department10.University0.edu/UndergraduateStudent52}, {X=http://www.Department10.University0.edu/UndergraduateStudent358}, {X=http://www.Department10.University0.edu/UndergraduateStudent40}, {X=http://www.Department10.University0.edu/UndergraduateStudent37}, {X=http://www.Department10.University0.edu/UndergraduateStudent196}, {X=http://www.Department10.University0.edu/UndergraduateStudent164}, {X=http://www.Department10.University0.edu/UndergraduateStudent16}, {X=http://www.Department10.University0.edu/UndergraduateStudent17}, {X=http://www.Department10.University0.edu/UndergraduateStudent20}, {X=http://www.Department10.University0.edu/UndergraduateStudent294}, {X=http://www.Department10.University0.edu/UndergraduateStudent282}, {X=http://www.Department10.University0.edu/UndergraduateStudent388}, {X=http://www.Department10.University0.edu/UndergraduateStudent370}, {X=http://www.Department10.University0.edu/UndergraduateStudent216}, {X=http://www.Department10.University0.edu/UndergraduateStudent292}, {X=http://www.Department10.University0.edu/UndergraduateStudent340}, {X=http://www.Department10.University0.edu/UndergraduateStudent270}, {X=http://www.Department10.University0.edu/UndergraduateStudent309}, {X=http://www.Department10.University0.edu/UndergraduateStudent142}, {X=http://www.Department10.University0.edu/UndergraduateStudent310}, {X=http://www.Department10.University0.edu/UndergraduateStudent129}, {X=http://www.Department10.University0.edu/UndergraduateStudent249}, {X=http://www.Department10.University0.edu/UndergraduateStudent410}, {X=http://www.Department10.University0.edu/UndergraduateStudent147}, {X=http://www.Department10.University0.edu/UndergraduateStudent59}, {X=http://www.Department10.University0.edu/UndergraduateStudent181}, {X=http://www.Department10.University0.edu/UndergraduateStudent386}, {X=http://www.Department10.University0.edu/UndergraduateStudent213}, {X=http://www.Department10.University0.edu/UndergraduateStudent295}, {X=http://www.Department10.University0.edu/UndergraduateStudent396}, {X=http://www.Department10.University0.edu/UndergraduateStudent121}, {X=http://www.Department10.University0.edu/UndergraduateStudent212}, {X=http://www.Department10.University0.edu/UndergraduateStudent66}, {X=http://www.Department10.University0.edu/UndergraduateStudent61}, {X=http://www.Department10.University0.edu/UndergraduateStudent279}, {X=http://www.Department10.University0.edu/UndergraduateStudent74}, {X=http://www.Department10.University0.edu/UndergraduateStudent198}, {X=http://www.Department10.University0.edu/UndergraduateStudent277}, {X=http://www.Department10.University0.edu/UndergraduateStudent240}, {X=http://www.Department10.University0.edu/UndergraduateStudent304}, {X=http://www.Department10.University0.edu/UndergraduateStudent204}, {X=http://www.Department10.University0.edu/UndergraduateStudent252}, {X=http://www.Department10.University0.edu/UndergraduateStudent214}, {X=http://www.Department10.University0.edu/UndergraduateStudent149}, {X=http://www.Department10.University0.edu/UndergraduateStudent116}, {X=http://www.Department10.University0.edu/UndergraduateStudent299}, {X=http://www.Department10.University0.edu/UndergraduateStudent3}, {X=http://www.Department10.University0.edu/UndergraduateStudent15}, {X=http://www.Department10.University0.edu/UndergraduateStudent261}, {X=http://www.Department10.University0.edu/UndergraduateStudent80}, {X=http://www.Department10.University0.edu/UndergraduateStudent369}, {X=http://www.Department10.University0.edu/UndergraduateStudent406}, {X=http://www.Department10.University0.edu/UndergraduateStudent175}, {X=http://www.Department10.University0.edu/UndergraduateStudent148}, {X=http://www.Department10.University0.edu/UndergraduateStudent228}, {X=http://www.Department10.University0.edu/UndergraduateStudent122}, {X=http://www.Department10.University0.edu/UndergraduateStudent102}, {X=http://www.Department10.University0.edu/UndergraduateStudent354}, {X=http://www.Department10.University0.edu/UndergraduateStudent174}, {X=http://www.Department10.University0.edu/UndergraduateStudent155}, {X=http://www.Department10.University0.edu/UndergraduateStudent349}, {X=http://www.Department10.University0.edu/UndergraduateStudent219}, {X=http://www.Department10.University0.edu/UndergraduateStudent243}, {X=http://www.Department10.University0.edu/UndergraduateStudent26}, {X=http://www.Department10.University0.edu/UndergraduateStudent247}, {X=http://www.Department10.University0.edu/UndergraduateStudent272}, {X=http://www.Department10.University0.edu/UndergraduateStudent239}, {X=http://www.Department10.University0.edu/UndergraduateStudent13}, {X=http://www.Department10.University0.edu/UndergraduateStudent195}, {X=http://www.Department10.University0.edu/UndergraduateStudent183}, {X=http://www.Department10.University0.edu/UndergraduateStudent163}, {X=http://www.Department10.University0.edu/UndergraduateStudent27}, {X=http://www.Department10.University0.edu/UndergraduateStudent30}, {X=http://www.Department10.University0.edu/UndergraduateStudent125}, {X=http://www.Department10.University0.edu/UndergraduateStudent14}, {X=http://www.Department10.University0.edu/UndergraduateStudent70}, {X=http://www.Department10.University0.edu/UndergraduateStudent53}, {X=http://www.Department10.University0.edu/UndergraduateStudent329}, {X=http://www.Department10.University0.edu/UndergraduateStudent139}, {X=http://www.Department10.University0.edu/UndergraduateStudent333}, {X=http://www.Department10.University0.edu/UndergraduateStudent359}, {X=http://www.Department10.University0.edu/UndergraduateStudent187}, {X=http://www.Department10.University0.edu/UndergraduateStudent202}, {X=http://www.Department10.University0.edu/UndergraduateStudent385}, {X=http://www.Department10.University0.edu/UndergraduateStudent286}, {X=http://www.Department10.University0.edu/UndergraduateStudent206}, {X=http://www.Department10.University0.edu/UndergraduateStudent225}, {X=http://www.Department10.University0.edu/UndergraduateStudent182}, {X=http://www.Department10.University0.edu/UndergraduateStudent283}, {X=http://www.Department10.University0.edu/UndergraduateStudent161}, {X=http://www.Department10.University0.edu/UndergraduateStudent23}, {X=http://www.Department10.University0.edu/UndergraduateStudent401}, {X=http://www.Department10.University0.edu/UndergraduateStudent321}, {X=http://www.Department10.University0.edu/UndergraduateStudent296}, {X=http://www.Department10.University0.edu/UndergraduateStudent178}, {X=http://www.Department10.University0.edu/UndergraduateStudent344}, {X=http://www.Department10.University0.edu/UndergraduateStudent257}, {X=http://www.Department10.University0.edu/UndergraduateStudent63}, {X=http://www.Department10.University0.edu/UndergraduateStudent383}, {X=http://www.Department10.University0.edu/UndergraduateStudent57}, {X=http://www.Department10.University0.edu/UndergraduateStudent335}, {X=http://www.Department10.University0.edu/UndergraduateStudent207}, {X=http://www.Department10.University0.edu/UndergraduateStudent248}, {X=http://www.Department10.University0.edu/UndergraduateStudent298}, {X=http://www.Department10.University0.edu/UndergraduateStudent90}, {X=http://www.Department10.University0.edu/UndergraduateStudent194}, {X=http://www.Department10.University0.edu/UndergraduateStudent173}, {X=http://www.Department10.University0.edu/UndergraduateStudent39}, {X=http://www.Department10.University0.edu/UndergraduateStudent217}, {X=http://www.Department10.University0.edu/UndergraduateStudent158}, {X=http://www.Department10.University0.edu/UndergraduateStudent211}, {X=http://www.Department10.University0.edu/UndergraduateStudent382}, {X=http://www.Department10.University0.edu/UndergraduateStudent201}, {X=http://www.Department10.University0.edu/UndergraduateStudent353}, {X=http://www.Department10.University0.edu/UndergraduateStudent2}, {X=http://www.Department10.University0.edu/UndergraduateStudent62}, {X=http://www.Department10.University0.edu/UndergraduateStudent22}, {X=http://www.Department10.University0.edu/UndergraduateStudent234}, {X=http://www.Department10.University0.edu/UndergraduateStudent308}, {X=http://www.Department10.University0.edu/UndergraduateStudent97}, {X=http://www.Department10.University0.edu/UndergraduateStudent377}, {X=http://www.Department10.University0.edu/UndergraduateStudent41}, {X=http://www.Department10.University0.edu/UndergraduateStudent250}, {X=http://www.Department10.University0.edu/UndergraduateStudent330}, {X=http://www.Department10.University0.edu/UndergraduateStudent227}, {X=http://www.Department10.University0.edu/UndergraduateStudent199}, {X=http://www.Department10.University0.edu/UndergraduateStudent265}, {X=http://www.Department10.University0.edu/UndergraduateStudent131}, {X=http://www.Department10.University0.edu/UndergraduateStudent48}, {X=http://www.Department10.University0.edu/UndergraduateStudent137}, {X=http://www.Department10.University0.edu/UndergraduateStudent281}, {X=http://www.Department10.University0.edu/UndergraduateStudent166}, {X=http://www.Department10.University0.edu/UndergraduateStudent233}, {X=http://www.Department10.University0.edu/UndergraduateStudent67}, {X=http://www.Department10.University0.edu/UndergraduateStudent85}, {X=http://www.Department10.University0.edu/UndergraduateStudent88}, {X=http://www.Department10.University0.edu/UndergraduateStudent120}, {X=http://www.Department10.University0.edu/UndergraduateStudent36}, {X=http://www.Department10.University0.edu/UndergraduateStudent151}, {X=http://www.Department10.University0.edu/UndergraduateStudent82}, {X=http://www.Department10.University0.edu/UndergraduateStudent241}, {X=http://www.Department10.University0.edu/UndergraduateStudent126}, {X=http://www.Department10.University0.edu/UndergraduateStudent184}, {X=http://www.Department10.University0.edu/UndergraduateStudent12}, {X=http://www.Department10.University0.edu/UndergraduateStudent169}, {X=http://www.Department10.University0.edu/UndergraduateStudent133}, {X=http://www.Department10.University0.edu/UndergraduateStudent84}, {X=http://www.Department10.University0.edu/UndergraduateStudent403}, {X=http://www.Department10.University0.edu/UndergraduateStudent60}, {X=http://www.Department10.University0.edu/UndergraduateStudent402}, {X=http://www.Department10.University0.edu/UndergraduateStudent210}, {X=http://www.Department10.University0.edu/UndergraduateStudent123}, {X=http://www.Department10.University0.edu/UndergraduateStudent167}, {X=http://www.Department10.University0.edu/UndergraduateStudent361}, {X=http://www.Department10.University0.edu/UndergraduateStudent200}, {X=http://www.Department10.University0.edu/UndergraduateStudent29}, {X=http://www.Department10.University0.edu/UndergraduateStudent271}, {X=http://www.Department10.University0.edu/UndergraduateStudent322}, {X=http://www.Department10.University0.edu/UndergraduateStudent33}, {X=http://www.Department10.University0.edu/UndergraduateStudent405}, {X=http://www.Department10.University0.edu/UndergraduateStudent146}, {X=http://www.Department10.University0.edu/UndergraduateStudent56}, {X=http://www.Department10.University0.edu/UndergraduateStudent107}, {X=http://www.Department10.University0.edu/UndergraduateStudent170}, {X=http://www.Department10.University0.edu/UndergraduateStudent395}, {X=http://www.Department10.University0.edu/UndergraduateStudent230}, {X=http://www.Department10.University0.edu/UndergraduateStudent352}, {X=http://www.Department10.University0.edu/UndergraduateStudent110}, {X=http://www.Department10.University0.edu/UndergraduateStudent312}, {X=http://www.Department10.University0.edu/UndergraduateStudent141}, {X=http://www.Department10.University0.edu/UndergraduateStudent380}, {X=http://www.Department10.University0.edu/UndergraduateStudent389}, {X=http://www.Department10.University0.edu/UndergraduateStudent363}, {X=http://www.Department10.University0.edu/UndergraduateStudent105}, {X=http://www.Department10.University0.edu/UndergraduateStudent280}, {X=http://www.Department10.University0.edu/UndergraduateStudent115}, {X=http://www.Department10.University0.edu/UndergraduateStudent191}, {X=http://www.Department10.University0.edu/UndergraduateStudent79}, {X=http://www.Department10.University0.edu/UndergraduateStudent259}, {X=http://www.Department10.University0.edu/UndergraduateStudent324}, {X=http://www.Department10.University0.edu/UndergraduateStudent188}, {X=http://www.Department10.University0.edu/UndergraduateStudent100}, {X=http://www.Department10.University0.edu/UndergraduateStudent50}, {X=http://www.Department10.University0.edu/UndergraduateStudent65}, {X=http://www.Department10.University0.edu/UndergraduateStudent49}, {X=http://www.Department10.University0.edu/UndergraduateStudent140}, {X=http://www.Department10.University0.edu/UndergraduateStudent189}, {X=http://www.Department10.University0.edu/UndergraduateStudent366}, {X=http://www.Department10.University0.edu/UndergraduateStudent138}, {X=http://www.Department10.University0.edu/UndergraduateStudent136}, {X=http://www.Department10.University0.edu/UndergraduateStudent327}, {X=http://www.Department10.University0.edu/UndergraduateStudent269}, {X=http://www.Department10.University0.edu/UndergraduateStudent73}, {X=http://www.Department10.University0.edu/UndergraduateStudent103}, {X=http://www.Department10.University0.edu/UndergraduateStudent54}, {X=http://www.Department10.University0.edu/UndergraduateStudent368}, {X=http://www.Department10.University0.edu/UndergraduateStudent215}, {X=http://www.Department10.University0.edu/UndergraduateStudent351}, {X=http://www.Department10.University0.edu/UndergraduateStudent5}, {X=http://www.Department10.University0.edu/UndergraduateStudent134}, {X=http://www.Department10.University0.edu/UndergraduateStudent276}, {X=http://www.Department10.University0.edu/UndergraduateStudent253}, {X=http://www.Department10.University0.edu/UndergraduateStudent91}, {X=http://www.Department10.University0.edu/UndergraduateStudent355}, {X=http://www.Department10.University0.edu/UndergraduateStudent245}, {X=http://www.Department10.University0.edu/UndergraduateStudent357}, {X=http://www.Department10.University0.edu/UndergraduateStudent260}, {X=http://www.Department10.University0.edu/UndergraduateStudent150}, {X=http://www.Department10.University0.edu/UndergraduateStudent106}, {X=http://www.Department10.University0.edu/UndergraduateStudent305}, {X=http://www.Department10.University0.edu/UndergraduateStudent290}, {X=http://www.Department10.University0.edu/UndergraduateStudent343}, {X=http://www.Department10.University0.edu/UndergraduateStudent246}, {X=http://www.Department10.University0.edu/UndergraduateStudent302}, {X=http://www.Department10.University0.edu/UndergraduateStudent407}, {X=http://www.Department10.University0.edu/UndergraduateStudent348}, {X=http://www.Department10.University0.edu/UndergraduateStudent273}, {X=http://www.Department10.University0.edu/UndergraduateStudent128}, {X=http://www.Department10.University0.edu/UndergraduateStudent92}, {X=http://www.Department10.University0.edu/UndergraduateStudent7}, {X=http://www.Department10.University0.edu/UndergraduateStudent220}, {X=http://www.Department10.University0.edu/UndergraduateStudent409}, {X=http://www.Department10.University0.edu/UndergraduateStudent297}, {X=http://www.Department10.University0.edu/UndergraduateStudent83}, {X=http://www.Department10.University0.edu/UndergraduateStudent339}, {X=http://www.Department10.University0.edu/UndergraduateStudent394}, {X=http://www.Department10.University0.edu/UndergraduateStudent376}, {X=http://www.Department10.University0.edu/UndergraduateStudent21}, {X=http://www.Department10.University0.edu/UndergraduateStudent293}, {X=http://www.Department10.University0.edu/UndergraduateStudent218}, {X=http://www.Department10.University0.edu/UndergraduateStudent31}, {X=http://www.Department10.University0.edu/UndergraduateStudent314}, {X=http://www.Department10.University0.edu/UndergraduateStudent332}, {X=http://www.Department10.University0.edu/UndergraduateStudent284}, {X=http://www.Department10.University0.edu/UndergraduateStudent397}, {X=http://www.Department10.University0.edu/UndergraduateStudent51}, {X=http://www.Department10.University0.edu/UndergraduateStudent104}, {X=http://www.Department10.University0.edu/UndergraduateStudent323}, {X=http://www.Department10.University0.edu/UndergraduateStudent24}, {X=http://www.Department10.University0.edu/UndergraduateStudent317}, {X=http://www.Department10.University0.edu/UndergraduateStudent64}, {X=http://www.Department10.University0.edu/UndergraduateStudent46}, {X=http://www.Department10.University0.edu/UndergraduateStudent266}, {X=http://www.Department10.University0.edu/UndergraduateStudent256}, {X=http://www.Department10.University0.edu/UndergraduateStudent222}, {X=http://www.Department10.University0.edu/UndergraduateStudent347}, {X=http://www.Department10.University0.edu/UndergraduateStudent275}, {X=http://www.Department10.University0.edu/UndergraduateStudent205}, {X=http://www.Department10.University0.edu/UndergraduateStudent381}, {X=http://www.Department10.University0.edu/UndergraduateStudent291}, {X=http://www.Department10.University0.edu/UndergraduateStudent145}, {X=http://www.Department10.University0.edu/UndergraduateStudent237}, {X=http://www.Department10.University0.edu/UndergraduateStudent124}, {X=http://www.Department10.University0.edu/UndergraduateStudent197}, {X=http://www.Department10.University0.edu/UndergraduateStudent242}, {X=http://www.Department10.University0.edu/UndergraduateStudent372}, {X=http://www.Department10.University0.edu/UndergraduateStudent177}, {X=http://www.Department10.University0.edu/UndergraduateStudent43}, {X=http://www.Department10.University0.edu/UndergraduateStudent392}, {X=http://www.Department10.University0.edu/UndergraduateStudent98}, {X=http://www.Department10.University0.edu/UndergraduateStudent223}, {X=http://www.Department10.University0.edu/UndergraduateStudent32}, {X=http://www.Department10.University0.edu/UndergraduateStudent319}, {X=http://www.Department10.University0.edu/UndergraduateStudent112}, {X=http://www.Department10.University0.edu/UndergraduateStudent44}, {X=http://www.Department10.University0.edu/UndergraduateStudent117}, {X=http://www.Department10.University0.edu/UndergraduateStudent289}, {X=http://www.Department10.University0.edu/UndergraduateStudent371}, {X=http://www.Department10.University0.edu/UndergraduateStudent263}, {X=http://www.Department10.University0.edu/UndergraduateStudent19}, {X=http://www.Department10.University0.edu/UndergraduateStudent390}, {X=http://www.Department10.University0.edu/UndergraduateStudent307}, {X=http://www.Department10.University0.edu/UndergraduateStudent1}, {X=http://www.Department10.University0.edu/UndergraduateStudent95}, {X=http://www.Department10.University0.edu/UndergraduateStudent288}, {X=http://www.Department10.University0.edu/UndergraduateStudent393}, {X=http://www.Department10.University0.edu/UndergraduateStudent208}, {X=http://www.Department10.University0.edu/UndergraduateStudent68}, {X=http://www.Department10.University0.edu/UndergraduateStudent186}, {X=http://www.Department10.University0.edu/UndergraduateStudent114}, {X=http://www.Department10.University0.edu/UndergraduateStudent278}, {X=http://www.Department10.University0.edu/UndergraduateStudent232}, {X=http://www.Department10.University0.edu/UndergraduateStudent179}, {X=http://www.Department10.University0.edu/UndergraduateStudent360}, {X=http://www.Department10.University0.edu/UndergraduateStudent287}, {X=http://www.Department10.University0.edu/UndergraduateStudent274}, {X=http://www.Department10.University0.edu/UndergraduateStudent89}, {X=http://www.Department10.University0.edu/UndergraduateStudent285}, {X=http://www.Department10.University0.edu/UndergraduateStudent224}, {X=http://www.Department10.University0.edu/UndergraduateStudent387}, {X=http://www.Department10.University0.edu/UndergraduateStudent345}, {X=http://www.Department10.University0.edu/UndergraduateStudent364}, {X=http://www.Department10.University0.edu/UndergraduateStudent375}, {X=http://www.Department10.University0.edu/UndergraduateStudent156}, {X=http://www.Department10.University0.edu/UndergraduateStudent337}]
